9.97836222355051
8.39187089061566
9.00227136879856
10.0086072922893
6.53592349073521
8.82080095636581
6.62115959354453
6.01350866706515
12.0707710699342
4.26204423191871
10.0031081888822
5.01267184698147
14.9852958756724
16.9622235505081
10.2945606694561
6.54417214584578
12.2247459653317
5.61757322175732
41.8320382546324
18.0812910938434
6.06300059772863
6.82187686790197
7.99043634190078
5.49659294680215
9.63191870890616
4.86969515839809
9.16999402271369
7.18756724447101
6.57991631799163
13.7095038852361
5.88977884040645
8.81255230125523
13.1843395098625
8.44136282127914
3.42068141063957
7.9931858936043
8.31763299462044
0.354931261207412
5.74405260011955
7.43777644949193
7.81446503287507
23.2421996413628
5.97226539151225
8.81255230125523
5.13915122534369
7.78147041243275
11.2321578003586
9.26072922893007
10.1405857740586
9.09575612671847
7.59725044829647
7.56150627615063
6.05475194261805
9.98386132695756
11.0754333532576
7.62474596533174
5.84578601315003
12.2797369994023
7.16007172743574
5.8320382546324
6.98959952181709
6.08774656306037
5.94476987447699
7.33879258816497
5.54608487746563
6.5771667662881
14.3473998804543
6.96760310818888
5.86503287507472
5.015421398685
4.75971309025702
5.98601315002989
5.54058577405858
8.34237895995218
5.34536760310819
14.006455469217
5.47734608487746
9.37895995218171
6.9071129707113
6.83012552301255
5.39485953377167
5.34536760310819
11.6170950388524
10.3083084279737
6.09599521817095
7.35803945008966
10.9682008368201
6.1317393903168
5.25188284518828
8.95827854154214
5.50759115361626
7.82271368798565
7.28655110579797
6.65415421398685
5.79904363419008
6.50292887029289
9.07650926479378
4.30053795576808
13.3355648535565
6.10699342498506
6.48093245666467
6.82737597130903
6.55242080095637
13.6407650926479
7.98768679019725
11.1276748356246
13.6875074716079
6.56891811117752
8.60908547519426
9.45869695158398
8.38912133891213
5.03191870890616
9.24148236700538
5.17489539748954
6.53042438732815
12.8131500298864
23.7248057381949
7.1765690376569
5.07041243275553
5.31237298266587
6.53317393903168
8.56784219964136
7.75397489539749
7.56150627615063
7.39653317393903
7.5175134488942
22.3320980274955
7.55600717274357
7.6412432755529
13.1705917513449
0.0497310221159594
11.9717872086073
8.05642558278541
6.25271966527197
7.10783024506874
6.76413628212791
5.96951583980873
6.98959952181709
9.77764494919307
17.4241482367005
11.1936640765093
9.94811715481171
4.51775254034668
7.09683203825463
5.86778242677824
5.60107591153616
8.86754333532576
10.2505678421996
9.1095038852361
7.21506276150628
7.30304841601913
9.86013150029886
8.05642558278541
6.43968918111177
13.7424985056784
22.898505678422
8.34237895995218
6.82187686790197
16.4893006575015
7.08858338314405
8.60083682008368
8.77680812910938
6.14823670053795
5.54058577405858
9.3679617453676
5.17489539748954
5.2326359832636
5.77154811715481
21.3752540346683
8.76306037059175
10.6904961147639
10.8252241482367
6.049252839211
5.8017931858936
30.7815301852959
8.7575612671847
13.5280334728033
7.7347280334728
8.20765092647938
4.56724447101016
10.2533173939032
10.0086072922893
5.93652121936641
9.54668260609683
2.58481769276748
7.03359234907352
5.81004184100418
8.22964734010759
5.77979677226539
6.50842797369994
7.90245068738793
6.566168559474
6.618410041841
7.87495517035266
15.9393903167962
8.11141661685595
10.3055588762702
5.5735803945009
8.16090854751942
5.13090257023311
9.64291691572026
10.3742976688583
11.7050806933652
12.9588762701733
20.2534369396294
5.584578601315
8.19115361625822
6.86312014345487
7.55325762104005
10.6327555289898
11.1359234907352
5.72755528989839
6.71189479976091
10.7097429766886
5.82378959952182
6.92361028093246
10.9022115959354
15.8101613867304
9.7501494321578
5.68906156604901
7.33879258816497
8.01793185893604
6.61566049013748
11.7765690376569
8.02618051404662
7.0418410041841
7.07758517632995
7.38828451882845
5.11715481171548
7.05558876270173
5.66431560071727
7.70998206814106
5.38661087866109
7.47901972504483
16.3738194859534
12.3649731022116
8.69707112970711
5.84028690974298
10.7592349073521
8.18015540944411
13.4180514046623
6.12624028690974
7.67148834429169
5.35911536162582
6.22247459653317
37.1960549910341
6.21972504482965
5.15564853556485
7.96019127316198
5.76604901374776
6.58816497310221
4.83395098625224
4.85594739988045
10.7894799760909
5.64781829049611
5.05116557083084
18.7054393305439
3.15672444710102
5.31787208607292
7.81171548117155
8.11141661685595
6.63215780035864
8.59808726838016
8.02618051404662
6.96485355648536
7.60549910340705
10.2533173939032
6.75038852361028
8.22689778840406
4.40777047220562
10.7674835624626
5.08141063956964
7.51476389719067
11.5895995218171
7.41028093245666
29.3791990436342
9.93986849970114
7.4652719665272
6.69539748953975
9.62092050209205
7.55600717274357
10.1130902570233
2.24112372982666
6.29946204423192
8.36162582187687
4.22080095636581
4.30053795576808
9.64016736401673
6.07124925283921
5.6258218768679
5.73855349671249
12.1862522414824
10.7069934249851
5.532337118948
5.74405260011955
9.5741781231321
0.0607292289300657
10.7344889420203
3.41243275552899
8.6750747160789
4.96592946802152
8.67782426778243
8.50460251046025
4.8916915720263
13.2888224745965
5.74405260011955
6.97035265989241
10.1708308427974
16.4755528989839
6.17023311416617
6.34070531978482
8.83729826658697
7.72647937836222
6.98684997011357
5.55158398087268
5.02916915720263
12.972624028691
6.74488942020323
4.30603705917513
7.83096234309623
7.60549910340705
5.66156604901375
9.37346084877466
9.22773460848775
4.62773460848775
6.39569635385535
7.17931858936043
19.4780633592349
9.3157202630006
5.6258218768679
12.3319784817693
19.0903765690377
21.7161984459056
10.0828451882845
8.59808726838016
6.90161386730424
8.02893006575015
7.66323968918111
7.13257621040048
9.8738792588165
6.77788404064555
7.79521817095039
8.88679019725045
10.4210400478183
7.50101613867304
5.38661087866109
11.6280932456665
12.3897190675433
6.16748356246264
5.97226539151225
10.6080095636581
7.67423789599522
5.90627615062761
5.09515839808727
10.4375373580394
11.2926479378362
7.25355648535565
4.76521219366408
6.15373580394501
9.80239091452481
7.03909145248057
7.25080693365212
19.0353855349671
10.8197250448296
6.15098625224148
7.9821876867902
5.05391512253437
6.18123132098027
8.48535564853556
7.11607890017932
6.90161386730424
4.43526598924088
5.65881649731022
8.81530185295876
10.9324566646742
8.10041841004184
9.26072922893007
4.94393305439331
6.70639569635386
7.70723251643754
8.96652719665272
5.41685594739988
7.19581589958159
10.0306037059175
7.03359234907352
8.87579199043634
7.63024506873879
8.67782426778243
9.07375971309026
9.26072922893007
9.49994022713688
7.23705917513449
9.33771667662881
4.90543933054393
4.61673640167364
6.81637776449492
9.57692767483562
10.1928272564256
6.37369994022714
9.23598326359833
6.12898983861327
12.3484757919904
4.42426778242678
9.47244471010161
5.51858936043036
7.57800358637179
9.5741781231321
6.26096832038255
8.55959354453078
6.36820083682008
29.41494321578
5.84853556485356
8.27913927077107
6.72564255827854
10.0690974297669
5.24638374178123
9.90412432755529
6.68439928272564
7.74847579199044
10.4567842199641
8.07842199641363
8.82904961147639
7.67973699940227
5.32887029288703
5.72480573819486
10.3275552898984
7.0005977286312
9.70615660490137
4.33078302450687
12.8516437537358
6.46718469814704
4.94118350268978
8.1994022713688
4.05307830245069
9.09575612671847
6.80263000597729
8.88404064554692
7.16282127913927
11.4081291093843
7.28380155409444
10.3907949790795
5.64781829049611
7.96569037656904
8.32313209802749
8.87854154213987
6.72839210998207
4.07782426778243
8.34237895995218
5.98326359832636
7.70173341303048
9.03526598924088
6.01625821876868
37.4602510460251
5.16939629408249
6.58541542139868
5.01817095038852
7.75947399880454
8.30113568439928
12.5766885833831
5.13090257023311
10.8774656306037
5.22988643156007
5.88702928870293
15.5654512851166
9.29922295277944
7.80071727435744
8.11416616855947
11.2761506276151
11.4411237298267
9.16449491930663
8.95827854154214
10.7207411835027
11.8508069336521
5.80454273759713
6.54417214584578
9.20023909145248
9.29372384937238
12.0130304841602
7.74297668858338
6.12074118350269
8.37812313209803
0.269695158398087
7.64949193066348
15.7359234907352
6.43144052600119
7.88320382546324
8.44411237298267
6.93460848774656
6.50292887029289
8.06742378959952
7.03634190077705
4.76521219366408
10.1268380155409
5.14465032875075
6.91261207411835
10.5282725642558
8.24339509862522
6.03825463239689
5.54883442916916
5.30962343096234
8.40836820083682
6.41769276748356
8.40561864913329
6.09599521817095
14.1769276748356
13.1046025104602
9.1919904363419
12.6399282725643
8.87854154213987
7.31129707112971
6.02725642558278
11.3641362821279
5.62032277346085
7.23430962343096
7.37728631201434
9.26072922893007
9.79689181111775
9.14524805738195
9.13424985056784
11.4411237298267
4.7157202630006
14.9000597728631
4.62498505678422
7.27005379557681
7.50376569037657
6.40394500896593
13.6957561267185
6.11249252839211
6.6074118350269
6.0190077704722
6.83837417812313
7.15457262402869
6.18947997609085
10.4182904961148
10.6107591153616
14.0037059175134
11.7518230723252
4.58374178123132
11.4136282127914
8.57609085475194
8.38087268380155
6.44518828451883
7.88045427375971
9.8848774656306
8.11966527196653
6.45618649133293
5.58732815301853
6.98135086670651
11.0561864913329
9.68416019127316
6.04650328750747
10.9791990436342
2.97525403466826
7.75672444710102
8.10041841004184
7.02534369396294
8.83729826658697
6.61566049013748
9.12050209205021
0.184459055588763
8.96377764494919
6.4836820083682
8.4688583383144
7.29479976090855
11.735325762104
7.35803945008966
11.5923490735206
9.62092050209205
6.87136879856545
12.7499103407053
6.24997011356844
6.59366407650926
17.2591751344889
9.52468619246862
11.2239091452481
8.75481171548117
6.17023311416617
13.2118350268978
9.89587567244471
7.75947399880454
6.51117752540347
10.6849970113568
8.18015540944411
9.18374178123132
13.4565451285117
6.41494321578004
8.25989240884638
5.66981470412433
7.02809324566647
7.31404662283323
6.51667662881052
10.0196054991034
5.94202032277346
8.40561864913329
4.84769874476987
8.65032875074716
10.9517035265989
9.24423191870891
5.42235505080693
8.99677226539151
11.8810520023909
6.13723849372385
7.05008965929468
10.2560669456067
0.0414823670053796
6.77238493723849
9.42845188284519
7.61924686192469
6.9593544530783
10.3990436341901
6.8768679019725
9.13699940227137
11.0231918708906
11.6115959354453
6.71189479976091
4.74871488344292
10.8197250448296
5.40585774058577
13.2090854751943
5.59832635983263
12.1202630005977
7.30854751942618
16.5580394500897
8.02893006575015
5.54608487746563
11.1001793185894
12.0322773460849
15.3977286312014
5.59007770472205
9.11775254034668
5.96401673640167
16.7230125523013
6.05750149432158
7.04734010759115
6.77788404064555
5.94476987447699
9.43120143454871
9.5741781231321
7.24255827854154
6.91536162582188
5.82378959952182
5.17214584578601
7.80071727435744
6.86861924686192
7.01434548714883
7.99593544530783
5.50759115361626
6.2252241482367
7.20956365809922
9.35421398684997
6.48643156007173
6.79163179916318
8.37674835624628
4.52325164375374
6.60466228332337
4.59473998804543
22.4475791990436
9.03526598924088
6.09874476987448
6.01625821876868
7.75672444710102
8.60633592349073
4.93843395098625
12.3017334130305
7.95744172145846
6.16748356246264
6.77788404064555
8.50185295875672
6.29946204423192
10.5997609085475
6.37095038852361
8.41936640765092
6.75313807531381
6.70639569635386
7.78696951583981
13.6765092647938
7.07758517632995
13.2640765092648
8.47710699342498
6.14548714883443
10.9929468021518
8.09491930663479
9.69240884638374
5.42235505080693
13.0028690974298
12.2852361028093
12.5161984459056
9.90137477585176
7.91344889420203
8.06467423789599
7.00609683203825
7.37453676031082
5.0566646742379
20.418410041841
26.1842199641363
6.32145845786013
11.067184698147
6.06575014943216
16.5250448296473
8.88404064554692
8.79330543933054
10.5145248057382
8.29563658099223
7.33329348475792
6.44518828451883
4.82570233114166
7.46802151823072
6.6596533173939
9.77489539748954
4.2400478182905
6.80812910938434
6.33245666467424
4.95493126120741
10.9599521817095
4.58924088463837
5.68081291093843
10.2725642558279
8.24339509862522
7.27280334728033
6.15373580394501
9.69515839808727
11.4768679019725
44.9031679617454
7.19856545128512
7.2068141063957
6.14823670053795
8.66132695756127
10.7399880454274
4.35277943813509
6.92635983263598
9.39545726240287
5.6258218768679
5.2436341900777
6.60466228332337
6.99784817692767
10.1708308427974
9.77489539748954
69.901972504483
3.6928870292887
14.2209205020921
7.5587567244471
5.68081291093843
13.5005379557681
6.75863717872086
4.64698147041243
8.633831440526
6.78888224745965
10.49252839211
15.9558876270173
5.48834429169157
16.9292289300658
5.0566646742379
8.17740585774058
8.08117154811715
8.96652719665272
6.59916317991632
65.3873281530185
10.9297071129707
6.3077106993425
5.52133891213389
14.8258218768679
8.36987447698745
15.0677824267782
6.46718469814704
9.15349671249253
0.151464435146444
7.49826658696952
8.65857740585774
6.21422594142259
6.17848176927675
10.5062761506276
8.23239689181112
7.96294082486551
16.4893006575015
5.82653915122534
11.0864315600717
6.65140466228332
8.49360430364614
5.93102211595935
17.1491930663479
13.0221159593545
6.47268380155409
8.01518230723252
11.7050806933652
8.01518230723252
5.11165570830843
7.43777644949193
10.6107591153616
5.59007770472205
7.87495517035266
11.4906156604901
7.40478182904961
7.03359234907352
8.35062761506276
7.52576210400478
5.70280932456665
9.61817095038852
6.82187686790197
8.31763299462044
6.20047818290496
7.7649731022116
5.56533173939032
7.50926479378362
21.655708308428
6.12074118350269
9.98661087866109
4.16580992229528
8.87304243873282
10.4540346682606
10.236820083682
8.80155409444112
7.36353855349671
7.31679617453676
11.2019127316198
7.68523610280932
16.4150627615063
14.8945606694561
6.97860131500299
7.20406455469217
5.65331739390317
6.93735803945009
6.40944411237298
9.79414225941422
7.62199641362821
6.049252839211
9.72815301852959
5.41410639569635
11.2871488344292
15.0265391512253
30.8693962940825
10.2560669456067
5.25188284518828
4.39402271368799
5.75505080693365
6.6898983861327
10.7509862522415
7.04459055588763
12.1642558278542
7.66323968918111
9.89587567244471
15.5929468021518
4.57549312612074
8.61183502689779
8.66407650926479
9.64016736401673
13.0853556485356
10.8884638374178
6.65140466228332
8.66407650926479
7.53950986252241
13.0441123729827
6.66240286909743
9.54943215780036
7.57525403466826
10.4677824267782
10.5640167364017
6.4011954572624
4.80095636580992
5.8017931858936
10.2725642558279
6.77513448894202
4.63873281530185
6.93460848774656
33.6712492528392
7.04459055588763
6.28846383741781
3.09073520621638
6.51392707710699
9.69515839808727
8.86204423191871
6.52767483562463
8.24339509862522
17.4076509264794
6.98410041841004
9.29647340107591
6.6596533173939
12.3264793783622
8.90053795576808
6.42594142259414
6.04375373580394
7.73747758517633
5.5020920502092
8.55959354453078
25.3401075911536
9.38720860729229
9.14524805738195
5.48559473998804
8.01793185893604
6.56066945606694
7.20956365809922
9.74465032875075
7.80896592946802
5.76604901374776
8.92803347280335
6.3077106993425
6.33520621637776
6.91261207411835
6.69814704124327
7.62199641362821
7.64399282725642
12.4227136879857
6.18947997609085
7.71548117154812
4.42976688583383
4.92743574417215
5.8842797369994
6.8356246264196
7.65224148236701
6.12898983861327
5.65331739390317
8.49360430364614
4.23454871488344
11.7628212791393
9.82438732815302
6.9593544530783
8.12241482367005
7.74572624028691
10.6382546323969
5.92277346084877
14.7653317393903
8.85929468021518
10.8362223550508
4.22904961147639
5.08965929468021
5.79629408248655
6.63765690376569
7.57800358637179
7.67423789599522
7.75122534369396
8.5925881649731
8.66132695756127
6.59091452480574
12.2577405857741
7.5175134488942
7.93269575612672
5.11715481171548
8.89503885236103
19.6100418410042
9.78589360430365
7.49276748356246
10.4870292887029
10.1158398087268
4.45176329946204
30.0280932456665
8.1581589958159
12.873640167364
15.5682008368201
6.05475194261805
4.53699940227137
6.55517035265989
6.40394500896593
8.39462044231919
7.58900179318589
8.88404064554692
8.8510460251046
7.26730424387328
16.9127316198446
3.24471010161387
8.73831440526001
9.02976688583383
5.25738194859534
5.8430364614465
8.62833233711895
8.94178123132098
6.61566049013748
10.6135086670652
7.92444710101614
6.58816497310221
4.46551105797968
5.31787208607292
6.51667662881052
5.24638374178123
4.57549312612074
4.28129109384339
7.57250448296473
5.85678421996414
12.5216975493126
10.2533173939032
4.71846981470412
9.93986849970114
4.98792588164973
5.62307232516438
7.76222355050807
10.393544530783
6.98410041841004
5.31237298266587
6.00526001195457
10.8967124925284
7.93819485953377
8.78780633592349
7.83921099820681
9.14249850567842
5.92827256425583
6.31595935445308
4.97967722653915
8.4688583383144
9.93436939629408
9.16449491930663
10.1268380155409
6.02725642558278
6.5249252839211
5.43610280932457
9.52743574417214
7.61099820681411
8.43036461446503
7.85570830842797
7.1655708308428
6.12074118350269
6.06300059772863
5.22163777644949
9.76664674237896
7.55325762104005
6.24997011356844
9.2854751942618
8.76580992229528
6.101494321578
6.66515242080096
6.81362821279139
8.16915720263001
6.59641362821279
7.09958158995816
18.0235505080693
8.82904961147639
7.84471010161387
7.11882845188284
0.0359832635983264
7.94919306634788
10.8884638374178
10.0635983263598
6.08224745965332
25.1888822474597
5.04291691572026
3.97609085475194
7.48176927674836
5.10615660490137
9.35146443514644
8.05917513448894
5.79629408248655
7.61649731022116
7.6412432755529
8.27089061566049
13.4785415421399
7.41852958756724
20.5613867304244
10.335803945009
6.89611476389719
14.0284518828452
7.96569037656904
7.77872086072923
5.49384339509862
7.8584578601315
3.58840406455469
5.97501494321578
6.88511655708308
9.0270173341303
7.77322175732218
9.55768081291094
4.28679019725045
6.86312014345487
6.25271966527197
6.80812910938434
4.79545726240287
5.32062163777645
21.4962343096234
8.87304243873282
7.36628810520024
4.19605499103407
9.5329348475792
7.5175134488942
5.87053197848177
4.4160191273162
4.94943215780036
9.24973102211596
8.53209802749551
5.25463239689181
6.45618649133293
6.37919904363419
8.3341303048416
9.34321578003586
9.71715481171548
6.35445307830245
8.70531978481769
12.9753735803945
10.2148236700538
15.8541542139868
9.58242677824268
6.87961745367603
11.5978481769277
7.19306634787806
5.99701135684399
58.6592946802152
5.86503287507472
8.70531978481769
10.283562462642
9.01052002390914
8.10041841004184
8.12791392707711
5.90352659892409
7.02534369396294
9.27172743574417
8.75206216377764
8.34787806335923
11.3256425582785
5.31237298266587
4.69372384937238
8.53209802749551
8.30663478780634
5.015421398685
5.43060370591751
5.90627615062761
6.39294680215182
11.8535564853556
8.42211595935445
7.52851165570831
6.65140466228332
8.0344291691572
5.68906156604901
5.69456066945607
7.38553496712492
6.36545128511656
6.45618649133293
10.5887627017334
6.91536162582188
4.68547519426181
7.1765690376569
4.2400478182905
6.32695756126718
8.2516437537358
0.0937238493723849
31.8924088463837
9.20848774656306
7.67698744769874
12.9753735803945
7.3827854154214
11.6253436939629
8.58158995815899
6.19497907949791
5.60657501494321
14.8780633592349
8.60358637178721
4.05857740585774
8.0756724447101
9.42295277943813
9.04076509264794
9.18099222952779
7.02809324566647
7.95469216975493
8.72181709503885
8.57334130304842
14.6580992229528
9.71440526001195
4.41326957561267
10.0663478780634
8.30938433950986
5.85128511655708
9.62092050209205
6.23072325164375
6.50017931858936
8.28463837417812
6.70914524805738
8.2406455469217
10.9819485953377
6.39844590555888
4.70747160789002
10.6684997011357
6.27471607890018
10.5612671846981
3.97884040645547
8.75206216377764
7.65224148236701
9.80514046622833
5.52958756724447
5.63132098027496
5.2436341900777
5.6670651524208
4.69922295277944
19.8382546323969
4.02008368200837
4.38577405857741
18.141781231321
6.57166766288105
8.40011954572624
7.42952779438135
8.4166168559474
5.77429766885834
6.83287507471608
11.0314405260012
7.64399282725642
8.29563658099223
13.1788404064555
6.90436341900777
7.87770472205619
7.14907352062164
10.8417214584579
7.1243275552899
9.29097429766886
9.60717274357442
12.6399282725643
9.29372384937238
8.91978481769277
10.904961147639
5.43335325762104
5.90077704722056
5.48009563658099
5.93377166766288
8.63933054393305
8.15540944411237
10.4265391512253
8.81530185295876
4.67722653915123
6.98135086670651
9.59342498505678
16.3380753138075
8.27089061566049
7.75672444710102
10.8912133891213
27.7239689181112
6.566168559474
18.658696951584
6.29121338912134
6.33245666467424
8.35887627017334
6.7421398684997
7.1655708308428
11.0424387328153
11.3558876270173
9.08475791990436
6.07674835624626
9.3157202630006
4.95768081291094
15.0650328750747
5.51583980872684
6.84662283323371
5.5433353257621
8.30663478780634
8.29563658099223
0.275194261805141
8.65307830245069
3.79462044231919
7.55600717274357
5.57632994620442
5.29587567244471
8.64208009563658
5.64506873879259
5.22713687985654
8.79605499103407
6.3901972504483
6.3599521817095
9.09575612671847
8.17740585774058
5.77154811715481
8.24614465032875
5.94476987447699
7.11607890017932
9.28822474596533
5.49659294680215
6.76688583383144
6.48918111177525
8.02068141063957
5.85128511655708
9.38995815899582
5.40585774058577
6.78063359234907
7.27005379557681
9.25797967722654
6.48918111177525
9.13699940227137
8.18565451285117
7.52301255230125
5.43610280932457
9.81613867304244
6.86861924686192
6.99509862522415
16.2335923490735
6.88236700537956
4.77621040047818
9.67591153616258
6.04375373580394
10.3550508069337
6.3901972504483
5.89527794381351
5.17764494919307
10.1625821876868
8.71356843992827
7.9931858936043
6.19772863120143
8.21315002988643
6.27196652719665
8.65857740585774
8.04542737597131
8.58158995815899
7.53401075911536
7.31129707112971
8.14716078900179
5.74130304841602
10.6849970113568
7.93544530783024
11.996533173939
10.1983263598326
8.82904961147639
0.231201434548715
10.0361028093246
6.72564255827854
10.5172743574417
6.66240286909743
27.5782426778243
8.43861326957561
7.27830245068739
4.64148236700538
8.04817692767483
9.00777047220562
4.45451285116557
12.2192468619247
5.81829049611476
7.39928272564256
5.18039450089659
8.18565451285117
10.1708308427974
8.25989240884638
14.2951583980873
9.4916915720263
7.92719665271967
9.08475791990436
13.2503287507472
6.42319187089061
11.2569037656904
7.1655708308428
7.43777644949193
10.9352062163778
9.52743574417214
6.28296473401076
16.434309623431
11.5621040047818
7.98768679019725
5.49384339509862
6.80263000597729
10.027854154214
11.3723849372385
10.8637178720861
4.41876867901972
13.8662283323371
6.74763897190675
7.06933652121937
6.84387328153019
15.8761506276151
4.26754333532576
6.83287507471608
4.51225343693963
7.44052600119546
5.72755528989839
6.70639569635386
12.8323968918111
13.6655110579797
11.0919306634788
5.58732815301853
11.1331739390317
8.58433950986252
6.32145845786013
9.15349671249253
7.87220561864913
10.6107591153616
9.5851763299462
10.1515839808727
7.41852958756724
6.42044231918709
12.3952181709504
7.66598924088464
6.41494321578004
13.594022713688
11.4988643156007
6.86861924686192
11.8040645546922
15.7111775254035
6.51667662881052
20.104961147639
8.35062761506276
9.65666467423789
9.60992229527794
9.08200836820084
12.1862522414824
16.2858338314405
7.74297668858338
9.23598326359833
8.1581589958159
7.41852958756724
9.73915122534369
30.6906754333533
10.5090257023311
10.8114763897191
5.82928870292887
21.2102809324567
14.2511655708308
15.5462044231919
13.0193664076509
7.38003586371787
6.84662283323371
22.8545128511656
6.03825463239689
4.61398684997011
5.1913927077107
11.1331739390317
4.42151823072325
6.76963538553497
7.28380155409444
15.66168559474
19.9399880454274
7.74297668858338
8.93078302450687
7.94644351464435
4.30328750747161
6.42319187089061
8.18290496114764
5.56258218768679
11.7408248655111
3.99808726838015
7.22881052002391
16.4260609683204
4.52875074716079
7.01159593544531
7.12707710699342
6.98135086670651
6.66790197250448
7.20131500298864
4.8504482964734
8.99127316198446
6.48093245666467
7.12157800358637
10.1048416019127
8.57334130304842
7.33054393305439
25.1201434548715
17.9108188882247
6.58541542139868
7.56150627615063
10.7289898386133
6.78888224745965
8.8510460251046
8.06742378959952
8.7163179916318
9.30472205618649
9.3267184698147
8.32313209802749
4.96867901972504
8.72731619844591
13.8744769874477
6.09874476987448
11.7408248655111
9.24148236700538
5.71105797967723
10.440286909743
6.45343693962941
12.0845188284519
11.4053795576808
6.81087866108787
7.89420203227735
8.30113568439928
3.81386730424387
6.58541542139868
20.2974297668858
13.2888224745965
10.4375373580394
17.1216975493126
6.58541542139868
7.34979079497908
9.62092050209205
6.81637776449492
6.85487148834429
6.80812910938434
9.34046622833234
18.0812910938434
6.6486551105798
9.01876867901972
5.14739988045427
9.70340705319785
6.95660490137478
4.38027495517035
9.22223550508069
5.12815301852959
11.3531380753138
9.098505678422
6.74763897190675
4.80645546921698
5.26563060370592
6.049252839211
7.55050806933652
11.479617453676
8.01793185893604
6.21422594142259
7.80071727435744
4.97967722653915
8.62833233711895
7.07208607292289
9.72815301852959
6.04375373580394
6.24722056186491
9.80789001793186
5.94202032277346
6.75588762701733
13.1073520621638
6.34070531978482
5.04016736401674
9.70340705319785
11.2843992827256
8.62283323371189
6.76688583383144
5.13365212193664
6.41494321578004
12.5381948595338
6.6898983861327
8.09216975493126
8.58433950986252
11.2019127316198
6.07949790794979
5.47734608487746
9.33771667662881
6.48918111177525
4.96592946802152
5.82378959952182
9.14249850567842
3.97334130304842
43.2450687387926
8.77955768081291
7.16282127913927
8.76580992229528
8.51835026897788
6.85212193664076
6.18673042438733
6.59641362821279
9.2744769874477
23.3494321578004
7.30304841601913
7.48176927674836
5.63132098027496
8.42486551105798
7.14082486551106
6.14823670053795
6.6898983861327
4.27579199043634
6.63490735206216
7.8997011356844
22.4365809922295
12.2769874476987
9.44494919306635
29.1592349073521
11.6280932456665
13.0661087866109
8.35887627017334
7.18481769276748
5.12540346682606
8.60083682008368
7.57250448296473
9.85463239689181
7.0940824865511
9.34596533173939
66.9270771069934
6.21972504482965
7.93269575612672
9.07375971309026
15.8734010759115
9.56867901972504
8.75206216377764
17.5011356843993
7.16282127913927
5.07041243275553
4.21805140466228
10.8197250448296
10.7702331141662
7.01159593544531
6.36545128511656
28.1116557083084
10.2725642558279
7.73197848176928
10.2038254632397
7.86670651524208
4.67722653915123
10.6437537358039
15.0732815301853
13.3465630603706
36.1431560071727
7.17106993424985
7.135325762104
7.71273161984459
30.4157202630006
8.14166168559474
14.0861924686192
8.34237895995218
6.38469814704124
11.7435744172146
9.20848774656306
5.53783622235505
6.63765690376569
5.584578601315
7.27005379557681
9.32946802151823
13.0083682008368
6.53592349073521
7.87495517035266
6.63490735206216
7.57800358637179
12.560191273162
5.59832635983263
9.62367005379558
7.92444710101614
4.29778840406455
9.37346084877466
12.8791392707711
9.63741781231321
10.3083084279737
5.11715481171548
7.22881052002391
10.8087268380155
8.64208009563658
0.00298864315600717
12.1697549312612
10.8389719067543
4.7267184698147
6.16748356246264
5.56533173939032
4.79545726240287
9.03801554094441
9.82988643156007
0.00298864315600717
9.08475791990436
9.67866108786611
20.2314405260012
8.30388523610281
5.17214584578601
5.82928870292887
8.48810520023909
7.33879258816497
18.3232516437537
8.00693365212194
5.44710101613867
7.98768679019725
6.67065152420801
7.41578003586372
9.99760908547519
8.66682606096832
9.16174536760311
10.1268380155409
6.07399880454274
9.64566646742379
8.37262402869097
8.25989240884638
11.6583383144053
9.21123729826659
16.544291691572
9.67866108786611
9.14799760908548
6.89061566049014
6.93185893604304
6.20322773460849
8.7685594739988
6.62115959354453
4.73221757322176
5.95026897788404
10.1185893604304
6.07674835624626
10.3550508069337
6.62115959354453
6.86037059175134
8.2104004781829
6.77513448894202
5.40310818888225
6.62115959354453
8.01243275552899
6.05200239091452
10.6135086670652
6.3077106993425
7.20406455469217
6.47543335325762
12.8928870292887
7.94644351464435
8.83454871488344
5.6258218768679
5.60382546323969
5.20789001793186
5.08690974297669
6.62390914524806
8.85929468021518
16.2500896592947
5.70280932456665
6.28846383741781
10.8252241482367
6.43144052600119
8.98577405857741
10.9544530783024
9.78864315600717
5.93377166766288
8.68057381948595
6.06300059772863
6.59091452480574
4.85594739988045
6.34070531978482
5.81829049611476
8.8510460251046
13.9459653317394
4.82845188284519
8.66682606096832
7.56150627615063
8.50460251046025
6.2664674237896
8.89778840406455
8.60083682008368
3.08798565451285
6.99509862522415
5.59557680812911
6.76688583383144
5.46634787806336
8.43036461446503
31.3451882845188
4.7679617453676
8.90328750747161
6.60191273161984
10.2725642558279
9.73090257023311
14.5618649133293
4.49575612671847
10.231320980275
6.75863717872086
6.84937238493724
9.16724447101016
8.43861326957561
6.69264793783622
7.35803945008966
14.5701135684399
7.41303048416019
5.78254632396892
6.53867304243873
5.36186491332935
8.88129109384339
9.78039450089659
5.48559473998804
5.99426180514047
8.35062761506276
7.14082486551106
11.4823670053796
6.56066945606694
6.6486551105798
11.1799163179916
10.3605499103407
8.88679019725045
6.50567842199641
5.09240884638374
8.25714285714286
5.7083084279737
4.91918708906157
6.67890017931859
7.37453676031082
6.66240286909743
5.63682008368201
7.33604303646145
9.08475791990436
15.6424387328153
4.43801554094441
23.6683801554094
6.53317393903168
7.82546323968918
15.3922295277944
7.88870292887029
17.473640167364
7.77322175732218
15.8294082486551
8.02618051404662
8.03167961745368
9.22223550508069
9.3569635385535
9.34321578003586
7.52576210400478
5.84853556485356
10.2093245666467
7.37178720860729
8.4578601315003
5.96951583980873
8.80430364614465
4.02008368200837
11.1469216975493
6.64590555887627
8.13341303048416
6.86037059175134
7.59175134488942
12.2
20.78410041841
5.14190077704722
6.77238493723849
7.83096234309623
7.79521817095039
8.94178123132098
20.8473401075912
5.69181111775254
8.88953974895397
7.06383741781231
8.86754333532576
4.96867901972504
0.0414823670053796
3.90460251046025
8.68607292289301
5.69731022115959
7.06383741781231
11.6418410041841
6.7833831440526
8.22414823670054
9.23048416019127
8.39736999402271
6.11524208009564
6.2664674237896
5.08416019127316
6.29671249252839
5.68906156604901
7.75947399880454
7.44052600119546
6.43144052600119
10.8114763897191
7.61649731022116
7.9519426180514
14.7680812910938
5.02092050209205
6.6074118350269
11.8893006575015
8.90053795576808
5.06216377764495
8.96652719665272
8.20765092647938
8.55409444112373
6.22797369994023
7.7759713090257
13.1623430962343
9.38995815899582
6.93460848774656
8.7163179916318
7.31679617453676
7.44327555289898
9.62092050209205
10.6355050806934
5.86228332337119
10.1268380155409
7.54775851763299
9.97836222355051
5.22438732815302
8.72456664674238
6.84387328153019
6.5249252839211
6.27746563060371
6.33245666467424
5.07866108786611
17.36915720263
6.6898983861327
8.93628212791393
8.116915720263
5.03741781231321
6.11524208009564
8.38087268380155
7.7237298266587
5.68081291093843
6.55242080095637
6.15648535564854
6.07124925283921
7.23705917513449
8.09491930663479
12.1505080693365
9.08200836820084
8.13891213389121
13.4125523012552
6.72564255827854
8.16365809922295
12.2494919306635
20.8225941422594
7.3937836222355
5.69181111775254
6.53867304243873
184.651823072325
7.22056186491333
6.73664076509265
8.19665271966527
10.8554692169755
4.51775254034668
11.3366407650926
6.3599521817095
5.58732815301853
10.1625821876868
6.89336521219366
6.90161386730424
4.00633592349073
9.57142857142857
12.6426778242678
6.54142259414226
10.3000597728631
7.03359234907352
16.1511057979677
5.39485953377167
8.81805140466228
4.94118350268978
12.6206814106396
0.0552301255230126
15.7249252839211
6.46443514644351
9.45869695158398
9.12325164375373
11.6404662283324
5.72480573819486
10.3687985654513
6.76963538553497
5.40035863717872
8.116915720263
5.5433353257621
8.50460251046025
6.28296473401076
7.135325762104
11.2541542139868
4.6744769874477
9.48344291691572
9.59342498505678
13.390555887627
8.60908547519426
7.16282127913927
4.68547519426181
12.7306634787806
10.4705319784818
15.5517035265989
10.1350866706515
8.30388523610281
6.68439928272564
11.6033472803347
6.20322773460849
8.18015540944411
31.4578601315003
13.9322175732218
5.63956963538553
7.40753138075314
6.76413628212791
6.40944411237298
6.3187089061566
6.49193066347878
8.64208009563658
5.11990436341901
9.01326957561267
10.2560669456067
10.2120741183503
8.41386730424387
7.00884638374178
6.40944411237298
11.4191273161984
7.0940824865511
6.07949790794979
5.49384339509862
8.61183502689779
7.86120741183503
10.4897788404065
10.6272564255828
8.81530185295876
7.36078900179319
10.6684997011357
4.60023909145248
8.81530185295876
20.4266586969516
12.1752540346683
9.84638374178123
7.96294082486551
5.14190077704722
7.52026300059773
6.62115959354453
11.5016138673042
9.667662881052
6.43693962940825
9.8848774656306
13.0083682008368
35.3484757919904
7.49001793185893
6.61291093843395
8.2516437537358
5.04566646742379
8.17190675433353
11.2981470412433
8.82904961147639
10.4512851165571
18.3699940227137
10.8912133891213
4.77621040047818
5.3151225343694
12.5052002390915
16.2143454871488
9.43120143454871
8.76580992229528
5.41960549910341
7.18206814106396
10.2560669456067
9.24698147041243
9.34321578003586
10.3165570830843
6.92361028093246
11.3888822474597
13.7727435744172
5.09515839808727
5.97226539151225
6.38194859533772
7.74847579199044
12.873640167364
7.27005379557681
6.4836820083682
6.36545128511656
5.29312612074118
11.3201434548715
5.71380753138075
31.8374178123132
9.24698147041243
11.0726838015541
6.5771667662881
8.74106395696354
8.86754333532576
6.08774656306037
14.6580992229528
4.53699940227137
6.29946204423192
11.8013150029886
12.7719067543335
5.90352659892409
8.18015540944411
10.0196054991034
8.32313209802749
9.50543933054393
10.7454871488344
9.21398684997011
8.53484757919904
7.52301255230125
8.23789599521817
5.67806335923491
9.59067543335326
10.027854154214
3.59665271966527
5.83478780633592
5.25463239689181
7.58075313807531
4.64698147041243
8.99952181709504
8.39187089061566
4.85594739988045
6.24722056186491
7.97943813508667
11.5016138673042
6.21147638971907
8.38087268380155
25.1503885236103
9.86013150029886
7.23430962343096
8.36987447698745
7.83096234309623
16.648774656306
9.88762701733413
16.2720860729229
9.40645546921698
7.22881052002391
7.08033472803347
6.01350866706515
28.7523012552301
5.9255230125523
6.32970711297071
6.12349073520622
5.47459653317394
7.15182307232516
9.48069336521219
8.70257023311417
6.00526001195457
10.2670651524208
6.65690376569038
9.07925881649731
13.9707112970711
8.3341303048416
7.52851165570831
6.54967124925284
6.43693962940825
7.44052600119546
6.9593544530783
6.68439928272564
5.13640167364017
6.06575014943216
13.1925881649731
7.29754931261207
4.47650926479378
8.20765092647938
8.43861326957561
8.13341303048416
9.28272564255828
5.86778242677824
4.1163179916318
8.8510460251046
12.298983861327
3.80011954572624
6.81087866108787
3.46742378959952
7.70723251643754
0.486909742976688
6.38194859533772
10.8939629408249
9.20298864315601
7.96843992827256
6.35445307830245
7.52026300059773
6.41769276748356
6.76138673042439
11.6500896592947
7.03909145248057
15.4747160789002
6.20322773460849
8.74381350866706
4.1685594739988
13.4537955768081
9.57967722653915
8.33138075313807
13.6160191273162
6.52767483562463
13.4977884040646
8.03167961745368
5.89252839210998
19.1398684997011
27.1988045427376
8.47710699342498
10.1625821876868
5.86503287507472
10.9682008368201
11.7655708308428
9.0572624028691
8.13616258218769
5.73580394500897
7.75122534369396
5.26013150029886
6.71189479976091
20.3881649731022
14.3968918111178
3.71763299462044
7.31404662283323
5.11990436341901
7.79521817095039
20.7428571428571
6.90986252241482
8.80705319784817
10.8362223550508
11.8810520023909
7.23156007172743
6.60191273161984
5.77154811715481
10.0031081888822
6.81087866108787
6.87136879856545
7.93269575612672
5.48559473998804
12.3787208607292
11.0176927674836
4.50400478182905
4.69647340107591
5.8842797369994
6.85762104004782
5.84853556485356
6.23622235505081
7.06108786610879
10.8967124925284
7.4240286909743
10.4512851165571
8.47985654512851
12.1917513448894
5.68631201434549
7.2068141063957
5.85953377166766
15.2520023909145
6.24997011356844
10.3248057381949
7.73197848176928
10.550268977884
5.26563060370592
9.81063956963538
9.19473998804543
6.32970711297071
6.59091452480574
8.76031081888822
5.55983263598326
13.2090854751943
7.35803945008966
5.03466826060968
10.8417214584579
6.6898983861327
6.77513448894202
28.4251046025105
5.90627615062761
11.9882845188285
5.34811715481171
11.3393903167962
6.51117752540347
13.8002390914525
5.77979677226539
8.08117154811715
5.90352659892409
6.87136879856545
7.15182307232516
5.5433353257621
5.88153018529587
3.99808726838015
7.23705917513449
7.92444710101614
6.93185893604304
6.38194859533772
10.3000597728631
6.60191273161984
6.58541542139868
6.01625821876868
9.5741781231321
7.8584578601315
5.66981470412433
9.4916915720263
6.9483562462642
4.8092050209205
9.82713687985654
8.95277943813509
8.34512851165571
6.89886431560072
8.37812313209803
43.3469814704124
11.6418410041841
9.2332337118948
5.76604901374776
8.03717872086073
14.5013747758518
7.01984459055589
6.43419007770472
9.10125523012552
5.76879856545128
7.38003586371787
6.97310221159593
6.5249252839211
6.89611476389719
11.5401075911536
7.56425582785415
8.4991034070532
11.1854154213987
4.17955768081291
7.57250448296473
4.99067543335326
4.70747160789002
8.26814106395696
7.7347280334728
6.17023311416617
12.7526598924088
10.5887627017334
9.60992229527794
7.02809324566647
6.01350866706515
7.16832038254632
6.7008965929468
6.5771667662881
0.888344291691572
5.26563060370592
6.70914524805738
8.8922893006575
12.5629408248655
6.57441721458458
7.88320382546324
7.77322175732218
7.78696951583981
10.8389719067543
6.77513448894202
6.4424387328153
9.20298864315601
12.3897190675433
9.20298864315601
5.79354453078302
9.24423191870891
12.9368798565451
7.32504482964734
7.02534369396294
7.56975493126121
3.0412432755529
7.58900179318589
12.5381948595338
11.2981470412433
6.29946204423192
6.31046025104602
12.4749551703527
9.01052002390914
6.30221159593544
9.59617453676031
10.6575014943216
9.69790794979079
16.8384937238494
15.667184698147
7.03634190077705
5.83478780633592
5.47734608487746
16.2280932456665
7.16282127913927
8.32588164973102
6.50567842199641
9.93711894799761
5.46634787806336
6.12074118350269
10.8829647340108
7.93544530783024
7.27830245068739
6.23622235505081
6.05475194261805
6.89336521219366
8.1581589958159
4.26754333532576
6.65140466228332
26.6653915122534
10.0553496712493
8.32863120143455
4.80095636580992
5.46359832635983
14.6141063956964
8.66957561267185
4.90268977884041
9.13974895397489
10.6822474596533
7.16832038254632
6.07674835624626
6.18673042438733
8.61183502689779
12.0322773460849
8.65032875074716
5.96951583980873
9.0682606096832
10.8032277346085
9.48619246861925
6.06849970113568
6.09874476987448
14.627854154214
22.3156007172744
8.22139868499701
10.8444710101614
5.12540346682606
9.21948595337716
6.57441721458458
5.99426180514047
7.67698744769874
5.72755528989839
10.6520023909145
7.63299462044232
28.584578601315
4.60573819485953
6.88786610878661
8.30388523610281
8.36712492528392
5.89252839210998
5.82104004781829
7.3937836222355
5.80454273759713
5.06491332934847
5.19964136282128
4.17130902570233
15.7111775254035
6.54417214584578
17.7568439928273
11.2486551105798
9.21673640167364
13.3960549910341
6.94560669456067
11.2019127316198
10.0910938433951
5.58182904961148
7.11057979677226
5.62307232516438
6.05475194261805
7.22056186491333
5.1501494321578
7.92719665271967
8.52659892408846
6.82737597130903
6.91948595337716
12.2082486551106
10.602510460251
7.26180514046623
17.9410639569635
9.96461446503287
6.73664076509265
12.8956365809922
7.3827854154214
5.15289898386133
9.74190077704722
3.48117154811715
5.59832635983263
7.15732217573222
9.93711894799761
7.26455469216975
7.78971906754334
31.0427375971309
6.47543335325762
5.59557680812911
7.75122534369396
6.67615062761506
5.86228332337119
10.0498505678422
8.13891213389121
4.82295277943813
8.18290496114764
13.5280334728033
6.52217573221757
8.38087268380155
8.24614465032875
14.6883442916916
9.73090257023311
6.10424387328153
6.63765690376569
9.3157202630006
5.74130304841602
8.83729826658697
6.48918111177525
10.5612671846981
17.1216975493126
11.7133293484758
18.919904363419
11.2376569037657
9.9151225343694
7.45427375971309
7.52576210400478
8.16090854751942
9.22498505678422
9.71165570830843
6.7008965929468
11.1111775254035
4.25654512851166
7.65774058577406
5.68356246264196
9.6264196054991
5.57083084279737
4.13831440526001
8.82355050806934
4.550747160789
4.97967722653915
7.80896592946802
5.02916915720263
7.09133293484758
11.2596533173939
5.21613867304244
8.71906754333533
6.73114166168559
9.76389719067543
6.71189479976091
5.86228332337119
7.72647937836222
7.28380155409444
4.95493126120741
6.98135086670651
8.48535564853556
9.00777047220562
8.88129109384339
4.55624626419606
8.76306037059175
10.4622833233712
6.0904961147639
8.14441123729827
6.35720263000598
20.2479378362224
8.02893006575015
3.39868499701136
7.24530783024507
19.7887627017334
9.47794381350867
7.3415421398685
5.65056784219964
10.1653317393903
5.59832635983263
10.2725642558279
11.6170950388524
6.42044231918709
9.27722653915122
9.33771667662881
6.01075911536162
6.03000597728631
5.28212791392708
10.7097429766886
8.43861326957561
13.2833233711895
11.2404064554692
8.66407650926479
9.17549312612074
20.0499701135684
13.6187686790197
5.43060370591751
7.25630603705917
4.56449491930663
4.96592946802152
4.550747160789
8.74656306037059
9.62367005379558
9.50543933054393
8.57334130304842
7.6824865511058
5.88702928870293
6.01075911536162
6.5771667662881
6.84387328153019
5.02916915720263
6.09324566646742
7.23980872683802
16.3215780035864
8.36712492528392
4.498505678422
6.02450687387926
5.6148236700538
6.66790197250448
7.53401075911536
6.0602510460251
5.12540346682606
6.62940824865511
5.00992229527794
7.96019127316198
13.9487148834429
7.86670651524208
4.3747758517633
10.4512851165571
5.87878063359235
6.77238493723849
6.62390914524806
7.80621637776449
11.4576210400478
4.34178123132098
4.46001195457262
7.6412432755529
5.06491332934847
0.514405260011955
12.978123132098
7.4652719665272
6.43419007770472
9.52193664076509
5.68081291093843
9.4092050209205
7.27005379557681
6.24172145845786
6.49742976688583
6.25821876867902
5.47184698147041
4.60848774656306
7.68798565451285
6.31595935445308
6.73114166168559
7.43227734608488
5.55433353257621
10.7592349073521
8.72456664674238
7.69898386132696
10.2973102211596
6.82737597130903
5.32337118947998
8.18565451285117
7.51476389719067
7.29479976090855
15.5956963538554
6.03550508069336
7.70173341303048
6.17298266586969
17.3911536162582
4.69097429766886
10.6107591153616
10.9682008368201
5.09790794979079
14.372145845786
9.87937836222355
5.83478780633592
10.4127913927077
7.15732217573222
5.84853556485356
13.8827256425583
9.45594739988045
8.41111775254035
5.99151225343694
8.82080095636581
9.08475791990436
10.283562462642
4.78995815899582
7.50101613867304
10.0608487746563
7.61374775851763
5.40585774058577
7.35803945008966
9.32946802151823
7.39928272564256
9.44769874476987
8.69157202630006
4.9741781231321
7.01159593544531
11.8673042438733
8.95277943813509
5.90627615062761
16.1758517632995
6.68714883442917
7.88045427375971
7.3002988643156
6.41494321578004
18.9941422594142
5.4498505678422
9.70340705319785
8.34237895995218
9.32121936640765
7.52026300059773
9.98661087866109
8.24889420203228
4.61398684997011
6.3077106993425
6.16748356246264
8.17190675433353
8.45511057979677
9.92887029288703
7.41028093245666
7.74297668858338
9.62092050209205
7.74847579199044
8.32863120143455
33.0472205618649
5.05391512253437
4.61673640167364
8.62008368200837
11.7518230723252
15.0870292887029
7.52576210400478
9.90412432755529
6.74488942020323
11.6858338314405
8.21864913329348
11.5978481769277
6.79713090257023
11.782068141064
6.65415421398685
8.0344291691572
6.66790197250448
8.88679019725045
6.84937238493724
8.79605499103407
22.8407650926479
7.80896592946802
14.3748953974895
0.0552301255230126
7.41303048416019
7.30579796772265
6.59366407650926
7.54225941422594
10.4375373580394
6.90986252241482
12.3814704124328
8.09766885833831
6.43419007770472
9.34596533173939
9.04626419605499
16.0713687985655
12.2907352062164
8.14991034070532
4.10257023311417
3.97334130304842
13.1485953377167
5.43610280932457
7.14082486551106
8.35337716676629
9.56317991631799
8.17740585774058
6.81087866108787
7.60549910340705
7.05558876270173
5.78254632396892
4.89444112372983
21.3175134488942
5.8430364614465
8.36712492528392
6.78888224745965
5.60932456664674
7.40753138075314
7.42952779438135
6.34345487148834
8.64208009563658
10.1570830842797
15.8019127316198
5.92827256425583
10.1130902570233
8.25714285714286
31.4826658696952
10.0718469814704
9.94536760310819
5.49659294680215
5.77704722056186
5.78804542737597
6.21697549312612
8.49635385534967
6.42044231918709
7.72647937836222
5.05116557083084
7.03359234907352
7.083084279737
5.82653915122534
6.4424387328153
4.26204423191871
11.6555887627017
9.22498505678422
14.0916915720263
4.82570233114166
10.7344889420203
9.94261805140466
25.3648535564854
6.28846383741781
4.82570233114166
4.97142857142857
4.498505678422
7.02259414225941
4.93018529587567
12.3649731022116
10.2038254632397
7.92169754931261
5.18589360430365
5.39760908547519
9.26347878063359
7.35528989838613
6.76688583383144
7.38003586371787
9.85188284518828
10.0031081888822
8.58708906156605
24.710460251046
10.7427375971309
10.8664674237896
7.35254034668261
9.78314405260012
10.3138075313808
13.1513448894202
5.59007770472205
10.7839808726838
12.7059175134489
8.62833233711895
5.55433353257621
8.87579199043634
9.1095038852361
7.45702331141662
7.22331141661686
9.60717274357442
12.1835026897788
6.85762104004782
3.77812313209803
6.59916317991632
6.83287507471608
5.88153018529587
9.56043036461447
9.19748953974895
20.3826658696952
28.7797967722654
10.7949790794979
9.26897788404064
5.57907949790795
9.56867901972504
8.74106395696354
7.88595337716677
4.15206216377764
6.6074118350269
10.5915122534369
5.03741781231321
10.1708308427974
10.2258218768679
9.11775254034668
6.79988045427376
4.09982068141064
4.3335325762104
5.85953377166766
7.33329348475792
7.96294082486551
7.90794979079498
7.21231320980275
9.27172743574417
9.88762701733413
7.96019127316198
17.6276150627615
18.9226539151225
5.13640167364017
7.36628810520024
7.2590555887627
6.17023311416617
8.82080095636581
6.9181111775254
7.76772265391512
15.9861326957561
10.7812313209803
6.85212193664076
7.15457262402869
9.91787208607292
4.42151823072325
15.1420203227735
5.65881649731022
7.31129707112971
7.76772265391512
4.96592946802152
6.16198445905559
5.81279139270771
8.42486551105798
5.72205618649133
7.9409444112373
32.7528392109982
9.85738194859534
7.19581589958159
9.11225343693963
8.41936640765092
12.2192468619247
9.13424985056784
8.95552898983861
6.618410041841
7.23156007172743
13.5830245068739
8.52109982068141
6.13723849372385
6.51667662881052
4.35002988643156
7.91069934249851
7.2590555887627
8.44136282127914
10.4265391512253
5.02367005379558
10.1405857740586
12.7196652719665
6.61016138673042
6.49742976688583
10.2533173939032
6.8356246264196
7.04459055588763
7.52576210400478
8.72456664674238
10.1708308427974
7.95744172145846
6.71189479976091
9.96461446503287
4.93568439928273
8.77955768081291
7.63024506873879
5.25188284518828
5.067662881052
12.868141063957
8.46060968320383
11.0314405260012
8.67232516437537
8.40836820083682
7.12707710699342
7.70173341303048
5.63956963538553
7.39103407053198
9.8436341900777
10.44578601315
10.9022115959354
5.36461446503287
9.20848774656306
8.11966527196653
5.7083084279737
9.32946802151823
9.67316198445906
15.2135086670652
12.9588762701733
6.53867304243873
9.93161984459056
11.9552898983861
6.85487148834429
6.33245666467424
10.6162582187687
8.66132695756127
6.02725642558278
6.21972504482965
7.54775851763299
4.84219964136282
7.24255827854154
25.0514046622833
4.16306037059175
15.2904961147639
11.369635385535
15.61494321578
10.0196054991034
12.4474596533174
9.60992229527794
7.16282127913927
8.58158995815899
10.9901972504483
6.98410041841004
3.82486551105798
5.66156604901375
7.04734010759115
7.4762701733413
8.90878661087866
6.71739390316796
6.49742976688583
9.3679617453676
0.0497310221159594
5.46909742976688
7.47077106993425
7.69073520621638
5.98876270173341
6.43144052600119
7.7347280334728
9.75839808726838
5.11990436341901
10.1543335325762
8.1581589958159
8.95002988643156
6.00251046025105
5.27662881052002
5.68631201434549
5.59832635983263
17.4928870292887
9.30197250448296
4.44351464435146
7.05008965929468
5.81279139270771
9.62092050209205
28.3481171548117
5.86503287507472
9.45319784817693
5.30412432755529
12.7444112372983
7.87495517035266
10.9434548714883
8.21864913329348
10.7592349073521
8.64757919904363
9.45869695158398
6.049252839211
5.9667662881052
9.09300657501494
11.421876867902
11.119426180514
7.30304841601913
11.322893006575
9.38995815899582
9.15624626419605
6.33795576808129
8.50185295875672
5.91727435744172
6.13448894202032
10.0361028093246
14.6690974297669
7.33604303646145
6.31595935445308
10.1873281530185
7.88870292887029
6.57441721458458
10.3495517035266
6.6596533173939
7.24805738194859
4.61398684997011
9.13424985056784
7.0418410041841
7.00334728033473
7.97118947997609
5.55708308427974
6.13723849372385
10.0938433950986
8.76580992229528
11.8947997609085
9.75839808726838
15.4719665271967
7.42952779438135
8.16915720263001
13.7644949193066
7.135325762104
10.5777644949193
5.72755528989839
14.0531978481769
9.59892408846384
35.7662881052002
6.15923490735206
6.83837417812313
9.75564853556485
5.17489539748954
8.08942020322773
9.55493126120741
11.9415421398685
10.3000597728631
10.4760310818888
8.16365809922295
5.63682008368201
6.23347280334728
13.0358637178721
9.82988643156007
9.37895995218171
11.7518230723252
5.54883442916916
5.09515839808727
16.8742378959952
10.2560669456067
9.45869695158398
7.71273161984459
8.07292289300657
9.42845188284519
7.11607890017932
7.53676031081889
7.60549910340705
7.49826658696952
7.15732217573222
7.78421996413628
12.0020322773461
11.3806335923491
4.43801554094441
0.038732815301853
12.8461446503288
14.5783622235505
10.2588164973102
8.06192468619247
10.9077106993425
8.90053795576808
7.62474596533174
7.33879258816497
10.852719665272
8.27913927077107
4.52050209205021
8.60633592349073
4.41052002390914
8.3753735803945
7.79796772265391
6.57166766288105
9.44769874476987
11.0946802151823
5.23813508667065
8.63108188882247
7.06933652121937
6.26921697549313
5.25188284518828
9.12325164375373
8.29563658099223
5.61207411835027
10.6300059772863
9.5741781231321
9.07101016138673
12.7829049611476
6.06300059772863
9.04626419605499
3.9403466826061
7.88870292887029
8.62008368200837
8.5101016138673
4.68547519426181
8.00418410041841
20.1874476987448
6.16198445905559
7.81996413628213
11.9772863120143
7.86670651524208
5.04566646742379
19.6622833233712
6.97035265989241
6.07674835624626
5.88977884040645
7.34429169157203
7.80621637776449
5.2023909145248
7.19031679617454
5.98051404662283
5.0264196054991
8.63933054393305
12.6206814106396
13.4730424387328
11.5538553496712
4.98792588164973
7.76222355050807
9.62916915720263
16.1181111775254
8.32313209802749
11.8783024506874
9.45869695158398
6.00526001195457
8.99127316198446
8.08392109982068
5.51858936043036
6.81637776449492
5.78254632396892
9.59067543335326
8.47160789001793
5.55708308427974
4.11081888822475
13.6407650926479
8.21589958158996
7.11882845188284
5.06491332934847
6.17023311416617
8.15265989240885
12.5629408248655
8.72456664674238
6.29671249252839
8.91153616258219
5.45534967124925
5.8017931858936
7.09683203825463
23.0524805738195
6.38194859533772
6.98410041841004
7.12157800358637
7.69898386132696
5.94202032277346
9.47244471010161
10.7289898386133
9.26347878063359
6.23622235505081
6.48918111177525
9.14799760908548
6.02175732217573
5.76054991034071
6.31046025104602
6.40944411237298
10.3440526001195
5.18864315600717
5.35636580992229
9.615421398685
8.50460251046025
6.04650328750747
6.54692169754931
8.43586371787208
6.46443514644351
7.84196054991034
9.03526598924088
3.71213389121339
5.29587567244471
5.30137477585176
6.42869097429767
9.99760908547519
8.93628212791393
4.23179916317992
11.0534369396294
21.3147638971907
10.3110579796772
15.9778840406455
6.9181111775254
6.46718469814704
10.602510460251
8.8510460251046
20.6356246264196
7.41852958756724
6.88236700537956
10.335803945009
5.22163777644949
16.5855349671249
7.70448296473401
9.2854751942618
7.06658696951584
6.2664674237896
7.99868499701136
9.0572624028691
4.52325164375374
4.67722653915123
6.8658696951584
10.6190077704722
6.59091452480574
8.17740585774058
7.45977286312014
7.85295875672445
13.5142857142857
8.55959354453078
6.89336521219366
7.47901972504483
7.63299462044232
7.82271368798565
8.68607292289301
6.58816497310221
7.46802151823072
10.1240884638374
10.4677824267782
8.87854154213987
9.73915122534369
8.31213389121339
5.32337118947998
6.43419007770472
4.52325164375374
7.92444710101614
7.87495517035266
9.21123729826659
5.73030484160191
7.96019127316198
13.4812910938434
5.46634787806336
9.85188284518828
10.4732815301853
8.30663478780634
6.46718469814704
8.33138075313807
7.93819485953377
30.7704722056186
9.78589360430365
7.2590555887627
5.00167364016736
5.41135684399283
5.41960549910341
4.9741781231321
7.2068141063957
7.79521817095039
7.61099820681411
8.97752540346683
6.64315600717274
5.86778242677824
7.85570830842797
10.5035265989241
6.64040645546922
8.63658099222953
5.71655708308428
6.09324566646742
11.4466228332337
8.07292289300657
8.43036461446503
9.18099222952779
5.34811715481171
6.21422594142259
9.38995815899582
7.59175134488942
7.19856545128512
5.95576808129109
7.69898386132696
9.27997609085475
4.13006575014943
9.82163777644949
3.62139868499701
6.37644949193066
6.46168559473999
7.05283921099821
8.2406455469217
67.7298266586969
8.22139868499701
6.54417214584578
6.24997011356844
13.7479976090855
13.0193664076509
5.98876270173341
10.3495517035266
8.90053795576808
12.8351464435146
6.04375373580394
8.26814106395696
9.00502092050209
5.81004184100418
5.65056784219964
3.37118947997609
6.89886431560072
5.69181111775254
10.0718469814704
4.46276150627615
11.3558876270173
9.27172743574417
9.33221757322176
13.4977884040646
11.1276748356246
5.86503287507472
0.222952779438135
8.84554692169755
6.03825463239689
8.64208009563658
10.5695158398087
7.0418410041841
8.90878661087866
8.63933054393305
9.78314405260012
4.96592946802152
8.66407650926479
10.4705319784818
7.01159593544531
6.52767483562463
8.11141661685595
11.2349073520622
7.61924686192469
8.2818888224746
5.27662881052002
6.01075911536162
8.35612671846981
6.62665869695158
5.20789001793186
7.75672444710102
9.84088463837418
4.47375971309026
6.93735803945009
9.39820681410639
9.41470412432755
5.40035863717872
9.42845188284519
8.57334130304842
4.35552898983861
11.5538553496712
10.1570830842797
0.151464435146444
13.2448296473401
6.3489539748954
4.97692767483562
9.34871488344292
12.7031679617454
11.2321578003586
7.71548117154812
14.6938433950986
32.2331141661686
11.9525403466826
9.80239091452481
10.6437537358039
9.73090257023311
7.14357441721458
5.97501494321578
5.92827256425583
10.9929468021518
6.85762104004782
6.12898983861327
5.08416019127316
9.05451285116557
6.18673042438733
11.5676031081889
7.02534369396294
4.59473998804543
7.11057979677226
7.97668858338314
5.95026897788404
8.14166168559474
4.78170950388524
7.38553496712492
8.92253436939629
4.99892408846384
7.01434548714883
6.42319187089061
12.455708308428
6.74763897190675
9.12325164375373
8.14991034070532
7.75672444710102
6.66240286909743
10.2340705319785
7.47901972504483
8.47160789001793
8.16915720263001
8.40836820083682
6.03275552898984
8.44136282127914
5.19689181111775
7.19856545128512
7.62749551703526
9.72540346682606
11.0176927674836
3.89085475194262
6.59091452480574
9.29097429766886
12.7306634787806
8.7163179916318
8.92803347280335
5.38661087866109
10.8499701135684
6.92635983263598
8.81805140466228
7.00609683203825
11.8425582785415
4.88344291691572
7.15457262402869
6.65140466228332
7.53950986252241
8.79330543933054
5.73305439330544
10.5145248057382
10.0910938433951
6.85762104004782
14.935803945009
9.04076509264794
7.88045427375971
6.83012552301255
12.3952181709504
7.92719665271967
9.24423191870891
5.21888822474596
5.86503287507472
6.63490735206216
7.9519426180514
16.9787208607292
6.77238493723849
5.05391512253437
19.1921099820681
12.925881649731
9.62092050209205
5.21063956963539
5.11165570830843
4.63598326359833
7.78696951583981
8.2104004781829
6.27196652719665
7.27555289898386
6.71464435146443
9.04076509264794
7.17931858936043
8.43311416616856
8.19115361625822
5.43060370591751
10.9709503885236
7.69898386132696
5.43610280932457
7.39928272564256
15.8046622833234
7.9821876867902
11.3998804542738
7.33604303646145
10.1020920502092
9.00502092050209
13.0633592349074
12.5794381350867
6.6486551105798
7.46802151823072
8.36712492528392
6.53867304243873
4.50125523012552
10.3468021518231
4.44351464435146
6.91261207411835
5.42235505080693
9.34871488344292
23.2806933652122
7.13807531380753
8.0234309623431
7.58350268977884
4.69372384937238
6.36545128511656
6.49742976688583
9.24698147041243
5.99976090854752
10.6382546323969
7.36353855349671
8.77680812910938
5.82653915122534
7.05283921099821
7.03909145248057
9.4916915720263
9.43945008965929
8.8098027495517
6.03275552898984
4.70472205618649
9.20023909145248
11.1304243873282
9.06276150627615
9.26897788404064
6.01625821876868
6.81912731619845
6.69814704124327
12.4282127913927
7.38553496712492
8.26264196054991
7.45702331141662
7.50651524208009
8.82904961147639
6.23622235505081
9.34596533173939
5.88153018529587
8.08667065152421
7.22331141661686
8.3753735803945
5.3151225343694
5.54608487746563
15.2932456664674
5.40585774058577
8.11416616855947
10.0608487746563
5.04841601912732
8.84279736999402
7.68798565451285
8.30938433950986
9.26347878063359
8.41386730424387
8.41111775254035
6.85212193664076
10.6547519426181
9.03526598924088
10.9929468021518
6.22797369994023
10.5062761506276
6.79438135086671
5.27662881052002
11.3613867304244
5.20514046622833
5.16939629408249
24.6719665271967
6.33520621637776
5.34536760310819
8.26539151225344
9.94536760310819
8.26814106395696
8.8400478182905
5.85953377166766
9.02151823072325
6.58541542139868
12.9588762701733
5.3151225343694
8.7575612671847
7.10233114166169
6.25546921697549
5.81554094441124
11.8508069336521
7.07758517632995
7.38003586371787
7.92444710101614
5.77979677226539
8.69982068141064
5.71105797967723
14.9550508069337
5.77979677226539
5.25738194859534
13.0193664076509
6.76688583383144
5.50759115361626
6.75588762701733
11.2431560071727
10.7977286312014
6.84662283323371
9.82988643156007
11.7188284518828
10.6877465630604
5.59007770472205
25.1531380753138
6.01075911536162
6.58541542139868
7.28655110579797
9.33771667662881
5.37286312014345
11.4246264196055
24.652719665272
8.5513448894202
6.35170352659892
18.3589958158996
8.76306037059175
27.2592946802152
7.55600717274357
8.46060968320383
9.7913927077107
4.79270771069934
8.10316796174537
11.2871488344292
7.86395696353855
4.70197250448296
8.72456664674238
10.8513448894202
10.4100418410042
6.15648535564854
7.06383741781231
6.32695756126718
5.52958756724447
9.18924088463837
8.32038254632397
5.38936043036461
6.26921697549313
7.22606096832038
11.6858338314405
3.98708906156605
19.3240884638374
5.0264196054991
10.2120741183503
7.42677824267782
21.5759713090257
5.8017931858936
13.1760908547519
7.92169754931261
4.53699940227137
6.32420800956366
11.735325762104
9.13424985056784
8.5925881649731
4.85869695158398
10.1598326359833
11.3833831440526
6.15923490735206
4.52050209205021
5.87603108188882
7.6934847579199
6.9071129707113
32.8876270173341
7.34429169157203
5.57632994620442
5.47184698147041
8.0344291691572
10.0663478780634
9.43120143454871
6.8356246264196
23.4511655708308
7.53401075911536
0.000239091452480579
6.04100418410042
9.50268977884041
9.69240884638374
15.1145248057382
10.6794979079498
12.1257621040048
5.90627615062761
12.9588762701733
9.11225343693963
6.43419007770472
6.31595935445308
4.7569635385535
7.11057979677226
14.732337118948
5.66981470412433
8.66407650926479
5.00442319187089
9.71440526001195
6.56891811117752
6.33245666467424
10.1405857740586
6.88511655708308
5.015421398685
13.8002390914525
9.16449491930663
9.66216377764495
7.95469216975493
7.9931858936043
9.4504482964734
6.63765690376569
7.31129707112971
6.03550508069336
8.82080095636581
8.98852361028093
4.69922295277944
7.10783024506874
13.7452480573819
12.7746563060371
9.21673640167364
11.270651524208
9.97011356843993
11.3531380753138
7.18756724447101
9.667662881052
6.92635983263598
5.73030484160191
11.8535564853556
6.3489539748954
16.1208607292289
8.92253436939629
4.7267184698147
10.3550508069337
9.58242677824268
4.63598326359833
8.05642558278541
5.5020920502092
14.831320980275
5.94476987447699
3.9101016138673
8.73281530185296
6.28571428571428
7.69623430962343
15.9366407650926
10.8747160789002
8.9747758517633
4.11906754333533
9.098505678422
7.05833831440526
7.8584578601315
10.0306037059175
7.67423789599522
9.21673640167364
8.10316796174537
9.17274357441721
8.09216975493126
5.05116557083084
5.44435146443515
7.60824865511058
8.14991034070532
8.26814106395696
7.45702331141662
9.81613867304244
11.8288105200239
5.73305439330544
10.2670651524208
8.07292289300657
8.58708906156605
10.4320382546324
11.2046622833234
9.76939629408248
5.99426180514047
5.12265391512253
14.5096234309623
18.6669456066946
5.29862522414824
9.62092050209205
6.8768679019725
20.5421398684997
5.1089061566049
11.7325762104005
6.67340107591154
7.72647937836222
12.8818888224746
8.22689778840406
8.79605499103407
6.47268380155409
10.8114763897191
6.66240286909743
9.92887029288703
13.082606096832
5.067662881052
7.33879258816497
8.24889420203228
7.1765690376569
6.70364614465033
6.48643156007173
10.4540346682606
10.9242080095637
8.90053795576808
8.13616258218769
6.36270173341303
18.2242677824268
7.39103407053198
6.71739390316796
7.24530783024507
6.16473401075911
8.14441123729827
5.78804542737597
7.88320382546324
9.23873281530185
9.39270771069934
5.07591153616258
4.3747758517633
7.20131500298864
5.03466826060968
6.9593544530783
12.4969515839809
7.80346682606097
10.9022115959354
7.78421996413628
7.5587567244471
8.36987447698745
7.11057979677226
10.3138075313808
6.27746563060371
7.96019127316198
9.43945008965929
6.56341900777047
9.47794381350867
5.55983263598326
9.58242677824268
15.4994620442319
4.90818888224746
8.27089061566049
8.53759713090257
5.44160191273162
12.4804542737597
13.2558278541542
5.60932456664674
9.13150029886432
5.60657501494321
5.71930663478781
6.8246264196055
12.6014345487149
12.4364614465033
5.08965929468021
8.08117154811715
9.5741781231321
9.05176329946204
8.26264196054991
6.45893604303646
9.99210998206814
5.67806335923491
8.60633592349073
7.98493723849372
16.7367603108189
5.77704722056186
7.65499103407053
5.0566646742379
21.3120143454871
8.49635385534967
8.28463837417812
10.2010759115362
11.5456066945607
10.6932456664674
5.41685594739988
8.43586371787208
9.49444112372982
7.3937836222355
6.45343693962941
4.78170950388524
8.3341303048416
6.78888224745965
6.25271966527197
8.58983861326957
9.3679617453676
6.78063359234907
15.0815301852959
10.7262402869097
6.28846383741781
9.37071129707113
9.09575612671847
7.72098027495517
6.04650328750747
16.7725044829647
5.46359832635983
4.75421398684997
7.10233114166169
13.8304841601913
20.0334728033473
10.0168559473999
8.88953974895397
10.7399880454274
8.03992827256426
11.5593544530783
10.5337716676629
7.11882845188284
4.79545726240287
8.02893006575015
5.27937836222355
10.2258218768679
6.12898983861327
9.45319784817693
8.82080095636581
9.13699940227137
35.9067543335326
6.42869097429767
9.89037656903766
9.78039450089659
6.96760310818888
7.37178720860729
6.41219366407651
8.18565451285117
7.06108786610879
10.4210400478183
17.0969515839809
8.53759713090257
5.67806335923491
6.26096832038255
10.3275552898984
8.13891213389121
10.4127913927077
6.15648535564854
11.1221757322176
6.01625821876868
5.59007770472205
8.69157202630006
3.95409444112373
9.29372384937238
7.50101613867304
5.93652121936641
8.41936640765092
4.20155409444112
5.21338912133891
5.75230125523012
10.2643156007173
5.84578601315003
5.3261207411835
9.21673640167364
8.61183502689779
8.4991034070532
26.7946204423192
6.33520621637776
10.9379557680813
6.79988045427376
7.89420203227735
8.62558278541542
6.89336521219366
6.37095038852361
10.0553496712493
8.12791392707711
7.49551703526599
7.02809324566647
10.0443514644351
6.13723849372385
4.82845188284519
13.5747758517633
10.2533173939032
9.83538553496713
8.13616258218769
10.9599521817095
8.82355050806934
11.7023311416617
8.84279736999402
22.5245666467424
6.21972504482965
13.6545128511656
11.1276748356246
6.38194859533772
7.85295875672445
3.60765092647938
7.3827854154214
4.79545726240287
31.8702928870293
7.75397489539749
26.9843395098625
4.92468619246862
5.66156604901375
5.70280932456665
7.55050806933652
6.75038852361028
9.72540346682606
6.31595935445308
7.38553496712492
5.55433353257621
6.47268380155409
8.11966527196653
7.00609683203825
11.4548714883443
6.54692169754931
7.33329348475792
5.82653915122534
11.6528392109982
6.76963538553497
17.5863717872086
7.15457262402869
7.91069934249851
5.63132098027496
5.84853556485356
4.71297071129707
12.1725044829647
5.3151225343694
9.06551105797968
6.43144052600119
6.80537955768081
8.3341303048416
6.99784817692767
8.20765092647938
4.61123729826659
6.55242080095637
10.805977286312
5.76054991034071
4.90818888224746
16.9429766885834
8.95277943813509
5.47459653317394
4.95218170950388
6.29121338912134
7.14907352062164
8.98577405857741
6.618410041841
5.91727435744172
22.0104004781829
13.2420800956366
8.3341303048416
11.2294082486551
9.70340705319785
6.42319187089061
5.54883442916916
5.46909742976688
10.5365212193664
6.3489539748954
7.19856545128512
9.86288105200239
3.75337716676629
6.56066945606694
8.62008368200837
6.37095038852361
6.99509862522415
10.3578003586372
8.78505678421996
16.021876867902
8.77130902570233
5.6148236700538
7.41028093245666
8.35887627017334
8.2516437537358
7.31954572624029
0.173460848774656
6.93185893604304
6.38469814704124
3.3821876867902
11.1579199043634
12.821398684997
7.02534369396294
7.135325762104
6.49468021518231
6.72839210998207
19.5715481171548
11.4108786610879
10.4815301852959
6.43144052600119
6.53867304243873
13.7919904363419
5.71380753138075
6.9071129707113
11.7408248655111
14.8780633592349
8.87029288702929
7.08858338314405
6.72289300657501
7.87495517035266
5.88977884040645
8.69707112970711
9.90412432755529
13.5307830245069
8.90053795576808
11.8095636580992
8.32313209802749
7.35254034668261
5.17214584578601
11.119426180514
10.4237895995218
9.78864315600717
7.27280334728033
5.67806335923491
5.89802749551704
5.95851763299462
4.63598326359833
7.23980872683802
11.6253436939629
7.87495517035266
6.35720263000598
6.91536162582188
14.1191870890616
8.41111775254035
9.05451285116557
5.89252839210998
8.87304243873282
8.0344291691572
5.88702928870293
4.14381350866706
6.54692169754931
8.35337716676629
10.2615660490137
13.2750747160789
8.22964734010759
7.05008965929468
6.20597728631201
6.88786610878661
5.59282725642558
22.1808726838016
11.5895995218171
6.93735803945009
5.84853556485356
7.60274955170353
6.92086072922893
6.68714883442917
5.24088463837418
6.85762104004782
9.95086670651524
8.43861326957561
8.65857740585774
12.7086670651524
7.86395696353855
9.12600119545726
6.87136879856545
7.75947399880454
9.86838015540944
7.43777644949193
25.5023311416617
7.86395696353855
8.33962940824865
9.57967722653915
5.91452480573819
8.75481171548117
9.16999402271369
9.67591153616258
14.0257023311417
5.47459653317394
7.42952779438135
8.03992827256426
5.65056784219964
8.03992827256426
5.28212791392708
4.72121936640765
6.79713090257023
10.6684997011357
7.1243275552899
6.20322773460849
9.40370591751345
9.5851763299462
3.44542737597131
8.14166168559474
9.79689181111775
6.90436341900777
10.0608487746563
12.7966527196653
7.90520023909145
10.2780633592349
7.67973699940227
8.86754333532576
7.55325762104005
6.07674835624626
7.74297668858338
9.64566646742379
10.8994620442319
19.7777644949193
8.41386730424387
9.38445905558876
6.49742976688583
5.92277346084877
6.23897190675433
6.28571428571428
4.57549312612074
6.51117752540347
8.87304243873282
7.82271368798565
7.83096234309623
25.0734010759115
6.97035265989241
9.17824267782427
4.39402271368799
8.21589958158996
5.51583980872684
7.1765690376569
11.1634190077705
5.72755528989839
5.75230125523012
15.6066945606695
4.59748953974895
5.22713687985654
5.12540346682606
9.60717274357442
7.56425582785415
7.61374775851763
7.43777644949193
6.32145845786013
6.9181111775254
12.9698744769874
6.11249252839211
6.27196652719665
12.8296473401076
27.9714285714286
5.67256425582785
10.8939629408249
5.14465032875075
8.93078302450687
8.36987447698745
14.0257023311417
11.4713687985655
9.7913927077107
8.28463837417812
5.43335325762104
7.40203227734608
9.22498505678422
8.10866706515242
7.08033472803347
7.74572624028691
12.8571428571429
8.28738792588165
3.74512851165571
16.2995815899582
6.72289300657501
4.57549312612074
6.83837417812313
8.13341303048416
5.51034070531978
9.71165570830843
13.1623430962343
9.34596533173939
5.97501494321578
6.94285714285714
10.1268380155409
7.19031679617454
11.1469216975493
6.75863717872086
7.1655708308428
4.19055588762702
7.61374775851763
10.753735803945
18.037298266587
6.29671249252839
7.72922893006575
10.7372384937238
13.0743574417215
5.76329946204423
6.58541542139868
9.34871488344292
14.6003586371787
8.52109982068141
6.49468021518231
6.18673042438733
6.94010759115362
5.63682008368201
7.00334728033473
9.45319784817693
5.96126718469815
10.8169754931261
6.18123132098027
8.89503885236103
6.6898983861327
9.18099222952779
15.9421398684997
9.70615660490137
10.9187089061566
7.34979079497908
12.0047818290496
7.74022713687986
11.5428571428571
6.43419007770472
5.98876270173341
8.00418410041841
8.96927674835625
7.28380155409444
5.67256425582785
6.96485355648536
11.3448894202032
15.2410041841004
6.6596533173939
5.53783622235505
8.5513448894202
5.70005977286312
7.16282127913927
8.79055588762702
78.4641362821279
22.1918708906157
16.7285116557083
5.39485953377167
5.22438732815302
9.39270771069934
8.06192468619247
10.0471010161387
7.27005379557681
6.8768679019725
3.99808726838015
10.6355050806934
6.47543335325762
11.991034070532
3.6818888224746
8.66957561267185
25.8240286909743
9.59892408846384
6.76688583383144
6.89886431560072
6.45343693962941
6.59916317991632
7.28655110579797
7.57250448296473
4.82295277943813
12.0872683801554
5.79904363419008
10.2423191870891
6.32970711297071
7.80071727435744
6.62115959354453
5.27937836222355
10.0031081888822
4.63598326359833
7.32229527794381
5.93927077106993
8.04267782426778
8.20215182307233
6.87961745367603
6.566168559474
4.95768081291094
10.1048416019127
5.42510460251046
10.2615660490137
11.526359832636
6.32695756126718
7.52026300059773
18.7329348475792
7.31954572624029
19.4945606694561
7.61099820681411
8.57609085475194
5.02092050209205
5.61757322175732
9.21398684997011
7.41028093245666
6.08499701135684
6.01350866706515
11.0589360430365
11.7573221757322
6.04650328750747
7.7237298266587
17.1794381350867
3.58565451285117
4.30603705917513
7.83921099820681
6.26371787208607
5.59832635983263
12.8296473401076
7.01709503885236
8.33687985654513
13.3025702331142
6.21422594142259
19.0326359832636
8.67232516437537
13.181589958159
9.82988643156007
6.46168559473999
36.1267184698147
5.05116557083084
7.16832038254632
7.87770472205619
8.04267782426778
12.7059175134489
8.07292289300657
6.24447101016139
7.46802151823072
6.05750149432158
22.0323968918111
15.1365212193664
5.58732815301853
6.20597728631201
4.97967722653915
8.2928870292887
6.58816497310221
7.65224148236701
9.23048416019127
6.63490735206216
7.25080693365212
7.13257621040048
9.65116557083084
15.3702331141662
22.6208009563658
6.96760310818888
5.96401673640167
5.60382546323969
7.57800358637179
9.73090257023311
6.66790197250448
8.22964734010759
53.4459055588763
4.59748953974895
7.77322175732218
8.00968320382546
11.4246264196055
5.88977884040645
12.4667065152421
13.2668260609683
4.18505678421996
5.0566646742379
12.7196652719665
5.3261207411835
9.25248057381949
15.4087268380155
8.16640765092648
7.0418410041841
10.9544530783024
8.61733413030484
5.66431560071727
4.96592946802152
7.39103407053198
11.6115959354453
6.51942618051405
5.6258218768679
18.5102211595935
6.74488942020323
6.76413628212791
3.95409444112373
7.10233114166169
10.3962940824866
8.8098027495517
6.48918111177525
4.10531978481769
13.1210998206814
7.77047220561865
11.2981470412433
5.37011356843993
5.99976090854752
9.73090257023311
5.90627615062761
6.9593544530783
7.39653317393903
12.3402271368799
5.97776449491931
16.3655708308428
7.23705917513449
5.98051404662283
4.45451285116557
26.1347280334728
5.99426180514047
12.2659892408846
7.77322175732218
6.10699342498506
4.63048416019127
6.57991631799163
7.8584578601315
11.0176927674836
7.36628810520024
8.57884040645547
5.45809922295278
16.9292289300658
5.4608487746563
8.19390316796174
5.54608487746563
9.53018529587567
16.8357441721458
5.0264196054991
8.78505678421996
7.85570830842797
5.71105797967723
8.86754333532576
5.01267184698147
7.83371189479976
11.113927077107
8.5403466826061
6.95660490137478
8.92803347280335
5.70005977286312
7.09958158995816
5.63682008368201
10.701494321578
9.21398684997011
11.6280932456665
4.32528392109982
21.5017334130305
14.52337118948
23.7976090854752
10.3770472205619
9.19748953974895
5.58182904961148
9.22498505678422
5.015421398685
9.67316198445906
6.01625821876868
10.8169754931261
5.56533173939032
4.4572624028691
4.61398684997011
6.96485355648536
9.65391512253437
12.5436939629408
8.7685594739988
10.7372384937238
8.88953974895397
12.0597728631201
0.00573819485953378
11.427375971309
5.88153018529587
7.18756724447101
8.67782426778243
10.7729826658697
7.65774058577406
19.901494321578
5.79629408248655
8.44961147638972
8.03167961745368
5.22438732815302
7.22606096832038
6.45068738792588
