10.4237895995218
8.4166168559474
10.1983263598326
7.01159593544531
8.13616258218769
7.04459055588763
8.74381350866706
9.03526598924088
12.8543933054393
8.91703526598924
8.90603705917513
18.0647937836222
14.9275552898984
13.6105200239091
12.0405260011955
5.62307232516438
10.6849970113568
8.42211595935445
9.7913927077107
7.26455469216975
9.27172743574417
8.43036461446503
11.2376569037657
8.21315002988643
5.2023909145248
9.32946802151823
14.5673640167364
7.4240286909743
8.41111775254035
7.92444710101614
9.32121936640765
6.0602510460251
7.74847579199044
18.8071727435744
5.5020920502092
13.8662283323371
8.43861326957561
10.5942618051405
7.11057979677226
8.98577405857741
22.8105200239091
8.15540944411237
11.427375971309
13.0056186491333
9.50543933054393
7.3002988643156
6.71189479976091
12.1835026897788
9.60442319187089
6.95110579796772
7.79796772265391
9.47794381350867
7.72922893006575
13.0661087866109
6.02175732217573
11.2239091452481
9.04626419605499
9.30747160789002
6.7833831440526
7.08858338314405
7.28380155409444
6.73939031679617
5.88153018529587
7.09683203825463
9.49994022713688
11.7765690376569
10.2230723251644
10.4292887029289
13.4317991631799
15.8624028690974
14.0834429169157
6.92910938433951
7.55050806933652
8.50735206216378
11.2789001793186
9.67866108786611
12.8461446503288
18.6147041243276
7.41578003586372
12.0845188284519
12.2192468619247
8.1581589958159
13.9982068141064
25.7992827256426
9.72540346682606
4.99342498505678
8.86754333532576
5.38111177525403
6.90986252241482
10.2258218768679
8.51835026897788
8.33687985654513
10.8829647340108
4.44626419605499
10.9517035265989
11.7518230723252
6.86312014345487
7.83646144650329
9.84088463837418
9.8326359832636
8.87854154213987
15.9393903167962
9.05176329946204
24.9854154213987
8.71081888822475
6.72564255827854
8.0756724447101
18.3205020920502
6.99234907352062
8.13066347878063
13.5747758517633
9.25523012552301
7.56150627615063
12.1120143454871
11.1716676628811
9.71715481171548
7.53401075911536
9.86563060370592
6.68439928272564
5.81279139270771
10.033353257621
4.92193664076509
8.5513448894202
17.107949790795
7.49551703526599
7.9519426180514
22.9205020920502
9.48344291691572
7.41303048416019
9.60992229527794
5.55983263598326
15.7111775254035
8.73556485355648
9.94261805140466
8.87304243873282
9.85463239689181
4.17130902570233
5.67806335923491
6.21697549312612
16.4618051404662
6.25546921697549
7.50651524208009
7.86945606694561
7.33604303646145
10.0608487746563
14.4738792588165
7.51476389719067
10.962701733413
8.2928870292887
7.53950986252241
6.21422594142259
8.05917513448894
8.28738792588165
12.6839210998207
5.41410639569635
7.21231320980275
10.9132098027496
5.15564853556485
10.7949790794979
6.75863717872086
4.92743574417215
7.58350268977884
7.44877465630604
7.86120741183503
8.69707112970711
7.52576210400478
14.3556485355649
8.93078302450687
8.41386730424387
6.00526001195457
8.38087268380155
8.49085475194262
7.72647937836222
7.96294082486551
5.89802749551704
10.2010759115362
7.45152420800956
10.2698147041243
9.06276150627615
10.498027495517
11.0424387328153
8.94178123132098
12.3127316198446
9.02976688583383
7.10233114166169
7.34704124327555
7.06383741781231
7.66598924088464
11.5758517632995
10.0526001195457
7.97668858338314
9.51918708906157
6.75038852361028
12.3704722056187
7.18481769276748
11.8095636580992
5.36186491332935
12.6949193066348
7.80346682606097
6.58541542139868
9.68416019127316
7.27830245068739
7.17931858936043
5.86778242677824
10.5282725642558
12.2742378959952
9.55493126120741
7.06933652121937
5.91177525403467
9.93986849970114
9.39545726240287
7.28930065750149
7.97393903167962
10.9022115959354
8.44411237298267
5.57907949790795
7.36078900179319
7.35254034668261
10.1268380155409
10.4265391512253
4.73221757322176
8.4166168559474
6.5771667662881
10.4045427375971
8.35612671846981
9.04076509264794
8.98577405857741
7.87495517035266
9.55493126120741
6.5771667662881
8.88679019725045
6.4424387328153
11.1441721458458
7.25080693365212
28.5735803945009
6.15923490735206
11.4576210400478
12.147758517633
11.7133293484758
6.57991631799163
6.51942618051405
5.99151225343694
8.44136282127914
10.080095636581
8.4578601315003
7.3002988643156
8.80430364614465
48.6673640167364
11.1991631799163
6.69539748953975
6.88511655708308
14.0999402271369
8.13616258218769
5.15564853556485
8.11416616855947
6.16748356246264
13.3548117154812
8.88404064554692
6.69264793783622
6.8246264196055
9.31297071129707
14.2649133293485
9.44494919306635
14.3748953974895
9.03801554094441
10.3468021518231
9.9151225343694
7.67148834429169
5.76329946204423
5.39485953377167
9.45319784817693
7.43777644949193
7.00334728033473
7.83371189479976
10.1900777047221
13.4400478182905
6.72839210998207
7.69898386132696
9.49719067543335
18.6284518828452
11.2926479378362
8.77955768081291
6.20872683801554
12.3374775851763
6.42319187089061
6.15098625224148
10.0910938433951
8.85379557680813
15.4307232516438
10.2643156007173
13.2970711297071
13.8964734010759
5.81279139270771
8.4991034070532
8.82080095636581
6.83287507471608
10.5777644949193
7.16282127913927
4.50400478182905
5.96401673640167
11.2624028690974
9.02151823072325
6.11524208009564
8.93078302450687
5.59557680812911
7.54500896592947
9.22223550508069
9.16724447101016
7.86670651524208
14.2456664674238
5.64781829049611
4.78170950388524
9.48619246861925
9.65391512253437
14.5508667065152
5.72205618649133
8.82630005977286
8.18015540944411
12.2164973102212
9.04076509264794
9.46144650328751
10.0031081888822
9.59617453676031
9.83813508667065
7.67423789599522
8.70257023311417
9.04351464435146
6.66240286909743
7.53676031081889
11.3201434548715
5.2848774656306
12.873640167364
20.9600717274357
8.91978481769277
6.67890017931859
14.5151225343694
6.37369994022714
9.37071129707113
9.06551105797968
10.2560669456067
11.8150627615063
6.40944411237298
6.92910938433951
9.19473998804543
7.49276748356246
6.88236700537956
4.08057381948595
13.4263000597729
13.547280334728
13.4098027495517
7.88045427375971
9.4504482964734
7.17106993424985
10.2340705319785
5.92002390914525
6.3489539748954
6.10699342498506
12.0322773460849
8.3341303048416
9.20573819485953
9.8738792588165
4.85869695158398
4.56174536760311
6.69814704124327
6.53042438732815
14.8258218768679
12.1285116557083
3.95409444112373
11.2101613867304
12.4722056186491
6.40394500896593
17.9410639569635
33.2779438135087
10.1900777047221
7.88870292887029
7.45427375971309
7.75397489539749
7.78147041243275
8.95002988643156
12.2934847579199
5.85128511655708
6.02725642558278
7.30579796772265
9.33221757322176
7.72098027495517
5.16939629408249
8.52109982068141
15.2190077704722
13.9047220561865
7.2590555887627
6.63215780035864
12.2192468619247
10.44578601315
8.2516437537358
4.77621040047818
8.03717872086073
6.08774656306037
7.86945606694561
7.49826658696952
7.74847579199044
7.41303048416019
7.33879258816497
13.9404662283323
11.5703526598924
14.9742976688583
9.38445905558876
6.77238493723849
10.5255230125523
6.99509862522415
9.68690974297669
31.9306634787806
7.63299462044232
8.96102809324567
8.66132695756127
9.05176329946204
5.98326359832636
6.36820083682008
8.51285116557083
8.62833233711895
8.91153616258219
6.72839210998207
6.67065152420801
7.66323968918111
7.82271368798565
6.77238493723849
12.4887029288703
12.5161984459056
9.15349671249253
8.83729826658697
13.6682606096832
11.1606694560669
13.5802749551704
8.68332337118948
7.61649731022116
6.87411835026898
10.7812313209803
4.60298864315601
11.8370591751345
9.22498505678422
7.66873879258816
12.8956365809922
10.2918111177525
5.46634787806336
8.64757919904363
6.58816497310221
6.97585176329946
7.37728631201434
0.302689778840406
9.09575612671847
5.55708308427974
10.5035265989241
6.06575014943216
42.9234907352062
19.4670651524208
10.0965929468022
8.60908547519426
8.44686192468619
8.8400478182905
11.6060968320383
15.5984459055589
6.70364614465033
9.00227136879856
4.88344291691572
7.58900179318589
5.87053197848177
5.08141063956964
8.86204423191871
5.67531380753138
5.94751942618051
6.24447101016139
11.8590555887627
11.7463239689181
7.23705917513449
6.2664674237896
8.52659892408846
9.27172743574417
8.52109982068141
8.35887627017334
22.7555289898386
14.4216377764495
7.4350268977884
7.04459055588763
9.89862522414824
9.81888822474597
16.2253436939629
8.86204423191871
6.57441721458458
8.35062761506276
7.41578003586372
7.80071727435744
13.5802749551704
9.27172743574417
7.73197848176928
13.1210998206814
7.33604303646145
8.78230723251644
5.34811715481171
6.92635983263598
20.5448894202032
7.72922893006575
5.49384339509862
6.01350866706515
7.11607890017932
8.25439330543933
8.66957561267185
16.0108786610879
5.40035863717872
7.1243275552899
8.69982068141064
9.28822474596533
12.0460251046025
8.39187089061566
10.8829647340108
6.30496114763897
22.2633592349074
12.7884040645547
6.9483562462642
6.38744769874477
7.32229527794381
6.97035265989241
6.48643156007173
6.06849970113568
6.98959952181709
14.0669456066946
10.8939629408249
13.9624626419605
8.09491930663479
16.335325762104
5.0566646742379
9.65116557083084
7.41578003586372
6.80537955768081
17.6413628212791
12.8708906156605
5.24638374178123
8.91703526598924
5.24638374178123
8.24889420203228
4.06132695756127
9.8848774656306
8.3753735803945
5.27662881052002
10.2588164973102
11.9690376569038
19.3350866706515
15.4224745965332
9.73365212193664
9.05176329946204
8.32588164973102
6.65415421398685
7.62199641362821
8.05367603108189
7.54500896592947
9.43945008965929
12.0900179318589
6.51117752540347
11.2541542139868
9.70065750149432
7.48451882845188
8.35612671846981
8.01518230723252
11.5950986252241
6.78888224745965
7.76772265391512
13.6187686790197
14.5591153616258
9.06001195457262
7.27005379557681
9.2332337118948
7.47077106993425
7.25630603705917
15.3619844590556
6.28296473401076
18.5487148834429
6.86861924686192
18.5267184698147
7.28930065750149
8.37812313209803
8.53484757919904
12.1175134488942
7.60549910340705
13.0908547519426
9.96461446503287
9.54943215780036
6.38469814704124
8.79605499103407
5.99151225343694
0.00298864315600717
7.16007172743574
11.7793185893604
5.584578601315
12.8928870292887
7.88045427375971
14.9193066347878
6.43144052600119
5.29862522414824
4.53974895397489
6.93460848774656
7.135325762104
10.9462044231919
5.61207411835027
16.1511057979677
7.06383741781231
8.81255230125523
8.3753735803945
7.31404662283323
6.77788404064555
11.0479378362224
12.5491930663479
5.38936043036461
11.7518230723252
8.96652719665272
8.80430364614465
7.90794979079498
12.455708308428
6.11249252839211
10.7592349073521
7.34704124327555
8.95277943813509
10.4815301852959
9.96186491332935
11.5483562462642
5.14190077704722
14.4051404662283
10.6575014943216
7.60274955170353
10.8472205618649
5.8842797369994
7.66049013747758
7.08583383144053
13.495038852361
6.69264793783622
7.37453676031082
15.458218768679
13.9844590555888
7.52576210400478
8.56234309623431
23.5611476389719
8.51835026897788
8.68057381948595
6.08499701135684
16.1731022115959
8.76031081888822
9.47519426180514
8.75206216377764
6.68439928272564
4.87519426180514
8.64757919904363
8.17465630603706
8.71356843992827
5.11715481171548
7.86945606694561
7.89695158398087
20.3964136282128
5.67256425582785
6.24172145845786
10.9379557680813
5.29037656903766
11.834309623431
10.132337118948
5.25188284518828
6.09324566646742
6.49193066347878
7.14907352062164
23.8223550508069
12.2219964136282
10.0443514644351
9.1919904363419
10.9187089061566
5.11990436341901
6.5249252839211
17.0887029288703
8.44961147638972
7.59450089659295
9.22773460848775
9.43120143454871
6.01350866706515
37.7322175732218
11.8590555887627
12.1835026897788
5.61207411835027
8.20215182307233
7.50101613867304
6.5249252839211
20.3414225941423
10.393544530783
51.939330543933
7.08858338314405
9.28822474596533
6.61566049013748
25.5133293484758
7.71548117154812
11.218410041841
18.4827256425583
12.5574417214585
10.5062761506276
12.9643753735804
9.31297071129707
11.5731022115959
11.8535564853556
7.27830245068739
6.48093245666467
25.8542737597131
14.3089061566049
8.24339509862522
11.4878661087866
11.9772863120143
11.1029288702929
11.5538553496712
11.1469216975493
7.69898386132696
11.0836820083682
5.95026897788404
10.8307232516438
8.62008368200837
9.68690974297669
7.40478182904961
7.76772265391512
19.0986252241482
9.71440526001195
10.8252241482367
8.19390316796174
9.78039450089659
5.93927077106993
6.6596533173939
9.39270771069934
6.9483562462642
52.2142857142857
9.8326359832636
6.77788404064555
14.1219366407651
0.0359832635983264
11.322893006575
10.9984459055589
11.3448894202032
10.7509862522415
8.22139868499701
6.75313807531381
8.61733413030484
11.270651524208
0.302689778840406
11.2514046622833
4.99342498505678
7.97943813508667
6.87961745367603
8.79055588762702
8.47710699342498
4.04208009563658
9.29097429766886
12.0762701733413
7.07483562462642
7.35528989838613
13.750747160789
10.4375373580394
7.75397489539749
5.2023909145248
6.05200239091452
8.10316796174537
11.4631201434549
7.69898386132696
7.01984459055589
7.32779438135087
11.2046622833234
8.66682606096832
11.7738194859534
6.01075911536162
9.37895995218171
11.9772863120143
8.26264196054991
4.89994022713688
7.135325762104
0.011237298266587
16.6982665869695
8.12791392707711
5.46634787806336
10.0883442916916
9.61817095038852
8.60083682008368
9.44494919306635
11.5098625224148
9.19473998804543
12.1615062761506
5.45534967124925
13.2915720263001
7.79521817095039
11.8645546921698
7.79246861924686
10.7564853556485
6.1839808726838
9.59067543335326
12.3594739988045
8.7988045427376
6.19772863120143
9.52743574417214
8.7575612671847
8.86204423191871
9.61817095038852
19.0133891213389
6.46993424985057
9.17274357441721
7.73197848176928
12.5436939629408
9.51368798565451
8.78780633592349
12.3622235505081
8.29563658099223
12.2082486551106
25.2906156604901
7.62749551703526
9.61817095038852
11.0424387328153
19.5852958756724
7.29479976090855
14.215421398685
6.63490735206216
12.6041841004184
5.72480573819486
8.90878661087866
9.50268977884041
6.60466228332337
32.348774656306
8.36162582187687
13.959713090257
5.98326359832636
7.70448296473401
9.59892408846384
14.0449491930663
16.5662881052002
10.0416019127316
5.65056784219964
10.7674835624626
7.23980872683802
11.3558876270173
5.99426180514047
9.66491332934848
7.27555289898386
7.73747758517633
7.55600717274357
8.47985654512851
9.38995815899582
6.63215780035864
5.59557680812911
9.99760908547519
7.35528989838613
6.37644949193066
9.8738792588165
9.88212791392708
10.4540346682606
7.63024506873879
8.94453078302451
7.87495517035266
8.13341303048416
7.44877465630604
6.73389121338912
5.98876270173341
10.498027495517
7.28105200239091
7.41303048416019
7.15182307232516
20.0857142857143
13.3053197848177
11.5813508667065
9.92062163777645
6.43144052600119
6.32695756126718
8.46060968320383
10.0388523610281
10.0306037059175
8.35887627017334
18.2847579199044
10.6217573221757
8.25714285714286
14.011954572624
5.95301852958757
87.0454273759713
6.31320980274955
12.5052002390915
7.26730424387328
9.53568439928272
9.14249850567842
8.53209802749551
6.36545128511656
11.1716676628811
62.6817095038852
13.0908547519426
11.4603705917513
7.1243275552899
15.8019127316198
7.79246861924686
10.1790794979079
9.79689181111775
12.043275552899
13.8469814704124
6.43419007770472
7.99043634190078
8.64208009563658
26.1814704124328
4.91643753735804
16.382068141064
8.73006575014943
6.97585176329946
13.8002390914525
13.2118350268978
6.17023311416617
13.2723251643754
6.94560669456067
7.43227734608488
9.2332337118948
8.36162582187687
9.19473998804543
9.60167364016736
6.56341900777047
6.68439928272564
7.17106993424985
4.82295277943813
9.86563060370592
7.44052600119546
6.04100418410042
6.26921697549313
11.7490735206216
8.84829647340107
7.19031679617454
8.20490137477585
7.35528989838613
8.1994022713688
5.75780035863718
6.67890017931859
7.89145248057382
6.76138673042439
8.50735206216378
11.8618051404662
7.74847579199044
9.47794381350867
8.0756724447101
8.64208009563658
6.62390914524806
8.14991034070532
9.86563060370592
23.0249850567842
4.82020322773461
8.58433950986252
6.07949790794979
9.32121936640765
6.79988045427376
6.97035265989241
8.86754333532576
10.6437537358039
20.6191273161984
6.86312014345487
10.2423191870891
5.71655708308428
9.7913927077107
10.6712492528392
7.90794979079498
12.6921697549313
7.69623430962343
7.92169754931261
10.1130902570233
11.5676031081889
14.3061566049014
6.93185893604304
14.5701135684399
5.47459653317394
9.76114763897191
10.2808129109384
7.19306634787806
5.73030484160191
4.14381350866706
16.1923490735206
6.56891811117752
14.267662881052
9.13699940227137
10.085594739988
6.94560669456067
6.39294680215182
5.53508667065152
6.28021518230723
6.97035265989241
8.19665271966527
15.3592349073521
16.2390914524806
16.8797369994023
8.31213389121339
10.0141063956964
52.4533771667663
9.90962343096234
5.63956963538553
8.52934847579199
6.13998804542738
9.11225343693963
9.47519426180514
11.2431560071727
7.26180514046623
8.99127316198446
6.31595935445308
8.47710699342498
5.87878063359235
9.17824267782427
6.19497907949791
4.95493126120741
7.89145248057382
7.60824865511058
8.66682606096832
6.61016138673042
14.4546323968918
6.28571428571428
17.3031679617454
10.4897788404065
7.91894799760908
6.73664076509265
7.65224148236701
5.89527794381351
7.58075313807531
13.3768081291094
10.2230723251644
17.2523012552301
6.53592349073521
6.69264793783622
5.99976090854752
7.04734010759115
8.73281530185296
5.84578601315003
9.10125523012552
6.1317393903168
4.96043036461446
12.2549910340705
12.4062163777645
7.09958158995816
8.62283323371189
6.51392707710699
11.1056784219964
11.6143454871488
11.7380753138075
12.4062163777645
16.3765690376569
12.4639569635386
11.9937836222355
4.89994022713688
6.47543335325762
8.52384937238494
5.47459653317394
10.4622833233712
11.7985654512851
8.42211595935445
15.3647340107591
25.0624028690974
12.8049013747759
13.5142857142857
4.78720860729229
16.2143454871488
7.58350268977884
11.3888822474597
17.5533771667663
4.71846981470412
4.95768081291094
12.7719067543335
6.93735803945009
9.39820681410639
8.89778840406455
14.8010759115362
9.02151823072325
9.00227136879856
6.60191273161984
5.15564853556485
6.95660490137478
15.8321578003586
6.80263000597729
7.45152420800956
9.56592946802152
7.70173341303048
8.48810520023909
14.2236700537956
11.944291691572
11.8040645546922
10.5530185295876
9.07375971309026
9.38170950388523
5.26563060370592
8.33687985654513
7.92994620442319
10.6987447698745
4.81745367603108
9.81063956963538
4.54799760908548
7.00884638374178
8.08942020322773
8.13066347878063
5.40310818888225
8.21589958158996
12.9863717872086
7.11332934847579
5.90077704722056
9.24148236700538
7.63849372384937
7.32779438135087
6.53592349073521
19.024387328153
7.33879258816497
7.00609683203825
11.7463239689181
5.97226539151225
8.36987447698745
5.77704722056186
13.8607292289301
6.91536162582188
7.24805738194859
5.99976090854752
7.3937836222355
6.30496114763897
5.8320382546324
7.46802151823072
9.21123729826659
12.2549910340705
8.60358637178721
5.99976090854752
9.89312612074118
8.32038254632397
5.98326359832636
9.73915122534369
9.47794381350867
9.4092050209205
6.97035265989241
14.5976090854752
8.49635385534967
10.3385534967125
6.20047818290496
11.1771667662881
10.5530185295876
10.6767483562463
6.30221159593544
9.3569635385535
6.08774656306037
7.12157800358637
8.00143454871488
10.805977286312
10.2395696353855
12.4392109982068
12.7361625821877
11.526359832636
10.9407053197848
6.20047818290496
8.27638971906754
13.9294680215182
7.97393903167962
12.0680215182307
7.135325762104
12.5491930663479
6.10699342498506
8.88953974895397
6.88236700537956
9.24423191870891
9.14249850567842
14.2841601912732
18.7714285714286
8.63933054393305
40.9300657501494
4.64148236700538
6.04650328750747
8.38087268380155
9.98661087866109
7.27830245068739
14.528870292887
4.54249850567842
6.75863717872086
15.1420203227735
7.39928272564256
10.5887627017334
5.71655708308428
8.05367603108189
7.44052600119546
7.06108786610879
5.7495517035266
7.83646144650329
7.46252241482367
8.00143454871488
5.71380753138075
3.59115361625822
5.16389719067543
7.22606096832038
11.5511057979677
8.19665271966527
9.61817095038852
8.69157202630006
4.74046622833234
10.7674835624626
6.17298266586969
10.8499701135684
12.8818888224746
6.3077106993425
5.59007770472205
21.4824865511058
6.08499701135684
6.71739390316796
7.86945606694561
6.95385534967125
7.36078900179319
4.87794381350867
6.25271966527197
10.0663478780634
5.9667662881052
8.99402271368798
7.87770472205619
11.991034070532
8.54584578601315
10.6602510460251
7.52576210400478
17.4818888224746
10.6107591153616
7.34704124327555
5.30412432755529
9.40095636580992
7.70173341303048
7.10508069336521
9.40645546921698
5.54883442916916
9.667662881052
6.31320980274955
7.58900179318589
12.1505080693365
12.0982665869695
12.8626419605499
6.41219366407651
6.03550508069336
11.1386730424387
6.05200239091452
5.8842797369994
9.83538553496713
12.9368798565451
10.1020920502092
8.9335325762104
12.2192468619247
9.12050209205021
6.3901972504483
13.5720263000598
7.35528989838613
10.4595337716677
10.4787806335923
6.94010759115362
7.54500896592947
4.9741781231321
12.6426778242678
9.10400478182905
19.8657501494322
7.34979079497908
4.2400478182905
7.16007172743574
12.0130304841602
7.99593544530783
8.21589958158996
4.99617453676031
7.30854751942618
6.79438135086671
14.4353855349671
10.1900777047221
9.75564853556485
10.6712492528392
8.65307830245069
13.3410639569635
10.6904961147639
10.5557680812911
6.46168559473999
7.49551703526599
6.53317393903168
6.97310221159593
14.3226539151225
9.9261207411835
21.6474596533174
5.09240884638374
15.1420203227735
8.97202630005977
9.22498505678422
12.3814704124328
6.73664076509265
13.7617453676031
28.735803945009
7.63849372384937
8.24339509862522
9.64016736401673
6.8768679019725
6.3489539748954
11.3531380753138
9.88212791392708
14.1081888822475
8.03717872086073
6.84387328153019
5.60382546323969
12.8104004781829
6.59091452480574
8.19390316796174
10.3248057381949
9.73365212193664
5.34536760310819
8.42211595935445
9.73640167364017
8.64482964734011
16.5525403466826
7.50926479378362
5.57083084279737
18.2435146443515
8.06742378959952
8.09216975493126
6.15373580394501
10.8362223550508
10.6162582187687
6.46168559473999
13.5225343693963
7.55050806933652
7.27555289898386
8.94728033472803
8.60908547519426
13.1485953377167
9.098505678422
10.1103407053198
10.3303048416019
8.16365809922295
10.5365212193664
9.49994022713688
10.4347878063359
7.5175134488942
9.16999402271369
5.76879856545128
10.6245068738793
12.7031679617454
8.26814106395696
7.96843992827256
9.49994022713688
15.3234907352062
7.26730424387328
10.0003586371787
9.93436939629408
8.48260609683204
9.25797967722654
9.86838015540944
12.9341303048416
8.06742378959952
6.85487148834429
9.85738194859534
8.27089061566049
7.05283921099821
12.5546921697549
7.67148834429169
10.3962940824866
5.77154811715481
9.73915122534369
22.2028690974298
5.63682008368201
7.24805738194859
6.17023311416617
17.9768081291094
12.1312612074118
7.40478182904961
13.7672444710102
9.41745367603108
4.1575612671847
9.20848774656306
4.75146443514644
7.11057979677226
10.2918111177525
6.42319187089061
14.3309025702331
8.80155409444112
4.67722653915123
7.55050806933652
17.880573819486
9.14524805738195
5.77704722056186
5.76604901374776
6.9483562462642
9.22223550508069
6.1427375971309
11.683084279737
8.04817692767483
9.23598326359833
12.507949790795
5.81279139270771
9.26347878063359
11.4933652121937
61.0430364614465
8.7575612671847
10.1625821876868
5.31237298266587
7.3002988643156
6.30496114763897
7.31679617453676
10.0580992229528
11.119426180514
8.4166168559474
7.84745965331739
13.4510460251046
8.16090854751942
4.06132695756127
7.56425582785415
27.6744769874477
9.95911536162582
11.3558876270173
7.66873879258816
8.97202630005977
13.6160191273162
11.0754333532576
5.63132098027496
9.25797967722654
6.5249252839211
6.13998804542738
12.0102809324567
9.32396891811118
9.92887029288703
10.0306037059175
10.1460848774656
5.81279139270771
7.88045427375971
54.6724447101016
11.8645546921698
9.86013150029886
5.75230125523012
9.42845188284519
7.48176927674836
7.02534369396294
15.9861326957561
4.53974895397489
8.31488344291691
8.85654512851166
8.70806933652122
7.98768679019725
6.81637776449492
6.55242080095637
8.99677226539151
14.8863120143455
17.6221159593545
37.7818290496115
9.50818888224746
7.32504482964734
11.1854154213987
5.15839808726838
5.64781829049611
17.6688583383144
6.59091452480574
9.15349671249253
6.00251046025105
6.40944411237298
13.0276150627615
7.3002988643156
6.81362821279139
7.79521817095039
6.17023311416617
8.72731619844591
28.8045427375971
7.91894799760908
7.02534369396294
9.44494919306635
8.2928870292887
6.70914524805738
6.32145845786013
7.45152420800956
11.8645546921698
30.083084279737
15.9008965929468
12.1670053795577
8.57609085475194
8.78505678421996
18.2325164375374
9.51643753735804
13.9927077106993
6.64040645546922
10.5585176329946
6.53592349073521
10.1240884638374
15.8514046622833
42.8326359832636
6.15098625224148
5.55433353257621
10.1488344291692
5.84853556485356
6.71464435146443
9.67866108786611
6.08224745965332
7.08858338314405
5.90077704722056
6.54967124925284
8.42486551105798
11.265152420801
16.4645546921698
9.89312612074118
11.4933652121937
9.10125523012552
7.29479976090855
9.32121936640765
7.80071727435744
7.61099820681411
7.42127913927077
11.0066945606695
7.43777644949193
10.962701733413
8.7685594739988
6.03275552898984
7.55325762104005
6.1991034070532
12.3429766885834
5.83753735803945
7.46802151823072
10.4485355648536
9.02976688583383
8.06467423789599
12.2852361028093
7.67423789599522
8.64757919904363
7.81171548117155
20.987567244471
7.4350268977884
9.62916915720263
9.17549312612074
33.8995815899582
2.8762701733413
15.1365212193664
7.97393903167962
24.193544530783
14.4353855349671
7.10508069336521
7.61099820681411
12.5409444112373
9.75564853556485
5.65331739390317
6.58541542139868
13.1705917513449
3.6818888224746
12.7196652719665
5.59007770472205
9.25248057381949
10.1790794979079
8.09766885833831
131.294082486551
10.0526001195457
9.30747160789002
4.7569635385535
12.7664076509265
7.23980872683802
9.13974895397489
11.1689181111775
5.26563060370592
7.72098027495517
7.62199641362821
6.92361028093246
7.33879258816497
7.91069934249851
7.57800358637179
8.49085475194262
4.92743574417215
10.4650328750747
10.8554692169755
12.0460251046025
10.0388523610281
6.61566049013748
7.38003586371787
8.74931261207412
9.46144650328751
7.58900179318589
9.44219964136282
9.18924088463837
9.18924088463837
13.2888224745965
9.14799760908548
6.9593544530783
10.8142259414226
7.06933652121937
5.92277346084877
7.15182307232516
4.49575612671847
10.6217573221757
6.81087866108787
7.57525403466826
5.11990436341901
10.962701733413
5.20514046622833
11.3916317991632
11.3448894202032
6.74488942020323
5.7083084279737
5.32062163777645
2.4005977286312
12.9616258218769
11.6940824865511
10.2120741183503
6.61566049013748
7.22056186491333
5.06491332934847
8.49635385534967
8.8922893006575
7.14632396891811
7.90245068738793
9.49719067543335
5.78804542737597
3.86060968320383
4.45451285116557
4.71846981470412
10.1763299462044
7.89145248057382
11.0548117154812
9.34321578003586
9.06551105797968
27.811954572624
6.54692169754931
6.3077106993425
4.06682606096832
8.4688583383144
9.38720860729229
9.64841601912732
6.16473401075911
12.7334130304842
6.26371787208607
8.35062761506276
9.03251643753736
10.0883442916916
8.44686192468619
11.6995815899582
7.35528989838613
7.33879258816497
10.9984459055589
6.7008965929468
5.34811715481171
6.1427375971309
7.43777644949193
10.6547519426181
8.9335325762104
16.8604901374776
8.5925881649731
9.41195457262403
6.90436341900777
12.8076509264794
9.58792588164973
8.94453078302451
8.3341303048416
10.184578601315
6.73939031679617
8.55684399282726
0.00848774656306037
9.67591153616258
10.7289898386133
8.58983861326957
8.02893006575015
8.88679019725045
10.8334728033473
8.116915720263
12.2934847579199
6.89061566049014
11.8618051404662
8.55409444112373
8.16640765092648
6.69814704124327
43.3634190077705
7.14632396891811
6.29671249252839
8.73831440526001
10.5117752540347
9.78589360430365
5.71930663478781
9.48344291691572
14.2814106395696
8.74381350866706
9.37895995218171
11.9002988643156
7.62199641362821
9.34321578003586
11.8425582785415
7.79796772265391
8.11141661685595
9.06551105797968
9.15899581589958
7.90245068738793
10.8802151823072
15.5736999402271
9.15349671249253
8.96377764494919
6.53592349073521
9.77489539748954
8.81805140466228
6.0904961147639
19.5907949790795
5.27937836222355
4.48475791990436
7.42952779438135
7.8172145845786
13.4620442319187
7.27555289898386
12.9011356843993
9.89037656903766
9.04626419605499
9.09575612671847
6.24172145845786
11.5483562462642
8.90603705917513
10.4265391512253
10.1818290496115
11.9800358637179
7.7649731022116
5.57632994620442
6.62665869695158
7.96843992827256
10.5997609085475
9.02426778242678
6.92910938433951
6.78888224745965
17.6028690974298
6.81362821279139
12.664674237896
6.88786610878661
7.69898386132696
8.65032875074716
9.42845188284519
11.7600717274357
10.1543335325762
5.81004184100418
9.04901374775852
8.00968320382546
6.52767483562463
6.81637776449492
11.4108786610879
11.6280932456665
9.2744769874477
6.63765690376569
5.54883442916916
17.0859533771668
11.2321578003586
9.26072922893007
5.26288105200239
11.6253436939629
5.81554094441124
11.1386730424387
7.51201434548715
9.25523012552301
10.1543335325762
9.65941422594142
13.4675433353258
8.1994022713688
4.68547519426181
7.87770472205619
9.27997609085475
7.93819485953377
5.25188284518828
9.30472205618649
7.42677824267782
18.1170352659892
5.54883442916916
7.16282127913927
10.5255230125523
7.08858338314405
18.9693962940825
9.31297071129707
13.8442319187089
7.59175134488942
8.40836820083682
7.92169754931261
6.03275552898984
9.08200836820084
8.80430364614465
11.1909145248057
6.88236700537956
12.8928870292887
7.24530783024507
14.6690974297669
5.2326359832636
8.71356843992827
9.09575612671847
10.498027495517
12.8131500298864
6.50842797369994
7.19031679617454
8.02893006575015
8.70806933652122
23.5528989838613
6.89886431560072
7.64399282725642
5.55158398087268
7.22056186491333
6.72014345487149
11.2266586969516
17.3059175134489
7.58350268977884
10.2258218768679
11.7325762104005
6.51942618051405
8.36162582187687
9.01876867901972
12.2302450687388
10.9434548714883
7.96294082486551
12.3374775851763
5.98326359832636
7.91619844590556
6.02175732217573
12.5436939629408
7.99593544530783
18.4607292289301
11.6500896592947
7.4350268977884
4.38852361028093
7.06383741781231
6.91261207411835
8.64757919904363
10.1955768081291
6.15098625224148
4.99892408846384
12.7196652719665
11.3256425582785
8.02618051404662
6.55242080095637
9.99485953377167
12.8708906156605
15.0210400478183
7.03634190077705
16.2940824865511
7.41852958756724
6.97035265989241
9.18374178123132
7.85020920502092
8.47435744172146
3.82761506276151
8.50185295875672
8.08392109982068
12.7141661685595
7.81171548117155
7.03084279736999
7.7237298266587
7.60549910340705
7.29754931261207
10.3275552898984
9.22498505678422
7.33879258816497
30.7208607292289
12.8131500298864
9.44494919306635
9.26347878063359
5.53783622235505
12.1312612074118
27.8531978481769
8.43586371787208
7.61649731022116
12.5931858936043
20.3304243873282
8.00418410041841
17.8283323371189
11.5126120741183
8.43861326957561
6.38194859533772
8.77405857740586
9.01052002390914
10.5475194261805
10.7949790794979
6.42319187089061
9.43120143454871
7.92444710101614
11.218410041841
38.738792588165
10.2148236700538
8.91153616258219
7.91069934249851
8.36712492528392
20.9380753138075
12.4199641362821
6.73664076509265
9.150747160789
15.7001793185894
9.36246264196055
8.29013747758518
10.8032277346085
7.71823072325164
7.42677824267782
10.2120741183503
9.30472205618649
6.02725642558278
9.47794381350867
9.96461446503287
10.5282725642558
12.6564255827854
8.8922893006575
8.35887627017334
5.3673640167364
5.8320382546324
16.8082486551106
12.1780035863718
7.70173341303048
7.19031679617454
6.48093245666467
8.7575612671847
8.28738792588165
6.31320980274955
8.93078302450687
8.98577405857741
4.78445905558876
6.45618649133293
10.0416019127316
6.89336521219366
16.2665869695158
7.12982665869695
12.4777047220562
10.9929468021518
4.76521219366408
6.54692169754931
5.74405260011955
8.47985654512851
16.9814704124328
8.98577405857741
7.75947399880454
8.22139868499701
9.49444112372982
8.27089061566049
7.82546323968918
11.4301255230126
7.58350268977884
7.24530783024507
11.7408248655111
17.3609085475194
11.5923490735206
13.1210998206814
13.0688583383144
7.84471010161387
5.76604901374776
10.498027495517
5.9667662881052
7.87220561864913
5.35636580992229
6.32695756126718
8.68607292289301
8.18290496114764
8.16365809922295
7.58900179318589
9.61267184698147
7.31129707112971
7.08033472803347
6.62390914524806
9.09300657501494
9.49444112372982
9.48344291691572
7.78421996413628
7.15732217573222
10.6272564255828
7.19306634787806
9.8848774656306
9.8326359832636
8.23789599521817
13.9679617453676
10.3468021518231
5.4608487746563
11.7160789001793
7.3002988643156
11.2514046622833
14.4271368798565
8.63658099222953
5.532337118948
5.86778242677824
9.0682606096832
8.84829647340107
9.12050209205021
11.2981470412433
11.2349073520622
11.8645546921698
14.2016736401674
9.70065750149432
14.1274357441721
6.78063359234907
9.34596533173939
51.4662283323371
13.1128511655708
10.4182904961148
9.38995815899582
7.45152420800956
6.17848176927675
6.38469814704124
9.27172743574417
8.44686192468619
6.34070531978482
6.60466228332337
6.72289300657501
9.62916915720263
7.96019127316198
23.1267184698147
14.889061566049
15.7304243873282
7.26180514046623
12.664674237896
13.332815301853
7.80346682606097
7.48451882845188
11.6720860729229
8.1994022713688
7.41852958756724
6.9483562462642
15.9146443514644
12.0460251046025
9.91237298266587
7.39103407053198
13.2035863717872
9.33771667662881
7.37728631201434
9.80514046622833
12.4942020322773
6.12349073520622
8.44961147638972
7.88320382546324
13.5115361625822
8.93628212791393
8.23789599521817
7.04459055588763
9.18649133293485
9.2332337118948
12.7389121338912
14.575612671847
9.71440526001195
11.8645546921698
10.1983263598326
15.3344889420203
8.49085475194262
10.5420203227735
17.1931858936043
8.45236102809324
22.334847579199
9.71440526001195
7.59725044829647
71.3317393903168
4.60298864315601
6.47268380155409
7.34429169157203
11.7078302450687
5.13915122534369
7.88595337716677
8.91703526598924
9.667662881052
9.23598326359833
8.4578601315003
9.69790794979079
10.7674835624626
9.16724447101016
9.18649133293485
7.84745965331739
10.6410041841004
8.38637178720861
9.63741781231321
9.71715481171548
6.20597728631201
6.28296473401076
8.96102809324567
22.2578601315003
8.75481171548117
4.83945008965929
13.2200836820084
6.74488942020323
11.1386730424387
10.9599521817095
12.4887029288703
5.62857142857143
7.29205020920502
5.21338912133891
18.5349671249253
12.6729228930066
5.72480573819486
4.54799760908548
12.6014345487149
9.83538553496713
8.116915720263
11.6335923490735
5.80454273759713
14.8478182904961
9.24698147041243
10.1213389121339
7.2068141063957
14.1026897788404
10.1240884638374
6.86312014345487
12.6564255827854
11.5291093843395
11.2871488344292
7.49826658696952
12.2137477585176
23.0689778840406
14.2731619844591
7.2590555887627
5.05391512253437
10.5227734608488
6.79988045427376
9.21673640167364
12.2714883442917
14.3226539151225
9.49719067543335
3.03574417214585
10.8169754931261
8.92253436939629
8.27913927077107
11.6500896592947
6.99509862522415
12.5161984459056
9.62367005379558
7.29205020920502
13.6957561267185
29.0217573221757
5.29587567244471
12.2604901374776
17.880573819486
6.76688583383144
7.02809324566647
8.64482964734011
5.11165570830843
14.4436341900777
15.0732815301853
9.03526598924088
11.3778840406455
7.01159593544531
16.0383741781231
8.96377764494919
7.97393903167962
10.44578601315
55.9949193066348
9.20298864315601
7.62749551703526
12.1615062761506
5.92827256425583
9.98111177525403
11.4631201434549
12.6399282725643
9.98111177525403
8.70531978481769
74.678123132098
34.6858936043036
7.42677824267782
6.60466228332337
8.56234309623431
7.74297668858338
5.97226539151225
16.7037656903766
4.8504482964734
10.904961147639
8.09216975493126
9.60167364016736
9.43945008965929
9.42295277943813
9.0682606096832
10.7977286312014
7.74297668858338
8.66957561267185
8.5403466826061
7.70173341303048
10.3825463239689
5.42510460251046
7.39928272564256
6.02450687387926
8.40561864913329
8.54309623430962
9.45869695158398
8.55409444112373
5.76054991034071
23.5638971906754
11.9690376569038
11.7655708308428
8.90328750747161
24.4739988045427
9.32946802151823
6.59916317991632
8.14991034070532
7.90794979079498
9.87112970711297
7.16282127913927
5.43335325762104
6.18947997609085
8.60633592349073
7.63849372384937
8.84829647340107
7.65224148236701
27.1245666467424
5.16114763897191
3.53341303048416
11.5813508667065
14.2181709503885
8.29563658099223
10.7702331141662
10.5667662881052
35.9312612074118
9.44769874476987
7.67973699940227
9.66216377764495
6.7833831440526
9.26897788404064
11.944291691572
10.649252839211
9.59067543335326
8.50735206216378
7.30304841601913
11.2376569037657
27.2070531978482
12.5546921697549
10.3907949790795
8.70257023311417
11.6060968320383
10.1048416019127
6.64590555887627
10.6327555289898
8.96377764494919
7.32229527794381
11.3338912133891
8.7575612671847
7.44052600119546
6.71189479976091
6.78613269575613
6.52217573221757
17.4076509264794
8.03992827256426
10.5200239091452
9.90137477585176
6.34620442319187
10.6822474596533
12.4117154811715
8.10591751344889
44.2761506276151
9.68690974297669
8.66957561267185
6.84387328153019
16.0136282127914
11.8618051404662
22.7390316796175
8.57334130304842
12.7719067543335
5.3673640167364
5.70280932456665
8.44686192468619
8.23239689181112
8.30388523610281
14.5783622235505
8.4578601315003
4.39127316198446
9.49994022713688
13.3658099222953
32.4751942618051
14.314405260012
7.0005977286312
6.62390914524806
9.08750747160789
6.94010759115362
7.28930065750149
6.81912731619845
5.86778242677824
8.96652719665272
8.42761506276151
8.81255230125523
4.66622833233712
9.34596533173939
6.60466228332337
16.0713687985655
9.81888822474597
7.78696951583981
8.15540944411237
7.81171548117155
6.43419007770472
9.21948595337716
7.09133293484758
16.074118350269
6.94560669456067
12.1945008965929
8.78230723251644
8.51285116557083
11.218410041841
7.95744172145846
7.27555289898386
6.93460848774656
9.20573819485953
7.48451882845188
10.7042438732815
7.83096234309623
9.85463239689181
6.70364614465033
9.59342498505678
4.50675433353258
7.06933652121937
7.87770472205619
8.88129109384339
12.3649731022116
11.5566049013748
7.37453676031082
12.1725044829647
7.32779438135087
7.81171548117155
9.33771667662881
7.34979079497908
5.35911536162582
11.9332934847579
9.43120143454871
7.27830245068739
6.17023311416617
6.67340107591154
5.43335325762104
6.39844590555888
11.3008965929468
7.51476389719067
5.81004184100418
8.91703526598924
11.427375971309
0.0607292289300657
8.36437537358039
7.08033472803347
13.0908547519426
3.93484757919904
9.00777047220562
12.461207411835
9.0270173341303
9.49444112372982
6.41494321578004
13.4317991631799
7.44602510460251
15.2849970113568
9.85463239689181
6.99784817692767
11.1249252839211
11.8260609683204
12.101016138673
16.8824865511058
6.9593544530783
12.7994022713688
10.7729826658697
7.44052600119546
6.03550508069336
7.36903765690376
9.81613867304244
7.56700537955768
5.27662881052002
9.03526598924088
11.3723849372385
5.63682008368201
6.9181111775254
12.9121338912134
6.3599521817095
8.04267782426778
4.57549312612074
5.1501494321578
11.4768679019725
9.2332337118948
6.83287507471608
6.44518828451883
5.98876270173341
10.9736999402271
12.1395098625224
14.0889420203228
6.67340107591154
6.25271966527197
8.77405857740586
13.8222355050807
8.77130902570233
8.93628212791393
13.4345487148834
8.14716078900179
8.48535564853556
11.4411237298267
7.36353855349671
8.02618051404662
7.96019127316198
6.32420800956366
6.57166766288105
8.94178123132098
14.8258218768679
11.2486551105798
8.69157202630006
9.48069336521219
7.56975493126121
18.9611476389719
11.265152420801
7.56150627615063
10.3990436341901
11.0424387328153
18.2902570233114
8.58983861326957
9.82713687985654
16.1566049013748
6.20322773460849
8.43311416616856
7.06383741781231
10.2973102211596
8.98577405857741
11.4988643156007
10.9764494919307
9.55493126120741
5.81829049611476
7.135325762104
7.48451882845188
9.12600119545726
7.56975493126121
7.11332934847579
10.137836222355
12.0872683801554
5.44710101613867
7.5587567244471
8.55409444112373
8.69157202630006
11.6775851763299
5.58732815301853
5.41410639569635
11.166168559474
10.0773460848775
11.2898983861327
8.91978481769277
6.05200239091452
14.0559473998805
8.49085475194262
5.067662881052
6.97585176329946
11.0204423191871
13.547280334728
8.24614465032875
8.95827854154214
8.88679019725045
13.3410639569635
5.51858936043036
8.29013747758518
7.93819485953377
7.29205020920502
7.43777644949193
9.4092050209205
11.6528392109982
7.72098027495517
5.5735803945009
12.6536760310819
8.17465630603706
9.46694560669456
7.33879258816497
7.67698744769874
10.8114763897191
11.0314405260012
11.1056784219964
7.43227734608488
7.24805738194859
12.8131500298864
8.0234309623431
6.97035265989241
10.701494321578
6.71739390316796
12.5904363419008
6.87961745367603
10.033353257621
11.63084279737
10.0388523610281
5.79354453078302
8.6750747160789
20.2011954572624
15.2272564255828
5.99426180514047
11.4466228332337
10.44578601315
8.70806933652122
6.60466228332337
11.8590555887627
7.51476389719067
5.14465032875075
4.99617453676031
10.6052600119546
7.85295875672445
10.9462044231919
17.1986849970114
8.15540944411237
7.05833831440526
4.55624626419606
8.43586371787208
3.45092647937836
7.52851165570831
5.15289898386133
10.0938433950986
10.6602510460251
11.067184698147
8.54584578601315
12.2164973102212
8.03992827256426
5.11990436341901
8.94178123132098
14.7735803945009
17.8283323371189
6.67065152420801
14.2209205020921
6.74763897190675
14.988045427376
9.76664674237896
11.6033472803347
16.1895995218171
9.64566646742379
19.802510460251
12.0240286909743
5.35086670651524
6.76963538553497
10.9462044231919
9.18649133293485
7.34429169157203
9.34596533173939
6.33795576808129
7.56700537955768
12.6536760310819
7.7237298266587
12.3182307232516
7.32229527794381
6.37095038852361
9.99760908547519
8.80705319784817
13.6050209205021
6.37644949193066
9.84638374178123
12.7004184100418
11.1359234907352
9.97011356843993
10.0993424985057
12.5794381350867
8.13891213389121
8.42761506276151
5.82104004781829
7.78696951583981
12.978123132098
10.3440526001195
8.57334130304842
6.07124925283921
7.31129707112971
6.47818290496115
8.2406455469217
7.36628810520024
7.35254034668261
12.4969515839809
29.5991631799163
11.1716676628811
3.4756724447101
6.90161386730424
9.54668260609683
13.6297668858338
6.93460848774656
7.27005379557681
6.44793783622235
9.86288105200239
8.0756724447101
10.2808129109384
9.84913329348476
9.09025702331142
8.71906754333533
11.7765690376569
10.7179916317992
5.88977884040645
8.75206216377764
8.88129109384339
9.82438732815302
6.33245666467424
10.7069934249851
6.77513448894202
9.02151823072325
6.54142259414226
7.59725044829647
6.87411835026898
9.97836222355051
11.1469216975493
7.98493723849372
10.3907949790795
9.49719067543335
6.54142259414226
7.33604303646145
6.77513448894202
8.60358637178721
7.58900179318589
11.9882845188285
7.63024506873879
7.96294082486551
152.361028093246
6.8768679019725
24.6554692169755
8.61183502689779
7.37728631201434
9.18649133293485
15.8404064554692
13.1101016138673
4.77895995218171
8.7988045427376
9.68141063956963
10.9846981470412
4.59748953974895
4.71846981470412
5.41410639569635
13.594022713688
6.7421398684997
0.0167364016736402
8.66407650926479
11.3998804542738
11.6803347280335
15.2080095636581
8.40836820083682
11.8893006575015
11.7655708308428
7.8584578601315
8.40286909742977
20.5778840406455
7.61099820681411
13.7754931261207
8.1994022713688
10.8114763897191
9.89587567244471
7.61374775851763
9.30197250448296
9.63741781231321
11.8260609683204
13.2888224745965
7.92994620442319
12.2219964136282
5.99151225343694
10.8692169754931
7.79521817095039
14.0202032277346
6.72014345487149
6.42594142259414
5.76879856545128
8.32038254632397
7.41578003586372
9.58242677824268
6.49468021518231
14.5481171548117
8.99677226539151
6.56066945606694
18.8016736401674
6.68164973102212
12.0542737597131
8.43861326957561
7.92719665271967
6.05200239091452
9.78039450089659
6.74763897190675
7.89420203227735
6.10699342498506
13.5775254034668
6.34070531978482
7.40203227734608
8.72456664674238
7.73747758517633
8.32863120143455
13.6737597130903
8.00418410041841
8.12241482367005
8.33138075313807
12.3539748953975
9.21123729826659
6.41219366407651
8.73006575014943
6.3599521817095
6.81362821279139
11.8508069336521
12.3182307232516
9.86838015540944
8.38637178720861
8.44961147638972
9.37895995218171
9.86838015540944
8.62558278541542
9.16999402271369
8.22414823670054
9.90687387925881
13.0523610280932
9.29922295277944
8.66957561267185
8.69157202630006
13.5060370591751
21.4109982068141
5.32887029288703
9.08475791990436
14.366646742379
10.0031081888822
7.18206814106396
12.461207411835
5.25738194859534
4.87794381350867
6.34070531978482
11.5208607292289
7.24255827854154
10.1625821876868
11.7985654512851
9.71990436341901
7.37178720860729
8.89503885236103
17.4901374775852
9.36246264196055
8.53209802749551
11.3421398684997
7.24530783024507
8.79330543933054
13.0853556485356
8.23239689181112
10.4265391512253
6.85212193664076
4.09982068141064
4.81470412432756
15.0265391512253
6.40394500896593
12.2742378959952
6.86312014345487
14.4298864315601
8.97202630005977
6.73664076509265
11.8618051404662
8.7988045427376
9.74190077704722
7.81446503287507
5.35086670651524
18.5927077106993
13.280573819486
5.68906156604901
9.09025702331142
9.93986849970114
13.7589958158996
10.4540346682606
10.8142259414226
7.69623430962343
8.68882247459653
8.23789599521817
10.5365212193664
12.5409444112373
13.0661087866109
7.72922893006575
7.60274955170353
10.7152420800956
8.74106395696354
7.60274955170353
6.96210400478183
7.69623430962343
9.9673640167364
7.36903765690376
8.7575612671847
6.21972504482965
15.1200239091452
20.0224745965332
10.8637178720861
8.11416616855947
5.22438732815302
13.0523610280932
3.91560071727436
7.67973699940227
8.70257023311417
5.91177525403467
5.0566646742379
6.99784817692767
8.34787806335923
8.92528392109982
8.5101016138673
6.38744769874477
10.0663478780634
5.87878063359235
9.64841601912732
11.3063956963539
9.17824267782427
6.59091452480574
9.35421398684997
7.91619844590556
6.90161386730424
8.34237895995218
9.19748953974895
11.265152420801
11.8260609683204
8.96927674835625
5.09515839808727
14.5783622235505
6.73939031679617
10.6959952181709
5.76879856545128
7.91344889420203
8.60358637178721
5.2436341900777
7.5587567244471
11.0451882845188
7.4240286909743
10.2533173939032
8.39736999402271
5.11165570830843
15.4252241482367
8.85929468021518
11.1524208009564
14.4958756724447
7.9519426180514
9.69240884638374
25.0101613867304
7.43227734608488
7.82821279139271
8.30388523610281
9.86288105200239
7.11332934847579
7.59175134488942
6.49193066347878
11.3971309025702
5.2738792588165
7.54225941422594
8.08667065152421
12.7361625821877
10.4705319784818
14.2044231918709
11.0534369396294
18.6202032277346
11.2431560071727
5.25738194859534
7.14907352062164
7.08033472803347
9.07101016138673
21.4302450687388
9.00777047220562
9.97836222355051
8.09766885833831
4.66072922893007
9.22635983263598
11.1634190077705
9.69790794979079
4.97967722653915
12.15325762104
14.418888224746
10.4732815301853
5.66981470412433
7.66323968918111
10.2725642558279
10.7867304243873
8.56509264793784
10.8032277346085
11.9497907949791
8.48810520023909
6.3489539748954
8.84554692169755
4.22904961147639
6.40394500896593
11.2431560071727
6.51117752540347
7.74297668858338
7.81171548117155
8.80705319784817
6.02175732217573
22.2716078900179
9.72265391512253
9.80514046622833
10.0471010161387
6.51117752540347
6.46168559473999
5.64781829049611
17.729348475792
7.33329348475792
8.51835026897788
8.41936640765092
7.23705917513449
5.04016736401674
11.9360430364614
6.03000597728631
7.26180514046623
6.49742976688583
7.92994620442319
29.1757322175732
9.67866108786611
10.2560669456067
9.00227136879856
11.6858338314405
8.88129109384339
8.116915720263
9.74465032875075
7.38003586371787
9.25248057381949
9.95086670651524
9.7913927077107
18.089539748954
9.67591153616258
6.58266586969516
7.85020920502092
4.35277943813509
8.61733413030484
11.3558876270173
7.083084279737
9.43120143454871
6.14548714883443
7.88320382546324
12.5546921697549
7.41852958756724
8.27364016736402
7.01709503885236
9.29647340107591
6.92361028093246
11.4768679019725
8.24614465032875
7.45152420800956
12.7334130304842
12.2164973102212
8.74106395696354
10.5365212193664
7.34429169157203
7.1655708308428
13.0468619246862
10.5392707710699
8.8922893006575
12.1312612074118
7.34979079497908
4.86419605499103
10.6217573221757
10.0086072922893
6.1427375971309
9.44219964136282
8.33962940824865
8.73556485355648
13.0578601315003
8.41386730424387
14.9962940824866
6.53317393903168
12.6289300657501
14.8423191870891
7.32229527794381
6.33795576808129
12.8708906156605
9.1919904363419
11.4823670053796
7.12982665869695
5.51034070531978
8.66682606096832
5.75230125523012
8.57334130304842
7.9519426180514
10.440286909743
10.5530185295876
12.2
6.92361028093246
40.6852958756724
8.06192468619247
12.5189479976091
10.3962940824866
7.42127913927077
18.0537955768081
8.10591751344889
8.83729826658697
10.7234907352062
11.9140466228332
11.0066945606695
9.18374178123132
10.6107591153616
8.17465630603706
6.42869097429767
12.095517035266
11.2349073520622
6.51392707710699
7.70173341303048
20.3304243873282
6.46168559473999
6.74763897190675
6.57991631799163
9.85738194859534
4.22904961147639
8.31763299462044
12.9066347878063
12.6481769276748
6.32420800956366
45.9315600717274
8.04267782426778
7.19031679617454
7.30579796772265
9.80514046622833
7.9409444112373
6.21422594142259
5.82104004781829
8.44686192468619
7.63299462044232
10.8472205618649
5.82928870292887
9.12050209205021
8.00693365212194
8.46335923490735
11.5731022115959
3.64339509862522
8.65307830245069
8.31213389121339
6.4424387328153
6.8246264196055
8.56509264793784
7.92994620442319
7.74572624028691
8.55959354453078
11.113927077107
15.2602510460251
15.1832635983264
8.64757919904363
9.99485953377167
7.80621637776449
9.01326957561267
11.9552898983861
13.6187686790197
8.21315002988643
8.28463837417812
11.8453078302451
10.2808129109384
11.5236102809325
30.0582785415421
12.3182307232516
7.36353855349671
5.13090257023311
14.7900777047221
20.9105797967723
12.0625224148237
5.47184698147041
5.29312612074118
9.24148236700538
9.44769874476987
7.25355648535565
8.72456664674238
7.36353855349671
11.3503885236103
17.3334130304842
16.7560071727436
6.07399880454274
9.02976688583383
22.6867901972504
10.0608487746563
12.9011356843993
10.8664674237896
5.83753735803945
6.88786610878661
12.147758517633
10.7262402869097
12.9671249252839
10.9077106993425
11.2431560071727
9.07101016138673
9.33771667662881
6.80537955768081
10.6877465630604
9.67041243275553
12.0267782426778
24.0450687387926
5.8320382546324
6.62115959354453
4.64973102211596
6.85487148834429
6.12349073520622
8.14991034070532
7.15732217573222
12.7059175134489
8.88679019725045
9.04626419605499
12.7334130304842
6.43144052600119
12.147758517633
7.79246861924686
8.99677226539151
9.03251643753736
5.86778242677824
7.76222355050807
7.44327555289898
7.3002988643156
2.85702331141662
5.91727435744172
8.99952181709504
5.45260011954573
8.5101016138673
10.49252839211
7.45702331141662
8.86754333532576
6.24447101016139
6.76688583383144
25.5628212791393
11.212910938434
5.82378959952182
14.680095636581
9.04351464435146
8.73556485355648
10.2560669456067
8.05642558278541
6.92361028093246
6.88511655708308
7.21506276150628
7.11607890017932
8.14166168559474
11.5346084877466
10.2120741183503
6.66240286909743
4.73496712492528
10.1213389121339
6.7833831440526
9.72815301852959
8.10866706515242
8.10041841004184
4.92193664076509
7.89420203227735
7.44052600119546
10.7619844590556
10.1900777047221
6.64590555887627
20.5421398684997
8.64208009563658
7.57800358637179
6.67340107591154
10.7619844590556
9.30472205618649
6.6898983861327
13.5060370591751
8.60633592349073
21.4192468619247
7.09958158995816
11.0231918708906
5.91452480573819
10.4677824267782
6.3599521817095
9.1919904363419
6.1427375971309
4.31428571428571
7.27005379557681
12.2852361028093
11.5016138673042
9.38170950388523
7.82271368798565
7.87770472205619
8.38637178720861
10.7674835624626
14.2649133293485
6.82187686790197
7.18756724447101
10.4100418410042
9.04626419605499
6.12624028690974
5.7083084279737
4.87519426180514
9.615421398685
11.3888822474597
9.39545726240287
5.88702928870293
8.30938433950986
10.4292887029289
15.1695158398087
9.22498505678422
13.7727435744172
13.9184698147041
8.09491930663479
8.55959354453078
8.52384937238494
8.99402271368798
13.077106993425
4.60573819485953
9.75564853556485
9.04351464435146
8.31488344291691
6.76138673042439
7.49276748356246
7.83096234309623
8.68057381948595
7.67973699940227
9.85463239689181
12.3072325164375
7.65499103407053
15.5379557680813
19.8575014943216
17.3059175134489
9.80789001793186
17.4076509264794
7.58625224148237
9.88762701733413
7.02534369396294
15.870651524208
7.03359234907352
7.87220561864913
21.1332934847579
80.4769874476987
11.1716676628811
10.4760310818888
10.1240884638374
6.97035265989241
11.7683203825463
23.5638971906754
9.16724447101016
20.2891811117753
17.3306634787806
6.92361028093246
6.06300059772863
8.8510460251046
17.0914524805738
10.2175732217573
6.2252241482367
7.74847579199044
7.20406455469217
11.5868499701136
6.23072325164375
0.184459055588763
7.50926479378362
7.10783024506874
10.3220561864913
13.1485953377167
17.8200836820084
9.50818888224746
10.4017931858936
7.0005977286312
8.07292289300657
15.3509862522415
12.2549910340705
5.38661087866109
6.51117752540347
10.1680812910938
7.79521817095039
11.1441721458458
5.84853556485356
5.60932456664674
8.38087268380155
9.52743574417214
5.13915122534369
11.3421398684997
7.0418410041841
11.7408248655111
6.71464435146443
8.2406455469217
7.73747758517633
8.51560071727436
11.8838015540944
6.92910938433951
11.7765690376569
8.78780633592349
8.01243275552899
6.90436341900777
10.8939629408249
21.7739390316796
11.0314405260012
6.18123132098027
6.83837417812313
15.0375373580395
6.64040645546922
10.748236700538
10.6959952181709
16.9484757919904
7.88320382546324
6.78613269575613
10.9324566646742
11.317393903168
8.31488344291691
8.19390316796174
6.15098625224148
4.39952181709504
7.78971906754334
8.01518230723252
6.73664076509265
6.99509862522415
6.25821876867902
14.5646144650329
6.22247459653317
6.50017931858936
5.41685594739988
15.6039450089659
5.07041243275553
8.8510460251046
9.31022115959354
10.0938433950986
13.4647937836222
10.3742976688583
7.9519426180514
9.76939629408248
8.04267782426778
6.89061566049014
8.66682606096832
14.6141063956964
9.18649133293485
5.21888822474596
5.19414225941422
13.3218170950389
6.1427375971309
7.17106993424985
21.8729228930066
7.76222355050807
8.34512851165571
10.2863120143455
6.52217573221757
114.252241482367
5.9255230125523
7.67148834429169
6.03000597728631
9.85463239689181
8.10591751344889
7.83371189479976
12.5794381350867
5.16664674237896
12.7334130304842
5.34811715481171
9.37895995218171
7.98493723849372
12.2164973102212
10.0938433950986
8.58433950986252
101.937238493724
9.58792588164973
9.29647340107591
7.53126120741184
5.60932456664674
5.11165570830843
10.5777644949193
5.29862522414824
4.03658099222953
14.9440526001195
5.83753735803945
7.28655110579797
7.33604303646145
9.00227136879856
10.904961147639
10.2643156007173
9.86013150029886
14.0696951583981
10.6107591153616
9.96461446503287
6.85212193664076
11.9057979677227
6.64040645546922
12.1312612074118
7.26730424387328
14.4436341900777
11.009444112373
27.3032875074716
6.87961745367603
7.55600717274357
9.87937836222355
11.6500896592947
8.12791392707711
8.06742378959952
13.6820083682008
7.9821876867902
16.695517035266
8.92253436939629
26.4509264793784
12.0295277943813
10.7207411835027
7.94644351464435
6.79713090257023
9.57142857142857
10.9159593544531
14.784578601315
7.87495517035266
6.50292887029289
5.88702928870293
8.5101016138673
6.53867304243873
6.55242080095637
10.5392707710699
6.72289300657501
13.5087866108787
7.38828451882845
8.27638971906754
6.41769276748356
6.0190077704722
6.37095038852361
8.38637178720861
9.24973102211596
9.49719067543335
12.461207411835
11.474118350269
9.05176329946204
14.2924088463837
8.16915720263001
14.2951583980873
10.3055588762702
19.9619844590556
13.8772265391512
10.0663478780634
43.7319187089062
9.7501494321578
0.440167364016736
12.9176329946204
10.9434548714883
7.53126120741184
12.1835026897788
4.13556485355648
4.29503885236103
9.49444112372982
8.36162582187687
8.89503885236103
9.78589360430365
9.55493126120741
7.44052600119546
14.0751942618051
19.535803945009
5.89802749551704
5.35911536162582
7.93269575612672
8.51835026897788
6.76963538553497
7.5175134488942
6.618410041841
10.9489539748954
9.81063956963538
8.49635385534967
12.0927674835625
7.86395696353855
4.31428571428571
6.54417214584578
18.3369994022714
7.52851165570831
7.99043634190078
10.0251046025105
10.602510460251
6.77788404064555
182.069934249851
7.18481769276748
5.50759115361626
8.63108188882247
10.3715481171548
13.5555289898386
10.3385534967125
10.649252839211
8.27364016736402
5.30687387925882
8.36437537358039
10.080095636581
11.4411237298267
6.46993424985057
8.27364016736402
10.3852958756724
9.65116557083084
8.8400478182905
9.38170950388523
5.80454273759713
8.1994022713688
11.7903167961745
8.22139868499701
5.48559473998804
8.4688583383144
8.95002988643156
8.72731619844591
7.71823072325164
14.7543335325762
16.4480573819486
10.7097429766886
10.7069934249851
11.4823670053796
12.3099820681411
8.53759713090257
19.5852958756724
9.09575612671847
10.7069934249851
16.1208607292289
9.7913927077107
12.7141661685595
5.42510460251046
7.03084279736999
7.07483562462642
7.02259414225941
11.8810520023909
13.3273161984459
9.69240884638374
7.29205020920502
5.99701135684399
6.59366407650926
9.01326957561267
12.9148834429169
10.2863120143455
4.50400478182905
5.79904363419008
8.60083682008368
8.15540944411237
6.63765690376569
7.08033472803347
9.53018529587567
6.64315600717274
11.474118350269
10.5915122534369
7.58075313807531
6.48643156007173
8.70806933652122
6.73664076509265
9.05176329946204
6.54142259414226
10.0663478780634
8.22689778840406
15.197011356844
5.84578601315003
9.86838015540944
19.0546323968918
6.1427375971309
5.85128511655708
16.8852361028093
8.61183502689779
9.06001195457262
7.7237298266587
8.72181709503885
8.29838613269576
8.5403466826061
7.95744172145846
8.85379557680813
14.6883442916916
16.4673042438733
10.8747160789002
14.7818290496115
15.2080095636581
10.8087268380155
8.25714285714286
15.2382546323969
12.5189479976091
7.52301255230125
6.66790197250448
8.55684399282726
5.91452480573819
11.3833831440526
8.93628212791393
6.95385534967125
9.20573819485953
6.34620442319187
6.81362821279139
13.1733413030484
4.83670053795577
10.2560669456067
6.17573221757322
8.22139868499701
7.11882845188284
5.30962343096234
24.5234907352062
5.8320382546324
10.5035265989241
10.9874476987448
9.51643753735804
12.5161984459056
7.67973699940227
13.4592946802152
7.44052600119546
11.0534369396294
6.25821876867902
15.04578601315
4.98242677824268
9.8738792588165
8.62008368200837
9.12325164375373
9.55218170950388
11.4493723849372
5.09240884638374
10.388045427376
7.8997011356844
6.55791990436342
7.74572624028691
6.85762104004782
10.0608487746563
8.1994022713688
8.8400478182905
10.2698147041243
13.0001195457262
13.651763299462
4.78720860729229
6.32970711297071
6.21422594142259
7.94919306634788
9.89312612074118
5.65881649731022
8.08117154811715
5.29587567244471
7.28105200239091
10.3000597728631
8.62558278541542
5.532337118948
18.8044231918709
21.9526598924088
18.6971906754334
12.3759713090257
10.1763299462044
16.3215780035864
6.27746563060371
16.591034070532
11.0424387328153
9.0682606096832
39.8523610280932
8.76031081888822
15.1365212193664
8.05917513448894
9.85463239689181
6.28021518230723
10.9819485953377
7.69623430962343
10.5942618051405
10.3852958756724
13.6490137477585
19.7640167364017
5.24913329348476
7.97943813508667
9.47794381350867
14.7268380155409
7.98493723849372
5.30962343096234
8.82080095636581
11.9552898983861
6.35170352659892
7.52851165570831
11.8205618649133
8.5101016138673
31.9031679617454
12.2962343096234
8.03992827256426
7.52576210400478
10.9489539748954
8.0756724447101
12.0900179318589
10.3385534967125
5.76879856545128
10.8389719067543
34.2047220561865
5.5020920502092
10.5200239091452
5.93927077106993
13.5775254034668
8.19665271966527
9.32121936640765
19.8877465630604
10.6739988045427
14.2979079497908
7.36903765690376
11.6418410041841
8.62008368200837
5.43885236102809
10.1598326359833
10.1488344291692
6.07949790794979
8.4991034070532
7.7649731022116
8.79605499103407
9.05176329946204
10.8719665271967
8.58708906156605
6.97310221159593
7.44877465630604
8.57884040645547
8.47435744172146
5.94202032277346
13.2943215780036
6.96760310818888
7.88320382546324
5.10065750149432
4.66072922893007
8.87854154213987
6.73664076509265
6.11524208009564
15.2575014943216
10.4842797369994
10.2753138075314
12.9011356843993
12.5931858936043
5.32337118947998
8.35337716676629
4.99892408846384
6.23897190675433
6.12074118350269
15.5819485953377
8.65032875074716
8.34237895995218
7.28655110579797
6.03275552898984
8.1581589958159
5.80729228930066
6.35445307830245
10.1295875672445
4.2510460251046
7.4240286909743
9.97286312014345
9.67041243275553
7.34704124327555
10.2203227734608
8.02618051404662
1.81494321578004
5.07866108786611
6.05750149432158
9.47519426180514
11.3613867304244
10.858218768679
8.79330543933054
6.16748356246264
14.6745965331739
5.82104004781829
10.1955768081291
10.0223550508069
6.88236700537956
8.93903167961745
9.47244471010161
7.00609683203825
16.8687387925882
9.25523012552301
9.18649133293485
16.5470412432756
8.24614465032875
10.0223550508069
10.5750149432158
8.61183502689779
11.8453078302451
9.25797967722654
11.067184698147
7.36078900179319
6.0602510460251
6.07949790794979
6.67340107591154
9.16449491930663
7.52576210400478
9.70615660490137
9.71165570830843
6.75313807531381
6.01350866706515
9.60442319187089
12.6866706515242
10.8554692169755
9.41195457262403
6.27471607890018
7.61924686192469
4.79270771069934
5.39210998206814
6.59091452480574
5.82928870292887
10.033353257621
6.01350866706515
4.83945008965929
7.41578003586372
6.33520621637776
9.52468619246862
8.60908547519426
9.03251643753736
9.03801554094441
9.00502092050209
8.16365809922295
6.01350866706515
8.39462044231919
5.51858936043036
11.58410041841
14.4078900179319
6.22247459653317
8.34237895995218
7.20956365809922
16.7505080693365
6.92086072922893
9.22498505678422
13.9212193664076
13.9679617453676
8.43036461446503
7.9821876867902
11.0204423191871
14.8258218768679
7.26455469216975
24.1138075313808
6.59366407650926
7.04459055588763
9.65116557083084
7.12157800358637
8.11416616855947
9.07375971309026
9.81063956963538
8.39462044231919
15.4774656306037
7.75947399880454
8.42486551105798
7.53676031081889
11.5208607292289
9.20023909145248
9.13699940227137
8.01243275552899
19.1481171548117
5.59832635983263
11.6115959354453
9.21123729826659
16.382068141064
12.2549910340705
6.21972504482965
12.1285116557083
10.1570830842797
12.1037656903766
8.78780633592349
11.6638374178123
7.24805738194859
11.8590555887627
12.0680215182307
7.2068141063957
6.80537955768081
10.6767483562463
7.19031679617454
6.35170352659892
10.184578601315
15.1777644949193
12.5326957561267
10.9297071129707
6.33520621637776
7.93544530783024
10.5475194261805
4.33903167961745
6.84937238493724
9.89312612074118
7.45702331141662
16.1291093843395
7.67973699940227
11.8425582785415
4.17680812910938
7.7649731022116
10.4650328750747
8.32038254632397
12.6921697549313
5.73855349671249
7.31129707112971
6.31320980274955
9.46969515839809
6.58541542139868
9.65941422594142
7.56975493126121
8.633831440526
12.5546921697549
14.215421398685
8.4991034070532
14.0476987447699
11.8068141063957
7.32504482964734
5.46909742976688
9.86288105200239
6.71189479976091
5.41135684399283
6.48918111177525
10.8362223550508
14.6690974297669
6.37644949193066
6.97585176329946
10.0580992229528
8.95552898983861
6.71189479976091
10.7179916317992
9.14524805738195
5.62032277346085
7.32504482964734
5.91452480573819
8.86204423191871
7.36903765690376
4.00633592349073
14.685594739988
5.68081291093843
8.38362223550508
9.89312612074118
22.2523610280932
11.9745367603108
5.92827256425583
10.7702331141662
10.6849970113568
6.89336521219366
8.95827854154214
9.83538553496713
9.77489539748954
4.93843395098625
9.71440526001195
92.9076509264794
11.0919306634788
8.8098027495517
4.4682606096832
7.87770472205619
11.4466228332337
16.7450089659295
6.55517035265989
9.65116557083084
9.12050209205021
7.15182307232516
9.07375971309026
9.78864315600717
7.40203227734608
5.55433353257621
11.6995815899582
5.97226539151225
8.80430364614465
10.4265391512253
10.7427375971309
7.20956365809922
7.8584578601315
13.7424985056784
6.80263000597729
11.578601315003
9.08200836820084
17.8503287507472
17.4433950986252
7.89145248057382
7.83921099820681
7.19031679617454
5.85953377166766
10.4760310818888
5.55158398087268
4.94668260609683
11.166168559474
15.2382546323969
11.8563060370592
7.59725044829647
5.98601315002989
10.0471010161387
7.6
5.21613867304244
6.73939031679617
11.4301255230126
9.76664674237896
14.8093245666467
7.40753138075314
6.10699342498506
4.32253436939629
9.79964136282128
6.63490735206216
19.9344889420203
8.94178123132098
7.60824865511058
8.73281530185296
6.18123132098027
6.26096832038255
7.06933652121937
6.54417214584578
5.77979677226539
7.90794979079498
7.96019127316198
11.4411237298267
8.82904961147639
5.8842797369994
19.2498505678422
11.578601315003
15.3372384937238
9.46419605499103
10.6739988045427
8.70257023311417
6.9181111775254
13.1485953377167
11.6280932456665
11.6775851763299
21.2542737597131
14.9385534967125
9.69240884638374
4.5095038852361
7.35528989838613
10.8719665271967
7.22881052002391
5.65606694560669
10.1598326359833
6.26921697549313
5.94202032277346
6.91261207411835
20.5888822474597
15.348236700538
6.13998804542738
9.51368798565451
12.5381948595338
10.4375373580394
18.3452480573819
9.85738194859534
12.8983861326958
11.2761506276151
12.2027495517035
7.97393903167962
10.8884638374178
9.11500298864316
10.5145248057382
31.9829647340108
10.7262402869097
5.84578601315003
8.7685594739988
13.5527794381351
7.64949193066348
9.2744769874477
8.78505678421996
7.19306634787806
6.97585176329946
8.39736999402271
7.3002988643156
8.99402271368798
6.9593544530783
6.83837417812313
10.3385534967125
13.1898386132696
14.7515839808727
14.7955768081291
9.77214584578601
7.58075313807531
6.22247459653317
5.51309025702331
9.64841601912732
7.82821279139271
10.1818290496115
8.95827854154214
8.7988045427376
7.50101613867304
8.2516437537358
5.80454273759713
8.02893006575015
8.96102809324567
11.5676031081889
12.7196652719665
8.09216975493126
11.1001793185894
7.62199641362821
6.98135086670651
7.31679617453676
8.14441123729827
13.8249850567842
11.1551703526599
7.66049013747758
5.23813508667065
11.9195457262403
7.81446503287507
8.36987447698745
7.04734010759115
9.03526598924088
12.978123132098
7.40478182904961
8.22964734010759
9.88762701733413
13.8717274357442
9.59617453676031
8.05092647937836
9.24148236700538
5.31237298266587
6.77513448894202
5.7907949790795
9.53843395098625
7.11332934847579
8.07842199641363
8.30388523610281
9.04901374775852
5.73305439330544
11.7270771069934
8.36437537358039
10.236820083682
6.41769276748356
9.50543933054393
6.54967124925284
10.1515839808727
8.03167961745368
7.07758517632995
13.8304841601913
11.991034070532
9.71440526001195
9.23873281530185
7.66873879258816
17.8833233711895
11.3256425582785
16.6460251046025
11.2074118350269
10.4210400478183
8.70257023311417
16.1071129707113
5.91177525403467
5.64231918708906
7.10508069336521
5.8320382546324
7.84745965331739
9.90412432755529
13.077106993425
8.09216975493126
12.7884040645547
8.47710699342498
11.067184698147
6.12074118350269
7.86670651524208
8.93628212791393
15.4114763897191
6.51392707710699
6.91536162582188
10.289061566049
5.06216377764495
7.81996413628213
4.97142857142857
8.25989240884638
8.44961147638972
9.07650926479378
6.95110579796772
8.01518230723252
7.45152420800956
7.82546323968918
9.70615660490137
12.868141063957
4.2098027495517
9.24698147041243
7.79796772265391
9.70340705319785
7.10233114166169
4.30328750747161
7.69623430962343
11.4768679019725
14.0312014345487
10.9214584578601
7.38828451882845
6.21147638971907
9.60992229527794
8.31213389121339
8.05092647937836
24.7297071129707
8.64208009563658
6.6486551105798
8.5925881649731
7.61374775851763
11.1386730424387
8.8922893006575
11.8370591751345
11.1249252839211
7.13807531380753
8.44411237298267
7.96294082486551
8.93078302450687
7.78421996413628
5.90902570233114
6.91261207411835
7.57250448296473
11.9140466228332
5.2848774656306
4.66897788404065
7.08033472803347
12.0405260011955
6.85487148834429
10.4595337716677
6.53042438732815
18.9858936043036
4.9851763299462
7.19306634787806
17.9025702331142
5.82378959952182
10.5007770472206
7.44877465630604
9.57142857142857
5.64231918708906
10.0306037059175
11.0534369396294
9.10675433353257
5.71105797967723
8.36712492528392
4.68272564255828
9.31022115959354
7.65499103407053
7.53126120741184
9.20573819485953
8.30113568439928
6.46168559473999
14.9138075313808
7.62199641362821
5.90902570233114
10.0471010161387
7.74847579199044
10.4787806335923
9.83813508667065
11.3008965929468
8.99127316198446
4.02558278541542
15.766168559474
7.33879258816497
9.30747160789002
9.71990436341901
7.01159593544531
12.7114166168559
8.57884040645547
9.39820681410639
8.16090854751942
12.6811715481172
11.3861326957561
14.163179916318
16.8494919306635
12.9808726838016
6.5771667662881
7.84196054991034
8.26539151225344
5.64781829049611
15.1255230125523
6.43419007770472
10.4512851165571
17.107949790795
11.9470412432756
7.94919306634788
8.55409444112373
8.48260609683204
9.06551105797968
15.6644351464435
4.63598326359833
11.7380753138075
8.61458457860132
4.39677226539151
10.4100418410042
11.4136282127914
10.1735803945009
8.84279736999402
13.1925881649731
9.97561267184698
8.08392109982068
13.5032875074716
6.23897190675433
12.15325762104
8.29838613269576
6.40394500896593
6.41769276748356
7.21506276150628
12.8268977884041
6.73939031679617
7.35528989838613
6.62665869695158
14.2484160191273
13.3190675433353
14.4958756724447
8.74106395696354
14.9165570830843
7.58075313807531
8.98577405857741
9.54668260609683
7.37728631201434
7.55325762104005
11.5758517632995
9.45869695158398
7.16832038254632
16.9319784817693
8.34512851165571
16.8247459653317
9.0270173341303
10.3550508069337
10.8857142857143
8.00143454871488
7.57250448296473
5.86778242677824
14.5151225343694
15.7991631799163
8.85654512851166
5.19414225941422
10.9077106993425
7.70998206814106
6.19497907949791
6.94285714285714
13.7589958158996
8.90053795576808
11.0396891811118
6.63215780035864
5.74680215182307
9.5439330543933
9.31846981470412
7.63024506873879
10.2863120143455
8.36162582187687
6.60191273161984
