0.052480573819486
0.052480573819486
0.134967124925284
0.187208607292289
0.119844590555888
0.123968918111178
0.0689778840406455
0.101972504482965
0.0964734010759115
0.052480573819486
0.000239091452480579
0.052480573819486
0.034608487746563
0.000239091452480579
0.14596533173939
0.0469814704124328
0.127405857740586
0.00848774656306037
0.28344291691572
0.0655409444112373
0.0435445307830245
0.0744769874476989
0.195457262402869
0.0662283323371192
0.0552301255230126
0.220203227734608
0.143215780035864
0.728870292887029
0.0799760908547519
0.0799760908547519
0.097848176927675
0.099222952779438
0.0167364016736402
0.0469814704124328
0.0882247459653317
0.0552301255230126
0.156963538553497
0.143215780035864
0.101972504482965
0.0964734010759117
0.486909742976688
0.316437537358039
0.106096832038255
0.0772265391512253
0.104722056186491
0.144590555887627
0.657381948595338
0.115720263000598
0.000239091452480579
0.00848774656306037
0.0607292289300658
0.29994022713688
0.229826658696951
0.144590555887627
0.129468021518231
0.0497310221159594
0.0552301255230126
0.253197848176928
0.107471607890018
0.0359832635983264
0.0799760908547519
0.0579796772265391
0.0882247459653317
0.066228332337119
0.104722056186491
0.0882247459653317
0.0359832635983264
0.190645546921697
0.02498505678422
0.0442319187089062
0.038732815301853
0.0139868499701136
0.0772265391512253
0.0772265391512253
0.136341900777047
0.319187089061566
0.148714883442917
0.200956365809922
0.415421398684997
0.317812313209803
0.0744769874476987
0.0937238493723848
0.0827256425582785
0.140466228332337
0.244949193066348
0.02498505678422
0.231201434548715
0.0634787806335923
0.0744769874476987
0.0414823670053796
0.104722056186491
0.107471607890018
0.178959952181709
0.052480573819486
0.190645546921697
0.0304841601912732
0.14596533173939
0.0139868499701136
0.275194261805141
0.27106993424985
0.0607292289300657
0.107471607890018
0.147340107591154
0.00848774656306037
0.143215780035864
0.0813508667065151
0.151464435146444
0.108846383741781
0.0634787806335923
0.129468021518231
0.0167364016736402
0.0909742976688584
0.0882247459653317
0.123968918111178
0.038732815301853
0.0126120741183503
0.200956365809922
0.066228332337119
0.228451882845188
0.172086072922893
0.0607292289300658
0.0139868499701136
0.225702331141662
0.211954572624029
0.0139868499701136
0.184459055588763
0.00573819485953378
0.137716676628811
0.0703526598924089
0.211954572624029
0.176210400478183
0.225702331141662
0.0139868499701136
0.203705917513449
0.0909742976688581
0.104722056186491
0.184459055588763
0.159713090257023
0.0346084877465631
0.125343693962941
0.0552301255230126
0.202331141661685
0.011237298266587
0.0689778840406455
0.184459055588763
0.0634787806335923
0.211954572624029
0.107471607890018
0.222952779438135
0.151464435146444
0.0689778840406455
0.16246264196055
0.159713090257024
0.126718469814704
0.0634787806335923
0.181709503885236
0.129468021518231
0.0167364016736402
0.346682606096832
0.250448296473401
0.112970711297071
0.0304841601912732
0.15421398684997
0.610639569635385
0.0724148236700537
0.0772265391512253
0.385176329946204
0.103347280334728
0.0332337118947998
0.0882247459653317
0.132217573221757
0.0139868499701136
0.118469814704124
0.011237298266587
0.233950986252241
0.0222355050806934
0.038732815301853
0.104722056186491
0.0346084877465631
0.119844590555888
0.0579796772265392
0.371428571428571
0.330185295875672
0.0139868499701136
0.0304841601912732
0.0607292289300657
0.0194859533771668
0.0772265391512253
0.129468021518231
0.123968918111178
0.517154811715481
0.066228332337119
0.167961745367603
0.0841004184100416
0.0676031081888823
0.475911536162582
0.000239091452480579
0.180334728033473
0.0359832635983264
0.0222355050806934
0.172773460848775
0.0689778840406455
0.0194859533771668
0.0937238493723849
0.0717274357441721
0.0964734010759115
0.052480573819486
0.0772265391512253
0.118469814704124
0.0950986252241481
0.02498505678422
0.141153616258219
0.00298864315600717
0.0469814704124328
0.052480573819486
0.0909742976688584
0.244949193066348
0.176210400478183
0.459414225941423
0.0964734010759115
0.0854751942618051
0.198206814106396
0.0469814704124328
0.902092050209205
0.115720263000598
2.33460848774656
0.144590555887627
0.00573819485953378
0.118469814704124
0.266945606694561
0.0222355050806934
0.0552301255230126
0.0359832635983264
0.0414823670053796
0.349432157800359
0.0194859533771668
0.121219366407651
0.273819485953377
0.382426778242678
0.173460848774656
0.294441123729827
0.0854751942618051
0.473161984459056
0.0689778840406455
0.0359832635983264
0.387925881649731
0.16246264196055
0.189958158995816
0.0937238493723847
0.198206814106396
0.0414823670053796
0.178959952181709
0.0359832635983264
0.02498505678422
0.00573819485953378
0.101972504482965
0.200956365809922
0.17071129707113
0.0744769874476987
0.0566049013747759
0.052480573819486
0.106096832038255
0.297190675433353
0.188583383144052
0.0978481769276752
0.0634787806335923
0.0634787806335923
0.0923490735206219
0.118469814704124
0.00298864315600717
0.211954572624029
0.176210400478183
0.0359832635983264
0.0579796772265391
0.101972504482965
0.00573819485953378
0.0689778840406455
0.140466228332337
1.45475194261805
0.02498505678422
0.0799760908547519
0.206455469216976
0.0717274357441721
0.00298864315600717
0.0717274357441721
0.0277346084877466
1.21004184100418
0.0139868499701136
0.0717274357441721
0.0689778840406455
0.0222355050806934
0.066228332337119
0.131530185295875
0.0799760908547519
0.169336521219366
0.123968918111178
0.123968918111178
0.339808726838015
0.0332337118947998
0.0627913927077108
0.236700537955768
0.126718469814704
0.052480573819486
0.066228332337119
0.187208607292289
0.00848774656306037
0.011237298266587
0.089599521817095
0.250448296473401
0.0717274357441721
0.0909742976688584
0.103347280334728
0.0277346084877466
0.0923490735206218
2.27136879856545
0.000239091452480579
0.115720263000598
0.0524805738194859
0.506156604901375
0.0607292289300658
0.0222355050806934
0.0469814704124328
0.121219366407651
0.0803197848176929
0.00848774656306037
0.682127913927077
0.250448296473401
0.103347280334728
0.187208607292289
0.0689778840406455
0.0937238493723849
0.0882247459653316
0.184459055588763
0.0799760908547519
0.0414823670053795
0.0442319187089062
0.115720263000598
0.0194859533771668
0.0607292289300657
0.313687985654513
0.0304841601912732
0.02498505678422
0.0765391512253436
0.0373580394500898
0.110221159593545
0.052480573819486
0.117438732815302
0.140466228332337
0.0799760908547519
0.134967124925284
0.0222355050806934
0.0689778840406455
0.0744769874476987
0.0167364016736402
0.0792887029288702
0.14596533173939
0.189958158995816
0.0559175134488942
0.0414823670053796
0.108846383741781
0.228451882845188
0.0772265391512253
0.225702331141662
0.382426778242678
0.222952779438135
0.0414823670053796
0.198206814106396
0.109533771667663
0.289973102211596
0.0607292289300657
0.104722056186491
0.0614166168559474
0.011237298266587
0.0964734010759115
0.217453676031082
0.02498505678422
0.194082486551106
0.0854751942618051
0.129468021518231
0.0469814704124328
0.129468021518231
0.0937238493723849
0.0497310221159594
0.112970711297071
0.346682606096832
0.321936640765093
0.206455469216976
0.112970711297071
0.0304841601912732
0.28344291691572
0.115720263000598
0.0689778840406455
0.0717274357441722
0.0332337118947998
0.231201434548715
0.0277346084877466
0.052480573819486
0.0686341900777047
0.17071129707113
0.052480573819486
0.151464435146444
0.066228332337119
0.0765391512253435
0.110221159593545
0.151464435146444
0.084100418410042
0.0992229527794381
0.0909742976688584
0.192707710699342
0.404423191870891
0.151464435146444
0.117782426778243
0.15421398684997
0.167961745367603
0.115720263000598
0.115720263000598
0.0634787806335923
0.0772265391512253
0.0332337118947998
0.279318589360431
0.100597728631201
0.0799760908547519
0.227077106993425
0.0497310221159594
0.156963538553497
0.104722056186491
0.118469814704124
0.211954572624029
0.228451882845188
0.0304841601912732
0.115720263000598
0.101972504482965
0.0634787806335923
0.0579796772265391
0.00848774656306037
0.0304841601912732
0.368679019725045
0.203705917513449
0.15421398684997
0.0222355050806934
0.176210400478183
0.266945606694561
0.258009563658099
0.244949193066348
0.132217573221757
0.343933054393305
0.129468021518231
0.101972504482965
0.0744769874476987
1.03956963538554
0.110221159593545
0.376927674835625
0.0799760908547519
0.244949193066348
0.011237298266587
0.0579796772265391
0.126031081888823
0.349432157800359
0.0963015540944414
0.149402271368798
0.0442319187089062
0.16246264196055
0.0772265391512253
0.0717274357441721
0.161087866108787
0.365242080095637
8.12516437537358
0.16246264196055
0.0442319187089062
0.198206814106396
0.0566049013747758
0.338433950986252
0.17071129707113
0.132217573221757
0.137716676628811
0.0428571428571428
0.000239091452480579
0.140466228332337
0.0689778840406455
0.915839808726838
0.228451882845188
0.132217573221757
0.183084279737
0.0772265391512253
0.15421398684997
0.0964734010759115
0.321936640765093
0.0964734010759115
0.244949193066348
0.0772265391512253
0.0854751942618051
0.011237298266587
0.0607292289300659
0.112970711297071
0.148714883442917
0.126718469814704
0.066228332337119
0.0497310221159594
1.32002390914525
0.272444710101614
0.106096832038255
0.0799760908547519
0.165212193664077
0.038732815301853
0.0607292289300657
0.0332337118947998
0.165212193664077
0.0923490735206217
0.206455469216976
0.0469814704124328
0.143215780035864
0.0645098625224149
0.128093245666467
0.173460848774656
0.0346084877465631
0.0744769874476987
0.214704124327555
0.709623430962343
0.131530185295875
0.0937238493723849
0.0689778840406455
0.132217573221757
0.0469814704124328
0.107471607890018
0.264883442916916
0.0497310221159594
0.101972504482965
0.115720263000598
0.0139868499701136
0.0428571428571429
0.148714883442917
0.239450089659295
0.0607292289300657
0.134967124925284
0.15008965929468
0.0772265391512253
0.0772265391512253
0.0950986252241482
0.118469814704124
0.218828451882845
0.115720263000598
0.118469814704124
0.00573819485953378
0.195457262402869
0.148714883442917
0.165212193664077
0.213329348475792
0.0442319187089062
0.066228332337119
0.101972504482965
0.134967124925284
0.228451882845188
0.197519426180514
0.101972504482965
0.57489539748954
0.109533771667663
0.126718469814704
0.134967124925284
0.266945606694561
0.169336521219366
0.1081589958159
0.0964734010759115
0.132217573221757
0.123968918111178
0.0937238493723849
0.02498505678422
0.255947399880454
0.121219366407651
0.277943813508667
0.0786013150029886
0.16658696951584
0.00573819485953378
0.118469814704124
0.209205020920502
0.0689778840406455
0.0669157202630006
0.558398087268383
0.011237298266587
0.126718469814704
0.0414823670053796
0.115720263000598
0.123968918111178
0.0607292289300657
0.126718469814704
0.151464435146444
0.066228332337119
0.066228332337119
0.101972504482965
0.0744769874476987
0.300627615062761
0.0689778840406455
0.228451882845188
0.209205020920502
0.233950986252241
0.0662283323371189
0.02498505678422
0.151464435146444
0.0772265391512255
0.165212193664077
0.0222355050806934
0.0414823670053795
0.0552301255230124
0.0882247459653319
0.0964734010759115
0.149402271368799
0.13771667662881
0.052480573819486
15.4664674237896
0.0236102809324567
0.335684399282726
0.0786013150029886
0.0968170950388521
0.0359832635983264
0.0304841601912731
0.134967124925284
0.0882247459653317
0.141153616258219
0.104722056186491
0.104722056186491
0.112970711297071
0.134967124925284
0.231201434548715
0.231201434548715
0.052480573819486
0.220203227734608
0.0937238493723849
0.11640765092648
0.02498505678422
0.0593544530783024
0.0187985654512852
0.0786013150029886
0.052480573819486
0.0181111775254035
0.132904961147639
0.103347280334728
0.16246264196055
0.282068141063957
0.129468021518231
0.038732815301853
0.0799760908547519
0.167961745367603
0.176210400478183
0.863598326359833
0.16246264196055
0.132217573221757
0.225702331141662
0.126718469814704
0.02498505678422
0.0689778840406455
0.310938433950986
0.00573819485953378
0.0744769874476987
0.0359832635983264
0.0992229527794381
0.236700537955768
0.275194261805141
0.230514046622833
0.41267184698147
0.112970711297071
0.28344291691572
0.0717274357441721
0.16246264196055
0.000239091452480579
0.0634787806335923
0.0607292289300657
0.184459055588763
0.368679019725045
0.134279736999402
0.0469814704124328
0.211954572624029
0.000239091452480579
0.16246264196055
0.200956365809922
0.0565189778840408
0.118469814704124
0.123968918111178
0.02498505678422
0.00573819485953378
0.200956365809922
0.0889121338912136
0.0304841601912732
0.275194261805141
0.101972504482965
0.14596533173939
0.0634787806335923
0.110221159593545
0.0414823670053796
0.00848774656306037
0.115720263000598
0.0634787806335922
0.0968170950388525
0.02498505678422
0.269695158398087
0.379677226539151
0.0414823670053796
0.0194859533771668
0.123968918111178
0.0909742976688584
0.02498505678422
0.16246264196055
0.103347280334728
0.052480573819486
0.0937238493723849
0.225702331141662
0.0304841601912732
0.139091452480574
0.000239091452480579
0.118469814704124
0.02498505678422
0.000239091452480579
0.106096832038254
0.0222355050806934
0.0724148236700538
0.108846383741782
0.0139868499701136
0.0943253138075316
0.319187089061566
0.173460848774656
0.143215780035864
0.052480573819486
0.052480573819486
0.0992229527794381
0.184974596533174
0.0988792588164971
0.156963538553497
0.261446503287507
0.0167364016736402
0.0442319187089062
0.0964734010759114
0.0744769874476987
0.184459055588763
0.187208607292289
0.0263598326359833
0.211954572624029
0.0304841601912732
0.0724148236700538
0.0882247459653317
0.101972504482965
0.217453676031082
0.156963538553497
0.115720263000598
1.15092647937836
0.132217573221757
0.330185295875672
0.151464435146443
0.115032875074716
0.222952779438135
0.0414823670053796
0.0717274357441721
0.0497310221159594
0.0511057979677227
0.198206814106396
0.110221159593545
0.121219366407651
0.0318589360430365
0.0552301255230126
0.140466228332337
0.477286312014346
0.143215780035864
0.169680215182308
0.132217573221757
0.143215780035864
0.011237298266587
0.0139868499701136
0.14596533173939
0.486909742976688
0.0517931858936043
0.0194859533771668
0.155245068738793
0.0799760908547519
0.225702331141662
0.192707710699342
0.181881350866707
0.187208607292289
0.156963538553497
0.0827256425582785
0.451165570830843
0.0607292289300657
0.00298864315600717
0.0414823670053796
0.152495517035266
0.0964734010759115
0.118469814704124
0.253885236102809
0.011237298266587
0.0291093843395099
0.0827256425582785
0.206455469216976
0.0717274357441721
0.0497310221159594
0.0744769874476987
0.211267184698147
0.0950986252241482
0.202331141661686
0.265570830842797
0.0813508667065153
0.02498505678422
0.0717274357441721
0.0854751942618054
0.181709503885236
0.132217573221757
0.0153616258218769
0.640884638374178
0.148714883442917
0.134967124925284
0.137029288702929
0.0607292289300657
0.052480573819486
0.0607292289300657
0.038732815301853
0.200956365809922
0.101628810520024
0.0827256425582785
0.184459055588763
0.173804542737597
0.0971607890017932
0.115720263000598
0.144590555887627
0.161087866108787
0.103347280334728
0.0772265391512253
0.0882247459653317
0.112970711297071
0.066228332337119
0.115720263000598
0.0476688583383144
0.123968918111178
0.16246264196055
0.0442319187089062
0.0442319187089062
0.0937238493723849
0.0414823670053796
0.0861625821876869
0.28344291691572
0.198206814106396
0.0277346084877466
0.321936640765093
0.0882247459653317
0.00848774656306037
0.151464435146444
0.192707710699342
0.176210400478183
0.08753735803945
0.0999103407053199
0.154901374775852
0.181709503885236
0.0854751942618051
0.143215780035864
0.111595935445308
0.00573819485953378
0.0359832635983264
0.101972504482965
0.0634787806335923
0.118469814704125
0.118469814704124
0.134967124925284
0.0607292289300657
0.163837417812314
0.126718469814704
0.137716676628811
0.203705917513449
0.0414823670053796
0.115720263000598
0.0744769874476987
0.0194859533771668
0.250448296473401
0.00573819485953378
0.0469814704124328
0.231201434548715
0.00573819485953378
0.0689778840406455
0.011237298266587
0.0222355050806934
0.105065750149432
0.0634787806335923
0.0194859533771668
0.0194859533771668
0.0682904961147636
0.0882247459653318
0.0744769874476987
0.946084877465631
0.0552301255230126
0.187208607292289
0.159713090257023
0.0772265391512253
0.176210400478183
0.200956365809922
0.0332337118947997
0.14562163777645
0.0689778840406455
0.126718469814704
0.0497310221159594
0.0414823670053796
0.00573819485953378
0.0332337118947998
0.0634787806335923
0.0813508667065153
0.121219366407651
0.309563658099224
0.134967124925284
0.0222355050806934
0.052480573819486
0.0586670651524209
0.00298864315600717
0.0332337118947998
0.0359832635983264
0.140466228332337
0.121219366407651
0.0854751942618051
3.98708906156605
0.0682904961147638
0.233950986252241
0.0541990436341901
0.148714883442917
0.14596533173939
0.0854751942618052
0.0304841601912732
0.121219366407651
0.0483562462641961
0.0552301255230126
0.173460848774656
0.0579796772265391
0.130155409444112
1.45200239091452
0.415421398684997
0.137716676628811
0.169680215182307
0.052480573819486
0.02498505678422
0.112970711297071
0.0882247459653317
0.451165570830843
0.0359832635983264
0.129468021518231
0.0717274357441722
0.0332337118947998
0.0194859533771668
0.0827256425582785
0.207830245068739
0.110221159593545
0.000239091452480579
0.225702331141662
0.0992229527794383
0.217281829049612
0.253197848176928
0.066228332337119
0.0607292289300657
0.396174536760311
0.00298864315600717
0.118469814704124
0.244949193066348
2.50783024506874
0.0401075911536163
0.172086072922893
0.115720263000598
0.0442319187089062
0.28344291691572
0.156963538553497
0.0854751942618051
0.233950986252241
0.253541542139868
0.0222355050806934
0.734369396294082
0.0414823670053796
0.354931261207412
0.0648535564853559
0.174835624626419
0.239450089659295
0.156276150627615
0.132217573221757
0.151464435146444
0.181709503885236
0.266945606694561
0.178100717274358
0.16246264196055
0.0222355050806934
0.00573819485953378
0.066228332337119
0.0909742976688584
0.052480573819486
0.00298864315600717
0.00298864315600717
0.371428571428571
0.156963538553497
0.042513448894202
0.0634787806335923
0.140466228332337
0.00711297071129707
0.16246264196055
0.0799760908547519
0.206455469216976
0.0538553496712492
0.844351464435147
0.123453377166766
0.16246264196055
0.011237298266587
0.0607292289300658
0.02498505678422
0.00573819485953378
0.0882247459653317
0.239450089659295
0.269695158398087
0.0167364016736402
0.140466228332337
0.00573819485953378
0.0222355050806934
0.0222355050806934
0.113486252241482
0.126718469814704
0.0827256425582785
0.341183502689779
0.204994769874477
0.276569037656903
0.0772265391512253
0.02498505678422
0.0882247459653316
0.137716676628811
0.0621040047818291
0.242199641362821
0.011237298266587
0.462163777644949
0.0720711297071133
0.112970711297071
0.156963538553497
0.121906754333533
0.0332337118947998
0.140466228332337
0.101972504482965
0.000239091452480579
0.525403466826061
0.0937238493723849
0.0607292289300657
0.121219366407651
0.153526598924088
0.110908547519426
0.176210400478183
0.0744769874476987
0.192707710699342
1.26090854751943
0.0827256425582787
0.134967124925284
0.176210400478183
0.0827256425582785
1.15230125523013
0.118469814704124
0.176210400478183
0.0772265391512252
0.14596533173939
0.0937238493723849
0.294441123729827
1.49874476987448
0.156963538553497
0.0456066945606695
0.363179916317992
0.126718469814704
0.0469814704124328
0.075851763299462
0.110221159593545
0.0964734010759115
0.0799760908547519
0.140466228332337
0.310938433950986
0.0579796772265391
0.0552301255230126
0.000239091452480579
0.13771667662881
0.159713090257023
0.167961745367603
0.132217573221757
0.103347280334728
0.0937238493723849
0.0480125523012553
0.459414225941423
0.038732815301853
0.101972504482965
0.0841004184100418
0.0511057979677227
0.110221159593545
0.0359832635983264
0.269695158398087
0.330185295875672
0.225702331141662
0.115720263000598
0.0359832635983264
0.137029288702929
0.0304841601912732
0.011237298266587
0.0469814704124328
0.118469814704124
0.132217573221757
0.146309025702332
2.59581589958159
0.147340107591154
0.0277346084877466
0.0194859533771668
0.184459055588763
0.125343693962941
0.000239091452480579
0.0964734010759115
0.0579796772265391
0.0744769874476987
0.0414823670053796
0.181881350866707
0.000239091452480579
0.0744769874476987
0.189958158995816
0.195457262402869
0.495158398087268
0.140466228332337
0.104722056186491
0.0139868499701136
0.0332337118947998
0.0717274357441721
0.0799760908547519
0.0689778840406455
0.220203227734608
0.0332337118947998
7.62474596533174
0.132217573221757
0.0277346084877466
0.137716676628811
0.0545427375971308
0.0332337118947998
0.0469814704124328
0.0696652719665273
0.0579796772265391
0.0607292289300657
0.0930364614465035
0.535026897788404
0.222952779438135
0.0414823670053796
0.165212193664077
0.0772265391512253
0.0579796772265391
0.14596533173939
0.119844590555887
0.156963538553497
0.0772265391512253
0.27931858936043
0.15421398684997
0.286192468619247
0.0792887029288705
0.0359832635983263
0.0964734010759115
0.0456066945606695
0.508906156604901
0.365929468021518
0.0194859533771668
0.0689778840406455
0.0992229527794381
0.0992229527794381
0.0414823670053796
0.591392707710702
0.143215780035864
0.808607292289301
0.0957860131500299
0.0579796772265391
0.14596533173939
0.134967124925284
0.107471607890018
0.0992229527794381
0.173460848774656
0.0772265391512253
0.101972504482965
0.0854751942618051
0.456664674237896
0.038732815301853
0.0827256425582785
0.112970711297071
0.112970711297071
0.206455469216976
0.159713090257024
0.297190675433353
0.0304841601912732
0.0744769874476987
0.104722056186491
0.830603705917513
0.0607292289300657
0.0772265391512253
0.187208607292289
0.0744769874476987
0.176897788404064
0.00298864315600717
0.00298864315600717
0.0744769874476987
0.0277346084877466
0.233950986252241
0.211954572624029
0.0442319187089062
0.127019202032277
0.0717274357441721
0.614763897190675
0.200268977884041
0.140466228332337
0.0992229527794381
0.0167364016736402
0.0895995218170951
0.0684623430962344
0.187208607292289
0.467662881052002
0.10403466826061
0.0552301255230126
0.767364016736402
0.552898983861327
0.132217573221757
0.141153616258218
0.140466228332337
0.132904961147639
0.0964734010759115
0.052480573819486
0.066228332337119
0.0634787806335923
0.186521219366408
0.148714883442917
0.143215780035864
0.0497310221159594
0.011237298266587
0.0799760908547519
0.255947399880454
0.100597728631202
0.530902570233114
0.0717274357441721
0.343933054393305
0.0772265391512253
0.0236102809324567
0.00848774656306037
0.115720263000598
0.269695158398087
0.114345487148834
0.305439330543933
0.126718469814704
0.132217573221757
0.125
0.0442319187089062
0.02498505678422
0.148714883442917
0.15421398684997
0.101972504482965
0.150777047220562
0.110221159593545
0.288942020322773
0.102659892408846
0.0964734010759115
0.011237298266587
0.0390765092647938
0.203705917513449
0.214704124327555
0.101972504482965
0.198206814106396
0.0566049013747759
0.0469814704124328
0.189958158995816
0.264196054991034
0.165212193664077
0.0992229527794381
0.0717274357441722
0.14596533173939
0.0827256425582785
0.066228332337119
0.115720263000598
0.0359832635983264
0.143215780035864
0.0442319187089062
0.2916915720263
0.0456066945606694
0.200956365809922
0.0167364016736402
0.0222355050806934
0.066228332337119
0.0359832635983264
0.0964734010759115
0.000239091452480579
0.101972504482965
0.112970711297071
0.0827256425582785
0.0607292289300657
0.0689778840406455
0.297190675433353
0.0717274357441721
0.165212193664076
0.368679019725045
0.143215780035864
0.0772265391512253
0.195457262402869
0.0442319187089062
0.120531978481769
0.011237298266587
0.41267184698147
0.0634787806335923
0.236700537955768
0.181709503885236
0.00298864315600717
0.187208607292289
0.0304841601912732
0.239450089659295
0.136341900777047
0.0332337118947998
0.231201434548715
0.152839210998207
0.181709503885236
0.233950986252241
0.178959952181709
0.202331141661686
0.0414823670053796
0.00298864315600717
0.101972504482965
0.187208607292289
0.0772265391512253
0.0662283323371191
0.00298864315600717
0.0167364016736402
0.0359832635983264
0.0854751942618051
0.203705917513449
0.22501494321578
0.052480573819486
0.0325463239689181
0.236700537955768
0.052480573819486
0.228451882845188
0.0359832635983264
0.0167364016736402
0.264196054991034
0.0359832635983264
0.0511057979677226
0.0768828451882842
0.0359832635983264
0.0139868499701136
0.14596533173939
0.0909742976688584
0.537776449491932
0.101972504482965
0.0552301255230126
0.152839210998207
0.143215780035864
0.0799760908547519
0.110221159593545
0.500657501494322
0.15008965929468
0.0414823670053796
0.118469814704124
0.0291093843395099
0.0909742976688584
0.187208607292289
0.413015540944411
0.154901374775852
0.239450089659295
0.0167364016736402
0.0689778840406457
0.0332337118947998
0.119844590555888
0.189958158995816
0.244949193066348
0.272444710101614
0.0579796772265392
0.0304841601912732
0.0854751942618051
0.0827256425582785
0.0827256425582785
0.231201434548715
0.0964734010759115
7.97668858338314
0.137716676628811
0.495158398087268
0.0469814704124328
0.129468021518231
0.123968918111178
0.00848774656306037
0.074219216975493
0.00298864315600717
0.038732815301853
0.066228332337119
0.0827256425582785
0.0744769874476987
0.100597728631202
0.123968918111178
0.0854751942618051
0.0167364016736402
0.313687985654513
0.0139868499701136
0.0676031081888824
0.44566646742379
0.0677749551703528
0.038732815301853
0.533652121936641
1.11105797967723
0.0854751942618051
0.214704124327555
0.0992229527794381
0.0992229527794381
0.203705917513449
0.0827256425582785
0.137716676628811
0.17071129707113
0.110221159593545
0.121219366407651
0.140466228332337
0.02498505678422
0.0744769874476987
0.0497310221159594
0.195457262402869
0.151464435146444
0.137716676628811
0.102316198445906
0.324686192468619
0.0442319187089062
0.011237298266587
0.104722056186491
3.84548714883443
0.052480573819486
0.132217573221757
3.08798565451285
0.121219366407651
0.011237298266587
0.231201434548715
0.118469814704125
0.0414823670053796
0.181709503885236
0.0600418410041841
0.110221159593545
0.101972504482965
0.16246264196055
0.181709503885236
0.0139868499701136
0.0827256425582788
0.112970711297071
0.0579796772265391
0.118469814704124
0.167961745367603
0.503407053197848
0.0236102809324567
0.0359832635983264
1.86718469814704
0.131487223550508
0.198206814106396
0.0579796772265391
0.0689778840406455
0.0497310221159594
0.0737895995218174
0.148714883442917
0.206455469216976
0.134967124925284
0.0139868499701136
0.00848774656306037
0.0222355050806934
0.115720263000598
0.139091452480574
0.0799760908547519
0.148714883442917
1.0258218768679
0.118469814704124
0.152839210998207
0.085131500298864
0.173460848774656
0.275194261805141
0.0607292289300657
0.123968918111178
0.0916616855947401
0.0167364016736402
0.393424985056784
0.129468021518231
0.0882247459653317
0.104722056186491
0.0717274357441721
0.0359832635983264
0.0854751942618051
0.231201434548715
0.112970711297071
0.0524805738194858
0.0964734010759115
0.0744769874476987
0.0758517632994622
0.0859907352062165
0.0937238493723849
0.00573819485953378
0.0909742976688584
0.134967124925284
0.184459055588763
0.173460848774656
0.14596533173939
0.00848774656306037
0.148714883442917
1.78469814704124
0.142184698147041
0.132217573221757
0.159713090257023
0.101972504482965
0.272444710101614
0.115720263000598
0.0304841601912731
0.123968918111178
0.231201434548715
0.0964734010759115
0.555820382546327
0.104722056186491
0.13324865511058
0.02498505678422
0.0139868499701136
0.253197848176928
0.0634787806335923
0.123968918111178
0.14596533173939
0.0194859533771668
0.0359832635983264
0.272444710101614
0.0806634787806337
0.172086072922893
0.0792887029288704
0.156963538553497
0.0194859533771668
0.118469814704124
0.0813508667065154
0.038732815301853
0.112970711297071
0.0799760908547519
0.0469814704124328
0.0607292289300657
0.00298864315600717
0.121219366407651
0.0854751942618051
0.13359234907352
0.17071129707113
0.292378959952181
0.137716676628811
0.407172743574417
0.178959952181709
0.794859533771668
0.0442319187089062
0.0827256425582785
0.184459055588763
0.148714883442917
0.129468021518231
0.159713090257023
0.118469814704124
0.42916915720263
0.14596533173939
0.124312612074118
0.225702331141662
0.0854751942618051
0.0672594142259414
0.0717274357441721
0.169680215182307
0.0442319187089062
0.107471607890018
0.0854751942618051
0.187208607292289
0.0743481022115959
0.0909742976688584
0.206455469216976
0.0909742976688584
0.0139868499701136
3.83311416616856
0.00298864315600717
0.0607292289300657
0.0744769874476987
0.122594142259415
0.196832038254632
0.110221159593545
0.181709503885236
0.184459055588763
0.011237298266587
0.148714883442917
0.0497310221159594
0.181709503885236
0.140466228332337
0.156963538553497
0.148714883442917
0.316437537358039
0.00298864315600717
0.181709503885236
0.0827256425582785
0.242543335325762
0.217453676031082
0.0167364016736402
0.440167364016736
0.442916915720263
0.126718469814704
0.0909742976688584
0.0497310221159594
0.115720263000598
0.159713090257024
0.195457262402869
0.111595935445308
0.30818888224746
0.176210400478183
0.101972504482965
0.117782426778243
0.0634787806335923
0.0332337118947998
0.731619844590556
0.011237298266587
0.038732815301853
0.0717274357441721
0.17071129707113
0.253197848176928
0.165212193664077
0.239450089659295
0.0703526598924089
0.16246264196055
0.0359832635983264
0.038732815301853
0.14596533173939
0.239450089659295
0.066228332337119
0.0139868499701136
0.0566049013747758
0.00848774656306037
0.123968918111178
0.251135684399283
0.129468021518231
0.00848774656306037
0.324686192468619
0.231201434548715
0.0846159593544529
0.0469814704124328
0.143215780035864
0.156963538553497
0.0552301255230126
0.885594739988045
0.0689778840406455
0.255947399880454
0.15008965929468
2.80478182904961
0.280693365212194
0.0882247459653317
0.871846981470413
0.214704124327555
0.328810520023909
0.038732815301853
0.0139868499701136
0.0772265391512253
0.156963538553497
0.0497310221159594
0.389300657501494
0.187208607292289
0.192707710699342
0.151464435146444
0.0277346084877466
0.697250448296474
0.0208607292289301
19.1343693962941
0.184459055588763
0.228451882845188
0.163837417812313
0.112970711297071
0.209205020920502
0.0772265391512253
0.0167364016736402
0.0882247459653317
0.129468021518231
0.101972504482965
0.0992229527794381
0.0992229527794381
0.110221159593545
0.0944112372982666
0.436043036461447
0.02498505678422
0.0607292289300657
0.02498505678422
0.000239091452480579
0.121219366407651
0.489659294680215
0.225702331141662
0.115720263000598
0.110221159593545
0.207830245068739
0.066228332337119
0.137716676628811
0.0878810520023909
0.247698744769874
0.244949193066348
0.16246264196055
0.0854751942618051
0.0579796772265391
0.0937238493723849
0.148714883442917
0.00298864315600717
0.233950986252241
0.0964734010759115
0.0332337118947998
0.0950986252241484
0.0222355050806934
0.0744769874476987
0.0751643753735805
0.0937238493723851
0.151464435146444
0.319187089061566
0.0882247459653319
0.253197848176928
0.126718469814704
0.29994022713688
0.217453676031082
0.173460848774656
0.0414823670053796
0.258696951583981
0.151464435146444
0.011237298266587
0.16246264196055
0.187208607292289
0.0937238493723849
0.165212193664077
0.167961745367603
0.0621040047818291
0.0304841601912732
1.18529587567244
0.0909742976688585
0.517154811715481
0.0827256425582785
0.143215780035864
0.118641661685595
0.0854751942618051
0.265570830842797
0.0222355050806934
0.000239091452480579
0.228451882845188
0.0359832635983264
0.273819485953377
0.0854751942618051
0.14596533173939
0.195457262402869
0.244949193066348
0.266945606694561
0.129468021518231
0.525403466826061
0.143215780035863
0.137716676628811
0.00298864315600717
0.189614465032875
0.066228332337119
0.16246264196055
1.26228332337119
0.097848176927675
0.176210400478183
0.0359832635983264
0.134967124925284
0.0964734010759115
0.233950986252241
0.118469814704124
0.140466228332337
0.0717274357441721
0.15421398684997
0.198206814106396
0.206455469216976
0.173460848774656
0.0882247459653317
0.011237298266587
0.101972504482965
0.0607292289300657
0.500657501494322
0.126718469814704
0.0222355050806934
0.14596533173939
0.0277346084877466
0.0909742976688585
0.148714883442917
0.0909742976688584
0.0332337118947998
0.0992229527794381
0.14596533173939
0.0414823670053795
0.653257621040046
0.165212193664077
0.200956365809922
0.209205020920502
0.0469814704124328
0.286192468619247
0.0744769874476987
0.0442319187089062
0.217453676031082
0.0744769874476987
0.121219366407651
0.929587567244471
0.173460848774656
0.140466228332337
0.0469814704124328
0.896592946802152
0.155245068738793
0.066228332337119
0.038732815301853
0.107471607890018
0.451165570830843
0.0634787806335923
0.0208607292289301
0.0222355050806934
0.173460848774656
0.167961745367603
0.104722056186491
0.129468021518231
0.0332337118947998
0.0566049013747758
0.132217573221758
0.0442319187089062
0.0538553496712492
0.00573819485953378
0.165212193664077
0.0167364016736402
0.0359832635983264
0.0978481769276749
0.101972504482965
0.13771667662881
0.134967124925284
0.0621040047818292
0.0497310221159594
0.385176329946204
0.0772265391512253
0.15421398684997
0.011237298266587
0.0277346084877466
0.200956365809922
0.200956365809922
0.121219366407651
0.0854751942618051
0.100597728631201
0.0689778840406455
0.102659892408847
0.137716676628811
0.14596533173939
0.0607292289300657
0.199581589958159
0.118469814704124
0.101972504482965
0.165212193664077
0.052480573819486
0.126718469814704
0.0992229527794381
0.143215780035864
0.0964734010759115
0.0634787806335923
0.228623729826659
0.038732815301853
0.0352958756724447
0.250448296473401
0.0689778840406455
0.0827256425582785
0.16246264196055
0.277943813508667
0.0167364016736402
0.00298864315600717
0.0772265391512253
0.137716676628811
0.184459055588763
0.184459055588763
0.0689778840406454
0.255947399880454
0.112970711297071
0.118469814704124
0.0923490735206217
0.0139868499701136
0.0799760908547518
0.0717274357441721
0.0497310221159594
0.104722056186491
0.121906754333533
0.132217573221757
0.0531679617453676
0.126718469814704
0.134967124925284
0.16658696951584
0.0634787806335923
0.0167364016736402
0.101972504482965
0.0222355050806934
0.189958158995816
0.052480573819486
0.0964734010759115
0.143215780035864
0.0964734010759115
0.253197848176928
0.0827256425582785
0.233950986252241
0.17071129707113
0.0689778840406455
0.0442319187089062
0.991452480573818
0.181709503885236
0.16246264196055
0.123968918111178
0.195457262402869
0.000239091452480579
0.052480573819486
0.011237298266587
0.00298864315600717
0.1418410041841
0.00298864315600717
0.101972504482965
0.288942020322773
0.0414823670053796
0.0768828451882847
0.0442319187089062
0.14596533173939
0.100597728631201
0.0194859533771668
0.15421398684997
0.0854751942618051
0.338433950986252
0.0868499701135686
0.110221159593545
0.137716676628811
0.0744769874476987
0.0717274357441721
0.011237298266587
0.104722056186491
0.0304841601912732
0.0222355050806934
0.231201434548715
0.176210400478183
0.214704124327555
0.0607292289300657
0.0401075911536162
0.0277346084877466
0.0167364016736402
0.038732815301853
0.102659892408847
0.0414823670053796
0.0985355648535567
0.0552301255230126
0.16246264196055
0.209205020920502
0.0786013150029885
0.123968918111178
0.0483562462641961
0.0964734010759115
0.0827256425582785
0.225702331141662
0.143215780035864
0.187208607292289
0.0744769874476987
0.0469814704124328
0.0332337118947998
0.0799760908547519
0.14596533173939
0.0442319187089062
0.17071129707113
0.0414823670053796
0.163321876867902
0.0634787806335924
0.011237298266587
0.00298864315600717
0.126718469814704
0.0552301255230126
0.0882247459653317
0.0414823670053795
0.0167364016736402
0.118469814704124
0.434668260609683
0.236700537955768
0.02498505678422
0.0139868499701136
0.011237298266587
0.277943813508667
0.134967124925284
0.0992229527794381
0.255947399880454
0.119844590555888
0.165899581589958
0.101972504482965
0.0827256425582785
0.0882247459653317
0.066228332337119
1.02857142857143
1.33377166766288
0.0854751942618051
0.346682606096832
0.209205020920502
0.038732815301853
0.00848774656306037
0.00298864315600717
0.108846383741782
0.0882247459653317
0.011237298266587
0.0895995218170951
0.132217573221757
0.0277346084877466
0.203705917513449
0.0827256425582785
0.0359832635983264
0.0717274357441721
0.0222355050806934
0.151464435146444
0.0827256425582785
0.0772265391512253
0.0964734010759115
0.214704124327555
0.233950986252241
0.158080543933054
0.0414823670053796
0.121219366407651
0.104722056186491
0.0964734010759115
0.0139868499701136
0.130842797369994
0.206455469216976
0.14596533173939
0.0552301255230126
0.0538553496712493
0.02498505678422
0.0167364016736402
0.107471607890018
0.0741332934847579
0.159713090257023
0.231201434548715
0.000239091452480579
0.0524805738194861
0.126718469814704
0.965331739390317
0.121219366407651
0.011237298266587
0.368679019725045
0.0194859533771668
0.129468021518231
0.0579796772265391
0.192707710699342
0.255947399880454
0.169336521219366
0.106096832038255
0.0882247459653317
0.0607292289300658
0.0469814704124328
0.184459055588763
0.0882247459653317
0.588643156007173
0.104722056186492
0.209205020920502
0.178959952181709
0.129468021518231
0.772863120143455
0.066228332337119
0.00573819485953378
0.0744769874476987
0.0799760908547519
0.227077106993425
0.0194859533771668
0.011237298266587
0.0222355050806934
0.189958158995816
0.115720263000598
0.140466228332337
0.253197848176928
0.101628810520024
0.134967124925284
0.0882247459653317
0.15421398684997
0.211954572624029
0.000239091452480579
0.0373580394500896
0.0332337118947998
0.0686341900777049
0.074133293484758
0.0277346084877466
0.0538553496712493
0.382426778242678
0.484160191273162
0.220203227734608
0.0854751942618051
0.0359832635983264
0.0937238493723849
0.02498505678422
0.0304841601912732
0.0167364016736402
0.0937238493723849
0.0332337118947998
0.529527794381351
0.159369396294083
0.0277346084877466
0.0827256425582785
0.126718469814704
0.272444710101614
0.0827256425582785
0.280693365212194
0.142184698147041
0.09578601315003
0.0744769874476987
0.0607292289300657
0.104722056186491
0.0772265391512253
0.0799760908547519
0.14596533173939
0.869097429766886
0.277943813508667
0.382426778242678
0.0992229527794381
0.0442319187089062
0.0442319187089062
0.0717274357441721
0.0442319187089062
0.0332337118947998
0.0964734010759115
0.0607292289300657
0.172086072922893
0.0689778840406455
0.398924088463837
0.115720263000598
0.277943813508667
0.011237298266587
0.110221159593545
0.038732815301853
0.0167364016736402
0.123968918111178
0.244949193066348
0.148714883442917
0.976329946204423
0.0772265391512253
0.115720263000598
0.211954572624029
0.0717274357441721
0.500657501494322
0.0854751942618051
0.0634787806335923
0.066228332337119
0.199581589958159
0.14596533173939
0.0579796772265391
0.052480573819486
0.02498505678422
0.143215780035864
0.0414823670053796
0.0744769874476987
0.0139868499701136
0.522653915122534
0.178959952181709
0.0909742976688584
0.129468021518231
0.181709503885236
0.0579796772265391
0.0139868499701136
0.129468021518231
0.00573819485953378
0.178959952181709
0.0346084877465631
0.324686192468619
0.0332337118947998
0.134967124925284
0.181709503885236
0.629886431560072
0.187208607292289
0.199581589958159
0.0882247459653317
0.0717274357441721
0.132217573221757
0.052480573819486
0.052480573819486
0.0664001793185892
0.0304841601912732
0.348057381948595
0.132217573221757
0.83335325762104
0.173460848774656
0.17071129707113
0.0442319187089062
0.0167364016736402
0.159713090257023
0.15421398684997
0.118469814704124
0.0442319187089062
0.541900777047221
0.163837417812313
0.106784219964136
0.112111476389719
0.294441123729827
0.0964734010759115
0.0889121338912136
0.0937238493723848
0.0332337118947998
0.327435744172146
0.0992229527794381
0.052480573819486
0.131702032277346
0.107471607890018
0.118469814704124
0.143215780035864
0.0579796772265391
0.011237298266587
0.00573819485953378
0.0882247459653317
0.110221159593545
0.0332337118947998
0.0827256425582785
0.0277346084877466
0.0442319187089062
0.0662283323371191
0.00298864315600717
0.00848774656306037
0.0744769874476987
0.305439330543933
0.165212193664077
0.0937238493723849
0.134967124925284
0.0950986252241481
0.209205020920502
0.038732815301853
0.143215780035864
0.393424985056784
0.0978481769276751
0.116278765690376
0.192707710699342
0.0277346084877466
0.0634787806335923
0.0964734010759115
0.0634787806335923
0.0469814704124328
0.0277346084877466
0.088224745965332
0.118469814704124
0.132217573221757
0.514405260011955
0.321936640765093
0.104722056186491
0.378302450687388
0.0304841601912732
0.209205020920502
0.104722056186491
0.0332337118947998
0.462163777644949
0.0621040047818291
0.151464435146444
0.00848774656306039
0.0964734010759115
0.112970711297071
0.048356246264196
0.151464435146444
0.16246264196055
0.0799760908547519
0.137716676628811
0.0194859533771668
0.118469814704124
0.354931261207412
1.76545128511656
0.052480573819486
0.0167364016736402
0.189958158995816
0.115720263000598
0.112970711297071
0.0731022115959356
0.0442319187089062
0.192707710699342
0.0607292289300657
0.14596533173939
0.02498505678422
0.0359832635983264
0.066228332337119
0.277943813508667
0.121219366407651
0.000239091452480579
0.0332337118947998
0.0332337118947998
0.16658696951584
0.145965331739391
0.280693365212194
0.0414823670053796
0.269695158398087
0.121219366407651
0.15421398684997
0.0731022115959356
0.0545427375971309
0.203705917513449
0.128780633592349
0.00573819485953378
0.486909742976688
0.0717274357441721
0.163837417812313
0.0304841601912732
0.0882247459653317
0.266945606694561
0.15421398684997
0.115720263000598
0.335684399282726
0.178959952181709
0.0552301255230126
0.184459055588763
0.0552301255230126
0.0978481769276753
0.0744769874476987
0.0414823670053796
0.148714883442917
0.0332337118947998
0.264196054991034
0.0607292289300657
0.123968918111178
0.000239091452480579
0.14596533173939
0.0139868499701136
0.646383741781231
0.181709503885236
0.00848774656306037
0.28344291691572
0.0607292289300657
0.126718469814704
0.0772265391512253
0.101972504482965
0.0676031081888824
0.0552301255230125
0.0964734010759115
0.011237298266587
0.0222355050806934
0.0923490735206217
0.0139868499701136
0.123968918111178
0.052480573819486
3.32169754931261
0.379677226539151
0.110221159593545
0.0634787806335923
0.251823072325164
0.500657501494322
0.066228332337119
0.0686341900777048
0.108846383741781
0.0669157202630005
0.187208607292289
0.478661087866109
0.0497310221159593
0.0401075911536163
0.140466228332337
0.0744769874476987
0.0359832635983264
0.151808129109385
0.123968918111178
0.0792887029288704
0.0621040047818291
0.130155409444112
0.115720263000598
0.121219366407651
0.250448296473401
0.115720263000598
0.0937238493723849
0.0497310221159594
0.0909742976688584
1.12205618649133
0.239450089659295
0.134967124925284
0.011237298266587
0.137716676628811
0.0689778840406455
0.2916915720263
0.187208607292289
0.0772265391512253
0.140466228332337
0.319187089061566
0.0607292289300657
0.217453676031082
0.16246264196055
0.0607292289300657
0.00573819485953378
0.220203227734608
0.0992229527794381
0.187208607292289
0.137716676628811
0.321936640765093
0.140466228332337
0.214704124327555
0.00848774656306037
0.286192468619247
0.00298864315600717
0.0497310221159594
0.052480573819486
0.0456066945606695
0.214704124327555
0.0194859533771668
0.129468021518231
0.514405260011955
0.242199641362821
0.147340107591153
0.14596533173939
0.052480573819486
1.39151225343694
0.0332337118947998
0.42916915720263
0.200956365809922
0.0277346084877466
0.011237298266587
0.693126120741183
0.0332337118947998
0.112970711297071
0.066228332337119
0.0854751942618051
0.038732815301853
0.132217573221757
0.233950986252241
0.0854751942618051
0.0937238493723849
0.0359832635983264
0.0744769874476987
0.121219366407651
0.206455469216976
1.30490137477585
0.048356246264196
0.000239091452480579
0.159713090257023
0.0786013150029886
0.0964734010759113
0.000239091452480579
0.0999103407053198
0.239450089659295
0.228451882845188
0.159713090257023
0.255947399880454
0.159713090257023
0.313687985654513
0.277943813508667
0.143215780035864
0.137716676628811
0.0768828451882845
0.100941422594142
0.0442319187089062
0.107471607890018
0.134967124925284
0.104722056186491
0.250448296473401
0.0469814704124328
0.247698744769874
0.0566049013747758
0.0277346084877466
0.178959952181709
0.100597728631202
0.0744769874476987
0.0194859533771668
0.0459503885236103
0.110221159593545
0.0717274357441721
0.123968918111178
0.233950986252241
0.14596533173939
1.01207411835027
0.14596533173939
0.02498505678422
0.0909742976688584
0.0717274357441721
0.0566049013747758
0.151464435146444
0.0167364016736402
0.264196054991034
0.0841004184100418
0.0277346084877466
0.277943813508667
0.536401673640167
0.0579796772265391
0.185146443514644
0.232576210400478
0.211954572624029
0.112970711297071
0.154557680812911
0.0854751942618051
1.99916317991632
0.294441123729827
0.0937238493723849
0.0222355050806934
0.0827256425582785
0.0799760908547519
0.0332337118947998
0.111595935445308
0.0827256425582785
0.139091452480574
0.0373580394500896
0.0414823670053796
0.258696951583981
0.0906306037059173
0.0992229527794381
0.735400478182904
0.00848774656306037
0.200956365809922
0.121219366407651
0.0909742976688584
0.191332934847579
0.132217573221757
0.0401075911536162
0.115720263000598
0.0414823670053796
0.0459503885236104
0.200956365809922
0.0383891213389121
0.00298864315600717
0.0772265391512253
0.104722056186491
0.119844590555888
0.134967124925284
0.134967124925284
0.132217573221757
0.0717274357441721
0.110221159593545
0.0304841601912732
0.518529587567245
0.258696951583981
0.255947399880455
0.0332337118947998
0.0359832635983264
0.0579796772265391
0.129468021518231
0.00848774656306037
0.0566049013747758
0.167961745367603
0.0359832635983264
0.110221159593545
0.168133592349073
0.95433353257621
0.0414823670053796
0.177585176329946
0.194082486551106
0.00298864315600717
0.00848774656306037
0.173460848774656
0.239450089659295
0.0787731619844591
0.522653915122537
0.121906754333533
0.0772265391512253
0.0634787806335925
0.0194859533771668
0.159713090257023
0.0772265391512253
0.194082486551106
0.101972504482965
0.349432157800359
0.270382546323969
0.0854751942618051
0.0194859533771668
0.167961745367603
0.101972504482965
0.151464435146444
0.143215780035864
0.0937238493723849
0.0359832635983264
0.214704124327555
0.148714883442917
0.448416019127316
0.0579796772265391
0.0992229527794381
0.163923341303049
0.118469814704124
0.052480573819486
0.109190077704722
0.0304841601912732
0.0277346084877466
0.0937238493723849
0.00573819485953378
0.0689778840406455
0.233950986252241
0.0304841601912732
0.011237298266587
0.126718469814704
0.109877465630603
0.206455469216976
0.0579796772265391
0.275194261805141
0.0497310221159594
0.115720263000598
0.0167364016736402
0.409922295277944
0.0469814704124328
0.0304841601912732
0.0621040047818291
0.0744769874476987
0.0332337118947998
0.203705917513449
0.121219366407651
0.137716676628811
0.0222355050806934
0.0579796772265391
0.119844590555888
0.0552301255230126
0.609264793783621
0.110221159593545
0.215391512253438
0.000239091452480579
0.0139868499701136
0.0827256425582785
0.0304841601912732
0.107471607890018
0.0194859533771668
0.00848774656306037
0.225702331141662
0.200956365809922
0.148714883442917
0.305439330543933
0.148714883442917
0.398924088463837
0.126718469814704
0.192707710699342
0.206455469216976
0.214360430364615
0.717872086072923
0.129468021518231
0.0895995218170951
0.0689778840406458
0.038732815301853
0.0194859533771668
0.143215780035864
0.629886431560072
0.0937238493723849
0.240824865511058
0.0469814704124328
0.165212193664077
0.200956365809922
0.121219366407651
4.02283323371189
0.0689778840406455
0.0909742976688584
0.0882247459653317
0.0744769874476989
0.247698744769874
0.187208607292289
0.143215780035863
0.233950986252241
0.173460848774656
0.244949193066348
0.596891811117752
0.000239091452480579
0.0909742976688584
0.0167364016736402
3.88535564853556
0.216078900179318
0.02498505678422
0.442916915720263
0.239450089659295
0.0992229527794381
0.0799760908547519
0.0304841601912732
0.11228332337119
0.673879258816497
0.02498505678422
0.0799760908547518
0.0194859533771668
0.165212193664077
4.24554692169755
0.101972504482965
0.112970711297071
0.0579796772265391
0.0552301255230126
0.0497310221159594
0.0304841601912732
0.123797071129707
0.0964734010759115
0.181709503885236
0.198206814106396
0.0167364016736402
0.101972504482965
0.0964734010759115
0.0909742976688584
0.0968170950388527
0.151464435146444
0.506156604901375
0.662881052002391
0.0552301255230126
0.294269276748356
0.874596533173939
0.0469814704124328
0.0552301255230126
0.628511655708309
0.0359832635983264
0.02498505678422
0.148714883442917
0.0167364016736402
0.15008965929468
0.02498505678422
0.0414823670053796
0.0964734010759115
0.129468021518231
0.0304841601912732
0.00848774656306037
0.265398983861327
0.0651972504482966
0.206455469216976
0.0731022115959353
0.0359832635983264
2.05690376569038
0.0937238493723849
0.123968918111178
0.211954572624029
0.0964734010759115
0.178959952181709
0.0882247459653317
0.115720263000598
0.0194859533771668
0.0194859533771668
0.0964734010759115
0.0359832635983264
0.15421398684997
0.280693365212194
0.16246264196055
0.242199641362821
0.0806634787806337
0.178959952181709
0.0992229527794381
0.0442319187089062
0.02498505678422
0.122594142259415
0.239450089659295
0.319187089061566
0.0882247459653317
0.118469814704124
0.0744769874476989
0.253197848176928
0.00298864315600717
0.14596533173939
0.321936640765093
0.209205020920502
0.239450089659295
0.104722056186491
1.33927077106993
0.0634787806335923
0.112970711297071
0.206455469216976
0.0277346084877466
0.261446503287507
0.115032875074716
0.0304841601912732
0.0689778840406455
0.038732815301853
0.0854751942618051
0.0854751942618051
0.052480573819486
0.101972504482965
0.503407053197848
0.0469814704124328
0.305439330543933
0.0937238493723849
0.0194859533771668
0.038732815301853
0.0676031081888823
0.123968918111177
0.00298864315600717
0.143903167961745
0.165212193664077
0.0964734010759115
0.011237298266587
0.140466228332337
0.0442319187089062
0.200956365809922
0.0401075911536164
0.217453676031082
0.0854751942618051
0.0139868499701136
0.0799760908547519
0.123968918111178
0.140466228332337
0.0332337118947998
0.123968918111178
0.134967124925284
0.239450089659295
0.243574417214585
0.0414823670053796
0.0469814704124328
0.254572624028691
0.189958158995816
0.121219366407651
0.011237298266587
0.0304841601912732
0.272444710101614
0.038732815301853
0.0937238493723849
0.431918708906157
0.0462940824865511
0.0139868499701136
0.0442319187089062
0.0648535564853557
0.926838015540944
0.104722056186491
0.275194261805141
0.0332337118947998
0.140466228332337
0.0442319187089062
0.313687985654513
0.038732815301853
0.0139868499701136
0.101972504482965
0.0992229527794381
0.148714883442917
0.140466228332337
0.235325762104005
0.042943066347878
0.222952779438135
0.00298864315600717
0.011237298266587
0.0442319187089062
0.126718469814704
0.034608487746563
0.0717274357441721
0.121219366407651
0.107471607890018
0.112970711297072
0.02498505678422
0.0736177525403467
0.209205020920502
0.112970711297071
0.0497310221159594
0.184459055588763
0.217453676031082
0.0167364016736402
0.0167364016736402
0.0827256425582785
0.101972504482965
0.111595935445308
0.187208607292289
0.181709503885236
0.0497310221159594
0.0772265391512253
0.0607292289300657
0.0497310221159594
0.368679019725045
0.195457262402869
0.0469814704124328
0.0854751942618051
0.0985355648535567
0.0772265391512253
0.0725007471607889
0.181709503885236
0.156963538553497
0.0222355050806934
0.0744769874476987
0.0442319187089062
0.0215481171548117
0.0634787806335923
0.0731022115959355
0.0552301255230126
0.0923490735206217
0.0332337118947998
0.14596533173939
0.104722056186491
0.28344291691572
0.0744769874476989
0.0139868499701136
0.00848774656306037
0.0194859533771668
0.107471607890018
0.0277346084877466
0.0689778840406455
0.163150029886432
0.0552301255230126
0.539151225343694
0.159713090257023
0.0992229527794381
0.156963538553497
0.151464435146444
0.104722056186491
0.313687985654513
0.123968918111178
0.00848774656306037
0.272444710101614
0.112970711297072
0.198206814106396
0.189958158995816
0.0318589360430365
0.0139868499701136
0.0772265391512253
0.0414823670053796
0.15421398684997
0.0552301255230126
0.131530185295876
0.142356545128512
0.143215780035864
0.140466228332337
0.148714883442917
0.16246264196055
0.052480573819486
0.0882247459653317
5.52133891213389
0.0222355050806934
0.184459055588763
0.517154811715481
0.0167364016736402
0.0868499701135685
0.0634787806335924
0.0538553496712492
0.0469814704124328
0.209205020920502
0.167961745367603
0.0277346084877466
0.02498505678422
0.107471607890018
0.207916168559474
0.0937238493723849
0.0277346084877466
0.0772265391512253
0.0992229527794382
0.066228332337119
0.0689778840406455
0.214704124327555
0.110221159593545
0.0799760908547519
0.0854751942618051
0.0909742976688584
0.0442319187089062
0.0772265391512253
0.261446503287507
0.107471607890018
0.698625224148237
0.0689778840406455
0.02498505678422
0.122937836222355
0.143215780035864
0.0772265391512253
0.206455469216976
0.0359832635983264
0.0469814704124328
0.115032875074716
0.0689778840406455
0.00986252241482368
0.176554094441124
0.0304841601912732
0.0634787806335923
0.0497310221159594
0.0772265391512253
0.0827256425582785
0.00573819485953378
0.02498505678422
0.107471607890018
0.0786013150029886
0.118469814704124
0.264196054991034
0.112970711297071
0.247698744769874
0.0827256425582785
0.165212193664077
0.159713090257023
0.0758517632994619
0.110221159593545
0.0414823670053796
0.187208607292289
0.0497310221159594
0.541900777047221
0.0799760908547519
0.206455469216976
0.302689778840406
0.0634787806335923
0.052480573819486
0.0277346084877466
0.148714883442917
0.222952779438135
0.173460848774656
0.156963538553497
0.107471607890018
0.132904961147639
0.0304841601912732
0.104722056186491
0.0428571428571428
0.140466228332337
0.0909742976688584
0.0517931858936043
0.140466228332337
0.198206814106396
0.048356246264196
0.343933054393305
0.0277346084877466
0.02498505678422
0.0882247459653317
0.0634787806335923
0.261446503287507
0.00298864315600717
0.066228332337119
0.0717274357441721
6.14823670053795
0.0799760908547519
0.0497310221159594
0.324686192468619
0.0414823670053796
0.0854751942618051
0.123968918111178
0.0909742976688586
0.0992229527794384
0.187208607292289
0.167961745367603
0.159713090257023
0.0799760908547519
0.310938433950986
0.137716676628811
0.149445233114167
0.242199641362821
0.0827256425582785
0.17071129707113
0.191332934847579
0.118469814704124
0.110221159593545
0.0497310221159594
0.052480573819486
0.0992229527794381
0.210579796772266
0.110221159593545
0.0332337118947998
0.294441123729827
0.15421398684997
0.143215780035864
0.217453676031082
0.0895995218170949
0.156963538553497
0.15421398684997
0.134967124925284
0.0194859533771668
0.00298864315600717
0.0992229527794381
0.0937238493723849
0.121219366407651
0.165212193664077
0.118469814704124
0.0222355050806934
0.174491930663479
0.176210400478183
0.178959952181709
0.154213986849971
0.203705917513449
0.0552301255230126
0.250448296473401
0.104722056186491
0.0277346084877466
0.176210400478183
0.112970711297071
0.0359832635983264
0.297190675433353
0.264196054991034
0.192020322773461
0.0139868499701136
0.167961745367603
0.209205020920502
0.0524805738194858
0.159283472803347
0.0909742976688584
0.129468021518231
0.000239091452480579
0.0689778840406455
0.118469814704124
0.151464435146444
0.198206814106396
0.0882247459653317
0.011237298266587
0.139091452480573
0.13359234907352
0.0277346084877466
0.0469814704124328
0.30818888224746
0.140466228332337
0.0481843992827255
0.0414823670053796
0.129468021518231
0.000239091452480579
0.0456066945606695
0.0772265391512255
0.0277346084877466
0.0401075911536162
0.0648535564853557
0.0167364016736402
0.011237298266587
0.114345487148835
0.0304841601912732
0.200956365809922
0.052480573819486
0.169336521219366
0.14596533173939
0.066228332337119
0.250448296473401
0.011237298266587
0.0304841601912732
0.0538553496712492
0.0937238493723849
0.138060370591751
0.143215780035864
0.346682606096832
0.0923490735206219
0.118469814704124
0.126718469814704
0.110221159593545
0.00298864315600717
0.184459055588763
0.0545427375971309
0.0634787806335923
0.0689778840406455
0.565271966527196
0.0689778840406455
0.141153616258218
0.00848774656306037
0.128093245666468
0.561147638971907
0.141153616258219
0.14596533173939
0.129468021518231
0.139091452480574
0.228451882845188
0.038732815301853
0.0139868499701136
0.011237298266587
0.225702331141661
0.0359832635983264
0.00848774656306037
0.0497310221159594
0.306814106395696
0.0277346084877466
0.112970711297071
0.0765391512253435
0.143215780035864
0.134967124925284
0.167961745367603
0.577644949193065
0.121219366407651
0.121219366407651
0.192707710699342
0.17895995218171
0.0139868499701136
0.0772265391512253
0.0277346084877466
0.0772265391512253
0.121219366407651
0.0607292289300658
0.228451882845188
0.205080693365213
0.132217573221757
0.129468021518231
0.210579796772266
0.0552301255230126
0.0786013150029886
0.0964734010759115
0.376927674835625
0.110221159593545
0.02498505678422
0.440167364016736
1.06431560071727
0.217453676031082
0.110221159593545
0.00298864315600717
0.08341303048416
0.110221159593545
0.184459055588763
0.0634787806335923
0.0992229527794381
0.0332337118947998
0.0167364016736402
0.187208607292289
0.0799760908547519
0.220203227734608
0.112970711297071
0.272444710101614
0.0634787806335923
0.134967124925284
0.508906156604901
0.0792887029288705
0.0827256425582785
0.0899002540346684
0.0717274357441721
0.0634787806335923
0.0208607292289301
0.159713090257023
0.0755080693365211
0.178959952181709
0.324686192468619
0.0799760908547519
0.038732815301853
0.140466228332337
0.17071129707113
0.117395771069934
0.104722056186491
0.107471607890018
0.0497310221159594
0.140466228332337
0.104722056186491
0.101972504482965
0.0997384937238495
0.0194859533771668
0.225702331141662
0.140466228332337
0.101972504482965
0.0497310221159594
0.100597728631201
0.00848774656306037
0.104722056186491
0.349432157800359
0.0552301255230126
0.0731022115959354
0.0689778840406455
0.0858188882247461
0.011237298266587
0.0346084877465631
0.258696951583981
0.0277346084877466
0.0194859533771668
0.321936640765093
0.0469814704124328
0.0964734010759115
0.118469814704124
0.233950986252241
0.0442319187089062
0.173460848774656
0.431918708906157
0.209205020920502
0.066228332337119
0.262821279139271
0.0442319187089062
0.0992229527794383
0.011237298266587
0.011237298266587
0.0717274357441723
0.123968918111178
0.0882247459653317
0.121219366407651
0.0634787806335923
0.140466228332338
0.163837417812313
0.0799760908547518
0.0304841601912732
0.0304841601912732
0.0786013150029887
0.16246264196055
0.118469814704124
0.0744769874476987
0.103347280334728
0.209205020920502
0.0937238493723849
0.066228332337119
0.173460848774656
0.202331141661686
0.253197848176928
0.264196054991034
0.02498505678422
0.0359832635983264
0.0414823670053796
0.038732815301853
0.011237298266587
0.211954572624029
0.139778840406456
0.134967124925284
1.89193066347878
0.0566049013747758
0.194769874476987
0.0194859533771668
0.0686341900777049
1.79294680215182
0.0689778840406455
0.101972504482965
0.0827256425582785
0.192707710699342
0.0634787806335923
0.0988792588164974
0.110221159593545
0.0669157202630009
0.0552301255230125
0.138404064554693
0.16246264196055
0.14596533173939
0.0194859533771668
0.302689778840406
0.200956365809922
0.052480573819486
0.0662283323371189
0.000239091452480579
0.0552301255230126
0.0469814704124328
0.0744769874476987
0.0950986252241484
0.15421398684997
0.353556485355648
0.0854751942618051
0.209205020920502
0.0634787806335923
0.0414823670053796
0.0937238493723849
0.115720263000598
0.173460848774656
0.0964734010759115
0.115720263000598
0.0689778840406455
0.178959952181709
0.104722056186491
0.066228332337119
0.261446503287507
0.519904363419008
0.0304841601912732
0.0689778840406455
0.112970711297071
0.134967124925284
0.0909742976688582
0.17071129707113
0.121219366407651
0.0552301255230126
0.038732815301853
0.0992229527794381
0.0442319187089062
0.0882247459653317
0.134967124925284
0.00573819485953378
0.0222355050806934
0.0909742976688584
0.409922295277944
0.155932456664675
0.123968918111178
0.423670053795577
0.130842797369994
0.0139868499701136
0.129468021518231
0.0552301255230126
0.0139868499701136
0.160572325164376
0.129468021518231
0.0442319187089062
0.0442319187089062
0.0937238493723849
0.0992229527794381
0.165212193664077
0.110221159593545
0.141153616258218
0.110221159593545
0.217453676031082
0.121219366407651
0.0992229527794383
0.000239091452480579
0.143215780035864
0.0304841601912732
0.112970711297071
0.120531978481769
0.136341900777047
0.167961745367603
0.0579796772265391
0.0139868499701136
0.486909742976688
0.0744769874476988
0.30818888224746
0.249073520621638
0.038732815301853
0.038732815301853
0.107471607890018
0.0653690974297668
0.0469814704124328
0.000239091452480579
0.011237298266587
0.239450089659295
13.7562462641961
0.00848774656306038
0.132217573221757
0.112326285116557
0.0497310221159594
0.0813508667065153
0.233950986252241
0.0717274357441721
0.00573819485953378
0.0222355050806934
0.176210400478183
0.052480573819486
0.266945606694561
0.192707710699342
0.00298864315600717
45.0929468021518
0.0717274357441721
0.104722056186491
0.0332337118947998
0.203705917513449
0.216078900179318
2.13664076509265
0.173460848774656
0.107471607890018
0.225702331141662
0.163321876867902
0.0167364016736402
0.143215780035864
1.21004184100418
0.349432157800359
0.0607292289300657
0.236700537955768
0.415421398684997
0.0799760908547519
0.12268006575015
0.0772265391512253
0.0882247459653317
0.118126120741184
0.0748206814106397
0.134967124925284
0.800358637178721
0.222952779438135
0.222952779438135
0.206455469216976
0.0167364016736402
0.140466228332337
0.0442319187089062
0.192707710699342
0.297190675433353
0.0167364016736402
0.0277346084877466
0.02498505678422
0.00573819485953378
0.000239091452480579
0.143215780035864
0.048356246264196
0.390675433353258
0.0827256425582785
0.0579796772265391
0.626449491930662
0.187208607292289
0.198206814106396
0.214704124327555
0.052480573819486
0.0277346084877466
0.00573819485953378
0.127749551703527
0.259384339509863
0.101972504482965
0.0277346084877466
0.0882247459653317
0.583144052600119
0.0332337118947998
1.33514644351464
0.0717274357441721
0.110221159593545
0.288942020322773
0.95020920502092
0.15421398684997
0.159713090257023
0.0167364016736402
0.0964734010759115
0.0865062761506275
0.0414823670053796
0.209205020920502
0.0879025328750747
0.0359832635983264
0.0579796772265391
0.151464435146444
0.0621040047818291
0.0194859533771668
0.00573819485953378
0.107471607890018
0.0167364016736402
0.0882247459653316
0.0442319187089062
0.220203227734608
0.0469814704124327
0.195457262402869
1.60597728631201
0.42916915720263
0.151464435146444
0.211954572624029
0.156963538553497
0.250448296473401
0.222952779438135
0.0703526598924088
0.159713090257023
0.0607292289300657
0.107471607890018
0.0813508667065153
0.156963538553497
0.0909742976688584
0.255947399880454
0.121219366407651
0.0359832635983264
0.00573819485953378
0.0820382546323968
0.187208607292289
0.0552301255230126
0.0497310221159594
0.101972504482965
0.132561267184698
0.0414823670053796
0.123968918111178
0.052480573819486
0.122594142259414
0.0799760908547519
0.222952779438135
0.0468096234309624
0.0882247459653317
0.0827256425582788
0.0139868499701136
0.286192468619247
0.15008965929468
0.0964734010759115
0.500657501494322
0.0689778840406455
0.0194859533771668
0.0799760908547519
0.011237298266587
0.119844590555888
0.184459055588763
0.0854751942618051
0.0634787806335923
0.184459055588763
0.143215780035864
0.0827256425582785
0.0799760908547522
0.0992229527794381
0.0559175134488943
0.0401075911536162
0.16246264196055
0.0799760908547519
1.04231918708906
0.178959952181709
0.106096832038255
0.198206814106396
0.0909742976688584
0.052480573819486
0.0923490735206216
0.0277346084877466
0.0469814704124328
0.0414823670053796
0.0194859533771668
0.0414823670053796
0.0937238493723849
0.217453676031082
0.0442319187089062
0.038732815301853
0.0964734010759115
0.176210400478183
0.0442319187089062
0.0964734010759115
0.0689778840406455
0.0469814704124328
0.0442319187089062
0.0813508667065153
0.0799760908547519
0.0414823670053796
0.0813508667065154
0.192707710699342
0.0882247459653317
0.176210400478183
0.038732815301853
0.140466228332337
0.011237298266587
0.0139868499701136
0.178959952181709
0.0937238493723849
0.709623430962343
0.110221159593545
0.316437537358039
0.133592349073521
0.0937238493723849
0.00298864315600717
0.387925881649731
0.0442319187089062
0.198206814106396
0.231201434548715
0.066228332337119
0.198206814106396
0.052480573819486
0.0689778840406455
0.0827256425582785
0.101972504482965
0.16246264196055
0.0882247459653316
0.052480573819486
0.0772265391512253
0.052480573819486
0.02498505678422
2.75528989838613
0.000239091452480579
0.187208607292289
0.0689778840406455
0.173460848774656
0.038732815301853
0.198206814106396
0.211954572624029
0.112970711297071
0.0634787806335923
0.708248655110578
0.156963538553497
0.000239091452480579
0.0277346084877466
0.0758517632994623
0.038732815301853
0.143215780035864
0.151464435146444
0.0731022115959353
0.0689778840406455
0.126718469814704
0.0744769874476987
0.00573819485953378
0.0937238493723849
0.165212193664077
0.184459055588763
9.67728631201435
0.0964734010759115
0.129468021518231
0.0689778840406455
0.214704124327555
0.038732815301853
0.052480573819486
0.0511057979677227
0.0772265391512253
0.132217573221757
0.0167364016736402
0.0689778840406455
0.0689778840406455
0.0222355050806934
0.0579796772265391
0.110221159593544
0.02498505678422
0.139606993424986
0.0277346084877466
0.052480573819486
0.15421398684997
0.137716676628811
0.108846383741781
0.19545726240287
0.0442319187089061
0.0277346084877466
0.126718469814704
0.0277346084877466
0.0414823670053796
0.0277346084877466
0.000239091452480579
0.14596533173939
0.462163777644949
0.0799760908547519
0.011237298266587
0.209205020920502
0.02498505678422
0.0469814704124328
0.0139868499701136
0.038732815301853
0.269695158398087
0.0992229527794381
0.0964734010759115
0.121219366407651
0.0827256425582785
0.0194859533771668
0.123968918111178
0.0937238493723849
0.126718469814704
0.0744769874476987
0.0359832635983264
0.313687985654513
0.0758517632994623
0.330185295875672
0.143215780035864
0.0950986252241482
0.172086072922893
0.0304841601912732
0.0854751942618054
0.176210400478183
0.0497310221159594
0.0401075911536162
0.165212193664077
0.346682606096832
0.0827256425582785
0.126718469814704
0.605140466228332
0.0772265391512253
0.107471607890018
0.0827256425582785
0.222952779438135
0.0689778840406455
0.0304841601912732
0.396174536760311
0.112970711297071
0.0167364016736402
0.0139868499701136
0.0689778840406455
0.224327555289898
0.151464435146444
0.00986252241482369
0.236700537955768
0.236700537955768
0.02498505678422
0.192707710699342
0.0579796772265391
0.198206814106396
0.137716676628811
0.0854751942618051
0.184459055588763
0.13771667662881
0.217453676031082
0.159713090257023
0.0923490735206216
0.0428571428571429
0.209205020920502
0.00573819485953378
0.217453676031082
0.052480573819486
0.0277346084877466
0.00573819485953378
0.121219366407651
0.148714883442917
0.0717274357441721
0.279318589360431
0.0964734010759115
0.14596533173939
0.200956365809922
0.255947399880454
0.294441123729827
0.195457262402869
0.0497310221159594
0.00573819485953378
0.165212193664077
0.346682606096832
0.129468021518231
0.627136879856545
0.0579796772265391
0.0717274357441721
0.0992229527794381
0.258696951583981
0.0992229527794381
0.107471607890018
0.0944112372982668
0.0827256425582785
0.101972504482965
0.129468021518231
0.0827256425582785
0.195457262402869
0.0717274357441722
0.0414823670053796
0.0634787806335923
0.00848774656306037
0.14596533173939
0.173460848774656
0.178959952181709
0.000239091452480579
0.0442319187089062
0.0469814704124328
0.0689778840406455
0.305439330543933
0.0442319187089062
0.151464435146444
0.0992229527794381
0.128093245666468
0.13737298266587
6.31595935445308
0.200956365809922
0.0689778840406455
0.115720263000598
0.16246264196055
0.02498505678422
0.0634787806335923
0.100597728631201
0.00573819485953378
0.220203227734608
0.143215780035864
0.161087866108787
0.583144052600119
0.14596533173939
0.0717274357441721
0.115720263000598
0.140466228332337
0.02498505678422
0.101972504482965
0.0469814704124328
0.0139868499701136
0.112970711297071
0.360430364614465
0.0841004184100417
0.0703526598924089
0.0469814704124328
0.0854751942618051
0.141841004184101
0.123968918111178
0.238075313807531
0.0579796772265392
0.0827256425582785
0.214704124327555
3.25020920502092
0.0909742976688584
0.0717274357441723
0.222952779438135
0.382426778242678
0.220203227734608
0.209205020920502
0.198206814106396
0.218184025702331
0.0139868499701136
1.44375373580394
0.0497310221159594
0.0799760908547519
0.0689778840406455
0.0992229527794381
0.14596533173939
0.0586670651524208
0.100941422594143
0.231201434548715
0.02498505678422
0.0621040047818291
0.151464435146444
0.310938433950986
0.16246264196055
0.0882247459653317
0.14596533173939
0.0236102809324567
0.0531679617453677
0.207830245068738
0.602390914524806
0.0854751942618051
0.0332337118947998
0.00573819485953378
0.0786013150029887
0.00298864315600717
0.0937238493723849
0.0854751942618051
0.15421398684997
0.343933054393306
0.129468021518231
0.0579796772265392
0.349432157800359
0.17071129707113
0.0414823670053796
0.0456066945606694
0.172086072922893
0.00298864315600717
0.0414823670053796
0.653257621040048
0.052480573819486
0.0153616258218769
0.0566049013747758
0.00986252241482368
0.176210400478183
0.0992229527794381
0.214704124327555
0.255947399880454
0.913090257023311
0.036670651524208
0.0414823670053796
0.242199641362821
0.0909742976688584
0.151464435146444
0.0167364016736402
0.195371338912134
0.0332337118947998
0.243574417214585
0.104722056186491
0.187208607292289
0.123968918111178
0.0318589360430365
0.000239091452480579
0.156963538553497
0.038732815301853
0.00298864315600717
0.2916915720263
0.159713090257023
0.0181111775254035
0.220203227734608
0.112970711297071
0.0552301255230126
0.0772265391512253
0.0882247459653317
0.0799760908547519
0.0444896891811118
0.15421398684997
0.236700537955768
0.123968918111178
0.456664674237896
0.0511057979677226
0.0955926852958757
0.0139868499701136
0.200956365809922
0.011237298266587
0.0634787806335923
0.122594142259414
0.0304841601912732
0.0139868499701136
0.121563060370592
0.101972504482965
0.269695158398087
0.224327555289898
0.157650926479379
0.216078900179318
0.0717274357441721
0.052480573819486
0.0909742976688584
0.286192468619247
0.104722056186491
0.0552301255230126
0.117095038852361
0.000239091452480579
0.221921697549313
0.116772825762104
0.000239091452480579
0.224327555289899
0.211954572624029
0.151464435146444
0.0854751942618051
0.176210400478183
0.112970711297071
0.132217573221757
0.195457262402869
0.114345487148834
0.125343693962941
0.123968918111178
0.288942020322773
0.115720263000598
0.0772265391512253
0.110221159593545
0.0634787806335923
0.0469814704124328
0.0194859533771668
0.141153616258219
0.144418708906156
0.453915122534369
0.00848774656306037
0.0744769874476987
0.173460848774656
0.123968918111178
0.156963538553497
0.142528392109982
0.0442319187089062
0.253197848176928
0.376927674835625
0.0964734010759115
0.02498505678422
0.343933054393305
0.0607292289300657
0.0717274357441721
0.110221159593545
0.0545427375971309
0.165212193664077
0.0799760908547519
0.15421398684997
0.0579796772265391
0.0552301255230126
0.0359832635983264
0.181709503885236
0.15421398684997
0.0909742976688584
0.0139868499701136
0.0909742976688584
0.115720263000598
0.0882247459653317
0.154901374775852
0.0139868499701136
0.121219366407651
0.860848774656306
0.000239091452480579
0.211954572624029
0.038732815301853
0.052480573819486
0.110221159593545
0.0208607292289301
0.0621040047818293
0.0717274357441721
0.0469814704124328
0.129468021518231
0.0277346084877466
0.16658696951584
0.110221159593545
0.115720263000598
0.0827256425582785
0.161087866108787
0.508906156604901
0.0593544530783023
0.220203227734608
0.137716676628811
0.211954572624029
0.220203227734608
0.198206814106396
0.0194859533771668
0.148714883442917
0.0222355050806934
0.115720263000598
0.354931261207412
0.110908547519426
0.0359832635983264
0.038732815301853
0.192707710699342
0.0414823670053796
0.147340107591154
0.0992229527794381
0.187208607292289
0.0469814704124328
0.0222355050806934
0.0607292289300657
0.0937238493723849
0.167961745367603
0.038732815301853
0.0291093843395099
0.0167364016736402
0.0689778840406455
0.000239091452480579
0.02498505678422
0.200956365809922
0.123968918111177
0.00573819485953378
0.223640167364016
0.534339509862522
0.279318589360431
0.316437537358039
0.192707710699342
0.262821279139271
0.0827256425582785
0.0552301255230126
0.317812313209803
0.118469814704124
0.156963538553497
0.0765391512253437
0.0414823670053796
0.294441123729827
0.225702331141661
0.00298864315600717
0.089599521817095
0.357680812910938
0.0167364016736402
0.0414823670053796
0.16246264196055
0.118469814704124
0.123968918111178
0.202331141661686
0.115720263000598
0.052480573819486
0.321936640765093
0.00573819485953378
0.0751643753735805
0.0992229527794381
0.176210400478183
0.178959952181709
2.26037059175134
0.165212193664077
0.211954572624029
0.205080693365212
0.0744769874476987
0.000239091452480579
0.00298864315600717
0.0194859533771668
0.176210400478183
0.280693365212194
0.115720263000598
0.231201434548715
0.0304841601912732
0.0414823670053796
0.0442319187089062
0.165212193664077
0.409234907352062
0.0359832635983264
0.137716676628811
0.473161984459056
0.0139868499701136
0.0322026300059773
0.0167364016736402
0.02498505678422
0.00848774656306037
0.066228332337119
0.192707710699342
0.174148236700538
0.157307232516437
0.16246264196055
0.14596533173939
0.038732815301853
0.129468021518231
0.387925881649731
0.165212193664077
0.165212193664077
0.15833831440526
0.156963538553497
0.0634787806335923
0.000239091452480579
0.011237298266587
0.148714883442917
0.0813508667065151
0.134967124925284
0.0552301255230126
0.155588762701734
0.189958158995816
0.55839808726838
0.0772265391512253
0.123968918111178
0.187208607292289
0.00298864315600717
0.0937238493723849
0.0992229527794381
0.0139868499701136
0.173460848774656
0.000239091452480579
0.110221159593545
0.220203227734608
0.0799760908547519
0.0552301255230126
0.104722056186491
0.0799760908547519
0.398924088463837
0.334309623430962
0.206455469216976
0.228451882845188
0.0854751942618051
0.137716676628811
0.107471607890018
0.115720263000598
0.0139868499701136
0.104722056186491
0.156963538553497
0.0992229527794381
0.0992229527794381
0.0717274357441721
0.186521219366407
0.0827256425582785
2.74704124327555
0.969456066945606
0.0772265391512253
0.00298864315600717
0.038732815301853
0.121219366407651
0.00573819485953378
0.115720263000598
0.159713090257023
0.011237298266587
0.0332337118947998
0.0469814704124328
0.41679617453676
0.442916915720263
0.376927674835625
0.332934847579199
0.165212193664077
0.101972504482965
0.160744172145846
0.0483562462641961
0.0277346084877466
0.126718469814704
0.0868499701135686
0.0909742976688584
0.0937238493723849
0.111595935445308
0.101972504482965
0.097504482964734
0.0139868499701136
0.187208607292289
0.290316796174536
0.0799760908547519
0.121219366407651
0.140466228332337
0.0593544530783027
0.0593544530783024
0.41267184698147
0.140466228332337
0.0469814704124328
0.144590555887627
1.86993424985057
0.0937238493723849
0.165212193664077
0.130842797369994
0.0511057979677227
0.0497310221159594
0.0593544530783024
0.111595935445308
0.396174536760311
0.0442319187089062
0.247698744769874
0.0909742976688584
0.0744769874476987
0.0992229527794381
0.517154811715481
0.0566049013747758
0.0139868499701136
0.178959952181709
0.614763897190673
0.121219366407651
0.0359832635983264
0.101972504482965
0.137716676628811
0.0689778840406455
0.135697474596534
0.02498505678422
0.192707710699342
0.200956365809922
0.0607292289300657
0.286192468619247
0.0552301255230126
0.0497310221159594
0.236700537955768
0.203705917513449
0.129468021518231
0.101972504482965
0.244949193066348
0.0428571428571429
0.137716676628811
0.02498505678422
0.02498505678422
0.125343693962941
0.211954572624029
0.02498505678422
0.0744769874476987
0.178959952181709
0.127405857740586
0.151464435146444
2.23424985056784
0.181709503885236
0.0799760908547519
0.148714883442917
0.394799760908548
0.066228332337119
0.156963538553497
0.0799760908547519
0.0304841601912732
0.134967124925284
0.165212193664077
0.0744769874476987
0.103347280334728
0.02498505678422
0.0579796772265391
0.115720263000598
0.0882247459653317
0.0222355050806934
0.0607292289300657
0.186521219366408
0.0167364016736402
0.129468021518231
0.269695158398087
0.0414823670053796
0.0676031081888823
0.0868499701135687
0.0139868499701136
0.319187089061566
0.16246264196055
0.390675433353258
0.195457262402869
0.192707710699342
0.0277346084877466
0.128093245666468
0.286192468619247
0.100597728631201
0.0414823670053796
0.332934847579199
0.00573819485953378
0.101972504482965
0.0194859533771668
0.0607292289300657
0.0552301255230126
0.15421398684997
0.0882247459653317
0.275194261805141
0.342558278541542
0.0222355050806934
0.0937238493723849
0.0703526598924087
0.0689778840406455
1.63072325164375
0.0497310221159594
0.0442319187089062
0.0827256425582785
0.101972504482965
0.0194859533771668
0.0689778840406455
0.129468021518231
0.121219366407651
0.052480573819486
0.0744769874476987
0.121219366407651
0.126718469814704
0.0442319187089062
0.107471607890018
0.14596533173939
0.00848774656306037
0.0497310221159594
0.052480573819486
0.038732815301853
0.143215780035864
0.272444710101614
0.110221159593545
0.011237298266587
0.343933054393305
0.087881052002391
0.0579796772265391
0.140466228332337
0.0909742976688586
0.0923490735206218
0.0792887029288704
0.165212193664077
1.02307232516438
0.426419605499103
0.156963538553497
0.104722056186491
1.74482964734011
0.0854751942618051
0.181709503885236
0.0359832635983264
0.17071129707113
0.0992229527794381
0.165212193664077
0.139649955170353
0.211954572624029
0.0937238493723849
0.0359832635983264
0.269695158398087
0.000239091452480579
1.01757322175732
0.100597728631201
0.0277346084877466
0.327435744172146
0.665630603705917
0.121906754333532
0.132217573221757
0.206455469216976
0.173460848774656
1.96410639569635
0.129468021518231
0.0992229527794381
0.250448296473401
0.129468021518231
0.219515839808726
0.052480573819486
0.112970711297071
0.0799760908547519
0.115720263000598
0.0882247459653317
0.151464435146444
0.101972504482965
0.066228332337119
0.239450089659295
0.194082486551106
0.3253735803945
0.0909742976688584
0.189958158995816
0.0256724447101016
0.14596533173939
0.038732815301853
0.112970711297071
0.247698744769874
0.0359832635983264
0.112970711297071
0.0579796772265391
0.151464435146444
0.104722056186491
0.0332337118947998
0.192020322773461
0.244949193066348
0.217453676031082
0.100597728631201
0.0744769874476987
0.0222355050806934
0.178959952181709
0.052480573819486
0.115720263000598
0.16246264196055
0.011237298266587
0.181709503885236
0.0181111775254035
0.0579796772265391
0.14596533173939
0.15833831440526
0.106096832038255
0.0497310221159594
0.14596533173939
0.123968918111178
0.376927674835625
0.0748206814106397
0.0442319187089062
0.00848774656306037
0.16246264196055
0.0414823670053796
0.206455469216976
0.115720263000598
0.0964734010759115
0.354243873281531
0.181709503885236
0.132217573221757
0.220203227734608
0.0194859533771668
0.0882247459653317
0.02498505678422
0.198378661087866
0.112970711297071
0.0497310221159594
0.0717274357441721
0.528153018529588
0.0552301255230125
0.066228332337119
0.0634787806335923
0.0937238493723849
0.272444710101614
0.0607292289300657
0.937836222355051
0.0676031081888823
0.0442319187089062
0.151464435146444
0.0717274357441721
0.28344291691572
0.143215780035864
0.148714883442917
0.0181111775254035
0.0854751942618051
0.203705917513449
0.242199641362821
0.151464435146444
0.104722056186491
0.143215780035864
0.128093245666468
0.0277346084877466
0.827854154213987
0.066228332337119
0.0882247459653317
0.118469814704124
0.0634787806335923
0.200956365809922
0.176210400478183
0.189958158995816
0.210579796772266
0.00573819485953378
0.143215780035864
0.0992229527794381
0.0853892707710702
0.250448296473401
0.0937238493723849
0.101972504482965
0.0882247459653317
0.0304841601912732
0.371428571428571
0.181709503885236
0.0937238493723849
0.161775254034668
0.207142857142857
0.385176329946204
0.132217573221758
0.214704124327555
0.132217573221757
0.121219366407651
0.0634787806335923
0.02498505678422
0.0359832635983264
0.137716676628811
0.0194859533771668
0.0827256425582785
0.719246861924686
0.0414823670053796
0.0645098625224149
0.173460848774656
0.0511057979677227
0.165212193664076
0.134967124925284
0.23738792588165
0.0428571428571429
0.0469814704124328
0.222952779438135
0.16246264196055
0.128093245666467
0.011237298266587
0.216078900179319
0.00298864315600717
0.0552301255230126
0.431918708906157
0.341183502689779
0.173460848774656
0.137716676628811
0.140466228332337
0.100941422594142
0.011237298266587
0.00298864315600717
0.0930364614465032
0.159713090257023
0.0799760908547519
0.0744769874476987
0.0744769874476987
0.0717274357441721
0.0139868499701136
0.159713090257023
0.132217573221757
0.00848774656306037
1.86718469814704
0.15421398684997
0.0882247459653317
0.00848774656306037
0.118469814704124
0.398924088463837
0.143215780035864
0.0964734010759115
0.217453676031082
0.0634787806335923
0.00573819485953378
0.0469814704124328
0.112970711297071
1.29115361625822
0.0304841601912732
0.0607292289300657
0.16641512253437
0.132217573221757
0.118469814704124
0.0744769874476987
0.0181111775254035
0.0414823670053796
0.0552301255230126
0.118469814704124
0.0167364016736402
0.0882247459653317
0.000239091452480579
0.0497310221159594
0.156963538553497
0.0744769874476989
0.129468021518231
0.107471607890018
0.121219366407651
0.167961745367603
0.112970711297071
0.0277346084877466
0.0359832635983264
0.0792887029288706
0.148714883442917
0.335684399282726
0.649133293484758
0.206455469216976
0.0971607890017932
0.02498505678422
1.23753735803945
0.0167364016736402
0.0937238493723849
0.101972504482965
0.0882247459653317
0.0552301255230126
0.000239091452480579
0.682127913927077
0.535026897788404
0.0442319187089062
0.253197848176928
0.0662283323371189
0.338433950986252
0.390675433353258
0.038732815301853
0.528153018529588
0.261446503287507
0.244949193066348
0.112970711297071
0.218141063956964
0.0799760908547519
0.231201434548715
0.0483562462641961
0.107471607890018
0.260071727435744
0.0414823670053796
0.0607292289300657
0.0830693365212192
0.563897190675433
0.713060370591749
0.139091452480574
0.302689778840406
0.038732815301853
0.110221159593545
0.185060520023909
0.0689778840406455
0.343933054393305
0.0442319187089062
0.653945008965931
0.492408846383742
0.00573819485953378
0.327435744172146
0.0222355050806934
0.123968918111178
0.137716676628811
0.258696951583981
0.0772265391512253
0.115720263000598
0.140466228332337
0.127405857740586
0.305439330543933
0.108846383741781
0.0854751942618051
0.0882247459653317
0.0401075911536162
0.630573819485955
0.110221159593545
0.195457262402869
0.473161984459056
0.0909742976688584
0.118469814704124
0.0992229527794381
1.05606694560669
0.392050209205021
0.0799760908547519
0.169336521219366
0.121219366407651
0.228451882845188
0.0772265391512253
0.189958158995816
0.136341900777047
0.15851016138673
0.206455469216976
0.596891811117752
0.0676031081888823
0.29994022713688
1.13305439330544
0.221578003586372
0.0469814704124328
0.137716676628811
0.107471607890018
0.096129707112971
0.192707710699343
0.198206814106396
0.0909742976688584
0.011237298266587
0.0552301255230126
0.176210400478183
0.107471607890018
0.000239091452480579
0.0497310221159594
0.107471607890018
0.156963538553497
0.123968918111178
0.178959952181709
0.066228332337119
0.244949193066348
0.128522863120143
0.112970711297071
0.159713090257023
0.335684399282726
0.052480573819486
0.189958158995816
0.31231320980275
0.187208607292289
0.129468021518231
0.0761954572624027
0.104722056186491
0.112970711297071
0.052480573819486
0.0139868499701136
0.0959578601315007
0.192707710699342
0.181709503885236
0.0731022115959354
0.126718469814704
0.610639569635385
0.118469814704124
0.034608487746563
0.0442319187089062
0.0167364016736402
0.0854751942618051
0.000239091452480579
0.387925881649731
0.156963538553497
0.2916915720263
0.156963538553497
0.17071129707113
0.066228332337119
0.159713090257023
0.176210400478183
0.0222355050806934
0.052480573819486
0.128093245666467
0.0689778840406455
0.118469814704124
0.374178123132098
0.0992229527794381
0.0593544530783023
0.6175134488942
0.0414823670053796
0.310938433950986
0.140466228332337
0.0552301255230126
0.180334728033473
0.0799760908547519
0.0937238493723849
0.118469814704124
0.349432157800359
0.167961745367603
0.052480573819486
0.120531978481769
0.0332337118947998
0.0277346084877466
0.159025702331142
0.225702331141662
0.052480573819486
0.0909742976688584
0.0318589360430364
0.0359832635983264
0.253197848176928
0.288942020322773
0.118469814704124
0.0882247459653317
2.04246861924686
0.126718469814704
0.0167364016736402
0.011237298266587
0.0194859533771668
0.16246264196055
0.0923490735206215
0.0332337118947998
0.660131500298864
0.189958158995816
0.0937238493723849
0.0854751942618051
0.0634787806335923
0.00848774656306037
0.00848774656306037
0.0387328153018529
0.0954423191870894
0.107471607890018
0.00848774656306037
0.0882247459653319
0.038732815301853
0.15421398684997
0.00573819485953378
0.0992229527794381
0.0854751942618051
0.638135086670651
0.151464435146444
0.15421398684997
0.236700537955768
0.107471607890018
0.182740585774058
0.0304841601912732
0.478661087866109
0.100597728631201
0.121219366407651
0.233950986252241
0.524028690974297
0.156963538553497
0.0167364016736402
0.108846383741781
1.47674835624626
0.198206814106396
0.272788404064555
0.217453676031082
0.159713090257023
0.132217573221757
0.0689778840406456
0.0882247459653317
0.261446503287507
0.0731022115959353
0.101972504482965
3.24196054991034
0.115720263000598
0.0139868499701136
0.011237298266587
3.23371189479976
0.0325463239689181
0.0194859533771668
0.0964734010759115
0.69587567244471
0.0900291392707714
0.247698744769874
0.156297631500299
0.141841004184101
0.236700537955768
0.0909742976688584
0.0609010759115364
0.101972504482965
0.239450089659295
0.011237298266587
0.0689778840406455
0.0497310221159594
0.0373580394500897
0.00848774656306037
0.0139868499701136
0.321936640765093
0.0566049013747758
0.103347280334728
0.0634787806335923
0.110221159593545
0.0634787806335923
0.149230424387329
0.0744769874476987
0.146652719665272
0.00848774656306037
0.0978481769276749
0.108846383741782
0.0851315002988643
0.132217573221757
0.104722056186491
0.104722056186491
0.02498505678422
0.0222355050806934
0.107299760908548
0.0579796772265391
0.0167364016736402
0.00573819485953378
0.198206814106396
0.02498505678422
0.0634787806335923
0.0827256425582785
0.497907949790795
0.15421398684997
0.038732815301853
0.0799760908547519
0.156963538553497
0.02498505678422
0.115720263000598
0.0772265391512253
0.132217573221757
0.152839210998207
0.141841004184101
0.316437537358039
0.0744769874476987
0.0882247459653318
0.264196054991034
0.0194859533771668
0.110221159593545
0.121219366407651
0.0414823670053796
0.0937238493723849
0.100597728631202
0.100597728631201
0.0139868499701136
0.161087866108787
0.0889121338912134
0.119844590555888
0.0875373580394501
0.169336521219366
0.134967124925284
0.142528392109982
0.134967124925284
0.0689778840406455
0.126718469814704
0.852600119545724
0.233950986252241
0.0442319187089062
0.0414823670053796
0.0538553496712492
0.0304841601912732
0.257322175732217
0.17071129707113
0.0882247459653317
0.0689778840406455
5.11440526001195
0.02498505678422
0.0414823670053796
0.132217573221757
0.0194859533771668
0.123968918111178
0.327435744172145
0.231201434548715
0.247698744769874
0.08753735803945
0.16246264196055
1.10555887627017
0.250448296473401
0.200956365809922
0.0332337118947998
0.0277346084877466
0.32468619246862
0.313000597728631
0.0538553496712494
0.111595935445307
0.02498505678422
0.156963538553497
0.0710400478182907
0.225702331141662
0.118469814704124
0.0332337118947998
0.100597728631202
0.184459055588763
0.124656306037059
0.0665720263000598
0.0569485953377167
0.0854751942618051
0.129468021518231
0.0277346084877466
0.0772265391512253
0.866347878063359
0.140466228332337
0.0277346084877466
0.110221159593545
0.198206814106396
0.134967124925284
0.203705917513449
0.0222355050806934
0.0332337118947998
0.0854751942618051
0.17071129707113
0.132217573221757
0.123968918111178
0.0607292289300657
0.0689778840406455
0.335684399282726
0.052480573819486
0.0607292289300657
0.104722056186491
0.0277346084877466
0.0854751942618051
0.191332934847579
0.0882247459653317
0.238075313807531
0.101972504482965
0.0222355050806934
0.0442319187089062
0.217453676031082
0.132217573221757
0.110221159593545
0.15421398684997
0.354931261207412
0.167961745367603
0.066228332337119
0.119157202630006
0.0992229527794381
0.231201434548715
1.05331739390317
0.156963538553497
0.0772265391512253
0.0944112372982668
0.000239091452480579
0.0799760908547519
0.104722056186491
0.173460848774656
0.73024506873879
0.132217573221757
0.0497310221159594
0.0469814704124328
0.0854751942618051
0.0772265391512253
0.075851763299462
0.243918111177525
0.132217573221757
0.039592050209205
0.199581589958159
0.228451882845188
0.00573819485953378
0.0799760908547519
0.15421398684997
0.0827256425582785
0.177585176329946
0.184459055588763
0.275194261805141
0.0469814704124328
0.0717274357441721
0.0222355050806934
0.0469814704124328
0.0359832635983264
0.0139868499701136
0.198206814106396
0.321936640765093
0.099222952779438
0.0139868499701136
0.118469814704124
0.0442319187089062
0.198206814106396
0.110221159593545
0.442916915720263
0.0332337118947998
0.140466228332337
0.0607292289300657
0.220203227734608
0.0277346084877466
0.0854751942618051
0.0442319187089062
0.115720263000598
0.123968918111178
0.177585176329946
0.02498505678422
0.038732815301853
0.0854751942618051
0.011237298266587
0.0799760908547519
0.238075313807532
0.126718469814704
0.132217573221757
0.151464435146444
0.153870292887029
0.02498505678422
0.112970711297071
0.321936640765093
0.151464435146444
0.176897788404064
0.140466228332337
0.115720263000598
0.173460848774656
0.14596533173939
0.084100418410042
0.0607292289300657
0.0717274357441721
0.0469814704124328
0.15421398684997
0.0607292289300657
0.0789450089659295
0.0799760908547519
0.00848774656306037
0.203705917513449
0.112970711297071
0.0332337118947998
0.02498505678422
0.011237298266587
0.16246264196055
0.0387328153018529
0.316437537358039
0.137716676628811
0.0882247459653317
0.397635236102811
0.0579796772265391
0.0799760908547519
0.0332337118947998
0.052480573819486
0.0634787806335923
0.189958158995816
0.112970711297071
0.0772265391512255
0.0964734010759115
0.0882247459653317
0.125343693962941
0.557023311416617
0.209205020920502
0.115720263000598
0.0741332934847581
0.134967124925284
0.00848774656306037
0.143559473998805
0.0552301255230126
0.121219366407651
0.225702331141662
0.217453676031082
0.211954572624029
0.00986252241482369
0.107471607890018
0.121219366407651
0.139091452480574
0.101972504482965
0.137716676628811
0.052480573819486
0.16246264196055
0.0469814704124328
0.153182904961148
0.0497310221159594
0.0909742976688584
0.693126120741183
0.084100418410042
28.7138075313808
0.0992229527794381
0.129468021518231
0.0277346084877466
0.2916915720263
0.14596533173939
0.0854751942618051
0.189958158995816
0.00848774656306037
0.106096832038254
0.0634787806335923
0.217453676031082
0.109533771667663
0.0961082262402868
0.0469814704124328
0.0992229527794379
0.052480573819486
0.198894202032277
0.17071129707113
0.0868499701135685
0.143215780035864
