7.23430962343096
9.75289898386132
10.1048416019127
10.3632994620442
7.91069934249851
8.90603705917513
14.5921099820681
12.3484757919904
14.2456664674238
8.71356843992827
10.7069934249851
10.9764494919307
9.43120143454871
7.89695158398087
6.70364614465033
25.4060968320383
10.2643156007173
14.1604303646145
32.1013150029886
9.23873281530185
9.73090257023311
11.4026300059773
7.87220561864913
18.55421398685
12.868141063957
11.3118947997609
6.20872683801554
9.55493126120741
9.80789001793186
13.1898386132696
14.3996413628213
9.44219964136282
6.44793783622235
7.54225941422594
9.14249850567842
8.68332337118948
13.6160191273162
5.1913927077107
5.37836222355051
4.43251643753736
10.393544530783
12.565690376569
7.08858338314405
10.7949790794979
6.80537955768081
7.94369396294082
8.49360430364614
4.94393305439331
6.81912731619845
11.4438732815302
7.81171548117155
8.66132695756127
5.20789001793186
5.95576808129109
7.75672444710102
9.55218170950388
11.4108786610879
10.8637178720861
9.4092050209205
7.19306634787806
6.51942618051405
19.1398684997011
8.99952181709504
6.69814704124327
5.69731022115959
7.89695158398087
13.082606096832
13.797489539749
14.4931261207412
10.6272564255828
9.67591153616258
13.0221159593545
10.8417214584579
8.7575612671847
10.2148236700538
10.9901972504483
10.1268380155409
13.134847579199
8.78780633592349
16.7230125523013
9.13974895397489
8.3753735803945
10.904961147639
8.0756724447101
26.673640167364
10.8719665271967
8.7163179916318
10.1158398087268
9.43395098625224
11.4136282127914
11.3118947997609
0.0882247459653317
8.62008368200837
7.61374775851763
2.77178720860729
8.91428571428571
13.0441123729827
7.79521817095039
6.12074118350269
7.84471010161387
10.2038254632397
10.5915122534369
6.89061566049014
12.2714883442917
7.5175134488942
9.74190077704722
13.4675433353258
13.4537955768081
7.05833831440526
8.05917513448894
17.520382546324
6.98959952181709
16.7615062761506
11.3311416616856
9.34871488344292
7.3415421398685
9.05451285116557
8.24339509862522
8.18290496114764
8.24614465032875
9.56867901972504
8.23239689181112
5.19689181111775
6.79988045427376
12.4254632396892
11.7600717274357
9.21123729826659
7.02534369396294
10.5777644949193
10.4567842199641
7.5587567244471
6.9181111775254
4.86969515839809
23.1679617453676
14.1521817095039
6.08774656306037
10.7647340107591
13.0413628212791
5.69731022115959
9.87662881052002
13.2365809922295
13.3795576808129
8.61733413030484
14.9440526001195
6.95110579796772
19.3433353257621
12.3429766885834
7.04734010759115
17.0667065152421
13.8167364016736
8.73281530185296
5.77979677226539
8.88129109384339
9.13424985056784
9.59067543335326
8.92803347280335
6.85212193664076
8.82630005977286
19.5550508069337
10.4375373580394
9.18924088463837
11.1029288702929
14.2374178123132
8.73281530185296
12.6509264793784
12.6399282725643
11.6033472803347
10.2863120143455
10.3962940824866
15.8596533173939
6.70914524805738
11.9745367603108
10.0251046025105
25.1008965929468
9.98111177525403
20.9765690376569
11.9992827256426
13.7534967124925
8.44686192468619
7.15182307232516
8.01793185893604
8.85929468021518
9.41195457262403
5.74405260011955
8.38637178720861
15.6534369396294
6.37369994022714
7.87495517035266
9.32946802151823
11.5538553496712
5.14465032875075
6.06575014943216
7.65224148236701
7.85295875672445
6.11524208009564
7.03084279736999
11.735325762104
11.5126120741183
8.05092647937836
7.60274955170353
14.7185893604304
7.4762701733413
8.38362223550508
13.4977884040646
6.47818290496115
23.4071727435744
11.1331739390317
8.80155409444112
11.067184698147
6.12898983861327
7.83921099820681
8.8098027495517
15.5764494919307
9.61817095038852
6.48918111177525
9.85463239689181
8.86754333532576
14.9797967722654
12.6261805140466
9.22773460848775
11.8783024506874
11.7078302450687
9.0270173341303
7.78971906754334
8.59533771667663
8.81530185295876
15.301494321578
10.3330543933054
13.0111177525403
7.59450089659295
9.34596533173939
13.5720263000598
8.09216975493126
7.59450089659295
11.5978481769277
11.8673042438733
15.4664674237896
7.14907352062164
13.8634787806336
18.815421398685
14.4326359832636
7.31954572624029
9.29647340107591
12.0735206216378
8.89778840406455
10.5997609085475
6.69264793783622
6.48643156007173
7.44052600119546
8.22139868499701
7.26180514046623
9.49994022713688
15.1557680812911
0.0854751942618051
9.42295277943813
7.0418410041841
13.7919904363419
13.5252839210998
11.4466228332337
11.7793185893604
11.1276748356246
10.1364614465033
7.52576210400478
10.49252839211
10.3440526001195
14.3803945008966
6.52767483562463
8.5925881649731
8.41386730424387
11.2816497310221
9.46969515839809
8.02618051404662
11.2789001793186
12.6344291691572
4.49575612671847
13.1513448894202
12.6866706515242
11.886551105798
12.3732217573222
8.39736999402271
8.56784219964136
6.99784817692767
6.85487148834429
9.90412432755529
13.6490137477585
13.0578601315003
1.65271966527197
8.23789599521817
6.21972504482965
5.11990436341901
12.5519426180514
9.09575612671847
6.8356246264196
8.81255230125523
9.6264196054991
7.57525403466826
6.84387328153019
18.4332337118948
8.40836820083682
9.47244471010161
6.99234907352062
5.66431560071727
13.7589958158996
11.5208607292289
8.68882247459653
9.38170950388523
13.9954572624029
7.05558876270173
13.3218170950389
10.2010759115362
9.05451285116557
5.3261207411835
20.7923490735206
13.489539748954
13.3630603705918
10.4347878063359
8.2818888224746
14.0257023311417
0.126718469814704
12.3732217573222
7.36078900179319
8.14991034070532
11.7903167961745
17.160191273162
10.5337716676629
7.63849372384937
8.70806933652122
8.37262402869097
10.6849970113568
11.5648535564854
6.31595935445308
6.53042438732815
12.043275552899
9.38720860729229
7.65499103407053
9.60167364016736
9.80514046622833
6.61566049013748
7.2178123132098
11.3641362821279
5.17214584578601
10.7729826658697
9.50268977884041
6.87411835026898
12.1862522414824
10.0361028093246
7.00884638374178
9.68965929468021
5.80729228930066
13.6957561267185
5.50759115361626
7.66323968918111
15.9091452480574
8.43586371787208
8.17740585774058
7.24255827854154
15.2739988045427
9.16449491930661
9.63466826060968
12.2219964136282
13.9872086072923
9.38170950388523
6.84937238493724
8.84279736999402
36.2062163777645
9.35421398684997
30.8942020322773
5.81829049611476
20.6823670053796
6.20322773460849
5.38661087866109
8.14166168559474
14.8643156007173
7.42127913927077
10.0141063956964
7.00334728033473
5.07316198445906
13.6902570233114
7.43227734608488
6.04100418410042
6.26096832038255
7.21506276150628
16.8604901374776
11.8150627615063
5.99426180514047
14.2456664674238
8.84829647340107
9.98936043036461
23.5583980872684
6.47268380155409
10.7977286312014
8.56784219964136
9.43945008965929
8.16090854751942
6.31595935445308
7.17931858936043
5.6670651524208
8.2406455469217
11.578601315003
12.9286312014345
10.0251046025105
12.1395098625224
19.9399880454274
7.74297668858338
10.5860131500299
15.6451882845188
7.87495517035266
11.7710699342498
11.1166766288105
8.64482964734011
8.43861326957561
11.7380753138075
5.60657501494321
7.67698744769874
5.96126718469815
11.3778840406455
14.2896592946802
9.77214584578601
12.7801554094441
8.05642558278541
7.44327555289898
12.5106993424985
10.8499701135684
6.93185893604304
16.4975493126121
8.13341303048416
10.0498505678422
11.1084279736999
9.39545726240287
9.21123729826659
8.4578601315003
6.37369994022714
6.91261207411835
6.1839808726838
9.52468619246862
26.9623430962343
13.6627615062762
5.44710101613867
14.9797967722654
6.76413628212791
10.5007770472206
12.4859533771668
5.33986849970113
11.0314405260012
8.99952181709504
5.92002390914525
5.72205618649133
9.68141063956963
10.9736999402271
9.65666467423789
14.8258218768679
6.70364614465033
19.64578601315
6.29396294082487
19.8162582187687
7.61649731022116
14.4133891213389
7.48451882845188
13.1430962343096
15.6479378362224
6.98959952181709
5.78529587567244
9.65391512253437
18.4799760908548
8.61183502689779
12.4309623430962
7.84471010161387
13.9899581589958
12.3594739988045
10.6959952181709
7.97943813508667
6.76963538553496
195.452181709504
12.4392109982068
9.14799760908548
15.5022115959354
7.25355648535565
8.28738792588165
7.89145248057382
7.63574417214585
7.86670651524208
7.71823072325164
13.7672444710102
9.72815301852959
9.50818888224746
10.7372384937238
11.3366407650926
17.473640167364
4.99067543335326
6.36545128511656
11.58410041841
7.86945606694561
13.0276150627615
5.78254632396892
6.25271966527197
7.30579796772265
13.280573819486
11.3558876270173
14.6608487746563
5.30962343096234
6.25546921697549
12.3347280334728
7.80346682606097
9.46694560669456
15.6286909742977
7.08583383144053
7.28105200239091
19.8355050806934
11.369635385535
10.184578601315
13.5032875074716
8.45236102809324
20.3111775254035
12.2824865511058
7.79246861924686
8.77130902570233
12.4117154811715
10.8444710101614
9.17824267782427
7.20956365809922
8.18290496114764
21.2377764494919
14.2731619844591
12.0295277943813
14.7625821876868
11.8480573819486
6.74488942020323
8.40561864913329
10.0003586371787
6.39569635385535
10.3028093245666
7.66049013747758
13.9954572624029
9.74190077704722
6.86037059175134
18.2187686790197
8.8400478182905
9.74190077704722
11.0039450089659
11.9882845188285
10.8939629408249
9.89037656903766
7.64949193066348
9.74465032875075
8.27089061566049
10.6739988045427
15.2410041841004
8.49635385534967
7.88595337716677
6.04100418410042
4.40777047220562
6.19497907949791
6.57991631799163
9.79964136282128
9.18924088463837
10.9297071129707
7.48176927674836
8.96652719665272
5.53783622235505
8.92803347280335
6.33795576808129
8.94453078302451
6.34070531978482
10.6190077704722
7.70448296473401
8.74381350866706
26.5334130304842
7.27280334728033
14.3501494321578
11.787567244471
10.132337118948
13.1760908547519
7.39103407053198
12.925881649731
6.06300059772863
10.6602510460251
8.39462044231919
9.3267184698147
8.0234309623431
15.8789001793186
12.0267782426778
12.1972504482965
8.31488344291691
7.12157800358637
10.1405857740586
10.0526001195457
15.1557680812911
4.33628212791393
12.7581589958159
12.2247459653317
7.71548117154812
8.43311416616856
10.4595337716677
9.05176329946204
5.25463239689181
9.63191870890616
7.37728631201434
16.1511057979677
9.91237298266587
6.42044231918709
13.2420800956366
6.88511655708308
13.7205020920502
10.8802151823072
6.96210400478183
17.7843395098625
9.3267184698147
10.080095636581
5.31787208607292
11.4988643156007
4.01458457860131
12.3814704124328
9.68965929468021
8.60908547519426
45.8956963538553
12.0707710699342
5.14739988045427
13.4317991631799
5.87878063359235
8.43861326957561
10.9077106993425
13.1650926479378
14.4353855349671
9.47519426180514
11.6033472803347
10.4100418410042
8.05367603108189
30.2728631201435
8.02618051404662
10.0910938433951
7.49001793185893
8.32313209802749
6.32420800956366
12.1120143454871
15.4884638374178
4.81745367603108
15.9586371787209
23.7618649133293
11.9085475194262
6.76963538553497
11.1029288702929
7.86945606694561
8.82904961147639
12.0982665869695
12.1037656903766
8.18840406455469
7.54225941422594
4.55349671249253
8.25714285714286
22.7555289898386
10.2478182904961
13.8772265391512
9.86288105200239
6.36820083682008
24.9964136282128
3.86335923490735
13.0798565451285
7.22606096832038
7.19856545128512
14.2731619844591
7.19856545128512
6.77513448894202
24.7132098027496
9.25248057381949
10.4595337716677
12.507949790795
8.00143454871488
6.77788404064555
12.2494919306635
9.82988643156007
8.05092647937836
6.8246264196055
9.8848774656306
11.4851165570831
9.93161984459056
7.30579796772265
13.855230125523
14.3034070531978
11.0561864913329
12.298983861327
5.4608487746563
8.26814106395696
5.30412432755529
8.28463837417812
10.7069934249851
8.52659892408846
8.7988045427376
9.1095038852361
12.0872683801554
19.6567842199641
14.0861924686192
9.01052002390914
11.5346084877466
12.1120143454871
9.67591153616258
8.06192468619247
8.61733413030484
9.94261805140466
9.10675433353257
9.47519426180514
8.84554692169755
5.66431560071727
8.87304243873282
15.6919306634788
5.74405260011955
11.7215780035864
11.8095636580992
7.2178123132098
16.4838015540944
8.10316796174537
10.4155409444112
12.6921697549313
8.94178123132098
13.8689778840406
7.78147041243275
11.6005977286312
7.85020920502092
12.7031679617454
5.11440526001195
9.09575612671847
9.49444112372982
9.86838015540944
9.81888822474597
6.87411835026898
9.44494919306635
17.0502092050209
10.3907949790795
7.03084279736999
13.3218170950389
8.38362223550508
8.35887627017334
12.1395098625224
18.2242677824268
7.11332934847579
11.0726838015541
9.50268977884041
8.63108188882247
26.3464435146444
18.4442319187089
7.03634190077705
6.93735803945009
7.06383741781231
7.42677824267782
7.05833831440526
16.2968320382546
14.2979079497908
11.735325762104
7.62474596533174
7.31404662283323
22.6125523012552
4.46551105797968
7.50376569037657
9.68690974297669
16.335325762104
8.89503885236103
5.32062163777645
12.3594739988045
8.82080095636581
14.47662881052
9.44494919306635
16.4508069336521
11.3476389719068
11.2294082486551
13.9569635385535
5.79904363419008
8.84554692169755
9.89037656903766
11.3448894202032
6.47543335325762
10.2395696353855
7.86945606694561
5.85678421996414
14.2264196054991
12.8461446503288
0.132217573221757
7.31679617453676
8.96102809324567
11.265152420801
9.22223550508069
13.547280334728
35.5821876867902
11.7408248655111
8.91703526598924
8.67232516437537
11.479617453676
12.2027495517035
10.0471010161387
7.86395696353855
13.6710101613867
11.5016138673042
12.1862522414824
22.7802749551704
8.22689778840406
14.8203227734608
8.43036461446503
17.781589958159
8.38912133891213
12.0020322773461
5.76329946204423
14.0367005379558
5.35911536162582
10.544769874477
11.1716676628811
11.4658696951584
9.18374178123132
17.008965929468
12.7526598924088
9.70340705319785
7.62749551703526
2.04040645546922
4.35002988643156
9.64841601912732
13.0358637178721
15.5269575612672
8.10316796174537
11.5483562462642
11.3063956963539
7.78696951583981
4.69647340107591
6.49742976688583
5.02092050209205
6.4836820083682
10.544769874477
13.332815301853
14.0147041243276
8.96652719665272
6.8658696951584
15.4389719067543
6.3187089061566
13.1980872683802
6.47268380155409
15.7221757322176
7.60274955170353
7.89145248057382
6.1317393903168
8.37262402869097
9.07650926479378
11.636341900777
6.72289300657501
7.70173341303048
6.13998804542738
17.1546921697549
7.27830245068739
11.6143454871488
7.01159593544531
32.5412432755529
9.33771667662881
8.79055588762702
6.46443514644351
6.12898983861327
6.35445307830245
53.099521817095
9.10125523012552
14.5893604303646
10.4650328750747
7.99043634190078
11.7655708308428
7.05833831440526
16.5277943813509
6.56891811117752
9.06001195457262
7.05833831440526
13.4675433353258
12.3869695158398
10.5475194261805
5.66431560071727
7.81446503287507
11.9662881052002
9.54668260609683
8.15540944411237
6.82187686790197
13.5857740585774
9.79414225941422
10.8389719067543
10.9187089061566
8.02068141063957
5.77979677226539
12.7911536162582
12.3732217573222
20.26168559474
15.562701733413
6.79163179916318
8.21864913329348
5.73855349671249
7.53950986252241
5.02916915720263
6.29396294082487
9.84638374178123
6.09874476987448
23.566646742379
5.82653915122534
24.8506873879259
11.735325762104
9.74739988045427
7.6
7.81446503287507
7.6824865511058
16.6267782426778
7.53950986252241
8.72181709503885
14.3419007770472
7.66323968918111
7.4762701733413
6.62665869695158
10.4072922893007
6.84662283323371
7.41028093245666
48.5161386730424
6.41494321578004
10.9819485953377
10.7812313209803
9.83813508667065
15.3922295277944
13.4235505080693
5.87878063359235
7.10508069336521
11.6583383144053
8.58158995815899
9.7501494321578
6.90436341900777
13.9734608487747
9.14524805738195
5.90627615062761
17.2234309623431
8.36712492528392
10.1020920502092
11.4521219366408
26.2172145845786
7.92169754931261
10.1818290496115
13.9954572624029
19.3295875672445
24.6609683203825
13.0413628212791
9.46969515839809
13.8112372982666
8.26539151225344
14.0779438135087
6.97585176329946
13.6957561267185
24.1165570830843
15.2712492528392
6.63215780035864
15.3427375971309
7.20956365809922
6.35720263000598
7.90794979079498
6.08774656306037
12.507949790795
8.50185295875672
10.7619844590556
6.51117752540347
9.63466826060968
8.16090854751942
24.6912133891213
19.5138075313808
12.6454273759713
11.3118947997609
9.65116557083084
6.79988045427376
8.13341303048416
7.04459055588763
8.34512851165571
8.26814106395696
7.16007172743574
6.88511655708308
11.5208607292289
8.52109982068141
6.1317393903168
11.5950986252241
9.60992229527794
11.3476389719068
10.5942618051405
10.602510460251
6.50842797369994
5.48559473998804
4.74321578003586
10.852719665272
32.68410041841
6.2252241482367
7.36078900179319
9.58242677824268
7.97118947997609
5.52683801554094
10.1213389121339
7.92719665271967
5.067662881052
11.4191273161984
10.544769874477
9.80239091452481
9.56867901972504
13.7782426778243
6.56891811117752
6.72564255827854
7.52301255230125
12.356724447101
9.33771667662881
9.76664674237896
11.5978481769277
7.75947399880454
9.0572624028691
10.6602510460251
7.05008965929468
12.9478780633592
9.26072922893007
13.9789599521817
32.8490735206216
5.41960549910341
10.5090257023311
7.58075313807531
10.1075911536163
8.29563658099223
13.5720263000598
12.8791392707711
5.98326359832636
9.33221757322176
6.44518828451883
8.38087268380155
12.6921697549313
8.22414823670054
9.07101016138673
10.5200239091452
10.2148236700538
7.64949193066348
8.47435744172146
17.5478780633592
12.1257621040048
3.73138075313808
12.4227136879857
7.37178720860729
6.25821876867902
6.73389121338912
12.9533771667663
15.04578601315
7.13807531380753
7.08858338314405
8.78230723251644
8.46060968320383
9.21673640167364
10.3055588762702
9.91787208607292
8.56784219964136
29.1124925283921
9.72815301852959
9.79689181111775
11.8425582785415
10.5585176329946
33.6658696951584
12.8571428571429
8.08117154811715
7.40753138075314
12.9836222355051
7.19306634787806
7.04459055588763
11.5813508667065
11.5593544530783
7.35254034668261
6.73664076509265
10.0086072922893
9.20023909145248
11.0231918708906
6.80537955768081
10.1268380155409
7.56975493126121
6.64040645546922
13.0881052002391
8.36987447698745
6.98959952181709
4.87519426180514
7.32504482964734
9.89037656903766
5.48284518828452
22.6510460251046
7.43227734608488
7.63024506873879
15.0072922893007
13.0853556485356
9.30747160789002
8.91153616258219
13.4345487148834
8.70531978481769
14.7818290496115
6.64315600717274
15.5022115959354
6.21147638971907
12.4804542737597
16.9842199641363
11.9525403466826
9.70065750149432
18.9034070531978
9.79414225941422
8.24614465032875
9.18924088463837
11.0754333532576
9.07650926479378
7.36903765690376
8.84554692169755
15.3674835624626
11.3091452480574
10.7454871488344
6.33520621637776
6.92361028093246
13.3988045427376
8.50735206216378
7.30304841601913
7.55050806933652
8.28463837417812
12.4447101016139
7.8584578601315
6.41494321578004
6.40669456066945
10.4072922893007
9.89312612074118
7.62749551703526
20.6933652121937
9.12600119545726
5.25738194859534
6.54142259414226
8.16640765092648
14.1906754333533
9.73640167364017
6.62390914524806
9.93436939629408
6.79438135086671
8.40286909742977
6.37919904363419
6.15923490735206
8.83729826658697
5.11715481171548
6.8768679019725
9.11225343693963
5.74680215182307
5.60657501494321
7.42127913927077
7.5587567244471
14.2291691572026
19.3268380155409
13.5802749551704
9.63741781231321
8.54859533771668
11.1826658696952
11.2789001793186
8.28463837417812
7.77872086072923
9.43945008965929
10.4100418410042
19.9922295277944
8.84279736999402
13.9652121936641
10.3248057381949
8.35612671846981
7.02809324566647
12.24674237896
7.72647937836222
10.5612671846981
7.65224148236701
13.8882247459653
8.60908547519426
8.38362223550508
10.4512851165571
11.0451882845188
10.7152420800956
5.56258218768679
6.049252839211
6.01350866706515
15.7029288702929
4.64698147041243
22.9452480573819
7.86120741183503
22.1451285116557
11.3558876270173
6.72014345487149
8.88129109384339
6.47543335325762
15.8569037656904
4.78995815899582
8.32313209802749
16.1868499701136
5.68631201434549
8.90328750747161
7.4350268977884
10.9159593544531
8.2406455469217
11.0204423191871
14.2594142259414
7.67698744769874
6.87961745367603
7.90794979079498
6.78613269575613
12.7829049611476
9.86013150029886
11.3311416616856
8.23239689181112
7.42677824267782
5.98876270173341
14.4298864315601
8.69707112970711
8.72181709503885
6.30496114763897
12.6619246861925
11.839808726838
12.9973699940227
7.57800358637179
16.2500896592947
11.7628212791393
11.0011954572624
6.90986252241482
6.95660490137478
16.5635385534967
12.5794381350867
8.32313209802749
13.7260011954573
23.2724447101016
15.5819485953377
12.3924686192469
16.0768679019725
5.51309025702331
9.3569635385535
17.880573819486
12.4997011356844
6.94285714285714
8.80705319784817
7.40753138075314
6.68439928272564
7.0418410041841
8.87029288702929
7.37178720860729
9.17549312612074
6.7833831440526
10.6272564255828
26.56915720263
7.19581589958159
8.44961147638972
10.8444710101614
8.26264196054991
11.683084279737
11.7903167961745
12.1642558278542
11.9140466228332
10.3852958756724
12.4364614465033
8.33687985654513
32.3048416019127
5.87603108188882
19.1673640167364
3.53066347878063
8.80430364614465
8.99402271368798
8.96927674835625
20.731858936043
25.5463239689181
9.34596533173939
10.5475194261805
7.76772265391512
9.88762701733413
14.215421398685
6.85762104004782
23.0964734010759
8.20490137477585
6.34345487148834
6.39294680215182
7.48176927674836
7.74572624028691
9.72540346682606
6.75863717872086
6.31595935445308
7.8997011356844
5.91727435744172
8.17465630603706
7.54775851763299
4.87244471010161
9.28822474596533
6.01350866706515
14.5481171548117
6.86312014345487
7.98768679019725
11.4576210400478
7.66873879258816
7.24805738194859
10.2148236700538
53.5531978481769
15.3702331141662
20.7923490735206
18.9583980872684
13.547280334728
6.15373580394501
19.1563658099223
11.8425582785415
10.3165570830843
4.64148236700538
9.72265391512253
8.7163179916318
5.98601315002989
10.7234907352062
7.25080693365212
6.33245666467424
16.3243275552899
10.6107591153616
13.0468619246862
8.26264196054991
10.4265391512253
11.1166766288105
16.3655708308428
8.0756724447101
9.07650926479378
5.18039450089659
6.68439928272564
8.20490137477585
7.17931858936043
10.8307232516438
8.49360430364614
10.0168559473999
13.3273161984459
9.89862522414824
14.4546323968918
9.7913927077107
10.8719665271967
7.1243275552899
24.5124925283921
6.45618649133293
14.2401673640167
10.7839808726838
7.26180514046623
21.0783024506874
7.62199641362821
7.26180514046623
8.36162582187687
12.9836222355051
9.53568439928272
7.6934847579199
13.8662283323371
10.597011356844
15.2987447698745
9.0682606096832
8.29563658099223
5.57632994620442
12.095517035266
9.17274357441721
9.16449491930663
9.52468619246862
13.4675433353258
12.8791392707711
7.72922893006575
11.7958158995816
8.89778840406455
6.46168559473999
6.72014345487149
6.98959952181709
8.62008368200837
14.6086072922893
8.50735206216378
9.22773460848775
10.9462044231919
19.895995218171
11.8645546921698
10.4292887029289
7.08033472803347
3.34919306634788
14.3913927077107
8.17465630603706
11.7930663478781
11.8260609683204
7.95469216975493
6.89611476389719
9.44494919306635
10.3028093245666
6.95385534967125
7.29205020920502
8.35887627017334
8.51560071727436
13.7947399880454
14.6086072922893
11.8040645546922
6.71189479976091
9.72815301852959
7.48726838015541
7.69623430962343
7.63849372384937
0.0909742976688584
12.0570233114166
8.32863120143455
6.96760310818888
8.46060968320383
10.5640167364017
6.71739390316796
9.52468619246862
7.86945606694561
10.4072922893007
14.5976090854752
11.0809324566647
7.83096234309623
11.8288105200239
5.66156604901375
7.30854751942618
8.98577405857741
8.31213389121339
6.81087866108787
23.2174536760311
5.8732815301853
12.1642558278542
8.62008368200837
12.8323968918111
6.88786610878661
9.38720860729229
5.94202032277346
11.8068141063957
7.15732217573222
11.4383741781231
10.7289898386133
7.62474596533174
7.36078900179319
7.74022713687986
10.1488344291692
11.6033472803347
34.3750747160789
6.7421398684997
7.68798565451285
7.32504482964734
8.18840406455469
11.5731022115959
9.97836222355051
11.7683203825463
7.80346682606097
9.85463239689181
15.510460251046
9.30747160789002
8.02068141063957
7.13807531380753
9.65666467423789
9.9151225343694
8.40011954572624
12.3127316198446
8.27089061566049
6.99234907352062
8.27913927077107
7.80621637776449
7.03359234907352
7.36078900179319
7.35803945008966
12.1285116557083
16.3325762104005
11.6060968320383
26.4151823072325
9.02151823072325
8.08942020322773
10.3632994620442
7.76222355050807
8.20490137477585
7.4762701733413
8.16915720263001
15.3702331141662
8.8400478182905
10.8939629408249
8.0756724447101
20.9545726240287
15.5654512851166
16.4233114166169
15.3399880454274
5.33161984459055
6.75038852361028
7.83371189479976
5.90627615062761
11.7105797967723
6.5249252839211
9.90962343096234
13.3603108188882
6.24172145845786
0.371428571428571
5.79629408248655
10.2478182904961
10.4237895995218
8.56784219964136
7.46802151823072
5.38661087866109
10.0745965331739
7.90520023909145
12.4419605499103
10.388045427376
9.71440526001195
6.1839808726838
9.10400478182905
9.08475791990436
20.1956963538554
7.27830245068739
13.3520621637776
5.0566646742379
6.36545128511656
10.6217573221757
7.69623430962343
14.2456664674238
7.89145248057382
6.3187089061566
15.5324566646742
5.62307232516438
9.90412432755529
7.54775851763299
11.735325762104
28.5130902570233
9.34321578003586
8.32588164973102
5.69456066945607
14.5068738792588
8.74106395696354
4.49300657501494
13.4125523012552
10.9544530783024
9.99485953377167
9.89725044829646
6.45343693962941
17.2674237895995
15.1117752540347
10.6052600119546
10.289061566049
37.9769874476987
8.55684399282726
12.403466826061
9.68416019127316
25.8185295875672
9.39820681410639
12.4227136879857
6.81637776449492
6.50842797369994
18.2407650926479
10.0635983263598
10.2973102211596
7.85570830842797
9.42020322773461
8.17740585774058
7.72922893006575
8.87854154213987
10.5062761506276
7.22331141661686
9.7501494321578
13.8387328153019
8.22139868499701
10.4347878063359
21.4192468619247
13.0606096832038
14.1879258816497
6.88511655708308
8.86204423191871
11.2679019725045
5.37286312014345
32.6264196054991
6.59641362821279
9.72540346682606
7.06933652121937
8.75206216377764
9.65391512253437
9.18374178123132
10.9242080095637
12.4309623430962
16.5690376569038
11.8947997609085
11.5923490735206
13.5967722653915
10.8142259414226
10.4870292887029
5.9255230125523
11.996533173939
8.06742378959952
16.7752540346683
8.68882247459653
9.32121936640765
8.22689778840406
9.70615660490137
14.0257023311417
10.3990436341901
9.85463239689181
8.2104004781829
6.6898983861327
6.43968918111177
12.4282127913927
11.3036461446503
4.53699940227137
7.49276748356246
9.87662881052002
7.63299462044232
14.0861924686192
8.76580992229528
13.6105200239091
9.47519426180514
6.9593544530783
8.76031081888822
9.89037656903766
13.1925881649731
9.94811715481171
9.95911536162582
8.32313209802749
9.42020322773461
5.71655708308428
7.94919306634788
7.74847579199044
6.12349073520622
13.0523610280932
6.15923490735206
9.72265391512253
12.5161984459056
14.8010759115362
8.99127316198446
11.991034070532
17.990555887627
9.82713687985654
10.132337118948
5.43610280932457
10.1433353257621
12.3649731022116
8.23789599521817
9.80789001793186
8.7988045427376
5.87603108188882
7.24530783024507
5.77154811715481
13.5720263000598
12.4419605499103
10.0718469814704
19.483562462642
7.05283921099821
7.77872086072923
10.393544530783
12.4007172743574
6.37919904363419
9.12325164375373
12.9808726838016
13.1046025104602
11.067184698147
15.1722653915123
51.8236700537956
7.92719665271967
8.3753735803945
11.526359832636
10.2230723251644
10.5475194261805
8.78780633592349
8.0756724447101
8.05367603108189
7.71823072325164
11.8288105200239
6.61291093843395
10.9214584578601
62.0382546323969
9.92062163777645
8.23239689181112
11.9937836222355
7.4652719665272
4.6744769874477
12.0157800358637
10.962701733413
5.96401673640167
6.73389121338912
12.252241482367
11.0781829049611
9.23598326359833
10.2615660490137
12.3182307232516
13.5692767483562
8.95827854154214
12.4062163777645
26.0384937238494
15.9366407650926
8.77680812910938
17.4901374775852
9.31022115959354
8.07842199641363
8.79605499103407
0.0139868499701136
11.63084279737
15.197011356844
6.9483562462642
0.0992229527794381
8.53209802749551
8.18290496114764
8.80430364614465
7.24530783024507
25.1916317991632
7.01159593544531
21.6969515839809
9.90687387925881
13.3163179916318
10.132337118948
7.49551703526599
9.39820681410639
7.72098027495517
8.13341303048416
12.3429766885834
6.24997011356844
15.8734010759115
6.88786610878661
14.0944411237298
8.88404064554692
10.2780633592349
8.2406455469217
7.1655708308428
11.735325762104
10.9846981470412
12.9093843395099
5.84578601315003
9.41470412432755
9.72265391512253
8.5403466826061
41.9665271966527
9.07650926479378
10.2093245666467
11.8618051404662
6.98684997011357
13.8414823670054
7.22056186491333
7.99868499701136
10.184578601315
0.15421398684997
10.4677824267782
6.94285714285714
8.08117154811715
8.38362223550508
15.2135086670652
16.6047818290496
9.67041243275553
9.02976688583383
5.96126718469815
8.65857740585774
4.75146443514644
12.9698744769874
18.8484160191273
7.98493723849372
6.72289300657501
8.77130902570233
10.5337716676629
0.811356843992827
9.38170950388523
5.55158398087268
12.24674237896
8.68332337118948
14.9440526001195
11.2294082486551
12.0982665869695
8.61458457860132
7.23430962343096
12.2219964136282
10.0388523610281
14.2539151225344
5.98051404662283
6.16473401075911
9.25248057381949
7.78147041243275
11.1524208009564
8.17190675433353
17.8255827854154
14.1329348475792
15.2520023909145
18.9061566049014
10.8114763897191
14.3996413628213
13.7589958158996
9.64841601912732
8.81530185295876
12.6454273759713
11.5566049013748
8.59808726838016
9.615421398685
7.4652719665272
11.2926479378362
7.94644351464435
8.11966527196653
10.8114763897191
10.2065750149432
9.58242677824268
13.8607292289301
12.7719067543335
12.9478780633592
11.317393903168
6.24722056186491
8.76580992229528
15.4499701135684
6.68714883442917
11.5538553496712
8.4991034070532
10.2065750149432
21.5594739988045
6.42319187089061
9.60442319187089
8.60633592349073
6.85762104004782
10.5832635983264
9.09025702331142
28.9832635983264
8.75481171548117
5.89527794381351
8.08117154811715
9.17274357441721
10.1020920502092
12.3814704124328
8.93078302450687
6.75863717872086
13.7397489539749
11.5456066945607
6.57991631799163
6.81362821279139
9.49719067543335
5.90352659892409
8.54309623430962
5.15289898386133
6.47818290496115
8.48810520023909
14.0559473998805
4.86144650328751
6.37644949193066
7.01159593544531
9.72540346682606
8.71356843992827
6.59091452480574
10.2505678421996
6.43968918111177
7.8172145845786
12.3457262402869
8.38912133891213
11.8673042438733
8.21589958158996
9.73640167364017
5.34536760310819
11.7848176927675
6.94010759115362
7.67423789599522
11.2046622833234
10.4815301852959
6.65415421398685
17.8668260609683
11.2624028690974
9.34046622833234
15.1805140466228
5.76604901374776
5.33161984459055
6.00526001195457
8.36987447698745
6.96760310818888
9.20298864315601
6.94560669456067
16.5662881052002
8.89778840406455
10.2340705319785
12.8626419605499
9.16999402271369
11.369635385535
8.7685594739988
18.5927077106993
5.85678421996414
8.61733413030484
5.66431560071727
10.5942618051405
17.6523610280932
14.471129707113
7.57525403466826
10.7812313209803
9.87937836222355
8.76306037059175
8.56234309623431
10.649252839211
6.8768679019725
6.9593544530783
8.66682606096832
10.6520023909145
8.77955768081291
6.90986252241482
6.13723849372385
7.15457262402869
10.0003586371787
8.97752540346683
10.4375373580394
11.4713687985655
9.30747160789002
8.14991034070532
14.267662881052
7.20956365809922
9.7089061566049
10.1130902570233
9.68965929468021
13.7837417812313
9.94811715481171
13.4290496114764
13.077106993425
7.66323968918111
9.14799760908548
11.8590555887627
5.45809922295278
7.27280334728033
7.15732217573222
7.01159593544531
10.7097429766886
5.13365212193664
9.33771667662881
16.23084279737
7.1765690376569
8.45511057979677
9.0682606096832
8.40561864913329
15.5791990436342
6.48093245666467
8.35337716676629
10.3220561864913
7.84745965331739
12.4474596533174
14.8670651524208
7.25630603705917
9.098505678422
9.02151823072325
10.6135086670652
7.30304841601913
6.84662283323371
17.5121338912134
3.50316796174537
7.08583383144053
9.00502092050209
10.3193066347878
10.6217573221757
10.805977286312
15.202510460251
10.0910938433951
10.1433353257621
10.0306037059175
10.9132098027496
9.51643753735804
17.0969515839809
8.42211595935445
9.20298864315601
11.1991631799163
6.20322773460849
14.5096234309623
8.5101016138673
8.04817692767483
12.7884040645547
11.2898983861327
8.60633592349073
26.2859533771668
8.62558278541542
10.7262402869097
9.95911536162582
11.2871488344292
12.7856545128512
12.24674237896
6.92361028093246
11.4658696951584
7.70448296473401
10.5626419605499
7.30579796772265
6.75588762701733
8.72731619844591
9.0118947997609
5.13640167364017
8.33687985654513
10.498027495517
11.5236102809325
7.9409444112373
7.84745965331739
8.31213389121339
12.2687387925882
15.4637178720861
8.47435744172146
11.0891811117753
10.0580992229528
13.5692767483562
17.8943215780036
7.75122534369396
16.0466228332337
0.052480573819486
10.8114763897191
8.46610878661088
12.7196652719665
7.92994620442319
9.15624626419605
11.4411237298267
15.3399880454274
10.9984459055589
6.7008965929468
9.12325164375373
12.6069336521219
9.08475791990436
6.97585176329946
6.7833831440526
8.55684399282726
7.83371189479976
11.8563060370592
13.6765092647938
6.89886431560072
9.48619246861925
12.4062163777645
7.1655708308428
9.9151225343694
5.04566646742379
7.18481769276748
7.30304841601913
6.0904961147639
8.5925881649731
6.23072325164375
7.66598924088464
8.00693365212194
8.61183502689779
11.787567244471
15.7221757322176
7.02259414225941
9.27172743574417
11.317393903168
12.4172145845786
8.74106395696354
4.72121936640765
8.8922893006575
7.18481769276748
15.1942618051405
12.3897190675433
9.39545726240287
12.2577405857741
9.14799760908548
7.2178123132098
16.6790197250448
9.39270771069934
12.978123132098
8.57059175134489
5.52133891213389
14.1824267782427
7.86945606694561
8.54584578601315
11.1606694560669
13.2448296473401
8.06742378959952
10.7399880454274
11.7408248655111
7.62749551703526
8.83179916317992
7.53676031081889
8.88129109384339
21.5979677226539
18.7054393305439
7.79521817095039
6.47268380155409
10.4265391512253
9.82988643156007
7.06933652121937
7.29479976090855
7.34429169157203
12.6344291691572
8.92253436939629
9.68416019127316
8.96927674835625
7.13807531380753
7.02259414225941
5.60932456664674
5.80454273759713
10.6877465630604
9.28272564255828
23.5446503287507
11.4301255230126
2.16413628212791
9.10125523012552
9.62916915720263
8.4991034070532
8.78230723251644
7.19031679617454
9.24973102211596
18.3287507471608
9.34321578003586
7.67698744769874
10.3193066347878
10.1680812910938
7.95744172145846
13.6875074716079
10.0388523610281
6.48918111177525
7.37728631201434
10.2863120143455
13.9679617453676
14.831320980275
5.82104004781829
10.0553496712493
9.24423191870891
10.3523012552301
6.8246264196055
10.5942618051405
8.13891213389121
12.9973699940227
10.2285714285714
5.94751942618051
11.8947997609085
16.4755528989839
6.77513448894202
14.6910938433951
6.96485355648536
6.67065152420801
8.3753735803945
10.6190077704722
18.8979079497908
7.89145248057382
14.9632994620442
8.70806933652122
9.44494919306635
9.18374178123132
7.35528989838613
10.9819485953377
8.77680812910938
8.64208009563658
6.80263000597729
11.9415421398685
10.0416019127316
12.4392109982068
8.59533771667663
11.265152420801
7.47352062163778
17.4626419605499
5.0566646742379
8.35887627017334
19.9069934249851
26.3409444112373
13.2035863717872
16.0246264196055
9.28272564255828
7.14907352062164
9.26622833233712
11.526359832636
8.66682606096832
4.78995815899582
12.8791392707711
9.33496712492528
11.6280932456665
7.43777644949193
10.7702331141662
9.73640167364017
7.05558876270173
7.18481769276748
5.61207411835027
7.23156007172743
10.2725642558279
6.82187686790197
7.56425582785415
12.9671249252839
9.81338912133891
10.132337118948
10.2423191870891
7.63574417214585
7.42952779438135
13.1650926479378
7.52576210400478
9.47244471010161
5.8732815301853
6.06849970113568
18.2545128511656
8.79055588762702
22.2193664076509
9.95911536162582
20.1297071129707
10.4787806335923
23.7206216377764
9.11775254034668
7.57250448296473
7.97943813508667
10.132337118948
7.97943813508667
10.852719665272
12.6426778242678
16.5360430364614
6.23347280334728
6.95660490137478
16.1401075911536
9.24698147041243
8.32863120143455
9.60167364016736
10.6135086670652
5.85953377166766
12.048774656306
9.65941422594142
12.0157800358637
13.7672444710102
6.00526001195457
7.61099820681411
16.7422594142259
4.72121936640765
9.57142857142857
9.78039450089659
12.6811715481172
6.21697549312612
12.8791392707711
6.61566049013748
10.0663478780634
23.6518828451883
9.64016736401673
6.63490735206216
5.89527794381351
0.379677226539151
11.9332934847579
10.2010759115362
7.99043634190078
9.40095636580992
10.2753138075314
9.0160191273162
10.4595337716677
7.1243275552899
6.7833831440526
7.89695158398087
8.47435744172146
7.68798565451285
15.2739988045427
9.48619246861925
12.2604901374776
20.4789001793186
6.64040645546922
5.86228332337119
9.92062163777645
20.5283921099821
9.04076509264794
14.3171548117155
12.3209802749552
9.9673640167364
10.0938433950986
7.77047220561865
7.01434548714883
8.40836820083682
6.34070531978482
14.4821279139271
11.8508069336521
8.3341303048416
13.489539748954
9.36521219366408
24.9991631799163
9.32946802151823
13.8002390914525
9.65116557083084
11.5593544530783
7.40478182904961
18.0400478182905
9.89862522414824
7.84471010161387
6.99784817692767
9.31022115959354
6.35720263000598
7.11607890017932
8.52384937238494
7.05558876270173
14.4491332934848
15.9806335923491
9.8436341900777
8.116915720263
34.9826658696952
16.7285116557083
11.5098625224148
8.62283323371189
10.0058577405858
8.27913927077107
32.6180514046623
8.43036461446503
11.1441721458458
10.0471010161387
7.66873879258816
11.531858936043
8.77955768081291
10.231320980275
8.47710699342498
11.3943813508667
7.72647937836222
10.4430364614465
10.9379557680813
12.2659892408846
10.5282725642558
9.02151823072325
7.45152420800956
16.4645546921698
7.33054393305439
10.5007770472206
9.73915122534369
7.23430962343096
20.3249252839211
8.71081888822475
12.1285116557083
6.38744769874477
9.27997609085475
13.4565451285117
4.9851763299462
7.27280334728033
12.6674237895995
13.6050209205021
5.44435146443515
14.366646742379
0.02498505678422
7.97943813508667
11.6940824865511
8.35062761506276
4.60023909145248
10.753735803945
6.58816497310221
12.978123132098
17.2729228930066
6.17573221757322
5.57083084279737
17.6523610280932
8.08942020322773
8.59808726838016
5.75230125523012
13.8854751942618
8.70806933652122
9.97011356843993
12.0597728631201
8.17740585774058
11.1579199043634
10.6052600119546
10.7647340107591
7.89145248057382
7.9519426180514
17.5836222355051
6.84937238493724
13.9707112970711
13.5142857142857
12.0377764494919
5.97776449491931
8.36162582187687
8.15265989240885
7.01434548714883
5.73305439330544
9.24148236700538
8.36162582187687
7.73747758517633
22.0818888224746
7.21231320980275
7.10783024506874
20.4569037656904
11.7793185893604
43.2893006575015
20.8445905558876
17.8530783024507
7.9409444112373
0.0277346084877466
6.66515242080096
9.08750747160789
7.59725044829647
8.31213389121339
9.67316198445906
11.317393903168
5.44435146443515
8.74381350866706
11.5895995218171
15.0595337716677
12.560191273162
6.92635983263598
11.265152420801
11.4988643156007
11.3338912133891
5.82653915122534
8.73006575014943
17.1959354453078
9.25248057381949
5.80729228930066
5.95026897788404
11.2019127316198
7.68798565451285
12.2054991034071
9.39270771069934
11.6968320382546
6.28296473401076
5.93927077106993
13.6380155409444
12.0157800358637
11.3778840406455
14.8148236700538
8.47435744172146
6.95660490137478
6.78613269575613
7.18481769276748
9.20848774656306
7.99593544530783
12.7664076509265
9.72815301852959
5.4910938433951
12.920382546324
10.0938433950986
5.91727435744172
6.92361028093246
10.8939629408249
9.59617453676031
8.46610878661088
14.4573819485953
12.0570233114166
13.4785415421399
7.44327555289898
13.5555289898386
9.04351464435146
13.1760908547519
7.27005379557681
10.4595337716677
6.76138673042439
12.5381948595338
10.5035265989241
6.85487148834429
7.08858338314405
8.72456664674238
10.3962940824866
6.13723849372385
18.5487148834429
7.88595337716677
7.23156007172743
15.348236700538
10.1103407053198
7.63299462044232
6.07399880454274
26.9650926479378
9.31297071129707
7.66873879258816
8.34512851165571
10.4732815301853
10.597011356844
12.7499103407053
11.218410041841
11.2349073520622
9.89862522414824
11.4576210400478
6.84937238493724
30.1628810520024
9.70065750149432
7.91894799760908
13.1760908547519
9.38170950388523
11.0231918708906
8.35337716676629
7.80346682606097
5.85128511655708
7.65224148236701
5.81279139270771
10.1075911536163
15.8541542139868
7.88595337716677
11.578601315003
20.9408248655111
5.71380753138075
8.78505678421996
16.0411237298267
9.28272564255828
11.7435744172146
10.6355050806934
11.2541542139868
8.56234309623431
7.80896592946802
16.7367603108189
27.4737597130903
9.0160191273162
8.88404064554692
9.99485953377167
7.24530783024507
5.07591153616258
7.29479976090855
21.5732217573222
7.38553496712492
11.8233114166169
12.3017334130305
7.57800358637179
11.4576210400478
32.4641362821279
11.0589360430365
11.2898983861327
6.92086072922893
8.10041841004184
9.57692767483562
11.7848176927675
13.6875074716079
12.3677226539151
19.5303048416019
10.335803945009
13.541781231321
8.56509264793784
12.1670053795577
7.92994620442319
14.7213389121339
12.095517035266
8.62008368200837
11.4466228332337
10.1680812910938
9.42295277943813
7.24255827854154
11.0259414225941
5.46634787806336
13.8222355050807
7.45152420800956
0.0827256425582785
12.7856545128512
8.07292289300657
12.5106993424985
9.00227136879856
6.54967124925284
8.16365809922295
7.16694560669456
8.79330543933054
8.92253436939629
8.23789599521817
8.2406455469217
6.57991631799163
6.73114166168559
13.0386132695756
8.14441123729827
7.7759713090257
9.59067543335326
10.4485355648536
0.011237298266587
21.498983861327
6.62390914524806
8.0234309623431
12.0240286909743
10.2478182904961
5.82104004781829
7.41852958756724
8.16090854751942
12.1285116557083
6.62390914524806
10.7289898386133
13.1156007172744
7.74297668858338
10.8939629408249
41.6063956963539
7.65774058577406
9.80239091452481
20.2534369396294
7.19856545128512
9.93436939629408
4.79270771069934
7.7759713090257
8.74106395696354
9.26072922893007
10.2450687387926
11.787567244471
7.05008965929468
23.3054393305439
8.36712492528392
14.1439330543933
9.47244471010161
7.30854751942618
10.5117752540347
6.40944411237298
10.6602510460251
10.3742976688583
20.8170950388524
7.6934847579199
15.4664674237896
8.24614465032875
8.59808726838016
9.57142857142857
15.405977286312
7.42677824267782
10.649252839211
7.44877465630604
10.5420203227735
11.9552898983861
16.3270771069934
13.2228332337119
9.11775254034668
17.421398684997
9.74465032875075
8.57059175134489
5.09515839808727
12.6839210998207
6.56066945606694
10.5750149432158
8.0756724447101
6.57166766288105
7.19031679617454
15.4279736999402
8.63658099222953
8.34787806335923
13.4565451285117
8.4688583383144
9.11225343693963
8.74381350866706
11.8095636580992
8.94728033472803
13.3795576808129
12.7829049611476
8.84554692169755
7.94644351464435
10.8664674237896
6.89336521219366
6.19222952779438
5.17764494919307
12.5491930663479
7.86945606694561
7.80896592946802
6.46993424985057
4.93843395098625
10.498027495517
7.12982665869695
0.0139868499701136
9.98111177525403
6.52767483562463
6.32420800956366
7.92719665271967
6.29396294082487
9.2854751942618
8.69982068141064
10.5557680812911
17.3251643753736
9.46144650328751
6.90436341900777
7.70723251643754
11.4053795576808
11.3256425582785
8.4688583383144
9.43395098625224
13.7067543335326
8.84279736999402
11.5978481769277
8.05092647937836
7.00884638374178
6.14548714883443
6.11524208009564
10.6630005977286
9.93711894799761
7.78421996413628
27.8751942618051
8.76306037059175
11.317393903168
11.7490735206216
12.6289300657501
25.6150627615063
9.37621040047818
6.03550508069336
7.44327555289898
32.8299462044232
14.0312014345487
10.3660490137478
13.9789599521817
8.73831440526001
8.43861326957561
6.52217573221757
10.6767483562463
7.42952779438135
12.4694560669456
12.0075313807531
8.9747758517633
6.9483562462642
16.7285116557083
8.18840406455469
13.8689778840406
10.858218768679
11.9937836222355
11.6088463837418
8.38637178720861
11.218410041841
12.8296473401076
7.79521817095039
10.597011356844
10.5090257023311
7.64949193066348
6.20872683801554
8.25989240884638
10.9159593544531
7.05558876270173
10.9764494919307
19.5495517035266
38.4692169754931
7.25355648535565
6.71739390316796
9.63191870890616
11.8288105200239
8.35062761506276
7.88320382546324
15.4032277346085
30.5421398684997
5.12540346682606
11.067184698147
7.5175134488942
15.4719665271967
5.95026897788404
8.47985654512851
13.8744769874477
7.22056186491333
13.651763299462
11.2459055588763
6.70364614465033
9.81338912133891
9.17824267782427
7.33329348475792
7.26455469216975
8.53759713090257
33.0827854154214
7.14632396891811
15.2712492528392
9.80789001793186
8.8510460251046
13.1733413030484
10.49252839211
9.65666467423789
10.5337716676629
9.62367005379558
12.612432755529
5.10340705319785
21.6914524805738
4.93568439928273
0.0332337118947998
10.5722653915123
5.52958756724447
8.67232516437537
8.74656306037059
7.05558876270173
6.88786610878661
7.97118947997609
14.7460848774656
7.33329348475792
11.6280932456665
10.2258218768679
10.9022115959354
5.56808129109384
13.750747160789
10.132337118948
5.19689181111775
11.4713687985655
9.48069336521219
7.49826658696952
10.1130902570233
8.02618051404662
9.16174536760311
7.37178720860729
10.184578601315
9.16999402271369
7.38003586371788
9.0572624028691
5.584578601315
12.7829049611476
13.5280334728033
6.39844590555888
26.0302450687388
8.09766885833831
7.19306634787806
7.81996413628213
17.8530783024507
8.23789599521817
12.1395098625224
7.8584578601315
9.27997609085475
7.67148834429169
7.03359234907352
12.1642558278542
15.144769874477
11.2459055588763
12.4997011356844
8.35062761506276
6.88786610878661
6.67890017931859
5.96951583980873
16.9072325164375
10.8939629408249
8.36162582187687
6.9181111775254
7.57525403466826
18.2242677824268
5.91727435744172
13.4070531978482
8.41936640765092
9.30472205618649
8.49635385534967
8.11141661685595
7.56700537955768
7.70723251643754
8.92803347280335
12.0405260011955
9.37346084877466
82.9485953377167
6.32695756126718
124.871189479976
13.9212193664076
12.1862522414824
7.86120741183503
6.4836820083682
10.5475194261805
8.52109982068141
11.7160789001793
22.9837417812313
11.3723849372385
17.3141661685595
8.29838613269576
16.6020322773461
8.22689778840406
7.96294082486551
8.8922893006575
8.53484757919904
7.03634190077705
12.1835026897788
13.5087866108787
9.46144650328751
5.55983263598326
12.9231320980275
11.212910938434
9.56867901972504
10.1295875672445
7.22881052002391
8.22964734010759
10.9159593544531
7.54775851763299
9.75839808726838
12.972624028691
12.8956365809922
6.8768679019725
8.68057381948595
9.64016736401673
7.44602510460251
10.184578601315
10.2780633592349
23.4456664674238
15.9971309025702
15.0017931858936
10.4347878063359
3.82486551105798
6.30221159593544
6.50567842199641
12.9093843395099
7.09133293484758
9.41195457262403
19.1261207411835
5.56258218768679
9.26622833233712
13.3300657501494
13.7562462641961
5.99976090854752
7.3002988643156
7.94369396294082
6.75588762701733
6.46168559473999
9.93161984459056
9.24148236700538
9.4504482964734
11.3256425582785
6.45893604303646
16.3160789001793
7.6934847579199
7.67973699940227
7.02534369396294
7.16832038254632
10.8087268380155
9.16999402271369
5.66981470412433
9.55218170950388
9.667662881052
8.82080095636581
16.7340107591154
7.48451882845188
14.8203227734608
12.1780035863718
7.47901972504483
13.9184698147041
25.3731022115959
16.0823670053796
10.6849970113568
13.8387328153019
10.9269575612672
13.489539748954
8.41936640765092
12.0322773460849
10.1708308427974
6.70364614465033
7.23156007172743
9.615421398685
6.99784817692767
13.4730424387328
17.578123132098
11.1359234907352
14.1824267782427
7.86670651524208
7.03909145248057
8.38637178720861
17.5368798565451
8.90328750747161
6.52767483562463
11.8947997609085
4.59473998804543
9.82713687985654
9.25523012552301
15.04578601315
7.19856545128512
6.93735803945009
18.7384339509863
8.15540944411237
8.22139868499701
11.886551105798
10.1543335325762
8.23514644351464
11.1799163179916
6.95385534967125
8.99402271368798
12.4117154811715
11.2404064554692
5.71930663478781
10.6684997011357
12.8049013747759
13.0743574417215
7.30304841601913
10.2808129109384
11.3091452480574
9.88212791392708
9.12600119545726
6.38194859533772
8.44411237298267
9.4092050209205
11.6720860729229
12.7664076509265
12.8049013747759
9.98661087866109
8.86204423191871
8.8510460251046
5.08690974297669
12.3677226539151
17.4268977884041
16.0163777644949
9.62367005379558
11.119426180514
9.21123729826659
6.8768679019725
10.2505678421996
6.10699342498506
8.22414823670054
7.46252241482367
9.72540346682606
19.7530185295876
8.29013747758518
15.2217573221757
8.5101016138673
10.4265391512253
8.2818888224746
10.8417214584579
17.0144650328751
8.50185295875672
22.8160191273162
16.1895995218171
7.18206814106396
12.8543933054393
6.9181111775254
12.2384937238494
13.0468619246862
7.88045427375971
9.33496712492528
15.5736999402271
11.9827854154214
6.61291093843395
12.8571428571429
8.23789599521817
8.93078302450687
12.356724447101
6.78888224745965
11.7270771069934
8.30938433950986
8.69432157800358
6.73114166168559
9.39820681410639
11.9882845188285
9.96186491332935
9.96186491332935
0.220203227734608
10.0608487746563
6.07399880454274
7.14632396891811
13.7287507471608
27.602988643156
6.63215780035864
7.88320382546324
0.101972504482965
7.75947399880454
11.2404064554692
12.2027495517035
5.75780035863718
9.86563060370592
11.4438732815302
11.5813508667065
15.202510460251
16.2115959354453
9.20298864315601
12.3484757919904
16.8494919306635
7.65224148236701
9.19473998804543
10.7977286312014
7.74022713687986
7.28930065750149
11.2679019725045
16.2610878661088
8.47435744172146
9.21123729826659
10.8087268380155
5.99976090854752
11.9497907949791
14.5728631201435
11.2046622833234
7.8172145845786
9.71715481171548
7.05283921099821
10.4567842199641
7.38553496712492
4.87244471010161
8.14441123729827
8.26814106395696
8.56234309623431
11.9690376569038
28.8265391512253
19.128870292887
21.3147638971907
10.4430364614465
15.0595337716677
9.62916915720263
6.75313807531381
6.75863717872086
7.48726838015541
9.98111177525403
9.12325164375373
7.30854751942618
15.7414225941423
5.40310818888225
8.70257023311417
14.8148236700538
7.13257621040048
8.38912133891213
6.81362821279139
10.6739988045427
16.9209802749552
11.3146443514644
10.3248057381949
8.44961147638972
8.4578601315003
14.9632994620442
6.96760310818888
32.5962343096234
10.7674835624626
9.51918708906157
15.3647340107591
6.35170352659892
11.3998804542738
8.72181709503885
8.65032875074716
8.52659892408846
5.29862522414824
14.2456664674238
22.1121338912134
22.0763897190675
8.48535564853556
13.7315002988643
9.11775254034668
5.98326359832636
8.00143454871488
9.06276150627615
10.440286909743
6.87411835026898
9.81888822474597
12.2109982068141
9.98936043036461
7.44877465630604
8.42211595935445
14.7570830842797
11.375134488942
8.31488344291691
11.1716676628811
7.32779438135087
16.9347280334728
10.5062761506276
10.6162582187687
14.6443514644351
15.7936640765093
7.56975493126121
4.78720860729229
6.22797369994023
0.536401673640167
8.8922893006575
7.06383741781231
11.0644351464435
7.67973699940227
5.41960549910341
9.80789001793186
14.7378362223551
6.67615062761506
8.11141661685595
13.6930065750149
8.29563658099223
13.6600119545726
11.1331739390317
11.0809324566647
6.56479378362224
6.54142259414226
6.40944411237298
11.3558876270173
7.99593544530783
5.65056784219964
0.511655708308428
10.0553496712493
16.8769874476987
5.65881649731022
20.7098625224148
7.71273161984459
9.9151225343694
13.2365809922295
11.2019127316198
7.56150627615063
14.2456664674238
5.21613867304244
5.39760908547519
7.23705917513449
12.972624028691
13.5197848176928
7.15457262402869
5.48834429169157
11.8755528989839
17.8613269575613
5.41960549910341
18.1665271966527
13.8689778840406
9.65391512253437
9.04901374775852
7.51201434548715
9.32396891811118
8.35887627017334
7.77322175732218
4.80095636580992
8.57609085475194
9.55768081291094
21.5402271368799
10.2038254632397
8.30113568439928
10.8857142857143
7.80896592946802
8.94453078302451
10.957202630006
5.08141063956964
8.27089061566049
7.75947399880454
11.3833831440526
14.9907949790795
13.1018529587567
6.75038852361028
8.76580992229528
9.42295277943813
13.9872086072923
17.7430962343096
9.79964136282128
8.15540944411237
6.51117752540347
7.12157800358637
24.913927077107
7.9519426180514
13.0633592349074
8.21589958158996
5.77979677226539
5.52958756724447
7.47352062163778
15.2327555289898
9.49994022713688
14.8973102211596
11.2898983861327
6.98135086670651
5.22438732815302
11.2294082486551
6.49742976688583
5.48009563658099
9.72815301852959
8.81255230125523
8.10591751344889
7.37178720860729
8.41111775254035
11.5208607292289
12.1285116557083
13.8139868499701
6.89611476389719
9.68690974297669
7.49826658696952
11.9745367603108
5.19689181111775
5.07591153616258
18.5679617453676
14.7048416019127
8.72456664674238
6.77788404064555
14.5261207411835
9.84638374178123
11.6115959354453
20.8995815899582
10.800478182905
5.25738194859534
7.9821876867902
14.575612671847
20.6163777644949
12.0212791392708
12.6674237895995
8.54584578601315
9.78589360430365
11.1606694560669
12.5546921697549
8.86479378362223
14.7653317393903
7.41852958756724
8.21589958158996
6.99509862522415
5.81279139270771
9.22223550508069
11.3613867304244
7.93819485953377
12.5904363419008
0.038732815301853
11.3723849372385
13.4730424387328
10.0058577405858
9.43395098625224
24.6499701135684
6.46718469814704
6.69539748953975
9.78039450089659
9.58792588164973
9.07650926479378
9.68416019127316
8.30663478780634
6.41219366407651
15.3427375971309
6.56066945606694
8.29838613269576
5.32337118947998
14.4381350866707
7.86670651524208
17.5478780633592
9.24973102211596
8.15265989240885
9.49444112372982
12.8104004781829
7.55325762104005
13.9377166766288
13.9184698147041
8.53209802749551
8.42211595935445
7.93544530783024
5.35636580992229
8.19665271966527
6.80812910938434
5.96951583980873
7.71548117154812
6.59366407650926
6.31595935445308
12.7251643753736
7.72098027495517
9.08200836820084
6.17023311416617
8.24614465032875
8.08667065152421
11.6720860729229
23.3741781231321
7.09683203825463
19.5715481171548
8.89503885236103
7.49001793185893
6.46993424985057
34.0340705319785
7.44052600119546
9.18374178123132
6.12624028690974
14.2594142259414
10.3907949790795
10.3715481171548
5.17489539748954
11.0451882845188
9.38445905558876
5.68906156604901
14.1989240884638
12.4997011356844
6.92910938433951
8.73556485355648
10.6190077704722
8.66957561267185
4.2400478182905
16.2335923490735
12.7141661685595
0.107471607890018
7.25080693365212
20.8638374178123
13.4922893006575
7.46252241482367
7.08033472803347
9.34871488344292
8.92253436939629
15.458218768679
9.08475791990436
38.1915720263001
11.7600717274357
51.2875074716079
11.7600717274357
7.20406455469217
8.50460251046025
9.64841601912732
7.15182307232516
4.35277943813509
5.69181111775254
5.90902570233114
7.30304841601913
7.75672444710102
6.35170352659892
11.4878661087866
6.08774656306037
12.6234309623431
5.53508667065152
8.10316796174537
7.71548117154812
3.76162582187687
10.4952779438135
9.41745367603108
9.95911536162582
10.8224745965332
12.0872683801554
7.53126120741184
6.55242080095637
9.42570233114166
13.0798565451285
10.9187089061566
9.31297071129707
14.0559473998805
8.67232516437537
16.1236102809325
9.98111177525403
15.7029288702929
5.73030484160191
11.3888822474597
11.4301255230126
6.7421398684997
5.73030484160191
6.23072325164375
17.3444112372983
10.0416019127316
9.97011356843993
13.2310818888225
14.9303048416019
10.3468021518231
16.3985654512851
7.28380155409444
10.8279736999402
10.4072922893007
6.88236700537956
13.6600119545726
10.5475194261805
10.1735803945009
11.5648535564854
11.6775851763299
14.4683801554094
4.95218170950388
8.86204423191871
10.2285714285714
17.4268977884041
8.14991034070532
11.6913329348476
14.6443514644351
29.6431560071727
14.5866108786611
13.2998206814106
9.78864315600717
8.65032875074716
9.06276150627615
8.12516437537358
9.00502092050209
9.55493126120741
5.92002390914525
6.6596533173939
9.5439330543933
10.5557680812911
6.79438135086671
8.70257023311417
9.59617453676031
5.18314405260012
8.77130902570233
5.60657501494321
7.56150627615063
7.66873879258816
6.33520621637776
7.24530783024507
7.8584578601315
8.26814106395696
6.20322773460849
10.4375373580394
12.1037656903766
9.82438732815302
9.7913927077107
8.19115361625822
7.82821279139271
9.98386132695756
7.42952779438135
11.1744172145846
7.13807531380753
9.3679617453676
6.09874476987448
8.43586371787208
5.33436939629408
7.05008965929468
8.17190675433353
12.7334130304842
12.461207411835
18.0620442319187
5.45260011954573
9.0572624028691
11.1606694560669
20.1214584578601
12.5931858936043
7.81446503287507
12.2412432755529
7.083084279737
7.88045427375971
8.20215182307233
8.1994022713688
9.53843395098625
10.6849970113568
11.7023311416617
15.1585176329946
8.53484757919904
10.4292887029289
8.48535564853556
8.55409444112373
13.6077704722056
19.3680812910938
6.24447101016139
14.6910938433951
8.60633592349073
9.25248057381949
7.87220561864913
18.2820083682008
7.34429169157203
10.7097429766886
6.96210400478183
11.3613867304244
7.75397489539749
11.0781829049611
12.3017334130305
9.59892408846384
10.2945606694561
12.9286312014345
12.2082486551106
10.3852958756724
11.7380753138075
6.97035265989241
8.32863120143455
7.56150627615063
5.74405260011955
9.46969515839809
9.98386132695756
15.2849970113568
15.7056784219964
13.3438135086671
8.69157202630006
8.31763299462044
7.11057979677226
13.8139868499701
12.2219964136282
14.2566646742379
12.304482964734
5.89802749551704
9.21673640167364
0.222952779438135
10.0168559473999
8.95277943813509
6.89611476389719
11.8838015540944
5.24638374178123
6.75588762701733
17.316915720263
13.651763299462
11.9800358637179
12.3209802749552
8.23239689181112
15.1282725642558
6.566168559474
10.5007770472206
7.0005977286312
12.6784219964136
8.80430364614465
11.8425582785415
11.9635385534967
7.59725044829647
9.18649133293485
10.3578003586372
13.5335325762104
10.3962940824866
11.3806335923491
7.43777644949193
10.0580992229528
7.77047220561865
26.1979677226539
8.79605499103407
7.56975493126121
8.2406455469217
6.97035265989241
28.6588164973102
6.95660490137478
36.8828451882845
13.4840406455469
8.12791392707711
7.11607890017932
8.73281530185296
11.0699342498506
7.50101613867304
10.080095636581
5.46359832635983
9.14799760908548
7.59175134488942
7.39928272564256
6.28571428571428
9.47244471010161
16.591034070532
8.28738792588165
10.1708308427974
8.69157202630006
9.89037656903766
8.77405857740586
8.17190675433353
8.64208009563658
9.45869695158398
15.9723849372385
14.8533173939032
15.4444710101614
8.44411237298267
6.65140466228332
11.7545726240287
7.6
6.82737597130903
7.53126120741184
8.4688583383144
8.70257023311417
8.53209802749551
18.8346682606097
12.9698744769874
17.9685594739988
8.43861326957561
23.3741781231321
22.2716078900179
9.77214584578601
8.25714285714286
8.13066347878063
10.3193066347878
7.33329348475792
6.46993424985057
7.46252241482367
5.55158398087268
10.8692169754931
11.9855349671249
6.84662283323371
9.3679617453676
7.6
9.69240884638374
9.76664674237896
7.27830245068739
9.79964136282128
11.4081291093843
6.34620442319187
8.71906754333533
9.5329348475792
6.58266586969516
9.69790794979079
13.9569635385535
6.89611476389719
8.59533771667663
9.70340705319785
6.89611476389719
9.43945008965929
9.43945008965929
9.57142857142857
8.6750747160789
9.07650926479378
5.08965929468021
20.2011954572624
12.2439928272564
29.4561864913329
8.25989240884638
5.74405260011955
9.37071129707113
6.13723849372385
13.4317991631799
9.55768081291094
8.40836820083682
15.5984459055589
6.38744769874477
8.99952181709504
7.85295875672445
10.5310221159594
10.3385534967125
12.101016138673
11.4988643156007
11.2239091452481
9.69515839808727
22.2221159593545
9.67041243275553
7.91344889420203
5.71655708308428
7.73197848176928
8.73281530185296
8.28463837417812
7.06108786610879
9.34871488344292
9.63191870890616
13.9707112970711
10.8307232516438
6.76138673042439
10.1680812910938
13.0716078900179
7.14357441721458
6.07949790794979
11.9360430364614
7.4762701733413
12.2027495517035
8.7685594739988
21.6969515839809
5.92827256425583
10.5722653915123
8.06192468619247
6.89336521219366
13.6655110579797
8.30938433950986
9.92887029288703
5.83478780633592
6.35170352659892
8.0344291691572
7.28105200239091
6.53592349073521
8.42761506276151
5.82378959952182
5.92002390914525
9.68690974297669
9.40370591751345
7.24530783024507
6.65690376569038
12.507949790795
10.0498505678422
9.65666467423789
9.5439330543933
7.48451882845189
8.87304243873282
10.1268380155409
26.6406455469217
6.79163179916318
8.99402271368798
9.40095636580992
11.7683203825463
8.97202630005977
15.66168559474
0.0139868499701136
10.4815301852959
16.3160789001793
8.29563658099223
9.37071129707113
6.20322773460849
8.48810520023909
7.45702331141662
8.2818888224746
9.667662881052
9.41745367603108
9.10675433353257
11.5016138673042
10.6382546323969
8.73556485355648
8.77405857740586
8.8400478182905
6.62115959354453
5.15289898386133
13.024865511058
8.27913927077107
8.0756724447101
9.48344291691572
10.0196054991034
8.56234309623431
6.52767483562463
7.12157800358637
14.3611476389719
10.1433353257621
7.19031679617454
8.93628212791393
19.1783622235505
6.8658696951584
5.93102211595935
6.17023311416617
6.79713090257023
7.52576210400478
19.2306037059175
10.9159593544531
20.4898983861327
12.6289300657501
6.98135086670651
8.79605499103407
7.93819485953377
4.56999402271369
8.1581589958159
9.23873281530185
9.8848774656306
6.29671249252839
8.96377764494919
7.24805738194859
57.2211595935445
5.95576808129109
9.75564853556485
6.01075911536162
9.46419605499103
10.4127913927077
8.46060968320383
5.4910938433951
9.2854751942618
11.9497907949791
11.2459055588763
12.0790197250448
10.8719665271967
10.1185893604304
5.46359832635983
9.15899581589958
11.4658696951584
30.4653317393903
11.9745367603108
8.92528392109982
8.34237895995218
12.8488942020323
9.5851763299462
10.4210400478183
10.027854154214
7.78421996413628
5.62032277346085
9.68141063956963
10.9407053197848
7.75122534369396
8.92528392109982
15.6176927674836
5.82104004781829
11.5236102809325
8.54584578601315
5.86503287507472
7.9519426180514
8.11416616855947
5.61207411835027
9.8738792588165
7.20956365809922
8.20490137477585
13.8772265391512
7.18481769276748
10.8362223550508
12.8433950986252
9.54943215780036
7.67148834429169
10.1130902570233
8.62283323371189
16.1895995218171
8.32038254632397
8.4578601315003
10.5942618051405
7.82546323968918
11.06168559474
7.83096234309623
5.93377166766288
10.0828451882845
5.83478780633592
12.5409444112373
8.0756724447101
11.9277943813509
6.89611476389719
11.3888822474597
27.4435146443515
12.7581589958159
17.1821876867902
5.66431560071727
5.39485953377167
10.8994620442319
12.8818888224746
9.01326957561267
5.82653915122534
13.4098027495517
7.87495517035266
7.17106993424985
7.96569037656904
8.70531978481769
6.03550508069336
13.5362821279139
14.2181709503885
8.63933054393305
5.35086670651524
5.08690974297669
7.13807531380753
11.7600717274357
13.5610280932457
9.18374178123132
12.8626419605499
7.81996413628213
8.03717872086073
3.96234309623431
8.68607292289301
7.26730424387328
11.421876867902
6.92910938433951
9.6264196054991
80.0783024506874
11.1524208009564
6.90161386730424
9.69790794979079
17.0392109982068
14.3996413628213
15.1090257023311
7.81171548117155
15.2987447698745
11.0039450089659
12.7086670651524
6.09324566646742
5.01267184698147
6.9593544530783
7.02809324566647
9.59617453676031
12.5052002390915
6.1839808726838
9.615421398685
12.0322773460849
10.3660490137478
9.42845188284519
10.1763299462044
7.06658696951584
8.68057381948595
5.54608487746563
23.3989240884638
14.006455469217
6.32695756126718
12.6454273759713
8.5925881649731
13.1870890615661
4.99617453676031
5.48559473998804
10.9407053197848
10.2285714285714
11.1469216975493
11.1166766288105
11.5208607292289
8.75206216377764
9.26072922893007
6.62390914524806
9.73640167364017
12.2549910340705
8.90328750747161
7.01434548714883
11.8425582785415
15.144769874477
5.02916915720263
11.2376569037657
5.98051404662283
29.4424387328153
14.6168559473999
9.90137477585176
5.90902570233114
9.15899581589958
7.47901972504483
9.23873281530185
10.2148236700538
13.7122534369396
12.2604901374776
12.1037656903766
10.0526001195457
6.69264793783622
9.39270771069934
7.18481769276748
8.06742378959952
9.03526598924088
9.67866108786611
6.72014345487149
11.729826658697
9.75564853556485
12.5381948595338
12.4282127913927
32.5660490137478
10.0498505678422
7.67148834429169
7.90794979079498
14.6306037059175
14.0999402271369
33.6960549910341
17.7210998206814
13.0991034070532
21.6337118947998
8.09491930663479
13.6435146443515
10.6410041841004
11.5126120741183
9.94811715481171
12.1257621040048
10.8747160789002
9.73915122534369
11.6418410041841
0.0359832635983264
10.2038254632397
7.07483562462642
5.82104004781829
6.62940824865511
7.80071727435744
7.60549910340705
9.2854751942618
10.8637178720861
9.87112970711297
9.35421398684997
5.33161984459055
8.39187089061566
15.5984459055589
10.7372384937238
9.90687387925882
9.61817095038852
9.81613867304244
6.53042438732815
8.94178123132098
10.9682008368201
11.218410041841
7.50651524208009
10.0443514644351
1.93867304243873
9.78314405260012
7.56700537955768
7.96569037656904
10.0058577405858
6.03275552898984
9.59342498505678
9.86563060370592
9.49444112372982
16.6157800358637
9.00502092050209
11.8838015540944
16.2885833831441
31.9692169754931
12.8598924088464
10.1818290496115
4.44076509264794
12.1395098625224
8.57609085475194
11.2679019725045
6.47818290496115
6.42869097429767
14.9660490137478
8.10316796174537
6.36270173341303
57.5977286312014
7.06383741781231
7.6824865511058
11.4851165570831
7.8172145845786
10.0471010161387
10.4760310818888
34.4644351464435
10.1680812910938
15.8074118350269
8.98852361028093
7.96019127316198
13.442797369994
7.15182307232516
7.27555289898386
9.55768081291094
8.64482964734011
10.44578601315
6.2252241482367
9.87937836222355
15.8156604901375
7.79246861924686
15.3509862522415
6.02725642558278
9.01052002390914
8.16090854751942
7.83096234309623
10.7289898386133
19.0216377764495
28.4993424985057
8.16915720263001
9.00227136879856
12.2769874476987
11.4136282127914
10.9297071129707
8.49360430364614
8.73831440526001
12.0130304841602
10.7372384937238
6.55242080095637
9.16724447101016
3.44267782426778
9.5329348475792
8.80430364614465
7.98768679019725
11.479617453676
10.9517035265989
10.0690974297669
8.69157202630006
9.99485953377167
11.6225941422594
