3.28870292887029
5.48284518828452
6.18947997609085
4.46276150627615
6.24722056186491
6.49468021518231
5.89527794381351
0.066228332337119
7.49276748356246
16.0246264196055
6.61291093843395
4.66347878063359
5.75505080693365
9.3569635385535
2.82952779438135
8.27364016736402
4.24829647340108
3.30794979079498
5.09515839808727
5.75780035863718
4.86969515839809
19.436820083682
9.15624626419605
5.35086670651524
5.50484160191273
6.07949790794979
8.20765092647938
5.70005977286312
6.9071129707113
5.07591153616258
4.37202630005977
6.7833831440526
5.62032277346085
7.79521817095039
11.7380753138075
7.64674237895995
6.33795576808129
5.57083084279737
7.17106993424985
8.60908547519426
8.13341303048416
8.54309623430962
8.40836820083682
10.5090257023311
6.75588762701733
8.58433950986252
4.05582785415421
6.7833831440526
13.9239689181112
8.85379557680813
4.52050209205021
10.283562462642
8.83179916317992
8.2516437537358
3.87985654512851
18.3892408846384
6.51392707710699
4.38852361028093
4.82845188284519
5.95026897788404
10.1405857740586
9.00777047220562
6.26921697549313
2.98350268977884
9.32396891811118
4.18505678421996
6.42319187089061
3.22821279139271
5.91452480573819
7.00884638374178
9.57692767483562
5.81004184100418
8.10041841004184
5.05391512253437
5.59007770472205
9.36246264196055
7.47901972504483
4.50125523012552
6.95385534967125
4.43526598924088
4.48475791990436
6.70639569635386
3.69013747758518
3.32994620442319
4.96592946802152
9.27722653915122
6.47818290496115
3.6928870292887
6.77238493723849
7.02534369396294
7.45977286312014
5.68356246264196
6.46718469814704
2.81028093245666
4.87519426180514
8.20490137477585
3.01649731022116
3.75337716676629
4.67722653915123
2.59856545128512
6.0904961147639
7.16007172743574
15.3922295277944
6.04100418410042
4.48200836820084
4.78995815899582
4.98792588164973
8.4688583383144
7.49001793185893
6.81912731619845
6.53867304243873
5.93377166766288
4.35277943813509
10.1350866706515
5.60657501494321
5.04291691572026
9.29372384937238
6.82737597130903
5.77154811715481
5.55983263598326
5.56258218768679
5.59282725642558
5.36186491332935
7.96019127316198
6.62390914524806
4.69922295277944
6.78888224745965
5.69456066945607
5.39485953377167
5.35636580992229
2.67005379557681
5.22988643156007
6.46718469814704
5.09515839808727
6.67065152420801
5.48009563658099
5.76879856545128
5.2326359832636
9.26347878063359
6.9593544530783
3.23646144650329
0.101972504482965
5.65606694560669
3.45367603108189
18.5899581589958
7.53676031081889
3.86610878661088
5.4608487746563
4.49025702331142
9.37895995218171
7.45152420800956
8.66682606096832
11.1551703526599
6.84112372982666
4.49025702331142
10.5777644949193
5.14739988045427
3.39593544530783
3.46742378959952
7.24805738194859
8.116915720263
4.84769874476987
3.96509264793784
3.88260609683204
5.30412432755529
5.30137477585176
4.28953974895397
6.65415421398685
5.15289898386133
5.90902570233114
4.12456664674238
9.31297071129707
6.83287507471608
47.3586371787209
8.10866706515242
4.66897788404065
3.96234309623431
6.33245666467424
3.48117154811715
4.01458457860131
3.38768679019725
5.97501494321578
4.58099222952779
8.99127316198446
3.60215182307232
4.033831440526
5.52408846383742
3.35744172145846
4.14106395696354
9.51918708906157
7.31954572624029
8.40286909742977
5.23538553496712
9.50268977884041
6.15923490735206
6.28296473401076
4.35002988643156
11.5346084877466
8.38087268380155
7.81446503287507
5.40035863717872
6.68714883442917
5.43610280932457
4.89444112372983
5.01267184698147
13.1925881649731
6.94010759115362
7.52851165570831
7.70998206814106
5.8320382546324
5.55433353257621
6.06300059772863
16.382068141064
4.38577405857741
7.45152420800956
6.84662283323371
7.51201434548715
8.02068141063957
4.41326957561267
4.73771667662881
6.51667662881052
5.94476987447699
6.07124925283921
4.25929468021518
7.49551703526599
5.74130304841602
4.7982068141064
6.54142259414226
3.78087268380155
7.37178720860729
9.32946802151823
9.97011356843993
4.81195457262403
4.50675433353258
6.76138673042439
4.20430364614465
5.52683801554094
6.93460848774656
7.1243275552899
7.26455469216975
7.72647937836222
9.89862522414824
3.90460251046025
4.07782426778243
7.1765690376569
6.23897190675433
8.95002988643156
6.82187686790197
8.28463837417812
8.00418410041841
5.68081291093843
3.63239689181112
6.89061566049014
4.81745367603108
5.59007770472205
6.79438135086671
6.34345487148834
7.65224148236701
5.19414225941422
6.41494321578004
7.80071727435744
5.584578601315
6.50292887029289
4.58649133293485
8.44136282127914
3.72038254632397
4.56999402271369
10.2120741183503
7.77322175732218
6.33245666467424
5.45534967124925
8.58983861326957
3.37668858338314
10.9077106993425
5.33986849970113
4.74596533173939
3.77262402869097
5.45534967124925
5.11440526001195
4.80370591751345
5.03191870890616
6.35720263000598
5.89252839210998
5.9255230125523
10.2120741183503
7.66323968918111
5.99151225343694
6.14823670053795
14.5673640167364
5.48559473998804
5.25188284518828
6.88236700537956
3.03574417214585
8.32863120143455
16.079617453676
8.40561864913329
4.54524805738195
4.58924088463837
3.57465630603706
2.73879258816497
7.62474596533174
4.47375971309026
0.220203227734608
5.04841601912732
3.78912133891213
6.12349073520622
4.34728033472803
9.1919904363419
13.6132695756127
5.94202032277346
6.99234907352062
14.319904363419
6.24172145845786
5.8732815301853
5.86778242677824
7.53126120741184
23.9075911536163
7.64949193066348
5.13090257023311
5.19964136282128
6.06575014943216
6.11799163179916
4.54524805738195
3.56640765092648
5.51034070531978
4.59473998804543
4.31978481769277
6.9181111775254
3.10723251643754
6.96485355648536
4.08607292289301
4.6744769874477
5.4608487746563
6.53317393903168
5.7083084279737
4.35552898983861
3.65439330543933
5.03741781231321
7.39653317393903
3.80561864913329
4.77621040047818
5.87603108188882
5.71930663478781
6.52767483562463
10.9791990436342
3.54716078900179
5.42235505080693
8.70531978481769
5.39210998206814
5.37561267184698
6.58266586969516
3.5994022713688
9.55493126120741
4.71297071129707
4.25929468021518
5.8320382546324
4.6332337118948
5.79629408248655
4.69372384937238
6.90161386730424
5.60932456664674
5.73855349671249
7.40753138075314
9.26072922893007
3.87435744172146
8.48535564853556
5.21888822474596
6.00526001195457
24.3337716676629
4.91918708906157
7.92719665271967
5.11990436341901
4.90268977884041
2.60956365809922
3.92384937238494
4.38302450687388
4.61673640167364
8.14441123729827
4.63048416019127
5.01817095038852
5.84578601315003
10.5530185295876
6.12074118350269
10.3742976688583
26.9156007172744
7.01984459055589
5.73030484160191
6.47818290496115
4.2400478182905
9.37895995218171
6.90986252241482
6.07674835624626
8.8098027495517
4.80095636580992
4.38577405857741
2.56832038254632
6.14548714883443
5.1089061566049
6.12624028690974
8.41936640765092
5.96401673640167
4.68272564255828
6.36820083682008
3.86335923490735
4.87794381350867
4.35827854154214
7.16282127913927
5.91177525403467
4.90268977884041
17.5973699940227
6.39844590555888
9.03251643753736
4.79270771069934
13.7727435744172
8.00968320382546
3.15122534369396
4.82020322773461
4.7569635385535
7.85295875672445
4.03108188882247
7.51201434548715
6.69814704124327
4.98242677824268
4.84769874476987
6.30221159593544
12.978123132098
7.42677824267782
5.93652121936641
3.94584578601315
5.71930663478781
4.21805140466228
4.99067543335326
3.19796772265391
3.52516437537358
4.72946802151823
5.25463239689181
8.45236102809324
6.12074118350269
5.7907949790795
4.4572624028691
5.41135684399283
12.5986849970114
6.5249252839211
5.79354453078302
6.58816497310221
9.59342498505678
6.57991631799163
4.12456664674238
5.38386132695756
7.76772265391512
6.98135086670651
11.0341900777047
5.29312612074118
5.51309025702331
14.1604303646145
3.30794979079498
5.09515839808727
6.74488942020323
7.49276748356246
6.59916317991632
6.27471607890018
2.88726838015541
6.16473401075911
6.97310221159593
5.07316198445906
6.26921697549313
8.64208009563658
7.5175134488942
6.33245666467424
6.63215780035864
3.27495517035266
3.57740585774059
4.05582785415421
9.48344291691572
2.49683203825463
3.58565451285117
2.90926479378362
28.3481171548117
7.81171548117155
6.89611476389719
9.05176329946204
3.02474596533174
4.81745367603108
5.25188284518828
5.08416019127316
4.70197250448296
4.61673640167364
7.40203227734608
5.28212791392708
5.31787208607292
5.55433353257621
9.1095038852361
7.52026300059773
5.96126718469815
9.73640167364017
4.07232516437537
3.68738792588165
4.4682606096832
10.0635983263598
6.9483562462642
22.0873879258817
11.1414225941423
7.28105200239091
4.46276150627615
6.6898983861327
4.53150029886431
3.44542737597131
5.70555887627017
5.16389719067543
4.22630005977286
5.86778242677824
12.5381948595338
5.42235505080693
6.4011954572624
8.00968320382546
4.05032875074716
5.72205618649133
5.13640167364017
8.93903167961745
7.56425582785415
5.54608487746563
8.27364016736402
3.55540944411237
7.39653317393903
4.1988045427376
5.29862522414824
14.5068738792588
7.62474596533174
5.78804542737597
4.94118350268978
4.92468619246862
6.78063359234907
4.4572624028691
6.01350866706515
6.32145845786013
7.29754931261207
5.84853556485356
3.33819485953377
6.6596533173939
9.86013150029886
3.45642558278542
5.09515839808727
4.56999402271369
5.1913927077107
5.41685594739988
4.35002988643156
12.978123132098
4.04757919904363
7.083084279737
15.4554692169755
3.52791392707711
32.4778840406455
7.1243275552899
4.56999402271369
5.94202032277346
9.70340705319785
6.07949790794979
7.22606096832038
5.73305439330544
7.33604303646145
4.78720860729229
5.584578601315
6.29121338912134
16.23084279737
6.51392707710699
6.41769276748356
4.67997609085475
4.14931261207412
4.30053795576808
3.37943813508667
5.2326359832636
5.30687387925882
4.10531978481769
5.00167364016736
9.44494919306635
15.9146443514644
6.06300059772863
4.48200836820084
9.42020322773461
3.61864913329348
5.41410639569635
7.24530783024507
9.45319784817693
8.14716078900179
4.5919904363419
6.4424387328153
4.50675433353258
6.15373580394501
5.4498505678422
4.78445905558876
8.05917513448894
5.60382546323969
5.82928870292887
4.55899581589958
9.57692767483562
7.71548117154812
58.4584578601315
4.74871488344292
8.18290496114764
6.09324566646742
3.70113568439928
4.44901374775852
7.14632396891811
2.88176927674836
5.02916915720263
11.1991631799163
6.86037059175134
4.14656306037059
6.52217573221757
5.43885236102809
5.84853556485356
6.54967124925284
6.23072325164375
7.92994620442319
5.39485953377167
5.13640167364017
5.79354453078302
8.2516437537358
6.74488942020323
7.00884638374178
5.55158398087268
6.01625821876868
6.60466228332337
12.15325762104
5.18314405260012
5.82653915122534
8.31488344291691
7.84471010161387
14.3473998804543
8.32588164973102
6.59641362821279
6.17848176927675
6.61291093843395
7.23705917513449
2.95600717274357
6.52767483562463
5.55433353257621
4.70747160789002
12.2549910340705
6.78613269575613
5.04841601912732
4.90268977884041
4.77895995218171
12.1450089659295
6.33795576808129
6.24172145845786
5.09240884638374
9.28822474596533
5.70555887627017
4.28129109384339
9.35971309025702
5.86503287507472
4.72946802151823
4.11356843992827
8.05367603108189
7.6412432755529
16.6377764494919
6.2252241482367
6.07124925283921
6.78063359234907
6.06300059772863
4.66072922893007
7.22331141661686
6.27196652719665
4.01733413030484
5.44160191273162
3.82761506276151
9.81063956963538
18.1060370591751
4.47101016138673
9.54668260609683
4.73221757322176
3.86060968320383
7.24255827854154
6.06575014943216
4.65523012552301
7.11057979677226
3.87160789001793
4.71022115959354
8.42486551105798
5.35086670651524
4.9851763299462
6.2252241482367
5.70280932456665
4.43801554094441
8.07017334130305
5.73580394500897
8.45511057979677
6.45068738792588
3.79187089061566
12.5739390316796
4.86969515839809
7.38828451882845
7.38828451882845
8.13066347878063
10.1103407053198
5.80454273759713
6.83287507471608
7.6
6.50567842199641
6.48918111177525
4.50675433353258
8.26539151225344
3.14022713687986
4.81745367603108
8.53209802749551
5.77429766885834
5.44710101613867
7.81171548117155
5.61757322175732
6.25821876867902
4.45176329946204
6.57991631799163
3.92659892408846
4.69372384937238
4.88894202032277
7.87770472205619
7.23430962343096
8.81530185295876
3.63789599521817
6.21697549312612
8.57609085475194
7.80346682606097
23.4291691572026
5.97776449491931
4.83395098625224
4.9851763299462
3.20621637776449
13.3768081291094
4.63598326359833
8.88953974895397
4.03933054393305
8.18840406455469
5.63956963538553
7.19856545128512
4.57549312612074
4.59748953974895
5.52133891213389
7.45977286312014
2.71954572624029
8.22964734010759
5.95301852958757
6.21697549312612
6.16198445905559
9.46419605499103
3.13747758517633
14.8340705319785
0.266945606694561
8.19115361625822
10.6630005977286
4.92468619246862
5.69181111775254
5.4608487746563
6.51392707710699
4.34453078302451
4.19605499103407
3.56365809922295
5.1913927077107
4.71297071129707
14.6553496712493
5.42235505080693
3.20896592946802
12.8846383741781
5.05391512253437
6.11524208009564
5.90352659892409
5.30137477585176
6.42594142259414
10.7344889420203
21.4247459653317
6.97310221159593
6.43968918111177
18.4414823670054
7.41852958756724
5.16664674237896
9.60167364016736
5.13365212193664
5.02367005379558
7.31129707112971
6.31595935445308
7.79521817095039
4.59748953974895
6.87411835026898
5.16939629408249
4.32803347280335
5.35911536162582
6.36270173341303
5.59557680812911
4.99342498505678
4.1163179916318
5.49384339509862
4.35827854154214
3.65989240884638
6.83287507471608
4.60298864315601
8.60083682008368
55.6951583980873
5.86228332337119
7.38828451882845
5.56808129109384
7.91619844590556
8.71356843992827
7.95469216975493
13.0358637178721
3.52791392707711
3.47017334130305
5.93102211595935
13.38505678422
6.32420800956366
5.59832635983263
3.53891213389121
9.38720860729229
6.86861924686192
4.07232516437537
6.26371787208607
7.35803945008966
5.24638374178123
7.45152420800956
6.5771667662881
6.99784817692767
12.4007172743574
8.2516437537358
5.85128511655708
9.43945008965929
8.93078302450687
9.90137477585176
4.12731619844591
5.4086072922893
9.14249850567842
5.13365212193664
7.80896592946802
4.78720860729229
4.91918708906157
4.47650926479378
9.20023909145248
7.3937836222355
4.94118350268978
6.51942618051405
6.19497907949791
4.06682606096832
4.76521219366408
5.91452480573819
6.39569635385535
3.54441123729827
8.94728033472803
4.51225343693963
7.66598924088464
3.48117154811715
5.57907949790795
17.0227136879857
5.32062163777645
5.47184698147041
11.0231918708906
10.2395696353855
4.96043036461446
4.75421398684997
4.05857740585774
5.2848774656306
4.66897788404065
4.59473998804543
7.3937836222355
2.51607890017932
3.89085475194262
5.05941422594142
3.67913927077107
6.88786610878661
4.91643753735804
6.19772863120143
8.38087268380155
6.72564255827854
6.21147638971907
4.92468619246862
8.99677226539151
8.7163179916318
3.97334130304842
3.67364016736402
4.90543933054393
6.25271966527197
7.41578003586372
19.5797967722654
3.8688583383144
6.96760310818888
13.0688583383144
4.39677226539151
7.89420203227735
6.566168559474
5.42235505080693
2.91201434548715
2.67005379557681
6.48918111177525
24.6499701135684
31.6640765092648
5.34261805140466
6.32970711297071
17.2564255827854
4.39402271368799
6.51117752540347
6.60191273161984
8.06742378959952
11.1469216975493
4.73771667662881
5.11990436341901
6.37919904363419
5.07316198445906
4.07782426778243
7.81996413628213
4.33628212791393
4.76521219366408
12.3979677226539
3.58290496114764
4.87244471010161
4.80095636580992
6.92361028093246
5.62307232516438
5.07041243275553
5.99151225343694
6.92910938433951
4.42976688583383
4.57549312612074
4.96867901972504
6.26096832038255
10.5337716676629
4.22080095636581
5.93377166766288
4.83120143454871
3.6406455469217
6.73939031679617
6.05475194261805
6.97035265989241
8.85929468021518
19.588045427376
10.0086072922893
10.0553496712493
4.64698147041243
12.5931858936043
6.22797369994023
7.2178123132098
3.29145248057382
5.70555887627017
4.31428571428571
5.66431560071727
8.00968320382546
11.5538553496712
4.96592946802152
4.62773460848775
6.86312014345487
6.67615062761506
9.42020322773461
5.16389719067543
8.72731619844591
6.01075911536162
4.74321578003586
5.21063956963539
4.6332337118948
3.36294082486551
5.63407053197848
7.06383741781231
8.18015540944411
5.067662881052
10.7069934249851
12.8351464435146
5.29312612074118
5.87603108188882
5.48009563658099
4.53150029886431
6.42594142259414
3.97884040645547
5.90627615062761
10.7592349073521
7.14082486551106
8.03717872086073
3.03299462044232
3.48392109982068
5.46909742976688
2.32910938433951
5.21888822474596
4.9329348475792
4.25929468021518
5.63407053197848
5.87603108188882
6.21422594142259
9.72540346682606
4.13556485355648
4.54524805738195
4.10531978481769
4.83670053795577
6.3187089061566
4.67997609085475
6.32970711297071
6.91261207411835
4.38577405857741
9.18374178123132
5.49384339509862
6.34620442319187
4.64973102211596
6.13998804542738
2.54632396891811
6.24447101016139
3.97334130304842
4.91368798565451
5.76879856545128
5.48559473998804
4.46551105797968
7.4240286909743
8.00143454871488
5.3673640167364
9.82438732815302
7.39928272564256
2.98075313807531
5.0264196054991
4.18505678421996
6.18123132098027
6.43693962940825
3.41243275552899
4.44351464435146
4.74871488344292
5.31787208607292
4.86144650328751
4.1685594739988
4.69372384937238
17.0722056186491
3.97059175134489
4.06132695756127
7.52851165570831
13.0551105797968
7.32229527794381
3.2172145845786
7.56975493126121
5.39210998206814
6.2252241482367
9.21948595337716
4.90818888224746
7.69623430962343
11.2101613867304
5.85678421996414
8.26539151225344
6.43419007770472
5.39210998206814
3.03849372384937
6.52767483562463
9.62367005379558
5.27112970711297
6.34070531978482
3.52791392707711
5.38936043036461
10.1955768081291
4.26204423191871
8.75481171548117
4.42151823072325
6.07674835624626
8.48260609683204
5.04566646742379
10.9901972504483
5.21613867304244
6.84112372982666
5.42510460251046
29.8658099222953
3.90185295875672
7.41578003586372
5.19689181111775
9.27172743574417
5.07866108786611
4.60848774656306
7.89145248057382
5.33161984459055
5.51034070531978
5.99151225343694
4.85594739988045
5.78529587567244
4.50125523012552
5.37836222355051
3.24745965331739
7.11057979677226
9.17824267782427
6.25271966527197
7.5587567244471
8.59533771667663
4.36652719665272
11.3503885236103
7.54775851763299
17.3361625821877
5.28762701733413
5.26013150029886
6.13998804542738
5.86503287507472
5.51309025702331
5.68631201434549
5.4910938433951
5.27937836222355
4.53150029886431
6.58541542139868
7.15732217573222
6.09874476987448
4.96317991631799
4.65248057381948
8.02618051404662
8.18840406455469
5.07041243275553
10.3028093245666
7.37453676031082
5.24088463837418
6.06575014943216
4.51225343693963
4.03658099222953
6.41494321578004
6.42044231918709
5.91452480573819
10.8747160789002
5.14190077704722
4.40777047220562
6.70364614465033
4.46001195457262
6.8768679019725
11.9195457262403
7.03359234907352
8.49635385534967
5.38661087866109
3.67364016736402
5.94476987447699
5.96951583980873
4.18230723251644
4.13281530185296
5.38386132695756
5.93377166766288
6.91261207411835
5.71380753138075
4.6332337118948
6.26096832038255
4.29503885236103
4.30878661087866
9.3679617453676
10.2285714285714
4.19330543933054
6.3077106993425
6.02175732217573
6.04650328750747
4.06407650926479
3.61315002988643
5.59832635983263
7.8584578601315
5.84028690974298
6.35445307830245
3.83586371787209
11.9745367603108
3.81936640765093
5.93652121936641
4.83945008965929
4.05582785415421
14.1246861924686
4.08057381948595
5.98326359832636
5.88977884040645
6.92361028093246
4.88069336521219
19.2828451882845
6.60466228332337
11.7765690376569
6.80812910938434
4.02283323371189
10.7124925283921
5.47459653317394
7.14082486551106
5.78529587567244
6.61291093843395
5.28762701733413
9.97561267184698
6.38744769874477
7.20406455469217
6.12349073520622
5.43885236102809
9.1919904363419
11.1964136282128
5.42785415421399
7.80346682606097
4.60298864315601
5.51034070531978
7.135325762104
6.33520621637776
5.51583980872684
4.89994022713688
3.31619844590556
7.23156007172743
5.77154811715481
9.77489539748954
4.18780633592349
7.04734010759115
6.54967124925284
7.06933652121937
7.1655708308428
5.37286312014345
3.6818888224746
4.39677226539151
5.16389719067543
5.43610280932457
7.76772265391512
6.12624028690974
19.5742976688583
5.93927077106993
5.99976090854752
4.78720860729229
0.0579796772265391
7.96019127316198
9.15899581589958
5.64506873879259
6.34620442319187
5.11990436341901
6.42319187089061
6.58266586969516
4.45451285116557
4.82020322773461
11.5071129707113
4.28129109384339
4.71022115959354
4.6332337118948
5.0566646742379
4.42151823072325
10.852719665272
3.48392109982068
8.34237895995218
14.0257023311417
3.5581589958159
4.9329348475792
3.86610878661088
5.41685594739988
10.2863120143455
7.26730424387328
7.51476389719067
4.77346084877466
5.08965929468021
6.18947997609085
9.94536760310819
5.29312612074118
4.08607292289301
7.3937836222355
6.3187089061566
5.20789001793186
6.6898983861327
4.88619246861925
8.12241482367005
7.19031679617454
6.16473401075911
5.28762701733413
6.54967124925284
8.03992827256426
3.74512851165571
5.16389719067543
5.48009563658099
7.82546323968918
9.99210998206814
3.86610878661088
9.12050209205021
7.47352062163778
6.56066945606694
7.90245068738793
3.37668858338314
4.84494919306635
4.75146443514644
6.1427375971309
4.6442319187089
9.22223550508069
6.63215780035864
4.06682606096832
4.94118350268978
4.43251643753736
3.97884040645547
7.2068141063957
4.6744769874477
6.76963538553497
3.31344889420203
5.24638374178123
5.66156604901375
3.87985654512851
6.38744769874477
5.13090257023311
9.44494919306635
4.92193664076509
5.97226539151225
7.67423789599522
6.36820083682008
31.9611476389719
6.94560669456067
10.1240884638374
6.15923490735206
8.82630005977286
7.30304841601913
4.74321578003586
5.85403466826061
6.8246264196055
3.22271368798565
4.90268977884041
9.48344291691572
6.34070531978482
5.4910938433951
8.53759713090257
2.94500896592947
5.96401673640167
10.0814704124328
23.4456664674238
4.35827854154214
6.62115959354453
4.80370591751345
5.94751942618051
5.66156604901375
5.21063956963539
5.67531380753138
4.4270173341303
11.5153616258219
4.18505678421996
4.62223550508069
3.07148834429169
3.9774656306037
6.37919904363419
10.4237895995218
7.49826658696952
7.97943813508667
9.0572624028691
7.75122534369396
4.81195457262403
4.97967722653915
4.77621040047818
7.3415421398685
5.01817095038852
3.03299462044232
9.67041243275553
7.72647937836222
8.4991034070532
8.01793185893604
5.89802749551704
5.07866108786611
5.0566646742379
4.83945008965929
3.7231320980275
6.29121338912134
5.33161984459055
5.24913329348476
8.46610878661088
5.04291691572026
4.09707112970711
5.44160191273162
4.51500298864315
8.16090854751942
4.45176329946204
8.36712492528392
4.30053795576808
4.03108188882247
4.71846981470412
4.58649133293485
5.45809922295278
4.01458457860131
8.29013747758518
7.30304841601913
4.14381350866706
6.23622235505081
4.70197250448296
4.95768081291094
7.55050806933652
4.7569635385535
19.0903765690377
7.72098027495517
6.17023311416617
5.73580394500897
4.13831440526001
10.0361028093246
5.80729228930066
5.05391512253437
4.49300657501494
5.86503287507472
7.17106993424985
14.2511655708308
6.92361028093246
7.48176927674836
4.42976688583383
4.83670053795577
3.44817692767484
3.89085475194262
4.78445905558876
7.75672444710102
4.73496712492528
4.7679617453676
6.38744769874477
5.86503287507472
7.2068141063957
3.54166168559474
16.3133293484758
4.26479378362224
3.33544530783024
4.67722653915123
4.033831440526
7.57250448296473
7.23980872683802
5.66156604901375
8.32038254632397
3.46467423789599
5.80729228930066
9.45869695158398
4.59748953974895
4.33903167961745
3.15672444710102
3.981589958159
21.4054991034071
8.08392109982068
6.06575014943216
10.544769874477
9.58242677824268
7.23705917513449
4.5919904363419
4.40502092050209
4.5095038852361
4.24554692169755
4.1575612671847
11.0259414225941
5.92277346084877
8.46335923490735
6.46168559473999
6.31046025104602
6.57166766288105
5.36461446503287
5.43335325762104
9.3569635385535
7.94369396294082
6.2252241482367
16.236341900777
4.98242677824268
5.2023909145248
5.59007770472205
4.93018529587567
5.59557680812911
7.9931858936043
4.50125523012552
41.2928870292887
4.20705319784818
4.75146443514644
3.24471010161387
6.46993424985057
4.56724447101016
7.31954572624029
4.45176329946204
6.89886431560072
6.74763897190675
2.33735803945009
4.25379557680813
6.28021518230723
3.77812313209803
4.02833233711895
5.47734608487746
7.28105200239091
3.70388523610281
6.06849970113568
5.95301852958757
4.04482964734011
3.88260609683204
6.03000597728631
5.08965929468021
5.30687387925882
8.40836820083682
8.21315002988643
5.28762701733413
8.08667065152421
4.27029288702929
4.65248057381948
6.76963538553497
8.86754333532576
7.66323968918111
8.09766885833831
5.35086670651524
6.19772863120143
4.76521219366408
5.58182904961148
6.02450687387926
8.81530185295876
11.1331739390317
7.67698744769874
5.51309025702331
4.27029288702929
3.15122534369396
35.1506276150628
6.38744769874477
4.05582785415421
8.82904961147639
4.41876867901972
7.01159593544531
5.89802749551704
5.99426180514047
6.0602510460251
5.13090257023311
7.88870292887029
7.82271368798565
6.03275552898984
7.31679617453676
7.50101613867304
5.48009563658099
9.39820681410639
5.76329946204423
8.82630005977286
5.37561267184698
5.25188284518828
7.47352062163778
6.98684997011357
3.72588164973102
3.84961147638972
4.54249850567842
6.05750149432158
5.26838015540944
5.51034070531978
4.30878661087866
8.9335325762104
6.43968918111177
2.67005379557681
5.56258218768679
19.4093245666467
6.76138673042439
3.8688583383144
10.7839808726838
11.8838015540944
4.7267184698147
4.75146443514644
6.83837417812313
7.22606096832038
8.08942020322773
5.77429766885834
6.70364614465033
16.3463239689181
9.57692767483562
8.13341303048416
3.39868499701136
4.6332337118948
6.05475194261805
3.79462044231919
4.59748953974895
8.33138075313807
6.91536162582188
4.03933054393305
7.55600717274357
6.29671249252839
10.3907949790795
6.79438135086671
5.97501494321578
4.1988045427376
11.01494321578
6.18123132098027
7.94644351464435
9.40645546921698
7.64674237895995
5.82653915122534
6.48918111177525
9.76389719067543
7.35803945008966
3.17322175732218
6.7421398684997
6.38469814704124
5.07866108786611
5.33436939629408
5.07316198445906
20.5366407650926
21.3120143454871
0.371428571428571
5.18314405260012
9.06001195457262
7.51201434548715
8.64482964734011
2.89551703526599
6.46443514644351
5.56808129109384
5.22988643156007
31.8786610878661
7.81446503287507
11.3833831440526
4.83945008965929
6.59916317991632
7.08583383144053
3.73687985654513
7.89145248057382
7.30304841601913
4.41876867901972
10.5365212193664
6.94010759115362
7.15732217573222
6.62115959354453
4.70472205618649
6.74763897190675
9.80514046622833
5.61207411835027
7.28380155409444
44.3780633592349
10.3715481171548
6.50292887029289
5.6258218768679
3.97884040645547
3.85511057979677
4.94943215780036
5.30137477585176
6.10974297668858
3.49491930663479
4.61948595337717
3.87985654512851
4.99342498505678
5.63682008368201
4.64698147041243
7.40753138075314
4.07232516437537
8.23514644351464
5.92277346084877
5.24913329348476
5.90627615062761
3.92109982068141
7.90245068738793
13.0936043036461
4.80645546921698
4.63048416019127
6.49468021518231
3.41793185893604
4.17405857740586
5.39210998206814
6.85212193664076
17.572624028691
6.73389121338912
5.19964136282128
7.10783024506874
3.32444710101614
6.20872683801554
5.2436341900777
6.45618649133293
4.31978481769277
5.62032277346085
10.5997609085475
11.1084279736999
5.52133891213389
12.3677226539151
3.95959354453078
7.49001793185893
5.90352659892409
4.87244471010161
5.75230125523012
5.08965929468021
6.67340107591154
4.80370591751345
9.33496712492528
6.4836820083682
4.72946802151823
5.83478780633592
5.47459653317394
7.47352062163778
6.76688583383144
6.16748356246264
4.5919904363419
3.75887627017334
5.92277346084877
2.46658696951584
6.85212193664076
5.81004184100418
5.49384339509862
6.55791990436342
5.88153018529587
6.08224745965332
4.28404064554692
3.12647937836222
14.2896592946802
5.29587567244471
6.98959952181709
4.46001195457262
3.66264196054991
2.23012552301255
4.49025702331142
5.3673640167364
19.698027495517
6.03825463239689
4.28679019725045
5.93377166766288
2.86252241482367
6.45068738792588
6.34345487148834
4.90543933054393
5.68906156604901
5.50759115361626
5.19414225941422
5.53508667065152
11.8150627615063
5.5735803945009
6.50567842199641
7.05833831440526
5.4086072922893
8.09216975493126
5.83753735803945
4.00083682008368
4.28129109384339
7.61374775851763
6.24447101016139
10.3825463239689
5.17764494919307
4.1685594739988
6.57991631799163
5.24913329348476
5.73030484160191
5.26838015540944
7.33604303646145
8.75481171548117
3.92934847579199
5.78254632396892
7.22881052002391
5.81279139270771
3.20621637776449
16.8824865511058
13.5335325762104
6.3489539748954
7.64949193066348
4.58649133293485
8.31213389121339
5.67256425582785
4.40502092050209
6.90986252241482
10.7207411835027
10.335803945009
4.5919904363419
3.76987447698745
3.36294082486551
17.3251643753736
6.09324566646742
6.65140466228332
5.15289898386133
8.03167961745368
6.53317393903168
7.14082486551106
7.87495517035266
5.84028690974298
7.07758517632995
7.95469216975493
10.5860131500299
6.1317393903168
4.66347878063359
2.96975493126121
8.633831440526
5.41685594739988
11.3531380753138
4.10257023311417
6.55242080095637
8.2818888224746
3.60490137477585
7.61374775851763
3.39043634190078
3.58015540944411
5.01267184698147
4.42151823072325
3.84686192468619
5.89527794381351
4.53424985056784
4.12456664674238
23.2696951583981
5.62032277346085
5.05116557083084
6.07674835624626
6.07949790794979
4.74321578003586
5.27112970711297
5.67256425582785
6.70639569635386
8.07017334130305
6.8246264196055
6.82737597130903
5.76329946204423
4.92468619246862
3.93759713090257
9.01876867901972
7.65499103407053
3.50041841004184
5.73305439330544
4.44901374775852
6.22797369994023
8.4578601315003
7.78971906754334
5.92827256425583
4.95493126120741
9.58242677824268
5.66431560071727
4.17130902570233
2.7827854154214
7.62199641362821
6.45893604303646
3.40143454871488
5.13915122534369
8.97752540346683
7.97393903167962
6.79163179916318
3.29145248057382
5.31787208607292
6.61566049013748
5.15289898386133
6.9483562462642
5.8320382546324
5.93377166766288
20.4101613867304
4.54524805738195
3.09623430962343
6.84112372982666
2.76628810520024
6.57441721458458
7.3937836222355
6.3901972504483
3.97884040645547
3.45642558278542
20.5283921099821
9.26347878063359
5.89252839210998
3.86335923490735
4.49575612671847
2.38684997011357
6.65690376569038
4.47101016138673
5.58182904961148
6.12349073520622
3.36019127316198
5.49934249850568
7.59725044829647
8.14716078900179
6.03825463239689
5.68906156604901
4.96867901972504
2.86802151823072
7.11332934847579
5.40585774058577
3.51141661685595
5.72755528989839
3.62964734010759
7.40753138075314
7.37728631201434
7.61374775851763
7.77047220561865
6.43144052600119
4.46276150627615
3.94309623430962
21.3175134488942
7.9821876867902
5.45260011954573
8.05642558278541
9.98661087866109
3.66539151225344
5.64781829049611
4.32253436939629
8.94728033472803
6.86037059175134
8.62833233711895
6.25821876867902
8.97202630005977
8.29013747758518
4.47925881649731
3.9925881649731
6.04650328750747
4.6744769874477
4.37202630005977
7.16282127913927
5.41960549910341
7.50376569037657
6.29946204423192
4.31153616258219
8.82217573221758
4.8092050209205
7.6934847579199
4.90818888224746
4.34453078302451
5.17764494919307
9.61267184698147
9.7089061566049
6.56891811117752
15.0595337716677
6.20047818290496
7.55325762104005
6.79713090257023
4.27029288702929
7.64674237895995
6.01075911536162
4.95768081291094
6.73389121338912
10.085594739988
4.22904961147639
8.58433950986252
8.7685594739988
11.6390914524806
6.36820083682008
6.54967124925284
5.20789001793186
7.48726838015541
12.1175134488942
5.16114763897191
11.636341900777
5.32062163777645
4.20155409444112
6.04650328750747
4.31153616258219
7.83371189479976
6.72564255827854
7.63299462044232
5.76604901374776
4.50675433353258
6.01625821876868
9.21398684997011
5.14327555289898
6.37919904363419
4.16306037059175
4.99617453676031
7.2178123132098
4.34453078302451
6.38744769874477
7.75122534369396
5.19689181111775
6.17848176927675
7.22331141661686
4.16580992229528
3.32444710101614
11.2898983861327
3.25570830842797
6.16748356246264
7.59725044829647
5.11165570830843
8.32863120143455
5.55708308427974
5.53783622235505
4.08332337118948
4.78445905558876
16.1346084877466
5.47734608487746
8.34787806335923
7.7347280334728
6.27746563060371
5.57907949790795
25.3428571428571
4.61673640167364
4.36927674835625
11.4521219366408
5.55708308427974
8.90603705917513
7.34429169157203
6.12349073520622
5.48284518828452
4.83670053795577
8.52934847579199
18.0510460251046
4.66347878063359
7.14082486551106
5.0264196054991
6.75863717872086
3.59665271966527
12.304482964734
7.18481769276748
4.74596533173939
4.65248057381948
4.09982068141064
7.44602510460251
6.37095038852361
3.71763299462044
6.45068738792588
22.0241482367005
6.72564255827854
5.02092050209205
10.1075911536163
3.60765092647938
6.75038852361028
6.7833831440526
3.32994620442319
5.69731022115959
4.62223550508069
5.7083084279737
4.65797967722654
10.6547519426181
5.69456066945607
5.19964136282128
6.83287507471608
7.11882845188284
4.65797967722654
4.71022115959354
10.7317393903168
6.76688583383144
7.89695158398087
5.7495517035266
6.0602510460251
5.20789001793186
5.75230125523012
5.02092050209205
6.62390914524806
5.94202032277346
3.57190675433353
5.26838015540944
6.24997011356844
7.72647937836222
7.90245068738793
4.72121936640765
6.63215780035864
5.9255230125523
7.083084279737
9.26347878063359
4.27854154213987
8.05367603108189
5.1089061566049
7.38828451882845
4.29503885236103
3.8166168559474
5.67531380753138
3.89360430364614
7.15182307232516
4.63873281530185
5.24913329348476
32.6622833233712
5.37836222355051
6.84387328153019
5.37836222355051
6.10974297668858
9.35146443514644
5.41135684399283
6.06300059772863
5.50484160191273
6.8246264196055
4.30053795576808
4.23179916317992
5.85953377166766
4.62223550508069
10.904961147639
10.6712492528392
5.86503287507472
9.35971309025702
6.00251046025105
5.4910938433951
14.8670651524208
8.71356843992827
8.11416616855947
18.3809922295278
10.0580992229528
3.67638971906754
4.04482964734011
7.18206814106396
3.30520023909145
4.31153616258219
6.97035265989241
5.8320382546324
4.34728033472803
6.46168559473999
4.27304243873281
7.72647937836222
4.93568439928273
4.96592946802152
5.75505080693365
5.51858936043036
6.04650328750747
9.14524805738195
4.23454871488344
3.03024506873879
4.2510460251046
3.0824865511058
8.78230723251644
7.67973699940227
5.7495517035266
10.44578601315
7.23156007172743
7.29205020920502
4.73771667662881
8.12241482367005
8.12516437537358
5.98326359832636
6.39569635385535
7.71548117154812
6.66240286909743
5.21338912133891
10.5750149432158
7.12157800358637
4.38577405857741
6.18947997609085
2.07340107591154
3.84961147638972
4.61123729826659
4.73221757322176
5.45260011954573
6.84662283323371
4.81745367603108
6.0602510460251
3.95409444112373
8.97202630005977
4.19055588762702
4.93018529587567
5.32337118947998
4.62773460848775
3.981589958159
4.99342498505678
6.76413628212791
4.75421398684997
6.35720263000598
7.45702331141662
7.11332934847579
4.3747758517633
5.32337118947998
6.16198445905559
16.6570233114166
3.87985654512851
7.14907352062164
5.48559473998804
4.51500298864315
5.12265391512253
4.62773460848775
5.72480573819486
6.3901972504483
6.66515242080096
8.12241482367005
7.17931858936043
4.60298864315601
4.09432157800359
8.33687985654513
7.69898386132696
3.7231320980275
5.42785415421399
4.34728033472803
17.3994022713688
10.3962940824866
6.0904961147639
5.24913329348476
6.50842797369994
4.77071129707113
9.59342498505678
8.02893006575015
5.09240884638374
8.27364016736402
6.16748356246264
5.79354453078302
4.27854154213987
8.78780633592349
44.1829049611476
7.13807531380753
3.61589958158996
5.75780035863718
3.32994620442319
4.25379557680813
5.22438732815302
6.29121338912134
6.80812910938434
5.78254632396892
9.56043036461447
5.60382546323969
9.68416019127316
5.04016736401674
4.85594739988045
4.99892408846384
5.71930663478781
6.9181111775254
8.31488344291691
4.18780633592349
6.19497907949791
5.015421398685
8.26264196054991
3.69838613269576
5.40035863717872
4.83670053795577
5.31237298266587
9.09025702331142
6.47818290496115
9.33221757322176
4.23454871488344
3.11548117154812
3.75887627017334
3.82761506276151
6.0904961147639
5.65881649731022
5.93927077106993
3.70113568439928
11.421876867902
5.01817095038852
7.77047220561865
6.0190077704722
6.67890017931859
3.78637178720861
4.79545726240287
5.88977884040645
5.83753735803945
8.25989240884638
10.1928272564256
5.13090257023311
5.98051404662283
5.03741781231321
9.49994022713688
5.27937836222355
6.63765690376569
4.53150029886431
4.62498505678422
9.14249850567842
4.93018529587567
4.74596533173939
12.8076509264794
15.8761506276151
4.39127316198446
5.31237298266587
3.40143454871488
3.81386730424387
60.7322175732218
4.41326957561267
4.16306037059175
2.88176927674836
6.36545128511656
5.83753735803945
3.46467423789599
5.97226539151225
8.72731619844591
5.37011356843993
5.67256425582785
4.14381350866706
13.0386132695756
7.90520023909145
8.23514644351464
5.28212791392708
8.06192468619247
4.59748953974895
4.05857740585774
5.87053197848177
8.09491930663479
4.03658099222953
4.033831440526
5.52408846383742
9.54943215780036
3.69838613269576
5.68906156604901
2.96150627615063
3.16772265391512
10.2093245666467
3.62689778840406
2.33735803945009
2.79103407053198
8.80430364614465
4.93843395098625
6.68714883442917
9.16724447101016
7.42677824267782
5.90352659892409
7.6934847579199
5.21888822474596
8.12516437537358
5.46634787806336
4.17405857740586
5.92827256425583
7.83646144650329
6.11524208009564
4.88069336521219
7.16282127913927
6.62390914524806
4.66622833233712
7.45977286312014
5.77704722056186
4.9851763299462
3.52241482367005
6.25546921697549
5.50759115361626
6.36545128511656
8.70257023311417
8.62283323371189
9.43395098625224
9.16724447101016
12.0570233114166
7.98493723849372
7.72098027495517
4.94393305439331
6.8246264196055
11.839808726838
6.42319187089061
6.51667662881052
4.51225343693963
6.08499701135684
8.27364016736402
3.8688583383144
12.2797369994023
4.00358637178721
5.14190077704722
6.72839210998207
6.54417214584578
6.3489539748954
8.05642558278541
6.59916317991632
7.61924686192469
14.7763299462044
11.636341900777
16.7147638971907
5.74130304841602
4.99342498505678
3.69838613269576
3.34919306634788
7.04734010759115
3.36569037656904
7.47077106993425
8.87029288702929
4.36652719665272
5.52408846383742
5.90077704722056
5.74130304841602
6.8246264196055
8.06192468619247
29.1949790794979
6.07399880454274
6.23072325164375
5.07866108786611
7.33054393305439
8.43586371787208
6.06849970113568
3.74237895995218
6.41494321578004
17.5341303048416
4.96043036461446
5.63682008368201
7.48726838015541
6.35720263000598
7.54775851763299
4.00633592349073
5.17489539748954
5.78529587567244
8.26814106395696
11.0479378362224
0.418170950388524
6.34070531978482
5.83478780633592
7.03634190077705
3.48667065152421
4.60023909145248
9.36521219366408
4.95768081291094
3.50041841004184
5.25738194859534
4.77346084877466
5.61757322175732
6.42319187089061
8.85929468021518
4.71297071129707
5.85953377166766
5.81829049611476
6.38469814704124
6.67340107591154
6.14823670053795
6.54692169754931
4.77346084877466
3.98433950986252
2.62881052002391
6.2252241482367
10.0553496712493
6.97035265989241
4.02283323371189
5.95576808129109
3.44267782426778
11.9525403466826
9.16724447101016
5.90077704722056
9.11225343693963
5.87053197848177
4.28129109384339
14.110938433951
4.75421398684997
8.19665271966527
6.73664076509265
6.95660490137478
14.314405260012
4.95768081291094
5.92002390914525
4.31978481769277
11.6060968320383
6.27471607890018
5.94202032277346
6.99509862522415
5.95576808129109
5.60382546323969
5.47184698147041
22.0846383741781
4.2510460251046
6.01625821876868
5.29037656903766
12.4199641362821
4.69922295277944
5.16664674237896
6.86037059175134
9.73915122534369
17.7980872683802
4.8092050209205
4.73221757322176
6.101494321578
11.1084279736999
7.50101613867304
6.13998804542738
7.84196054991034
7.01984459055589
4.53699940227137
8.2104004781829
5.99701135684399
6.42594142259414
6.50842797369994
4.84769874476987
6.24722056186491
7.36078900179319
3.84686192468619
5.93927077106993
8.44686192468619
10.2560669456067
5.50484160191273
13.5307830245069
6.5771667662881
6.31595935445308
4.75971309025702
8.48535564853556
10.2010759115362
6.54417214584578
3.4756724447101
4.20430364614465
11.4301255230126
3.45092647937836
4.80370591751345
4.29503885236103
10.3138075313808
6.8658696951584
2.9587567244471
7.57250448296473
5.3151225343694
4.35827854154214
5.25188284518828
9.5741781231321
3.98708906156605
5.64506873879259
3.41518230723252
18.9446503287507
7.45152420800956
4.18780633592349
4.26479378362224
7.11332934847579
6.94560669456067
7.26455469216975
4.1988045427376
4.33078302450687
3.33819485953377
3.43992827256426
5.8017931858936
7.45977286312014
9.75839808726838
4.90818888224746
7.57800358637179
5.48009563658099
3.06049013747759
5.47184698147041
6.98684997011357
5.12265391512253
7.86120741183503
6.22247459653317
6.72564255827854
5.86228332337119
13.4180514046623
4.67997609085475
5.51309025702331
5.82653915122534
5.7083084279737
8.8098027495517
4.13006575014943
6.59916317991632
4.71297071129707
8.66682606096832
6.42594142259414
5.71930663478781
5.42785415421399
8.18015540944411
3.78912133891213
8.08392109982068
6.90161386730425
4.47101016138673
9.33221757322176
6.25546921697549
3.71213389121339
10.2340705319785
7.4652719665272
7.83371189479976
10.4210400478183
5.51309025702331
5.08690974297669
7.12982665869695
6.53317393903168
5.16664674237896
6.34620442319187
12.2604901374776
3.76987447698745
9.10400478182905
9.04076509264794
3.59665271966527
4.2400478182905
5.0566646742379
3.61315002988643
8.52384937238494
4.58374178123132
7.19031679617454
5.99151225343694
8.63108188882247
7.03634190077705
5.86228332337119
7.65224148236701
5.00992229527794
7.35803945008966
6.59916317991632
6.43144052600119
5.58732815301853
5.56120741183503
4.91368798565451
5.43610280932457
4.28953974895397
11.6968320382546
5.72205618649133
9.21948595337716
6.8356246264196
5.32062163777645
4.35002988643156
5.2326359832636
14.4381350866707
7.48451882845188
4.78170950388524
5.00992229527794
4.56174536760311
6.50017931858936
6.26921697549313
12.3292289300658
7.2590555887627
5.68081291093843
5.24088463837418
8.42761506276151
6.59091452480574
8.8922893006575
10.7152420800956
4.033831440526
7.28105200239091
4.96317991631799
4.80645546921698
6.71464435146443
9.61817095038852
5.05391512253437
5.66981470412433
4.76246264196055
5.22163777644949
8.62558278541542
5.42510460251046
6.26096832038255
6.31046025104602
4.58374178123132
2.58206814106396
7.01709503885236
4.54524805738195
3.95959354453078
4.00633592349073
9.10125523012552
4.61123729826659
8.116915720263
11.5538553496712
6.72564255827854
9.74190077704722
4.53150029886431
4.46551105797968
4.69922295277944
3.1347280334728
5.39760908547519
3.90735206216378
5.8732815301853
6.40394500896593
9.97286312014345
6.91536162582188
5.15289898386133
5.78804542737597
6.55242080095637
5.11165570830843
4.88069336521219
9.13150029886432
7.57800358637179
3.58565451285117
6.21972504482965
3.6406455469217
6.74763897190675
6.68164973102212
5.27662881052002
5.3673640167364
9.9261207411835
6.35720263000598
4.19055588762702
7.85570830842797
3.33544530783024
7.32229527794381
6.38469814704124
7.73747758517633
7.3415421398685
8.98852361028093
6.22797369994023
4.55624626419606
4.60298864315601
6.68714883442917
5.3261207411835
7.00609683203825
7.02534369396294
5.78529587567244
8.54309623430962
4.7569635385535
8.51560071727436
6.35445307830245
6.17573221757322
8.22414823670054
4.29503885236103
8.46335923490735
28.328870292887
7.70998206814106
4.6442319187089
4.52875074716079
7.66049013747758
13.8607292289301
7.35254034668261
4.79545726240287
9.29922295277944
5.1089061566049
3.97334130304842
7.88595337716677
7.40478182904961
8.7575612671847
12.356724447101
3.79736999402271
7.45977286312014
4.63598326359833
6.48918111177525
0.0717274357441721
5.90902570233114
14.5536162582188
3.67913927077107
6.75313807531381
4.78720860729229
4.09157202630006
6.38744769874477
5.5020920502092
8.53209802749551
7.77322175732218
6.73114166168559
4.97142857142857
4.51500298864315
4.033831440526
9.26072922893007
4.70747160789002
5.85678421996414
4.10257023311417
6.40944411237298
4.02558278541542
3.46192468619247
7.40203227734608
3.93759713090257
7.96843992827256
7.7759713090257
9.37346084877466
9.7913927077107
10.9159593544531
7.63299462044232
8.05917513448894
5.88977884040645
6.23347280334728
4.41876867901972
5.21613867304244
8.30938433950986
6.34345487148834
5.64781829049611
5.69731022115959
15.458218768679
4.97142857142857
11.8013150029886
4.66897788404065
0.0607292289300657
6.75863717872086
5.29862522414824
7.00884638374178
6.16473401075911
10.7454871488344
5.04016736401674
9.58242677824268
5.76054991034071
7.07758517632995
6.42731619844591
4.86694560669456
10.027854154214
6.58816497310221
6.93735803945009
7.32504482964734
5.76054991034071
5.49934249850568
4.05032875074716
4.02833233711895
10.805977286312
9.10125523012552
4.4572624028691
4.77621040047818
5.66981470412433
5.04841601912732
6.0904961147639
3.981589958159
5.34261805140466
4.96867901972504
6.77788404064555
6.618410041841
4.22080095636581
5.28212791392708
4.6332337118948
5.6148236700538
6.51392707710699
4.94943215780036
5.70280932456665
5.85678421996414
5.77704722056186
17.2399282725643
6.06575014943216
3.84961147638972
7.37178720860729
6.4836820083682
4.62223550508069
6.05200239091452
6.47543335325762
5.22163777644949
12.4859533771668
8.27913927077107
6.38194859533772
4.20705319784818
3.26120741183503
4.66072922893007
3.10448296473401
5.30962343096234
6.15098625224148
6.17023311416617
7.1765690376569
4.75971309025702
3.98708906156605
4.89444112372983
7.55050806933652
5.39485953377167
5.38661087866109
7.86670651524208
4.21530185295876
9.49994022713688
4.06132695756127
8.44961147638972
4.86694560669456
7.76772265391512
5.07041243275553
5.97226539151225
7.39103407053198
8.53209802749551
4.98792588164973
4.65523012552301
5.26838015540944
4.74871488344292
5.90627615062761
7.8172145845786
7.58350268977884
8.13891213389121
3.11273161984459
6.13998804542738
5.1501494321578
7.3415421398685
3.44267782426778
4.6332337118948
4.41052002390914
6.90161386730424
4.44901374775852
5.31787208607292
6.6596533173939
18.6669456066946
4.36377764494919
5.03466826060968
4.9851763299462
3.63789599521817
6.10699342498506
8.31213389121339
9.45869695158398
5.29587567244471
7.97393903167962
3.68738792588165
6.99234907352062
6.45618649133293
8.02618051404662
5.46634787806336
6.75313807531381
4.27579199043634
3.25295875672445
5.54883442916916
5.10340705319785
6.99234907352062
7.31129707112971
3.85511057979677
9.73915122534369
3.62964734010759
12.1725044829647
2.76628810520024
5.56533173939032
5.11440526001195
7.31679617453676
6.90436341900777
3.05774058577406
5.17214584578601
13.7205020920502
4.498505678422
4.65523012552301
3.1759713090257
4.38577405857741
5.18314405260012
9.56867901972504
4.6332337118948
7.09958158995816
10.3632994620442
0.225702331141662
4.86969515839809
5.94476987447699
6.22247459653317
6.4011954572624
3.52791392707711
8.4166168559474
5.45534967124925
5.63132098027496
6.45618649133293
6.54142259414226
4.39127316198446
6.63215780035864
6.12349073520622
5.80454273759713
10.7179916317992
5.41135684399283
5.15564853556485
6.42594142259414
7.27005379557681
4.58649133293485
6.51117752540347
6.31595935445308
8.67232516437537
4.89444112372983
5.23538553496712
5.10065750149432
4.30603705917513
4.77071129707113
9.18649133293485
8.13616258218769
10.3715481171548
4.45451285116557
13.1183502689779
6.52217573221757
7.01434548714883
6.15373580394501
7.37728631201434
4.72396891811118
3.01649731022116
11.2926479378362
3.62689778840406
7.6934847579199
5.62857142857143
5.36461446503287
5.18314405260012
5.08965929468021
10.6767483562463
7.50926479378362
6.52217573221757
6.13723849372385
5.42235505080693
9.72265391512253
5.91177525403467
10.6465032875075
5.1913927077107
6.36270173341303
8.62558278541542
4.94668260609683
8.68882247459653
3.90460251046025
5.53783622235505
8.75481171548117
6.87961745367603
5.28762701733413
4.52600119545726
3.7753735803945
6.33795576808129
6.15648535564854
6.53317393903168
5.29037656903766
0.192707710699342
6.97035265989241
4.74596533173939
7.44327555289898
5.95576808129109
3.21996413628213
6.09874476987448
8.33962940824865
0.288942020322773
4.53424985056784
6.52767483562463
7.28380155409444
8.57884040645547
8.69432157800358
14.2126718469815
7.56975493126121
7.20406455469217
5.02092050209205
4.27304243873281
5.89527794381351
4.91643753735804
4.73771667662881
3.77674835624627
4.58649133293485
6.54417214584578
3.94584578601315
7.19031679617454
4.95493126120741
5.82653915122534
6.97035265989241
4.76521219366408
2.47483562462642
4.31703526598924
6.51117752540347
11.4026300059773
4.38027495517035
3.21446503287507
19.5000597728631
5.68356246264196
5.30687387925882
6.97860131500299
4.6442319187089
6.57441721458458
6.48643156007173
6.89611476389719
8.99952181709504
7.35254034668261
4.75146443514644
6.02725642558278
9.89587567244471
3.41518230723252
4.74871488344292
4.76246264196055
11.8673042438733
6.81637776449492
6.25821876867902
4.86694560669456
5.36461446503287
3.8991034070532
5.22438732815302
6.75588762701733
5.35911536162582
11.317393903168
11.0891811117753
5.56533173939032
6.71739390316796
4.12731619844591
3.07148834429169
8.1581589958159
3.56365809922295
5.31237298266587
5.94751942618051
2.98900179318589
3.61589958158996
5.74405260011955
17.4433950986252
6.0602510460251
3.74787806335923
5.71380753138075
3.4344291691572
1.09181111775254
3.75887627017334
6.27471607890018
7.72098027495517
4.94668260609683
5.79904363419008
8.9335325762104
6.94010759115362
5.22988643156007
3.59665271966527
14.7433353257621
9.59342498505678
6.43144052600119
4.09432157800359
3.19521817095039
4.80095636580992
5.90077704722056
5.29587567244471
13.2668260609683
4.45176329946204
7.19031679617454
6.65690376569038
5.8732815301853
3.31619844590556
3.6406455469217
6.049252839211
5.11990436341901
6.04375373580394
8.70806933652122
7.57250448296473
6.19772863120143
4.89994022713688
4.55899581589958
4.66347878063359
4.29778840406455
10.5667662881052
3.18147041243276
4.55899581589958
6.02450687387926
4.32253436939629
6.57441721458458
5.8732815301853
4.19330543933054
7.01984459055589
7.39103407053198
4.86694560669456
4.54249850567842
8.20765092647938
9.82988643156007
15.5654512851166
6.79988045427376
5.84028690974298
7.60549910340705
9.48894202032277
6.02450687387926
8.98027495517035
6.04375373580394
3.96509264793784
12.5794381350867
4.08332337118948
5.80454273759713
4.60298864315601
7.42127913927077
7.24805738194859
9.02151823072325
5.2738792588165
3.75062761506276
4.21255230125523
8.27913927077107
3.17872086072923
6.78063359234907
5.39485953377167
2.8240286909743
4.19605499103407
7.97393903167962
8.44961147638972
4.78995815899582
5.96401673640167
4.51775254034668
4.86419605499103
5.00992229527794
6.36820083682008
5.26563060370592
5.46909742976688
5.93102211595935
7.23980872683802
0.17071129707113
7.26180514046623
3.71213389121339
5.76054991034071
3.18971906754334
5.7495517035266
5.88153018529587
6.66790197250448
3.94859533771668
16.2748356246264
5.72755528989839
5.06491332934847
8.44411237298267
5.56533173939032
6.17298266586969
5.01267184698147
5.78254632396892
3.6928870292887
9.13974895397489
9.99760908547519
5.30137477585176
4.76521219366408
14.5123729826659
6.08774656306037
7.69898386132696
3.95684399282726
4.6744769874477
5.88702928870293
6.83012552301255
4.55624626419606
4.22080095636581
4.1988045427376
3.8578601315003
8.66682606096832
6.61016138673042
9.02426778242678
5.84853556485356
4.09982068141064
3.56090854751943
4.75146443514644
4.44626419605499
8.84279736999402
7.0005977286312
4.19605499103407
4.68822474596533
10.7317393903168
6.9483562462642
6.48093245666467
4.09982068141064
6.20872683801554
4.90543933054393
7.61649731022116
7.54775851763299
6.79988045427376
23.0992229527794
7.82271368798565
6.25546921697549
3.34369396294082
8.4991034070532
4.90818888224746
6.41494321578004
6.95110579796772
7.79796772265391
3.04674237895995
6.01075911536162
9.64291691572026
7.80896592946802
5.08416019127316
7.58350268977884
7.34429169157203
7.41578003586372
3.97884040645547
6.67890017931859
5.32062163777645
6.79438135086671
6.89336521219366
5.55983263598326
5.85128511655708
3.6818888224746
4.48750747160789
4.16580992229528
5.63132098027496
10.9022115959354
5.15564853556485
8.61183502689779
5.94476987447699
6.31046025104602
7.41852958756724
5.35911536162582
7.5175134488942
4.89994022713688
4.7157202630006
4.69922295277944
7.1243275552899
5.19414225941422
9.22223550508069
4.96043036461446
1.84793783622236
15.1227734608488
8.17190675433353
6.2664674237896
4.73496712492528
3.66264196054991
5.33161984459055
9.46419605499103
5.97501494321578
3.42893006575015
5.51858936043036
5.91452480573819
5.97226539151225
7.31404662283323
8.91428571428571
7.15732217573222
7.22881052002391
5.61757322175732
6.95110579796772
4.54524805738195
3.516915720263
5.40310818888225
3.97884040645547
4.05032875074716
5.22713687985654
3.31894799760909
5.40585774058577
3.50866706515242
15.4252241482367
3.48392109982068
7.90520023909145
5.6148236700538
13.1788404064555
3.48942020322773
3.59390316796175
4.27029288702929
5.1501494321578
4.56724447101016
5.89802749551704
9.51368798565451
7.4652719665272
7.71273161984459
6.59091452480574
5.84853556485356
6.76963538553497
7.93269575612672
4.9741781231321
8.27638971906754
12.9808726838016
5.97501494321578
2.50783024506874
6.90161386730424
5.33711894799761
6.66515242080096
7.4350268977884
3.95409444112373
8.06192468619247
9.29922295277944
5.28212791392708
24.1578003586372
7.35254034668261
10.8609683203825
6.72014345487149
6.77238493723849
9.37346084877466
5.13915122534369
4.42426778242678
6.41219366407651
3.3931858936043
4.22355050806934
6.32695756126718
7.58900179318589
3.62964734010759
3.70938433950986
7.87495517035266
3.87160789001793
4.67722653915123
6.32145845786013
7.31954572624029
4.88619246861925
17.1271966527197
4.13281530185296
5.05391512253437
5.9255230125523
4.4160191273162
11.2789001793186
2.98625224148237
15.9393903167962
7.1243275552899
8.7163179916318
5.35361625821877
6.1317393903168
12.5216975493126
4.50125523012552
4.53424985056784
4.74871488344292
13.4757919904363
7.47077106993425
6.90161386730424
4.56999402271369
7.27005379557681
8.74106395696354
4.88619246861925
3.77262402869097
16.0521219366408
4.16580992229528
4.38852361028093
9.18649133293485
7.56425582785415
5.47459653317394
7.19031679617454
4.56174536760311
7.06383741781231
7.40478182904961
4.24279736999402
4.59748953974895
5.15289898386133
7.36903765690376
5.5433353257621
11.2596533173939
12.4777047220562
5.35086670651524
4.92193664076509
7.04459055588763
7.17381948595338
7.0005977286312
4.44901374775852
9.9151225343694
5.00717274357442
13.9102211595935
5.90352659892409
8.84554692169755
7.55600717274357
11.0066945606695
8.73006575014943
7.94644351464435
6.1427375971309
13.0523610280932
3.04674237895995
5.07591153616258
4.52325164375374
10.0965929468022
9.27997609085475
6.94560669456067
5.43885236102809
8.17190675433353
8.31488344291691
3.70113568439928
6.01350866706515
6.94285714285714
8.35887627017334
5.7495517035266
4.64148236700538
4.81470412432756
16.9319784817693
7.21231320980275
7.44052600119546
4.36927674835625
7.60824865511058
6.76688583383144
3.83861326957561
7.05008965929468
6.71464435146443
7.20956365809922
20.3909145248057
3.53891213389121
10.7729826658697
3.58565451285117
5.59007770472205
3.22271368798565
5.43885236102809
0.0607292289300657
18.5927077106993
5.02092050209205
4.11906754333533
5.8017931858936
3.96234309623431
8.38362223550508
3.26945606694561
13.7479976090855
6.17848176927675
3.4234309623431
7.083084279737
7.75672444710102
5.41410639569635
11.2953974895397
5.85953377166766
7.34979079497908
5.10615660490137
6.20872683801554
4.42976688583383
9.10400478182905
25.1558876270173
5.17489539748954
9.57142857142857
5.61757322175732
4.17955768081291
8.66132695756127
6.74488942020323
7.38003586371787
14.5646144650329
3.64614465032875
5.68356246264196
6.5771667662881
6.21147638971907
6.22247459653317
3.9403466826061
4.13831440526001
8.64208009563658
5.0264196054991
4.78445905558876
8.78230723251644
4.09707112970711
7.24805738194859
5.35911536162582
4.58374178123132
4.53150029886431
3.86610878661088
12.5409444112373
4.30328750747161
7.9409444112373
6.07399880454274
5.20789001793186
3.52791392707711
43.250747160789
3.71213389121339
6.67340107591154
6.2252241482367
11.1386730424387
3.40968320382546
3.36019127316198
7.34429169157203
5.69456066945607
9.7501494321578
4.67172743574417
6.63765690376569
5.4910938433951
16.9127316198446
5.73030484160191
3.07423789599522
3.80286909742977
3.44817692767484
4.58374178123132
7.87220561864913
3.981589958159
4.16306037059175
3.74237895995218
3.99533771667663
12.1312612074118
10.5832635983264
5.45260011954573
3.56640765092648
2.68930065750149
3.87160789001793
6.06300059772863
4.32803347280335
3.17047220561865
5.90352659892409
4.50675433353258
11.1084279736999
16.75325762104
7.50376569037657
8.88129109384339
4.12181709503885
4.8916915720263
8.78505678421996
5.6148236700538
3.58840406455469
3.1649731022116
4.25379557680813
21.4604901374776
4.88619246861925
2.72779438135087
10.0828451882845
5.70280932456665
4.02833233711895
5.29037656903766
6.48918111177525
5.83478780633592
5.05941422594142
5.61207411835027
7.61649731022116
6.07674835624626
3.48942020322773
10.3220561864913
7.15182307232516
3.7753735803945
4.02283323371189
6.75863717872086
4.95218170950388
9.75289898386132
5.15564853556485
7.44327555289898
4.66897788404065
7.28655110579797
7.00609683203825
10.0443514644351
8.87579199043634
9.8738792588165
7.33604303646145
14.6251046025105
4.48200836820084
10.4787806335923
6.4836820083682
3.9925881649731
9.31022115959354
8.52109982068141
3.05224148236701
4.48200836820084
4.85594739988045
8.7575612671847
6.56341900777047
4.82020322773461
28.8265391512253
5.72755528989839
6.97860131500299
6.20872683801554
5.17489539748954
8.65857740585774
7.53950986252241
5.95301852958757
6.48093245666467
5.67806335923491
3.64614465032875
9.44494919306635
2.94775851763299
10.8142259414226
3.26670651524208
5.3151225343694
5.81554094441124
15.3207411835027
4.36102809324567
6.02175732217573
4.7679617453676
3.98983861326958
8.57334130304842
4.6744769874477
6.62115959354453
4.85594739988045
3.28870292887029
2.63705917513449
3.44817692767484
5.4498505678422
8.76031081888822
6.71739390316796
6.23347280334728
9.75289898386132
9.24698147041243
4.89994022713688
5.37011356843993
4.65797967722654
7.33054393305439
8.82080095636581
14.8533173939032
10.3385534967125
4.21805140466228
6.09874476987448
4.17405857740586
6.57991631799163
4.01458457860131
6.50017931858936
9.34871488344292
6.6898983861327
4.93843395098625
6.46443514644351
8.22964734010759
5.17489539748954
4.44351464435146
6.11799163179916
19.8245068738793
4.99892408846384
11.0066945606695
10.2175732217573
7.78147041243275
4.17680812910938
7.74847579199044
6.29946204423192
9.7913927077107
14.6003586371787
4.61948595337717
4.87519426180514
6.6486551105798
4.09707112970711
5.59007770472205
5.47184698147041
7.58350268977884
5.65331739390317
3.2584578601315
6.86312014345487
9.21123729826659
7.41303048416019
5.16939629408249
4.84769874476987
4.13281530185296
4.72121936640765
7.89145248057382
8.95002988643156
8.10316796174537
4.56999402271369
2.7002988643156
3.95409444112373
8.96102809324567
5.81279139270771
8.62558278541542
6.73114166168559
6.37095038852361
4.74596533173939
3.94309623430962
5.59282725642558
3.38493723849372
3.75062761506276
9.12325164375373
10.701494321578
4.81195457262403
4.68547519426181
5.04841601912732
9.68965929468021
7.11607890017932
8.18840406455469
18.5817095038852
7.01434548714883
8.42486551105798
5.48834429169157
8.5513448894202
4.23454871488344
9.12600119545726
4.85319784817693
5.83753735803945
6.25271966527197
8.8098027495517
7.83096234309623
3.81936640765093
10.6245068738793
3.71213389121339
6.13998804542738
4.42976688583383
10.1818290496115
11.6335923490735
14.372145845786
4.59748953974895
3.40968320382546
5.34536760310819
4.57549312612074
12.1257621040048
7.96019127316198
6.69814704124327
7.26455469216975
6.43144052600119
5.13365212193664
7.26455469216975
4.75421398684997
5.30687387925882
4.8092050209205
5.96951583980873
7.55325762104005
7.82546323968918
5.86228332337119
7.50376569037657
6.24447101016139
5.65056784219964
5.30687387925882
5.94751942618051
3.45917513448894
7.31404662283323
3.88810520023909
5.7495517035266
6.07399880454274
6.21422594142259
6.34070531978482
4.56174536760311
7.14907352062164
15.766168559474
6.61566049013748
7.3002988643156
4.61398684997011
4.11356843992827
5.40035863717872
6.45343693962941
5.87603108188882
4.47925881649731
5.8732815301853
11.375134488942
5.14190077704722
4.14656306037059
7.0940824865511
5.0566646742379
5.69731022115959
4.16580992229528
6.96760310818888
6.15098625224148
4.87244471010161
4.7569635385535
46.9844590555888
7.35803945008966
8.92528392109982
5.66156604901375
4.44901374775852
5.82241482367005
6.12624028690974
7.40478182904961
3.30794979079498
5.70555887627017
7.70723251643754
4.27854154213987
4.58649133293485
6.67890017931859
7.0005977286312
6.68439928272564
4.08332337118948
6.15648535564854
7.3002988643156
6.77788404064555
5.44710101613867
5.72755528989839
6.28021518230723
9.92337118947998
5.37836222355051
8.70257023311417
5.75230125523012
6.15923490735206
7.37178720860729
6.4424387328153
3.6928870292887
9.98111177525403
7.95744172145846
4.8092050209205
5.47184698147041
14.993544530783
8.47985654512851
5.93927077106993
3.33819485953377
7.45427375971309
4.49025702331142
6.12624028690974
5.06491332934847
4.57824267782427
5.35086670651524
6.78888224745965
8.75206216377764
5.45260011954573
4.23729826658697
9.20848774656306
4.06407650926479
4.7569635385535
4.34728033472803
6.87411835026898
24.2677824267782
7.78421996413628
4.90543933054393
5.91727435744172
6.45068738792588
5.50759115361626
4.1575612671847
4.73496712492528
5.95851763299462
2.81028093245666
5.88977884040645
5.3151225343694
3.60490137477585
6.75313807531381
7.11882845188284
6.24172145845786
8.95002988643156
9.97286312014345
20.9408248655111
15.1777644949193
5.21338912133891
4.23179916317992
7.63024506873879
4.28679019725045
6.43144052600119
4.95768081291094
3.21446503287507
4.33628212791393
13.1458457860132
10.1543335325762
8.84554692169755
5.98051404662283
4.04757919904363
5.19964136282128
7.28655110579797
11.4933652121937
3.56090854751943
9.54118350268978
3.35744172145846
10.5805140466228
10.8444710101614
4.57824267782427
6.30496114763897
6.54417214584578
5.02367005379558
14.4271368798565
7.9821876867902
7.67148834429169
6.3489539748954
5.8732815301853
8.36987447698745
6.24447101016139
4.3747758517633
9.01052002390914
4.20155409444112
6.72564255827854
4.45451285116557
3.73962940824865
6.09324566646742
30.4626419605499
5.17764494919307
2.79653317393903
8.32863120143455
7.40203227734608
7.28105200239091
6.44793783622235
6.59091452480574
5.49659294680215
7.44052600119546
15.5956963538554
14.2264196054991
3.61315002988643
9.39545726240287
9.17824267782427
5.90352659892409
6.71464435146443
4.4160191273162
5.72755528989839
4.06132695756127
6.23072325164375
4.22904961147639
6.42319187089061
6.12349073520622
4.01183502689779
4.28404064554692
4.15481171548117
9.46144650328751
8.68882247459653
3.56365809922295
6.53042438732815
6.08224745965332
4.44076509264794
7.80346682606097
11.1469216975493
6.41769276748356
9.79964136282128
5.52408846383742
6.07949790794979
4.83395098625224
9.04076509264794
6.84937238493724
6.87136879856545
4.36652719665272
10.9599521817095
4.55624626419606
5.59557680812911
3.18696951583981
5.4910938433951
4.08607292289301
10.8912133891213
4.13006575014943
7.76222355050807
4.81195457262403
4.45451285116557
7.39103407053198
6.50842797369994
5.76329946204423
5.07316198445906
3.43717872086073
7.40203227734608
8.17465630603706
5.24638374178123
5.12815301852959
5.27662881052002
7.6824865511058
6.90986252241482
2.82127913927077
4.39127316198446
14.8230723251644
4.06407650926479
6.94560669456067
5.05116557083084
4.03658099222953
29.46168559474
8.00418410041841
2.41709503885236
5.10340705319785
5.59832635983263
5.66156604901375
7.96569037656904
4.36652719665272
3.93209802749552
4.30603705917513
4.48200836820084
10.1213389121339
5.6670651524208
6.43419007770472
6.68164973102212
4.02558278541542
3.15947399880454
5.45809922295278
6.18123132098027
6.01075911536162
5.13365212193664
5.90352659892409
6.86037059175134
4.17680812910938
6.62115959354453
5.82653915122534
5.31237298266586
5.79904363419008
6.51942618051405
3.9101016138673
6.6898983861327
3.81936640765093
8.8510460251046
5.4086072922893
4.51225343693963
3.85236102809325
12.0185295875672
7.34704124327555
4.52600119545726
3.78362223550508
3.23921099820681
1.21004184100418
5.81279139270771
6.63490735206216
11.1799163179916
10.4732815301853
3.63514644351464
6.21697549312612
3.70388523610281
5.3261207411835
5.40585774058577
15.2822474596533
4.84219964136282
5.95576808129109
3.56365809922295
6.18673042438733
7.14632396891811
14.5316198445906
13.2173341303048
10.0058577405858
5.72205618649133
4.98242677824268
4.99892408846384
5.79629408248655
4.36927674835625
5.90902570233114
6.28571428571428
5.33986849970113
3.1237298266587
5.76329946204423
6.24172145845786
4.3335325762104
7.06108786610879
7.32504482964734
7.9519426180514
5.74405260011955
4.51500298864315
20.4376569037657
12.8268977884041
7.65774058577406
5.01267184698147
2.94225941422594
6.59641362821279
5.99426180514047
4.99617453676031
4.94943215780036
7.93544530783024
6.82737597130903
5.17489539748954
5.32062163777645
4.40777047220562
7.14632396891811
5.78529587567244
8.74656306037059
6.63765690376569
5.30962343096234
9.65666467423789
10.2725642558279
4.22080095636581
4.2922893006575
5.04841601912732
4.74596533173939
6.55242080095637
9.13974895397489
8.67232516437537
14.889061566049
9.90412432755529
6.566168559474
3.31344889420203
5.17764494919307
13.5115361625822
7.15182307232516
7.85295875672445
11.2761506276151
6.20047818290496
7.23980872683802
5.38936043036461
0.118469814704124
5.12540346682606
7.28380155409444
4.11356843992827
6.18673042438733
5.15564853556485
4.50400478182905
3.61315002988643
4.7157202630006
5.96126718469815
7.11057979677226
6.54967124925284
6.8246264196055
4.52600119545726
4.66622833233712
5.08965929468021
5.57907949790795
3.15947399880454
4.03108188882247
5.52958756724447
6.83012552301255
18.8759115361626
4.7157202630006
6.23347280334728
24.8919306634788
4.36652719665272
6.47818290496115
6.76688583383144
4.25929468021518
8.20490137477585
12.8763897190675
8.23514644351464
15.865152420801
7.2590555887627
5.08965929468021
6.50842797369994
4.82295277943813
5.36461446503287
9.89862522414824
5.26838015540944
14.0284518828452
6.78613269575613
8.26264196054991
7.44877465630604
6.65415421398685
2.74429169157203
5.92277346084877
6.3077106993425
8.49085475194262
5.51034070531978
3.23921099820681
6.12074118350269
6.29946204423192
3.53066347878063
4.63598326359833
4.36927674835625
9.28272564255828
9.72265391512253
8.34787806335923
10.6602510460251
5.40035863717872
7.88320382546324
6.43693962940825
7.11607890017932
3.981589958159
7.66323968918111
5.76879856545128
5.99701135684399
7.54225941422594
5.73580394500897
5.59007770472205
3.37668858338314
5.62857142857143
10.0773460848775
4.72396891811118
7.9931858936043
4.49575612671847
4.03933054393305
5.97776449491931
6.6486551105798
6.85762104004782
4.69922295277944
5.93927077106993
3.17047220561865
5.33161984459055
4.61398684997011
8.56509264793784
3.79462044231919
5.40585774058577
20.5998804542738
5.73855349671249
3.49491930663479
4.68272564255828
4.39127316198446
3.8688583383144
5.56258218768679
5.54883442916916
4.01733413030484
4.62223550508069
4.18780633592349
3.981589958159
6.26371787208607
5.85403466826061
9.72540346682606
5.60382546323969
3.88535564853556
6.73114166168559
3.60215182307232
8.10316796174537
5.56533173939032
8.99127316198446
6.5771667662881
5.13090257023311
6.89336521219366
4.63598326359833
5.48834429169157
5.4910938433951
3.74237895995218
3.97884040645547
4.498505678422
4.65797967722654
7.88045427375971
7.84471010161387
8.09766885833831
4.7982068141064
6.81912731619845
7.55050806933652
5.86503287507472
4.58099222952779
4.87794381350867
4.62223550508069
3.1347280334728
9.84088463837418
3.80011954572624
5.72205618649133
7.52026300059773
4.88619246861925
4.7267184698147
4.85869695158398
5.19414225941422
4.35002988643156
4.18230723251644
6.17848176927675
4.92743574417215
6.81087866108787
9.38170950388523
4.63598326359833
5.91727435744172
4.19055588762702
6.86861924686192
4.50675433353258
11.4823670053796
7.93819485953377
4.09157202630006
5.09790794979079
4.17130902570233
9.99485953377167
11.3998804542738
14.941303048416
8.72456664674238
5.08141063956964
7.14357441721458
6.08499701135684
4.67997609085475
4.44901374775852
6.30221159593544
3.03024506873879
6.66790197250448
4.7157202630006
5.55708308427974
6.25821876867902
5.39760908547519
7.13807531380753
4.2098027495517
7.28105200239091
6.89336521219366
12.3154811715481
5.51583980872684
5.39760908547519
6.56341900777047
4.27304243873281
4.76246264196055
6.59916317991632
5.5020920502092
7.12157800358637
7.23980872683802
4.08882247459653
4.63598326359833
4.29778840406455
4.56174536760311
8.21315002988643
3.37393903167962
3.88535564853556
4.5095038852361
4.17130902570233
5.52408846383742
4.52600119545726
4.93568439928273
5.56808129109384
4.55624626419606
7.52576210400478
13.4620442319187
6.04650328750747
5.78254632396892
3.27495517035266
4.95768081291094
4.92468619246862
4.53150029886431
9.0682606096832
6.61291093843395
4.53974895397489
5.78804542737597
5.48284518828452
4.47925881649731
5.33711894799761
4.09982068141064
3.81936640765093
3.62964734010759
4.70747160789002
3.76987447698745
4.62223550508069
3.51416616855947
5.68356246264196
4.10257023311417
3.21446503287507
7.44602510460251
9.05176329946204
7.02534369396294
3.40143454871488
2.38959952181709
6.00526001195457
5.067662881052
8.18015540944411
4.98242677824268
9.73915122534369
10.3990436341901
6.53317393903168
10.3385534967125
4.97967722653915
7.17931858936043
6.32970711297071
12.5574417214585
4.9741781231321
6.17848176927675
6.13723849372385
5.86778242677824
6.40944411237298
4.20155409444112
2.86802151823072
5.74130304841602
8.63933054393305
10.5997609085475
5.23538553496712
5.04291691572026
8.40836820083682
6.25821876867902
5.43335325762104
8.00968320382546
6.3901972504483
3.76162582187687
5.19964136282128
5.94751942618051
6.8356246264196
6.06575014943216
5.57083084279737
6.28571428571428
6.19497907949791
8.18290496114764
4.87519426180514
8.38362223550508
5.41960549910341
4.27304243873281
5.24913329348476
4.66072922893007
4.64148236700538
6.91261207411835
4.53424985056784
4.22080095636581
14.0531978481769
5.39210998206814
9.01052002390914
8.0756724447101
4.46001195457262
3.4344291691572
7.27830245068739
5.37561267184698
6.54967124925284
4.21530185295876
5.35636580992229
6.39569635385535
8.40011954572624
4.62498505678422
4.96867901972504
4.79545726240287
15.09252839211
7.07208607292289
5.50484160191273
4.02558278541542
6.39844590555888
7.80621637776449
3.70388523610281
5.79629408248655
9.06551105797968
4.02283323371189
5.08141063956964
7.0940824865511
7.18481769276748
5.63956963538553
4.80095636580992
13.4592946802152
2.51882845188285
5.13915122534369
6.29396294082487
3.50866706515242
5.73580394500897
12.9451285116557
9.51643753735804
5.31237298266587
6.52767483562463
5.00167364016736
4.17680812910938
8.63933054393305
3.93484757919904
3.38768679019725
7.87220561864913
6.4424387328153
3.06049013747759
5.63407053197848
6.69264793783622
9.35971309025702
5.51583980872684
6.34620442319187
3.18147041243276
13.8084877465631
3.71213389121339
14.0531978481769
7.7649731022116
3.07973699940227
6.32420800956366
3.99533771667663
5.53508667065152
6.98959952181709
6.29396294082487
5.5020920502092
2.93950986252241
7.65774058577406
3.43167961745368
7.03634190077705
7.88045427375971
8.13066347878063
5.63132098027496
5.59832635983263
3.92384937238494
5.2436341900777
5.59282725642558
4.73496712492528
3.63514644351464
4.08057381948595
5.10615660490137
7.65224148236701
7.22881052002391
8.46610878661088
11.8755528989839
7.59450089659295
3.89360430364614
4.76521219366408
4.4160191273162
7.38003586371787
5.60382546323969
9.46694560669456
5.93652121936641
5.09240884638374
4.52325164375374
3.66814106395696
6.21697549312612
5.067662881052
3.38768679019725
3.05499103407053
4.33078302450687
8.27913927077107
6.37919904363419
7.76222355050807
6.08499701135684
9.38170950388523
5.60932456664674
3.43717872086073
7.55050806933652
8.31763299462044
8.72456664674238
9.11500298864316
11.2541542139868
3.63789599521817
8.44136282127914
5.39485953377167
6.75313807531381
6.97860131500299
4.34453078302451
4.3747758517633
8.02618051404662
3.58840406455469
4.63048416019127
10.5007770472206
3.18421996413628
3.95409444112373
7.45702331141662
2.97525403466826
4.81745367603108
3.78637178720861
7.54775851763299
4.24829647340108
14.0284518828452
7.29205020920502
8.10316796174537
4.34453078302451
5.55708308427974
7.67148834429169
6.618410041841
4.88069336521219
6.4011954572624
10.5722653915123
7.81446503287507
4.13556485355648
7.4350268977884
9.90962343096234
4.82295277943813
6.02725642558278
4.75146443514644
6.12624028690974
6.60191273161984
6.4424387328153
3.62414823670054
11.6033472803347
8.66682606096832
6.37919904363419
4.18505678421996
4.70197250448296
7.09958158995816
5.584578601315
17.6716078900179
8.41386730424387
4.80645546921698
6.66240286909743
5.61757322175732
3.28595337716677
4.53424985056784
7.69898386132696
5.52133891213389
5.29312612074118
5.60107591153616
8.53484757919904
6.17298266586969
6.17298266586969
7.14907352062164
6.59641362821279
8.44136282127914
6.49193066347878
3.73138075313808
11.5868499701136
6.46993424985057
8.22139868499701
5.99701135684399
4.06682606096832
7.07758517632995
6.97860131500299
4.75971309025702
6.09599521817095
3.09898386132696
6.8246264196055
3.91835026897788
7.36078900179319
4.04757919904363
6.58541542139868
8.95827854154214
8.50735206216378
5.51034070531978
6.49193066347878
5.15564853556485
5.92002390914525
4.74871488344292
6.63215780035864
7.06658696951584
5.34261805140466
14.3116557083084
4.74596533173939
3.55540944411237
8.14991034070532
8.49635385534967
2.38959952181709
6.1839808726838
7.3002988643156
7.02534369396294
4.6332337118948
3.8166168559474
6.85762104004782
4.5919904363419
6.24447101016139
4.79270771069934
3.25020920502092
8.11966527196653
5.44160191273162
3.55265989240885
66.3962940824865
5.5735803945009
6.17023311416617
6.25821876867902
7.66598924088464
5.99701135684399
5.27662881052002
4.25379557680813
4.54524805738195
6.46993424985057
4.92193664076509
5.63407053197848
5.18589360430365
7.44602510460251
9.03801554094441
6.54692169754931
6.53317393903168
7.64949193066348
5.10615660490137
4.98242677824268
0.115720263000598
8.60358637178721
3.07973699940227
5.69181111775254
7.04734010759115
6.87961745367603
6.1839808726838
4.68822474596533
4.56174536760311
5.29037656903766
7.40478182904961
5.06491332934847
5.79354453078302
9.11225343693963
12.4584578601315
6.20597728631201
5.84578601315003
4.498505678422
6.16198445905559
5.55983263598326
5.19964136282128
7.99043634190078
8.54584578601315
5.12265391512253
3.41243275552899
3.05499103407053
4.46551105797968
6.618410041841
5.39485953377167
4.46276150627615
4.60023909145248
3.41243275552899
3.96509264793784
7.12157800358637
3.39868499701136
8.95827854154214
8.20215182307233
4.53424985056784
6.46168559473999
6.4836820083682
4.00633592349073
7.01434548714883
6.33795576808129
4.04482964734011
14.6196054991034
5.19689181111775
9.32396891811118
7.20131500298864
6.47268380155409
11.7958158995816
6.06575014943216
7.99043634190078
7.28655110579797
6.12074118350269
6.30221159593544
3.14022713687986
4.50400478182905
7.11057979677226
5.47734608487746
6.09599521817095
4.45176329946204
7.23156007172743
9.56867901972504
8.38912133891213
6.38744769874477
7.98493723849372
4.26754333532576
5.73855349671249
5.44710101613867
3.91560071727436
5.43885236102809
4.81745367603108
9.82163777644949
11.1469216975493
6.92086072922893
4.78170950388524
4.16306037059175
8.80430364614465
4.73496712492528
9.8326359832636
5.33986849970113
5.22713687985654
5.96951583980873
13.3603108188882
6.54967124925284
5.84853556485356
3.28045427375971
6.6898983861327
16.5800358637179
5.67531380753138
3.4756724447101
7.74572624028691
5.36186491332935
5.78804542737597
4.84769874476987
6.10974297668858
5.99426180514047
6.92910938433951
5.21888822474596
15.9861326957561
8.1994022713688
5.532337118948
8.79605499103407
6.65415421398685
7.89420203227735
8.99402271368798
13.3218170950389
5.56533173939032
6.08499701135684
5.04291691572026
5.50484160191273
7.14632396891811
4.58649133293485
14.4216377764495
4.83120143454871
5.10065750149432
6.63215780035864
9.53018529587567
9.38445905558876
5.38936043036461
6.68164973102212
5.05391512253437
5.28762701733413
4.27854154213987
7.24255827854154
5.66981470412433
6.17023311416617
4.30603705917513
8.50735206216378
6.69814704124327
5.46359832635983
8.61183502689779
5.32062163777645
5.77979677226539
5.17489539748954
7.87770472205619
5.79629408248655
7.58350268977884
7.92994620442319
6.21972504482965
7.41852958756724
10.8279736999402
5.19689181111775
10.9132098027496
4.09157202630006
5.8017931858936
6.91261207411835
6.92086072922893
9.42020322773461
6.30221159593544
7.02259414225941
9.47244471010161
4.67172743574417
7.56975493126121
6.88236700537956
6.3599521817095
4.10257023311417
8.44411237298267
4.89444112372983
4.95768081291094
9.11775254034668
7.89695158398087
7.32779438135087
7.55050806933652
4.25929468021518
5.41685594739988
4.27029288702929
6.25821876867902
7.59450089659295
7.18756724447101
6.89061566049014
8.60083682008368
6.72014345487149
16.9732217573222
9.31846981470412
4.4572624028691
3.9925881649731
3.98433950986252
4.27029288702929
8.57059175134489
5.36186491332935
4.14931261207412
5.4498505678422
7.88045427375971
5.35636580992229
5.13640167364017
8.45236102809324
47.991034070532
13.2585774058577
8.5101016138673
29.1784817692768
0.17071129707113
5.49659294680215
3.14572624028691
5.73580394500897
5.02092050209205
5.51583980872684
7.66049013747758
9.86563060370592
6.02725642558278
6.46718469814704
3.75337716676629
8.59533771667663
4.05307830245069
7.59175134488942
7.27280334728033
6.66515242080096
5.00442319187089
7.14907352062164
8.50735206216378
6.35170352659892
4.20155409444112
5.74130304841602
4.25379557680813
5.584578601315
5.87603108188882
11.7408248655111
5.72755528989839
6.41769276748356
4.61673640167364
7.21506276150628
3.19246861924686
4.3335325762104
8.98852361028093
8.26814106395696
8.64482964734011
3.76437537358039
4.11081888822475
11.265152420801
5.42785415421399
5.34811715481171
6.10974297668858
10.2698147041243
5.78529587567244
6.23622235505081
2.13389121338912
5.69731022115959
6.93185893604304
8.1581589958159
4.64148236700538
5.95301852958757
3.91285116557083
3.23646144650329
4.38027495517035
7.33054393305439
5.87878063359235
5.46634787806336
5.60382546323969
5.74680215182307
5.61757322175732
4.14381350866706
21.1167961745368
6.82737597130903
6.92086072922893
5.68081291093843
5.63407053197848
7.13807531380753
4.53150029886431
4.34178123132098
16.1538553496712
10.5007770472206
5.37011356843993
6.51392707710699
10.4430364614465
4.60298864315601
5.94476987447699
7.42127913927077
6.87961745367603
4.41876867901972
19.1371189479976
4.7569635385535
4.22355050806934
7.89145248057382
7.18481769276748
4.36652719665272
8.6750747160789
4.00083682008368
4.02008368200837
4.84494919306635
5.6258218768679
4.11356843992827
4.87244471010161
5.85953377166766
7.34704124327555
10.4485355648536
4.60298864315601
7.06658696951584
23.2669456066946
4.31978481769277
4.49575612671847
6.09324566646742
4.84219964136282
7.7237298266587
4.28404064554692
7.61649731022116
6.22247459653317
5.82104004781829
8.92528392109982
5.23538553496712
6.14823670053795
5.26013150029886
8.23789599521817
7.1243275552899
3.74237895995218
6.049252839211
7.23156007172743
5.82104004781829
10.957202630006
4.18230723251644
9.42845188284519
10.1075911536163
6.97860131500299
3.54166168559474
6.26371787208607
4.22080095636581
9.98661087866109
6.49193066347878
6.16198445905559
4.84769874476987
10.0058577405858
4.14931261207412
5.38111177525403
4.96043036461446
4.00908547519426
5.584578601315
6.26371787208607
5.24088463837418
3.51966527196653
5.68631201434549
4.54249850567842
7.64674237895995
6.32970711297071
12.6976688583383
6.17023311416617
6.66790197250448
8.78780633592349
4.17405857740586
4.47650926479378
4.11906754333533
7.12707710699342
3.03574417214585
6.9181111775254
6.15098625224148
5.52133891213389
5.2023909145248
6.9593544530783
5.82378959952182
4.73221757322176
4.66347878063359
14.0724447101016
4.69922295277944
5.49384339509862
4.94668260609683
4.76246264196055
22.689539748954
11.6225941422594
4.7267184698147
9.12050209205021
4.4160191273162
3.26945606694561
4.32253436939629
6.68439928272564
12.7994022713688
5.11440526001195
10.0306037059175
4.99342498505678
8.71356843992827
5.067662881052
5.50484160191273
7.81996413628213
34.6637776449492
6.67065152420801
5.04566646742379
6.42044231918709
3.6516437537358
3.52791392707711
4.47650926479378
6.61566049013748
5.48834429169157
13.030364614465
7.40478182904961
3.26945606694561
7.27555289898386
4.99892408846384
3.13747758517633
7.01159593544531
