2.15863717872086
2.84052600119546
3.80561864913329
2.5243275552899
2.6178123132098
1.95242080095637
1.33102211595935
1.62247459653317
1.98816497310221
2.49958158995816
2.08164973102212
2.16688583383144
1.85068738792588
2.42259414225941
2.06240286909743
3.02474596533174
2.19163179916318
4.06407650926479
3.70938433950986
3.01374775851763
2.02940824865511
2.74979079497908
0.877346084877466
1.42725642558279
3.40693365212194
3.76987447698745
2.32635983263598
2.0486551105798
1.37776449491931
5.68356246264196
1.86443514644351
2.57106993424985
3.49216975493126
1.81769276748356
1.57848176927675
3.62414823670054
2.0074118350269
3.87985654512851
3.39043634190078
4.53974895397489
1.96341900777047
2.88176927674836
1.54548714883443
1.54823670053796
2.35110579796772
2.63705917513449
1.77095038852361
2.7415421398685
1.49874476987448
3.26120741183503
2.26861924686192
2.34285714285714
1.54548714883443
2.90926479378362
4.32253436939629
2.04315600717274
2.88451882845188
3.14572624028691
1.66096832038255
3.75887627017334
3.48392109982068
1.8314405260012
2.81028093245666
3.6406455469217
2.94225941422594
1.39701135684399
2.28511655708308
1.77919904363419
1.92217573221757
2.58756724447101
1.36126718469815
3.16222355050807
3.8688583383144
2.34560669456067
2.26861924686192
0.682127913927077
2.57106993424985
3.22271368798565
1.16604901374776
3.43992827256426
1.65271966527197
1.35026897788404
1.63347280334728
1.48224745965332
3.65989240884638
4.82020322773461
1.91392707710699
3.01374775851763
2.46383741781231
1.44650328750747
2.89001793185894
1.7187089061566
2.58481769276748
1.21004184100418
2.08714883442917
2.6480573819486
2.67280334728033
2.76903765690377
2.37585176329946
2.16688583383144
2.11739390316796
1.97166766288105
0.844351464435147
2.10914524805738
3.56090854751943
1.38876270173341
1.68296473401076
8.06192468619247
1.37776449491931
23.6298864315601
2.43909145248057
2.60406455469217
2.70579796772265
1.28702928870293
2.46658696951584
6.83287507471608
1.45750149432158
3.15122534369396
2.8240286909743
2.12014345487149
6.71464435146443
1.84518828451883
1.24853556485356
3.76987447698745
2.28236700537956
1.80394500896593
3.62414823670054
2.28786610878661
3.05499103407053
3.47292289300657
1.22653915122534
1.72695756126718
3.38493723849372
3.83586371787209
1.28977884040646
7.38553496712492
5.95576808129109
1.29802749551704
3.57465630603706
2.19163179916318
2.37585176329946
2.483084279737
2.18063359234907
5.03741781231321
2.80478182904961
1.77644949193066
3.51416616855947
3.65714285714286
2.62606096832038
1.68021518230723
2.93950986252241
1.18254632396892
1.81769276748356
2.46383741781231
4.09157202630006
3.52241482367005
1.86443514644351
3.01649731022116
0.990077704722056
2.73329348475792
4.17680812910938
4.60023909145248
2.64530783024507
4.81470412432756
2.02940824865511
2.43634190077705
2.70304841601913
1.78744769874477
1.16879856545129
2.8240286909743
1.8314405260012
4.22080095636581
2.03215780035864
1.59497907949791
1.33102211595935
3.16222355050807
3.84411237298267
0.96258218768679
1.02032277346085
2.23837417812313
2.68930065750149
2.76628810520024
3.47017334130305
2.19988045427376
2.34560669456067
2.81852958756724
1.82869097429767
3.27495517035266
3.64889420203228
3.90735206216378
18.9171548117155
0.0167364016736402
3.27495517035266
2.99725044829647
3.3931858936043
1.98266586969516
2.25487148834429
2.6178123132098
5.18039450089659
1.50424387328153
2.96150627615063
1.26503287507472
3.51416616855947
5.26838015540944
2.25487148834429
1.73520621637776
4.78720860729229
0.98732815301853
1.97716676628811
1.49874476987448
3.6104004781829
2.0074118350269
1.56748356246264
3.43167961745368
13.5307830245069
1.47124925283921
3.80836820083682
3.53341303048416
1.16329946204423
5.09240884638374
1.45200239091452
1.5839808726838
4.28404064554692
1.93867304243873
1.68571428571429
2.02665869695158
1.76270173341303
1.99091452480574
2.28236700537956
2.31261207411835
5.62032277346085
1.32277346084877
1.48499701135684
1.51524208009564
2.58756724447101
2.73604303646145
2.35110579796772
1.42175732217573
2.35660490137478
7.12707710699342
1.11930663478781
1.63347280334728
1.60597728631201
1.78469814704124
2.20537955768081
2.13389121338912
1.48499701135684
3.02474596533174
3.65439330543933
0.98732815301853
4.30053795576808
1.67471607890018
2.6068141063957
1.69396294082487
1.28153018529588
2.49683203825463
3.11273161984459
2.69754931261207
2.59031679617454
0.885594739988045
3.72863120143455
2.80753138075314
1.85068738792588
2.02665869695158
1.99641362821279
2.08714883442917
1.13030484160191
0.244949193066348
2.55182307232516
2.01291093843395
3.31344889420203
2.81852958756724
4.29503885236103
3.55265989240885
5.36186491332935
1.82594142259414
2.49133293484758
2.03215780035864
1.81769276748356
2.81578003586372
1.44375373580394
2.8350268977884
2.58756724447101
2.44459055588763
1.94967124925284
3.53616258218769
3.66814106395696
3.39043634190078
0.935086670651524
1.10280932456665
2.1008965929468
1.22104004781829
1.47949790794979
2.62606096832038
1.98816497310221
1.58673042438733
1.40251046025105
1.91667662881052
0.464913329348476
2.28786610878661
7.9821876867902
1.83968918111178
2.17513448894202
2.56007172743574
2.78553496712493
2.78003586371787
3.1347280334728
1.48499701135684
2.07340107591154
1.43550508069337
2.27411835026898
2.03215780035864
0.319187089061566
2.49408248655111
3.15672444710102
2.19163179916318
2.31536162582188
2.04315600717274
2.77178720860729
2.80478182904961
3.70113568439928
3.37393903167962
1.21004184100418
2.02940824865511
1.36401673640167
1.00382546323969
2.42259414225941
2.3483562462642
1.16054991034071
3.34369396294082
4.03658099222953
4.16031081888822
1.99916317991632
1.32277346084877
5.09240884638374
2.65080693365212
3.00824865511058
1.63347280334728
1.79569635385535
5.97226539151225
1.64722056186491
3.17047220561865
1.56748356246264
1.47674835624626
7.29754931261207
2.60956365809922
3.32169754931261
1.80944411237298
0.97907949790795
0.940585774058577
2.62606096832038
2.55182307232516
3.25295875672445
1.32277346084877
1.43825463239689
4.64973102211596
2.12839210998207
3.26395696353855
1.51524208009564
9.70615660490137
3.69563658099223
1.50699342498506
2.45283921099821
2.0074118350269
4.15206216377764
1.7187089061566
2.77453676031082
1.73795576808129
2.13114166168559
4.85869695158398
3.41243275552899
3.23096234309623
2.01566049013748
2.73329348475792
3.67364016736402
2.70854751942618
1.40526001195457
1.86168559473999
4.63873281530185
3.14297668858338
1.80944411237298
5.16939629408249
2.19163179916318
3.68738792588165
2.35660490137478
1.86993424985057
4.36377764494919
3.26395696353855
5.70280932456665
2.5243275552899
4.09432157800359
3.17872086072923
2.02390914524806
4.04482964734011
5.94202032277346
2.68655110579797
3.7341303048416
3.59115361625822
2.75254034668261
2.89551703526599
1.24578601315003
5.85678421996414
0.803108188882247
1.56198445905559
2.31536162582188
7.54775851763299
1.26228332337119
1.90292887029289
2.32361028093246
1.55648535564854
1.85068738792588
5.1501494321578
3.86335923490735
3.86610878661088
1.93867304243873
3.50316796174537
1.94692169754931
2.29886431560072
3.11823072325164
3.18696951583981
1.55373580394501
1.73795576808129
3.05224148236701
2.52982665869695
1.449252839211
1.91667662881052
3.99808726838015
2.63156007172744
1.22378959952182
2.73054393305439
2.17513448894202
2.40334728033473
3.45642558278542
2.49133293484758
1.70496114763897
2.59031679617454
2.47483562462642
7.96294082486551
1.2842797369994
2.29611476389719
2.16413628212791
2.76078900179319
3.57740585774059
5.72755528989839
2.56282127913927
1.14405260011955
2.42259414225941
1.39151225343694
4.43526598924088
1.2320382546324
2.09264793783622
3.25570830842797
1.58123132098028
3.43717872086073
2.15863717872086
4.72396891811118
1.59497907949791
1.90017931858936
1.77369994022714
1.84793783622236
4.27854154213987
2.59031679617454
4.55624626419606
1.93867304243873
4.09157202630006
2.62331141661686
2.14763897190675
1.15230125523013
2.27961745367603
2.03490735206216
2.32361028093246
2.48858338314405
1.86718469814704
3.18696951583981
4.44351464435146
2.36485355648536
2.02390914524806
1.27878063359235
2.34285714285714
2.70854751942618
1.29252839210998
3.5994022713688
1.45750149432158
5.8732815301853
1.46575014943216
1.22378959952182
1.97166766288105
4.29503885236103
1.60872683801554
2.40884638374178
3.99808726838015
2.52982665869695
23.002988643156
2.62881052002391
3.01099820681411
2.53807531380753
1.66096832038255
1.85618649133293
1.62797369994023
1.58673042438733
6.95110579796772
4.35277943813509
1.86718469814704
2.24387328153019
6.91261207411835
3.0412432755529
0.618888224745965
4.28404064554692
3.2172145845786
1.69671249252839
3.03299462044232
1.66921697549313
0.836102809324567
1.81769276748356
1.4602510460251
1.65546921697549
2.31261207411835
1.09181111775254
3.2997011356844
2.63156007172744
1.78469814704124
3.59390316796175
8.36987447698745
2.22187686790197
4.9851763299462
1.36401673640167
2.18888224745965
3.69013747758518
0.863598326359833
1.81769276748356
3.39043634190078
2.78003586371787
1.82319187089062
3.06873879258816
2.48858338314405
2.34010759115362
3.3409444112373
3.03574417214585
1.68021518230723
2.82677824267782
2.62056186491333
1.05331739390317
4.25654512851166
2.21912731619845
4.08882247459653
0.855349671249253
3.61589958158996
2.42809324566647
2.52982665869695
1.91667662881052
1.22928870292887
1.37226539151225
3.36019127316198
1.50424387328153
2.28236700537956
3.50591751344889
2.01566049013748
3.37668858338314
2.44459055588763
3.61315002988643
1.18804542737597
4.28129109384339
2.2246264196055
2.46108786610879
2.78553496712493
2.37585176329946
3.10173341303048
1.99641362821279
4.0750747160789
0.874596533173939
1.45750149432158
0.811356843992827
4.66072922893007
2.07340107591154
2.14488942020323
3.31894799760909
1.91942618051405
2.14488942020323
2.33460848774656
2.26312014345487
3.79736999402271
3.0934847579199
1.19904363419008
0.770113568439928
0.946084877465631
1.68846383741781
3.44817692767484
0.910340705319785
1.70496114763897
2.76903765690377
1.63347280334728
1.7077106993425
2.37860131500299
2.01566049013748
2.28786610878661
3.3409444112373
2.17513448894202
0.803108188882247
1.38051404662283
2.03765690376569
2.63430962343096
2.94500896592947
2.49683203825463
2.62881052002391
3.90460251046025
3.27495517035266
2.20537955768081
1.12480573819486
1.11655708308428
2.01016138673042
1.88643156007173
2.69205020920502
3.36569037656904
2.97525403466826
2.29886431560072
1.74620442319187
3.22546323968918
3.52791392707711
1.58673042438733
1.69946204423192
3.95409444112373
2.13114166168559
1.81219366407651
3.16772265391512
6.79713090257023
4.13556485355648
1.0670651524208
2.06790197250448
1.42450687387926
2.82952779438135
2.15038852361028
2.24937238493724
2.05415421398685
3.18421996413628
4.07232516437537
3.23646144650329
1.82044231918709
2.08714883442917
0.811356843992827
3.30520023909145
2.23837417812313
1.48499701135684
1.7901972504483
2.42809324566647
0.783861326957561
2.98350268977884
4.78170950388524
1.12755528989839
2.81852958756724
2.70579796772265
4.07232516437537
1.94417214584579
4.26754333532576
2.90926479378362
3.00549910340705
4.35552898983861
1.41075911536163
7.14907352062164
1.83693962940825
2.96700537955768
0.855349671249253
2.80753138075314
1.38876270173341
3.76712492528392
4.39952181709504
1.16054991034071
7.02809324566647
2.43634190077705
4.02283323371189
2.49958158995816
2.71129707112971
0.860848774656306
2.01016138673042
3.82761506276151
2.75803945008966
6.24997011356844
7.20406455469217
1.00932456664674
1.17154811715481
0.555648535564853
3.72588164973102
1.72695756126718
1.94142259414226
2.20812910938434
4.01733413030484
4.3747758517633
3.37668858338314
3.25020920502092
3.67638971906754
1.44375373580394
1.37226539151225
3.61864913329348
2.36210400478183
2.77178720860729
1.99091452480574
3.37393903167962
2.08164973102212
2.7002988643156
2.82952779438135
3.35469216975493
4.44351464435146
1.23478780633592
2.29611476389719
1.66096832038255
1.62247459653317
2.1833831440526
1.72145845786013
3.84686192468619
1.89468021518231
3.38493723849372
3.4344291691572
1.10555887627017
5.4498505678422
5.43610280932457
1.51799163179916
3.42893006575015
2.22737597130903
1.89468021518231
0.478661087866109
7.0005977286312
0.907591153616258
1.4904961147639
1.23478780633592
2.51882845188285
3.24196054991034
2.73054393305439
1.84518828451883
1.77095038852361
4.02833233711895
1.93317393903168
1.00107591153616
2.02940824865511
2.23837417812313
1.67196652719665
1.63347280334728
2.30986252241482
9.79414225941422
1.32002390914525
4.49025702331142
1.3667662881052
1.37776449491931
12.7389121338912
1.32277346084877
1.78469814704124
2.81852958756724
3.54166168559474
2.80753138075314
1.66921697549313
0.244949193066348
7.72922893006575
2.535325762104
2.69754931261207
2.81578003586372
1.76545128511656
1.24578601315003
2.09264793783622
3.29420203227735
1.39976090854752
2.10364614465033
1.96891811117753
3.53891213389121
1.60047818290496
1.72695756126718
18.8759115361626
2.13664076509265
5.81829049611476
4.57274357441721
1.87268380155409
2.38410041841004
1.22378959952182
2.483084279737
3.14847579199044
2.06515242080096
2.28236700537956
2.36485355648536
1.58123132098028
3.60215182307232
11.1524208009564
1.98541542139868
1.8836820083682
1.00932456664674
2.05415421398685
1.68571428571429
1.29802749551704
2.483084279737
2.32361028093246
8.40561864913329
1.44650328750747
5.98601315002989
1.14405260011955
1.9249252839211
5.43335325762104
3.67638971906754
1.21554094441124
2.52157800358637
1.43825463239689
5.09790794979079
5.13090257023311
1.22104004781829
8.10316796174537
2.29061566049014
2.06240286909743
1.19904363419008
1.69946204423192
6.20597728631201
4.13831440526001
1.35851763299462
4.49025702331142
2.87901972504483
1.90567842199641
2.78828451882845
2.59581589958159
4.05032875074716
1.56748356246264
1.42725642558279
1.55373580394501
1.33102211595935
1.99366407650926
2.29611476389719
4.69647340107591
4.06957561267185
1.24028690974298
2.39509862522415
2.62056186491333
2.21637776449492
2.51332934847579
2.46383741781231
4.99617453676031
5.52958756724447
2.15038852361028
2.67280334728033
3.54991034070532
20.2589360430365
1.30902570233114
2.1833831440526
6.27196652719665
2.84327555289898
2.49683203825463
2.33735803945009
2.14488942020323
2.8762701733413
1.03407053197848
2.53257621040048
1.88643156007173
1.04231918708906
3.89360430364614
3.87710699342498
3.12098027495517
1.57848176927675
4.5919904363419
1.51799163179916
3.67364016736402
2.41159593544531
2.45558876270173
3.58840406455469
3.11823072325164
5.34536760310819
1.55098625224148
4.22355050806934
1.31727435744172
3.30245068738793
3.00274955170353
1.44650328750747
3.02199641362821
3.03849372384937
1.74070531978482
1.18804542737597
1.45475194261805
4.498505678422
0.874596533173939
1.52349073520622
2.92851165570831
4.38577405857741
1.48224745965332
1.47949790794979
3.03299462044232
1.55098625224148
3.72038254632397
2.72779438135087
2.12564255827854
2.37035265989241
3.15397489539749
2.66730424387328
1.61697549312612
5.09240884638374
2.96150627615063
2.62331141661686
2.27961745367603
2.35110579796772
1.56473401075912
1.11930663478781
2.85427375971309
2.77728631201435
1.16054991034071
4.89994022713688
2.22737597130903
4.88619246861925
3.50591751344889
2.26312014345487
2.53257621040048
4.18505678421996
2.06515242080096
1.7077106993425
2.25212193664077
2.27136879856545
2.79653317393903
1.86993424985057
0.591392707710699
2.56282127913927
2.60131500298864
1.68571428571429
3.52241482367005
1.76545128511656
2.99450089659295
3.17047220561865
2.74704124327555
2.17513448894202
2.23012552301255
1.95517035265989
1.75170352659892
8.56509264793784
1.25678421996414
1.33102211595935
2.47758517632995
2.49133293484758
1.81219366407651
1.7901972504483
4.40227136879856
1.52349073520622
1.84518828451883
1.09456066945607
4.19330543933054
3.02474596533174
1.30352659892409
1.8314405260012
2.66455469216975
3.37118947997609
2.82677824267782
2.92851165570831
1.68296473401076
2.50783024506874
1.02032277346085
2.57381948595338
4.29778840406455
2.71404662283323
2.12014345487149
2.50508069336521
1.5427375971309
3.45092647937836
5.75230125523012
0.684877465630604
2.01291093843395
1.82044231918709
2.23562462641961
2.32910938433951
3.15672444710102
4.2098027495517
2.3483562462642
3.14022713687986
2.70854751942618
2.5655708308428
5.29312612074118
3.67089061566049
1.4904961147639
4.41326957561267
1.0670651524208
1.80944411237298
3.15947399880454
3.98708906156605
2.46108786610879
1.47949790794979
1.38601315002989
2.17513448894202
3.77812313209803
1.49599521817095
2.1421398684997
2.93676031081889
3.36294082486551
3.36569037656904
3.32444710101614
2.43084279736999
2.2658696951584
2.95600717274357
2.45283921099821
1.966168559474
7.78147041243275
3.29695158398087
1.51524208009564
2.45008965929468
0.907591153616258
1.87268380155409
6.41219366407651
2.62331141661686
3.19521817095039
1.73795576808129
3.93209802749552
1.92767483562463
2.25762104004782
2.49958158995816
2.98350268977884
1.91942618051405
2.27411835026898
1.35851763299462
0.816855947399881
1.17154811715481
5.63407053197848
2.34560669456067
2.11464435146444
3.28320382546324
2.38135086670652
2.72504482964734
2.41709503885236
3.40418410041841
3.65439330543933
3.07148834429169
1.77644949193066
1.56473401075912
2.34285714285714
2.81303048416019
2.63980872683802
1.26503287507472
1.95791990436342
3.18421996413628
2.535325762104
0.319187089061566
1.61147638971907
1.46849970113568
1.47949790794979
21.0150627615063
2.05140466228332
1.41625821876868
2.50233114166169
3.3931858936043
1.07256425582785
4.3747758517633
3.19796772265391
3.59665271966527
1.51524208009564
4.29778840406455
1.77095038852361
1.17429766885834
1.82869097429767
1.87543335325762
1.58673042438733
3.35744172145846
3.56090854751943
3.51416616855947
2.80203227734608
2.94225941422594
1.81219366407651
1.7901972504483
0.863598326359833
2.19163179916318
1.99916317991632
2.23287507471608
6.6074118350269
3.50316796174537
3.28595337716677
2.31536162582188
6.04100418410042
1.91942618051405
6.41494321578004
2.48583383144053
2.37035265989241
2.06515242080096
2.05415421398685
2.89551703526599
2.91201434548715
2.25212193664077
0.981829049611476
2.43909145248057
1.87818290496115
2.54082486551106
2.85977286312014
1.10555887627017
1.966168559474
2.29061566049014
1.27053197848177
2.2768679019725
1.60047818290496
2.09264793783622
2.22737597130903
21.7876867901973
1.22104004781829
1.71320980274955
5.90077704722056
2.08439928272564
2.1833831440526
4.77071129707113
2.05415421398685
2.33460848774656
2.67830245068739
2.40334728033473
4.62223550508069
1.31177525403467
1.2732815301853
2.84327555289898
6.24722056186491
6.58266586969516
3.96234309623431
6.3901972504483
1.68296473401076
2.20812910938434
4.44626419605499
1.17429766885834
3.58290496114764
3.17322175732218
2.8350268977884
3.96234309623431
2.84602510460251
2.25212193664077
1.43275552898984
4.60298864315601
3.92659892408846
4.13556485355648
2.1833831440526
1.68021518230723
3.76987447698745
2.73879258816497
7.87770472205619
1.57848176927675
3.65439330543933
2.03215780035864
2.8240286909743
1.89193066347878
1.06156604901375
3.11823072325164
4.35827854154214
1.2430364614465
1.8424387328153
0.500657501494322
17.6688583383144
3.33269575612672
0.577644949193066
1.84793783622236
2.76903765690377
2.62331141661686
1.77644949193066
0.863598326359833
2.41159593544531
1.46849970113568
1.8314405260012
2.68655110579797
3.04949193066348
2.35110579796772
1.68571428571429
1.97441721458458
1.54548714883443
1.52898983861327
1.4602510460251
1.25128511655708
3.14022713687986
1.75445307830245
3.06049013747759
3.39593544530783
2.40609683203825
3.29695158398087
2.09264793783622
1.90292887029289
4.6442319187089
1.32002390914525
2.38410041841004
2.45008965929468
3.6516437537358
1.43550508069337
3.87435744172146
4.00633592349073
2.06790197250448
2.8350268977884
2.12289300657502
2.09264793783622
2.27961745367603
2.85152420800956
2.51882845188285
0.918589360430365
2.49133293484758
4.60573819485953
2.03765690376569
2.89276748356246
3.84961147638972
2.40334728033473
2.11189479976091
2.13664076509265
2.535325762104
2.62331141661686
2.18888224745965
2.81303048416019
2.79103407053198
2.5765690376569
1.59772863120143
1.61697549312612
1.99916317991632
1.14680215182307
4.31153616258219
2.0596533173939
1.34751942618051
1.48499701135684
1.34476987447699
2.19988045427376
1.21829049611476
3.2584578601315
2.43909145248057
2.60131500298864
3.52516437537358
1.60322773460849
2.41709503885236
4.24554692169755
2.89001793185894
1.35576808129109
3.16772265391512
1.49324566646742
3.03849372384937
1.45200239091452
4.20155409444112
2.89826658696952
2.34560669456067
2.83777644949193
9.52468619246862
2.41159593544531
2.50508069336521
1.85068738792588
2.4418410041841
4.66622833233712
2.63705917513449
0.814106395696354
2.23012552301255
2.67280334728033
3.73962940824865
4.60298864315601
0.761864913329348
2.06515242080096
1.77644949193066
3.03574417214585
2.70854751942618
1.48774656306037
1.95791990436342
2.17788404064555
2.23837417812313
5.21888822474596
1.94692169754931
4.47925881649731
2.71954572624029
2.52982665869695
4.83945008965929
2.39784817692767
0.121219366407651
3.11823072325164
1.46849970113568
2.3071129707113
2.50783024506874
3.1649731022116
3.37118947997609
13.8442319187089
5.43060370591751
3.55265989240885
8.65857740585774
3.24471010161387
1.82869097429767
7.97668858338314
2.41984459055589
2.04315600717274
2.69479976090855
2.56282127913927
2.26861924686192
2.16688583383144
1.62247459653317
3.71213389121339
0.717872086072923
2.59856545128512
1.50424387328153
25.2136282127914
2.85977286312014
3.22821279139271
5.31787208607292
29.1949790794979
2.11739390316796
1.81769276748356
1.24028690974298
2.18613269575613
0.943335325762104
3.34919306634788
2.88726838015541
3.33269575612672
4.95493126120741
4.7157202630006
0.836102809324567
3.6516437537358
3.54441123729827
3.59115361625822
3.78637178720861
2.30986252241482
2.73604303646145
0.855349671249253
19.6540346682606
1.72145845786013
0.115720263000598
5.55433353257621
1.17704722056186
2.53257621040048
3.29420203227735
0.921338912133891
1.66921697549313
5.07041243275553
2.43634190077705
1.04231918708906
3.58565451285117
9.32121936640765
1.37776449491931
2.67830245068739
2.89826658696952
1.89742976688583
2.53807531380753
2.09539748953975
1.53448894202032
4.95493126120741
2.90376569037657
1.94142259414226
1.43550508069337
5.89527794381351
1.22928870292887
1.74070531978482
2.39509862522415
6.4424387328153
2.2246264196055
3.26670651524208
2.94775851763299
4.06407650926479
1.67746563060371
1.96891811117753
1.57023311416617
7.95469216975493
7.90520023909145
1.40526001195457
2.68655110579797
1.67471607890018
3.01099820681411
2.27961745367603
2.34010759115362
3.95684399282726
2.02665869695158
3.0824865511058
4.13281530185296
5.31787208607292
1.24853556485356
2.58206814106396
1.64447101016139
2.07890017931859
3.0412432755529
2.483084279737
3.67364016736402
2.54082486551106
0.866347878063359
2.00191273161984
5.16389719067543
3.43717872086073
2.17238493723849
4.42426778242678
1.60597728631201
2.7002988643156
1.8836820083682
1.64172145845786
0.893843395098625
11.9167961745368
0.95433353257621
1.35026897788404
1.08906156604901
1.06431560071727
1.96891811117753
0.995576808129109
4.24554692169755
1.73520621637776
4.03658099222953
4.16031081888822
3.3931858936043
1.48774656306037
1.17154811715481
1.67471607890018
1.84793783622236
3.06873879258816
1.43275552898984
4.14656306037059
3.2172145845786
3.16222355050807
4.14381350866706
2.96700537955768
1.97166766288105
2.63705917513449
2.88726838015541
3.96784219964136
2.1008965929468
1.09181111775254
0.882845188284519
0.957083084279737
3.70938433950986
3.7753735803945
3.96784219964136
1.05331739390317
3.06873879258816
1.66096832038255
2.62331141661686
0.899342498505678
0.750866706515242
1.98541542139868
1.19629408248655
2.36210400478183
1.82869097429767
1.51249252839211
5.16664674237896
3.64339509862522
1.93867304243873
3.72038254632397
2.75528989838613
2.31536162582188
3.00274955170353
2.67555289898386
2.5765690376569
1.0148236700538
1.96341900777047
3.37943813508667
2.1421398684997
2.43909145248057
4.22904961147639
1.78744769874477
1.29802749551704
3.55540944411237
1.87268380155409
4.69647340107591
4.44351464435146
1.85893604303646
0.066228332337119
3.25570830842797
1.78469814704124
2.25212193664077
2.04315600717274
4.17680812910938
1.52898983861327
1.55373580394501
1.97166766288105
1.4080095636581
2.06790197250448
4.78445905558876
3.50041841004184
1.81494321578004
2.0074118350269
1.32277346084877
1.96341900777047
2.34010759115362
2.6178123132098
2.07890017931859
4.30878661087866
2.10364614465033
1.89193066347878
2.1421398684997
1.66371787208607
1.19629408248655
2.6178123132098
1.13030484160191
3.0412432755529
4.01183502689779
1.26503287507472
2.03490735206216
2.44734010759115
1.53998804542738
4.01733413030484
3.42893006575015
1.8011954572624
2.43084279736999
2.82677824267782
1.39151225343694
1.64722056186491
1.77095038852361
2.76353855349671
2.13664076509265
1.49874476987448
3.22271368798565
2.65630603705918
4.81745367603108
2.27961745367603
3.06873879258816
1.17429766885834
3.29695158398087
4.61673640167364
5.4608487746563
2.96700537955768
1.68571428571429
5.78254632396892
1.22653915122534
2.02940824865511
2.08439928272564
3.06049013747759
2.87352062163778
4.7982068141064
2.28786610878661
1.95517035265989
1.37226539151225
1.78469814704124
3.86335923490735
1.96341900777047
4.06132695756127
3.87985654512851
2.96150627615063
2.15038852361028
2.5765690376569
2.28236700537956
4.63873281530185
1.64172145845786
2.64530783024507
1.86718469814704
1.7077106993425
2.51607890017932
3.31619844590556
1.4904961147639
2.76903765690377
1.39151225343694
3.22821279139271
1.64722056186491
1.26778242677824
1.82044231918709
3.18696951583981
2.12839210998207
2.57931858936043
4.31428571428571
1.62797369994023
1.7599521817095
2.21087866108787
3.60215182307232
2.1833831440526
1.57023311416617
1.81219366407651
3.7341303048416
1.66921697549313
2.23837417812313
2.69205020920502
4.57824267782427
0.0414823670053796
1.64997011356844
9.50268977884041
3.43992827256426
1.79844590555888
3.06049013747759
5.47459653317394
1.51524208009564
2.17788404064555
2.17513448894202
4.2098027495517
2.49958158995816
3.90735206216378
2.54632396891811
2.12014345487149
1.70496114763897
2.67555289898386
2.63705917513449
2.00466228332337
5.81829049611476
3.1649731022116
1.43550508069337
6.92910938433951
3.36019127316198
1.87268380155409
2.33460848774656
1.51524208009564
1.30077704722056
2.03215780035864
1.89193066347878
2.67830245068739
1.22928870292887
2.38959952181709
5.54608487746563
1.56748356246264
1.72970711297071
3.21996413628213
3.5581589958159
2.11739390316796
1.78469814704124
3.8578601315003
6.06575014943216
3.63789599521817
2.50783024506874
2.39784817692767
5.12265391512253
0.976329946204423
1.82044231918709
5.51034070531978
1.68296473401076
3.0412432755529
1.5317393903168
1.53448894202032
1.64997011356844
2.66180514046623
2.46383741781231
2.01566049013748
1.04231918708906
2.77728631201435
0.959832635983264
4.29503885236103
1.95242080095637
40.8723849372385
0.852600119545726
4.14656306037059
3.95409444112373
2.06790197250448
3.17322175732218
1.64447101016139
2.11739390316796
2.07340107591154
2.98075313807531
1.00107591153616
7.50376569037657
1.25403466826061
4.12731619844591
0.613389121338912
3.0934847579199
2.51607890017932
1.2732815301853
1.501494321578
2.39509862522415
2.30986252241482
1.5317393903168
3.8991034070532
2.38684997011357
7.09958158995816
11.01494321578
1.91392707710699
1.19354453078302
1.21554094441124
1.90017931858936
4.02008368200837
4.23179916317992
3.20346682606097
3.86060968320383
2.94500896592947
2.40334728033473
3.96784219964136
1.90292887029289
1.36951583980873
1.61697549312612
1.80394500896593
2.07615062761506
2.89001793185894
19.2965929468021
2.08439928272564
1.28977884040646
2.92301255230126
4.36102809324567
1.41350866706515
4.49025702331142
3.50591751344889
2.18613269575613
4.31428571428571
0.316437537358039
3.71488344291692
1.7077106993425
2.93401075911536
1.74620442319187
5.22438732815302
2.54357441721458
1.92217573221757
1.87543335325762
2.63156007172744
2.27136879856545
1.5729826658697
2.68655110579797
2.37310221159594
1.8011954572624
2.19988045427376
2.72229527794381
2.67005379557681
3.96234309623431
3.64339509862522
3.50316796174537
3.79462044231919
3.37668858338315
4.7157202630006
2.48583383144053
2.44734010759115
4.81470412432756
1.96066945606695
1.37501494321578
7.88045427375971
1.91392707710699
5.86228332337119
1.23753735803945
4.13831440526001
2.87352062163778
1.2430364614465
2.6178123132098
5.17489539748954
4.13281530185296
4.00083682008368
2.77453676031082
2.15588762701733
3.15672444710102
2.08714883442917
3.03849372384937
2.15588762701733
2.41159593544531
1.00932456664674
1.21279139270771
3.28320382546324
2.00191273161984
2.57381948595338
4.66897788404065
1.7187089061566
2.02940824865511
1.50974297668858
2.26861924686192
2.5243275552899
0.591392707710699
2.27411835026898
2.27136879856545
1.91667662881052
2.27411835026898
2.41709503885236
1.87268380155409
1.89742976688583
1.50699342498506
1.94142259414226
0.863598326359833
1.66921697549313
2.17238493723849
4.9329348475792
1.36951583980873
4.03658099222953
4.26479378362224
1.05331739390317
2.61506276150628
2.65355648535565
1.40526001195457
2.42534369396294
3.30245068738793
2.45833831440526
1.04231918708906
2.92301255230126
7.01159593544531
2.07340107591154
1.88918111177525
2.55457262402869
0.720621637776449
4.41876867901972
1.449252839211
2.37035265989241
3.34644351464435
3.1237298266587
1.71595935445308
1.4904961147639
1.71320980274955
2.38410041841004
1.73520621637776
2.2658696951584
3.05224148236701
2.41159593544531
2.48858338314405
1.74345487148834
2.34010759115362
2.38684997011357
1.5729826658697
1.37501494321578
3.19246861924686
2.92026300059773
1.46575014943216
1.18254632396892
4.39127316198446
1.18804542737597
1.6252241482367
1.70358637178721
2.36210400478183
2.70854751942618
1.74620442319187
2.25212193664077
21.4962343096234
0.918589360430365
4.68272564255828
2.84877465630604
1.82044231918709
7.05833831440526
3.11823072325164
2.45283921099821
2.01016138673042
3.92934847579199
2.12289300657502
1.61972504482965
3.17322175732218
3.57190675433353
1.49874476987448
2.76078900179319
3.97334130304842
2.02390914524806
2.85427375971309
2.85152420800956
2.29336521219366
2.2658696951584
2.89551703526599
1.78469814704124
9.99210998206814
0.258696951583981
2.61231320980275
1.09456066945607
2.8350268977884
1.3255230125523
2.37860131500299
2.07615062761506
2.34010759115362
2.79103407053198
1.99641362821279
1.47399880454274
1.27878063359235
3.52791392707711
5.41960549910341
6.90436341900777
1.55923490735206
2.35385534967125
7.90520023909145
1.68296473401076
8.8098027495517
2.71954572624029
1.88643156007172
1.89468021518231
1.74345487148834
2.79928272564256
2.07615062761506
5.40035863717872
2.7827854154214
16.5552898983861
1.85893604303646
4.23729826658697
1.47674835624626
1.27603108188882
2.05415421398685
2.61506276150628
14.1989240884638
3.92109982068141
3.94584578601315
1.40526001195457
2.06240286909743
3.77812313209803
2.81852958756724
3.14022713687986
2.28236700537956
2.00466228332337
1.97441721458458
3.78362223550508
4.34453078302451
3.17322175732218
1.8011954572624
1.45200239091452
1.77919904363419
4.09157202630006
3.3519426180514
2.04315600717274
1.57848176927675
2.45008965929468
3.32169754931261
1.65821876867902
2.28786610878661
3.02199641362821
2.84602510460251
4.53150029886431
3.01374775851763
1.60872683801554
2.45008965929468
0.115720263000598
0.71237298266587
2.10364614465033
3.1649731022116
2.15863717872086
3.18971906754334
2.29336521219366
0.866347878063359
1.42725642558279
3.40968320382546
2.73054393305439
4.85869695158398
1.44650328750747
3.63789599521817
1.63347280334728
2.1833831440526
1.8836820083682
3.7341303048416
3.87435744172146
3.48117154811715
4.09982068141064
0.176210400478183
2.11739390316796
2.19988045427376
2.29886431560072
2.09264793783622
1.99091452480574
1.17979677226539
0.96258218768679
1.80669456066946
1.86443514644351
1.4602510460251
2.54632396891811
1.16604901374776
2.12014345487149
4.40502092050209
1.47399880454274
3.80561864913329
2.94225941422594
1.81494321578004
1.90842797369994
3.69563658099223
1.13030484160191
2.98900179318589
1.65271966527197
1.67196652719665
1.37501494321578
1.27603108188882
3.11823072325164
2.26037059175134
1.37776449491931
2.67555289898386
1.59772863120143
3.12647937836222
2.68105200239091
0.253197848176928
4.40227136879856
1.89193066347878
1.70496114763897
1.81769276748356
1.50974297668858
2.13114166168559
2.3483562462642
1.04506873879259
3.80836820083682
3.66539151225344
3.31619844590556
2.10639569635386
2.29061566049014
2.43359234907352
1.77644949193066
6.1839808726838
3.03024506873879
3.15260011954572
1.87543335325762
2.78553496712493
4.22630005977286
14.883562462642
1.98541542139868
6.17848176927675
3.04399282725643
3.0412432755529
1.01757322175732
1.47949790794979
2.07065152420801
7.63849372384937
2.88176927674836
2.4005977286312
0.797609085475194
3.59390316796175
12.4007172743574
2.27961745367603
1.7599521817095
0.547399880454274
4.56449491930663
2.88451882845188
3.30245068738793
2.80753138075314
2.01291093843395
2.10639569635386
1.99641362821279
1.94142259414226
1.09181111775254
1.72695756126718
2.42259414225941
2.27411835026898
2.7827854154214
3.27220561864913
1.06156604901375
5.42235505080693
3.27220561864913
3.51141661685595
2.9175134488942
3.04949193066348
4.48750747160789
2.16138673042439
1.79844590555888
1.29252839210998
1.91942618051405
3.23646144650329
4.69097429766886
1.68296473401076
2.57381948595338
1.8314405260012
3.90460251046025
1.97441721458458
2.01566049013748
1.19629408248655
2.09814704124328
1.45750149432158
3.58015540944411
2.99725044829647
2.32910938433951
3.60215182307232
2.19988045427376
0.5501494321578
1.71320980274955
8.31488344291691
3.2172145845786
2.61231320980275
2.69205020920502
0.643634190077705
1.501494321578
2.60131500298864
3.2172145845786
2.87077106993425
2.01016138673042
0.16246264196055
2.41434548714883
2.24387328153019
2.54907352062164
1.98816497310221
3.20621637776449
2.05415421398685
1.11930663478781
2.09539748953975
3.45367603108189
3.31619844590556
3.51416616855947
4.27029288702929
1.966168559474
2.51057979677227
3.46192468619247
2.71679617453676
3.05774058577406
2.75803945008966
4.22080095636581
5.65881649731022
1.61697549312612
2.12564255827854
3.86060968320383
1.46575014943216
2.19988045427376
3.45367603108189
3.14022713687986
5.95026897788404
1.36401673640167
1.33377166766288
2.02115959354453
1.62797369994023
2.03215780035864
2.00191273161984
1.50699342498506
4.38302450687388
3.05774058577406
3.06873879258816
2.12289300657502
1.1495517035266
0.893843395098625
1.78744769874477
0.921338912133891
3.85511057979677
2.60406455469217
0.907591153616258
3.3931858936043
2.41434548714883
1.35026897788404
5.04291691572026
4.86419605499103
2.91476389719068
2.21637776449492
2.1008965929468
1.94692169754931
1.58673042438733
1.90842797369994
4.18505678421996
3.4756724447101
2.42534369396294
3.37668858338314
2.59306634787806
1.02857142857143
5.13915122534369
2.28786610878661
4.78445905558876
2.03215780035864
3.04399282725643
4.84219964136282
1.87268380155409
0.998326359832636
1.16329946204423
2.28786610878661
4.06407650926479
2.1008965929468
2.13664076509265
2.63156007172744
4.09707112970711
2.06240286909743
5.00717274357442
2.23012552301255
3
1.38601315002989
16.2803347280335
2.72229527794381
2.63705917513449
1.65821876867902
0.596891811117752
2.75254034668261
1.12480573819486
5.34811715481171
2.16138673042439
3.18971906754334
0.805857740585774
2.48033472803347
2.48858338314405
1.96066945606695
1.96066945606695
1.09731022115959
1.92767483562463
3.1237298266587
2.92301255230126
2.45558876270173
3.47292289300657
1.76545128511656
2.19438135086671
2.81303048416019
2.00191273161984
1.79844590555888
5.09515839808727
1.59497907949791
1.07806335923491
1.51524208009564
3.28045427375971
5.89527794381351
2.60406455469217
1.68846383741781
2.95050806933652
3.8688583383144
1.26228332337119
2.10639569635386
1.86718469814704
3.12098027495517
1.75170352659892
1.93592349073521
2.63980872683802
3.62139868499701
3.981589958159
1.28977884040646
2.7827854154214
2.1008965929468
3.90735206216378
0.83335325762104
2.36485355648536
2.09539748953975
3.83861326957561
3.01649731022116
1.67471607890018
2.42259414225941
3.16772265391512
3.10448296473401
3.15672444710102
1.42725642558279
2.43359234907352
2.09814704124328
1.7489539748954
2.15863717872086
1.91392707710699
2.81028093245666
2.27136879856545
0.915839808726838
1.56748356246264
1.59222952779438
5.28762701733413
5.76054991034071
1.81219366407651
4.83945008965929
1.72695756126718
0.957083084279737
1.64447101016139
2.65355648535565
6.02725642558278
2.80478182904961
2.1833831440526
0.577644949193066
3.31894799760909
3.39593544530783
4.06407650926479
3.99808726838015
1.95242080095637
5.4910938433951
2.27961745367603
1.46300059772863
6.59916317991632
2.06790197250448
2.71129707112971
2.43634190077705
1.47124925283921
2.62056186491333
1.21829049611476
2.4418410041841
7.16282127913927
18.3452480573819
1.31452480573819
5.85403466826061
1.35851763299462
2.06240286909743
2.0898983861327
1.92767483562463
1.57023311416617
1.82319187089062
1.51799163179916
5.60107591153616
1.22928870292887
2.67280334728033
19.7777644949193
1.91667662881052
2.58206814106396
1.76820083682008
1.96066945606695
2.56832038254632
2.31536162582188
1.2320382546324
25.6040645546922
1.40251046025105
2.12289300657502
2.08714883442917
0.913090257023311
1.30077704722056
2.71679617453676
1.69946204423192
0.70412432755529
2.63430962343096
2.20263000597729
4.64698147041243
2.46933652121937
2.16413628212791
3.50041841004184
4.28679019725045
1.63622235505081
1.5839808726838
4.44901374775852
5.09790794979079
1.06156604901375
6.95660490137478
1.96066945606695
3.10998206814106
5.36461446503287
1.91667662881052
2.28511655708308
2.61506276150628
4.80370591751345
1.69396294082487
5.95301852958757
0.506156604901375
1.03682008368201
2.52982665869695
0.852600119545726
2.57381948595338
1.449252839211
1.53998804542738
1.49874476987448
1.19354453078302
3.10998206814106
3.03849372384937
9.07101016138673
2.85702331141662
3.43992827256426
1.42175732217573
1.22378959952182
1.6252241482367
2.85977286312014
2.76628810520024
3.77262402869097
1.75170352659892
1.5729826658697
2.90376569037657
4.60848774656306
4.48200836820084
2.46383741781231
5.41960549910341
2.28511655708308
1.80394500896593
2.05690376569038
1.4602510460251
2.98350268977884
3.98433950986252
5.2326359832636
3.28045427375971
2.37310221159594
4.31703526598924
2.1833831440526
2.16413628212791
2.1421398684997
1.63622235505081
1.19629408248655
5.41685594739988
1.25678421996414
1.97716676628811
4.04482964734011
1.52074118350269
3.15397489539749
3.2172145845786
2.45008965929468
2.36485355648536
0.896592946802152
1.73520621637776
1.97716676628811
4.52875074716079
2.25212193664077
1.91667662881052
2.04040645546922
1.17429766885834
1.25403466826061
4.22630005977286
0.811356843992827
2.58481769276748
1.58947997609085
2.92301255230126
1.81769276748356
2.71679617453676
5.97226539151225
1.42175732217573
1.93042438732815
6.5249252839211
1.76820083682008
1.77095038852361
1.58947997609085
2.97525403466826
1.62247459653317
1.501494321578
1.83968918111178
0.792109982068141
2.15038852361028
3.39593544530783
2.54632396891811
1.18254632396892
2.2768679019725
2.8240286909743
1.01207411835027
3.18696951583981
1.67471607890018
1.82869097429767
1.32002390914525
2.2768679019725
1.4602510460251
1.10005977286312
2.78553496712493
2.30986252241482
1.99091452480574
4.90543933054393
0.97907949790795
2.73054393305439
6.42869097429767
1.55098625224148
3.4344291691572
3.93209802749552
6.53042438732815
4.73771667662881
3.17322175732218
0.896592946802152
3.70113568439928
2.45008965929468
1.98266586969516
1.51249252839211
1.83693962940825
2.72504482964734
1.72420800956366
2.08714883442917
2.08164973102212
1.26503287507472
1.18804542737597
2.04590555887627
1.61147638971907
2.98350268977884
2.28511655708308
2.79378362223551
1.16054991034071
6.25821876867902
2.6068141063957
2.48033472803347
3.01374775851763
1.5427375971309
3.36019127316198
3.39868499701136
4.57824267782427
2.77728631201435
2.30161386730424
2.9065152420801
2.81578003586372
4.90268977884041
4.20705319784818
1.68846383741781
1.53448894202032
1.53723849372385
1.51524208009564
3.93759713090257
0.858099222952779
2.00466228332337
2.75803945008966
1.48499701135684
2.91476389719068
2.08439928272564
1.98816497310221
1.7489539748954
3.27770472205619
6.18673042438733
2.88451882845188
2.58206814106396
3.44542737597131
2.69205020920502
2.71404662283323
2.09264793783622
2.57931858936043
1.45750149432158
1.62247459653317
2.41159593544531
2.5243275552899
3.84136282127914
1.43000597728631
1.99366407650926
2.40334728033473
3.52791392707711
2.47208607292289
0.745367603108189
2.63156007172744
2.37860131500299
2.58756724447101
2.50783024506874
4.52600119545726
1.22653915122534
3.08798565451285
2.68930065750149
1.81769276748356
3.62689778840406
1.64722056186491
1.27053197848177
2.67830245068739
2.73604303646145
1.52624028690974
0.778362223550508
2.02390914524806
2.1421398684997
0.610639569635385
1.47949790794979
3.19246861924686
1.47124925283921
2.50508069336521
1.82594142259414
2.37860131500299
4.5919904363419
3.55265989240885
3.45642558278542
2.01291093843395
7.27005379557681
2.33460848774656
4.87794381350867
1.90017931858936
1.96891811117753
2.06515242080096
3.37668858338314
1.94142259414226
2.50508069336521
3.08523610280932
2.54082486551106
2.14488942020323
1.20454273759713
4.68547519426181
1.31177525403467
3.59115361625822
1.8836820083682
2.68380155409444
2.03490735206216
2.42259414225941
1.13580394500897
1.22653915122534
1.22653915122534
3.56640765092648
4.14381350866706
2.50783024506874
1.38051404662283
3.3931858936043
1.4904961147639
2.06790197250448
1.81219366407651
2.03765690376569
2.20537955768081
1.66921697549313
2.20537955768081
1.73245666467424
1.33927077106993
7.07483562462642
2.52707710699343
0.684877465630604
1.59222952779438
3.50866706515242
0.968081291093843
1.94967124925284
3.38768679019725
1.06156604901375
1.96341900777047
3.6104004781829
7.29205020920502
2.49408248655111
3.55540944411237
1.56748356246264
1.15505080693365
3.07148834429169
2.84052600119546
2.21087866108787
1.60322773460849
1.51249252839211
1.80669456066946
0.932337118947998
2.29611476389719
0.819605499103407
4.21805140466228
2.94225941422594
1.58123132098028
1.47124925283921
3.44267782426778
3.45642558278542
3.87710699342498
1.83968918111178
2.71404662283323
3.76162582187687
1.89193066347878
3.76162582187687
2.52707710699343
2.55457262402869
1.49324566646742
3.08523610280932
1.80394500896593
2.38410041841004
2.41709503885236
2.90376569037657
3.10173341303048
3.0824865511058
1.67471607890018
1.91942618051405
2.31536162582188
0.627136879856545
2.76628810520024
2.69754931261207
1.31727435744172
1.90292887029289
3.42893006575015
3.23921099820681
2.43634190077705
1.85618649133293
3.76987447698745
4.60573819485953
1.4602510460251
2.20812910938434
3.12098027495517
4.31153616258219
1.62247459653317
4.4160191273162
1.66921697549313
3.00824865511058
1.28977884040646
4.76521219366408
4.20430364614465
0.5501494321578
1.75445307830245
4.47925881649731
1.82044231918709
1.38876270173341
2.17513448894202
2.59306634787806
2.3181111775254
2.89826658696952
1.29802749551704
2.40884638374178
3.78087268380155
3.39043634190078
1.53448894202032
1.67196652719665
2.25487148834429
1.67746563060371
1.67196652719665
0.816855947399881
2.65080693365212
1.96891811117753
2.28786610878661
1.13305439330544
2.36210400478183
3.03299462044232
2.69754931261207
2.91201434548715
2.89001793185894
1.77919904363419
2.65630603705918
3.33269575612672
2.99725044829647
2.09814704124328
2.71404662283323
1.93867304243873
3.60765092647938
2.42259414225941
3.68738792588165
1.43825463239689
2.42259414225941
4.57274357441721
2.65355648535565
3.67364016736402
12.6866706515242
1.76820083682008
6.33245666467424
2.40334728033473
2.483084279737
1.70496114763897
1.87268380155409
3.34644351464435
3.59665271966527
2.04040645546922
2.89551703526599
2.53257621040048
1.8314405260012
3.20071727435744
1.45200239091452
1.93592349073521
2.31261207411835
1.21004184100418
4.50675433353258
3.15672444710102
4.1575612671847
1.83968918111178
4.25654512851166
2.25212193664077
2.32910938433951
4.1163179916318
1.89742976688583
1.06431560071727
2.20537955768081
5.80729228930066
2.75803945008966
1.71320980274955
1.89193066347878
3.32169754931261
3.06873879258816
2.63156007172744
3.33269575612672
2.39509862522415
1.51799163179916
3.7753735803945
2.29336521219366
1.89468021518231
1.00107591153616
1.68571428571429
0.775612671846982
2.65630603705918
2.69479976090855
1.07256425582785
2.32635983263598
2.12564255827854
2.04040645546922
1.2320382546324
3.9101016138673
3.01924686192469
3.08523610280932
2.48033472803347
10.9956963538553
2.63156007172744
2.90514046622833
2.8652719665272
2.21912731619845
3.94584578601315
1.3667662881052
2.80203227734608
1.8836820083682
1.94967124925284
1.69396294082487
4.04482964734011
2.67830245068739
1.84518828451883
2.51057979677227
1.72695756126718
1.65821876867902
2.93676031081889
0.253197848176928
1.57573221757322
4.96867901972504
2.14488942020323
1.83968918111178
2.31261207411835
1.32002390914525
2.10364614465033
1.46575014943216
0.915839808726838
3.12922893006575
2.63156007172744
3.67913927077107
2.04590555887627
1.64447101016139
2.72229527794381
2.42809324566647
1.03407053197848
1.89742976688583
1.93317393903168
1.29802749551704
1.69396294082487
2.78003586371787
4.27854154213987
1.85893604303646
1.67196652719665
1.00657501494322
2.88176927674836
3.90185295875672
3.01649731022116
2.40884638374178
2.67555289898386
2.63156007172744
1.3255230125523
1.21554094441124
1.62797369994023
2.79378362223551
1.14405260011955
1.47399880454274
4.96317991631799
1.99091452480574
1.85068738792588
2.18613269575613
4.1988045427376
1.98541542139868
2.65080693365212
1.93317393903168
2.66455469216975
0.921338912133891
2.42809324566647
0.726120741183503
2.77728631201435
2.96150627615063
0.761864913329348
3.12647937836222
0.915839808726838
1.39151225343694
4.7569635385535
3.48117154811715
3.46742378959952
1.77095038852361
3.94859533771668
2.18613269575613
2.9065152420801
2.89001793185894
1.966168559474
2.08714883442917
2.97250448296473
3.76987447698745
1.17704722056186
0.943335325762104
19.3735803945009
3.36294082486551
0.706873879258816
1.68296473401076
0.767364016736402
2.49958158995816
2.27136879856545
6.23072325164375
1.30077704722056
2.02390914524806
1.8011954572624
2.18613269575613
2.2246264196055
2.39234907352062
2.50508069336521
3.24471010161387
0.940585774058577
1.54548714883443
3.14572624028691
2.46383741781231
1.17154811715481
1.50699342498506
1.6664674237896
3.48942020322773
2.78828451882845
2.87352062163778
1.91942618051405
2.42259414225941
2.83777644949193
1.90842797369994
5.32337118947998
1.93317393903168
6.00251046025105
2.46108786610879
2.38684997011357
14.2511655708308
1.91667662881052
1.85343693962941
0.640884638374178
4.18230723251644
5.23538553496712
2.3181111775254
4.27854154213987
0.811356843992827
5.067662881052
1.74620442319187
1.14680215182307
1.59497907949791
2.26312014345487
2.3181111775254
1.4602510460251
1.83968918111178
0.98732815301853
2.46933652121937
2.21087866108787
2.62881052002391
3.06049013747759
1.79569635385535
3.33544530783024
1.89193066347878
4.00083682008368
1.26228332337119
5.45534967124925
2.1833831440526
3.06598924088464
4.78995815899582
2.42809324566647
5.85128511655708
3.17322175732218
3.79736999402271
3.42893006575015
2.12564255827854
2.93676031081889
6.33520621637776
0.918589360430365
1.78469814704124
2.63705917513449
1.26778242677824
1.03132098027496
1.14680215182307
2.09814704124328
2.10914524805738
2.68380155409444
12.5684399282726
2.35110579796772
3.28320382546324
1.966168559474
2.03765690376569
1.45750149432158
2.66180514046623
3.64889420203228
2.35110579796772
1.76820083682008
1.41350866706515
1.83693962940825
2.27136879856545
1.6252241482367
1.06431560071727
2.44459055588763
1.56198445905559
6.02725642558278
4.79270771069934
2.5765690376569
1.48774656306037
4.7157202630006
2.32910938433951
4.54249850567842
3.34369396294082
2.40884638374178
2.40609683203825
1.54548714883443
3.27220561864913
1.94142259414226
2.21362821279139
1.13030484160191
1.02032277346085
2.04590555887627
2.29611476389719
3.80561864913329
1.77919904363419
3.78362223550508
1.40526001195457
3.09623430962343
1.32002390914525
1.90567842199641
2.12564255827854
1.90567842199641
3.02749551703527
2.06515242080096
4.25654512851166
1.8011954572624
1.59222952779438
2.46108786610879
0.616138673042439
2.37585176329946
3.84411237298267
1.63897190675433
1.19629408248655
1.20454273759713
1.50699342498506
3.05224148236701
1.80394500896593
0.98732815301853
3.40693365212194
1.05881649731022
2.17238493723849
2.09539748953975
1.33652121936641
1.28702928870293
2.16963538553497
6.23347280334728
13.7067543335326
5.46909742976688
2.38684997011357
1.07256425582785
2.50783024506874
5.25738194859534
4.49025702331142
2.15313807531381
2.4418410041841
4.75146443514644
2.69479976090855
3.24196054991034
0.893843395098625
3.07423789599522
1.85068738792588
0.519904363419008
4.74871488344292
4.23729826658697
3.18421996413628
2.42259414225941
1.76270173341303
2.49408248655111
2.0074118350269
3.20071727435744
1.11930663478781
2.15863717872086
9.22498505678422
3.42618051404662
6.21147638971907
4.10257023311417
0.871846981470413
2.6480573819486
1.78194859533772
1.95517035265989
2.25487148834429
2.34285714285714
2.18063359234907
1.7187089061566
1.28702928870293
1.97716676628811
1.77919904363419
1.58947997609085
1.13580394500897
1.21004184100418
1.35851763299462
3.56640765092648
2.32910938433951
3.80011954572624
3.75062761506276
3.71213389121339
2.14763897190675
1.10555887627017
2.39784817692767
1.30627615062762
2.27961745367603
2.43634190077705
0.816855947399881
1.80944411237298
2.0898983861327
1.90567842199641
4.1988045427376
1.27603108188882
5.19414225941422
4.19605499103407
1.41625821876868
1.24028690974298
3.20621637776449
5.54608487746563
6.31046025104602
1.27603108188882
4.57549312612074
1.98266586969516
2.79928272564256
7.12982665869695
1.58673042438733
2.21087866108787
3.33269575612672
2.018410041841
3.06049013747759
1.53448894202032
1.59772863120143
0.107471607890018
1.7489539748954
1.88918111177525
1.65271966527197
1.12755528989839
1.36126718469815
3.59115361625822
1.77095038852361
2.92576210400478
1.34202032277346
2.65630603705918
2.12289300657502
3.10173341303048
1.08356246264196
3.80286909742977
2.43359234907352
0.0772265391512253
1.33102211595935
1.69671249252839
3.03024506873879
2.00466228332337
3.35469216975493
4.13006575014943
3.1649731022116
2.62606096832038
1.72970711297071
0.937836222355051
1.61972504482965
2.94500896592947
2.00466228332337
0.759115361625822
0.737118947997609
2.16138673042439
1.18804542737597
0.660131500298864
2.47208607292289
3.30245068738793
1.50424387328153
2.33185893604304
1.51799163179916
2.08164973102212
2.68655110579797
1.60597728631201
13.3355648535565
1.72420800956366
1.82044231918709
8.13066347878063
2.02390914524806
0.709623430962343
1.54823670053796
2.16413628212791
2.31261207411835
1.59222952779438
1.38601315002989
2.74429169157203
2.56007172743574
2.33735803945009
2.06790197250448
2.08164973102212
2.68655110579797
2.21362821279139
1.60597728631201
1.55373580394501
3.10998206814106
2.71404662283323
2.96975493126121
3.8688583383144
3.62139868499701
6.55517035265989
3.23646144650329
1.19354453078302
4.34453078302451
1.28977884040646
2.04040645546922
1.62797369994023
0.673879258816497
6.5249252839211
5.15289898386133
1.05606694560669
1.77919904363419
1.53723849372385
2.18613269575613
1.5839808726838
2.37860131500299
3.94859533771668
1.96066945606695
2.04315600717274
1.28977884040646
5.70555887627017
2.45008965929468
3.15397489539749
3.54441123729827
4.50400478182905
2.19163179916318
1.36951583980873
3.61315002988643
2.37585176329946
3.44817692767484
1.78744769874477
3.71213389121339
4.99617453676031
1.65409444112373
4.52325164375374
3.12647937836222
1.72970711297071
2.30986252241482
2.6178123132098
1.7599521817095
1.94692169754931
0.662881052002391
2.82127913927077
1.98266586969516
3.88260609683204
1.98266586969516
1.82319187089062
1.7077106993425
2.2658696951584
2.8652719665272
3.3519426180514
1.82594142259414
3.0824865511058
1.7901972504483
1.82319187089062
2.13389121338912
1.51524208009564
1.87818290496115
1.50699342498506
2.68655110579797
2.02665869695158
6.13998804542738
0.541900777047221
1.71595935445308
2.59031679617454
2.59856545128512
7.15182307232516
1.84793783622236
1.00657501494322
2.52982665869695
1.99091452480574
4.53424985056784
2.95050806933652
1.80394500896593
2.57381948595338
1.64997011356844
4.16031081888822
1.55098625224148
1.28977884040646
2.79928272564256
2.25487148834429
2.74704124327555
2.9587567244471
2.68930065750149
2.4005977286312
5.25738194859534
2.81028093245666
4.16580992229528
5.48559473998804
2.65080693365212
4.72946802151823
2.72229527794381
1.94692169754931
0.327435744172146
2.05415421398685
3.76712492528392
2.73329348475792
3.27770472205619
4.45176329946204
3.32444710101614
1.17429766885834
2.47758517632995
2.25212193664077
2.45558876270173
4.05032875074716
2.36210400478183
1.8836820083682
4.48475791990436
2.07065152420801
2.0486551105798
1.7077106993425
2.96975493126121
2.12014345487149
1.82869097429767
4.33078302450687
1.72145845786013
3.76437537358039
2.38684997011357
2.55182307232516
7.52576210400478
4.40227136879856
1.43550508069337
1.93042438732815
1.8836820083682
3.15947399880454
0.984578601315003
0.904841601912732
2.85427375971309
2.83227734608488
1.61422594142259
3.19246861924686
5.3151225343694
3.80561864913329
2.27961745367603
6.29671249252839
5.38661087866109
5.59557680812911
6.1317393903168
1.76820083682008
2.05415421398685
3.03024506873879
2.29611476389719
2.19713090257023
5.43060370591751
2.92026300059773
2.15313807531381
1.39976090854752
4.86419605499103
6.02450687387926
1.449252839211
2.87901972504483
2.31261207411835
1.76270173341303
2.54632396891811
3.59390316796175
1.67471607890018
3.03299462044232
1.7077106993425
2.01566049013748
4.7679617453676
3.37118947997609
1.93592349073521
2.14488942020323
1.22104004781829
2.3593544530783
6.15098625224148
2.29611476389719
1.09456066945607
1.98266586969516
1.82869097429767
1.56748356246264
4.57274357441721
2.41159593544531
1.67746563060371
1.17429766885834
1.76820083682008
9.62367005379558
3.1347280334728
4.87244471010161
1.85893604303646
2.76078900179319
4.67172743574417
1.47399880454274
4.50675433353258
1.62247459653317
6.17298266586969
1.28977884040646
2.55182307232516
0.97083084279737
1.5839808726838
2.22737597130903
2.71129707112971
1.77095038852361
4.40502092050209
3.13197848176928
1.86443514644351
2.77728631201435
2.28786610878661
2.46933652121937
1.07531380753138
1.74620442319187
1.47674835624626
1.76820083682008
4.96867901972504
5.2848774656306
1.99916317991632
1.83968918111178
3.86060968320383
1.2430364614465
1.82044231918709
1.23753735803945
1.96341900777047
0.401673640167364
3.07698744769874
2.60956365809922
3.9403466826061
4.68822474596533
3.14572624028691
3.07423789599522
4.14656306037059
3.83861326957561
2.79103407053198
0.926838015540944
2.0074118350269
1.35301852958757
2.38684997011357
3.59665271966527
1.53448894202032
1.46575014943216
3.53891213389121
3.4756724447101
2.16138673042439
2.37860131500299
2.08164973102212
3.46467423789599
4.00908547519426
4.42426778242678
2.71404662283323
1.2430364614465
1.26228332337119
2.01566049013748
1.99641362821279
3.0934847579199
2.78003586371787
3.53891213389121
4.71846981470412
3.93209802749552
2.41709503885236
3.85236102809325
0.588643156007173
3.17047220561865
2.71404662283323
1.47949790794979
1.72695756126718
2.15863717872086
4.00083682008368
0.926838015540944
4.00083682008368
1.2430364614465
0.946084877465631
2.21362821279139
1.35301852958757
5.8017931858936
3.88810520023909
1.45475194261805
1.61422594142259
11.8095636580992
0.778362223550508
2.535325762104
3.42068141063957
1.61972504482965
3.46467423789599
4.06957561267185
2.50233114166169
2.90101613867304
2.45008965929468
5.22438732815302
2.17788404064555
2.5243275552899
2.67555289898386
0.918589360430365
1.67746563060371
4.2510460251046
1.7187089061566
2.39509862522415
3.28045427375971
2.73329348475792
2.07615062761506
1.39701135684399
1.50424387328153
1.79844590555888
6.12624028690974
1.34202032277346
3.73962940824865
2.89826658696952
1.05331739390317
2.00191273161984
1.49599521817095
2.01566049013748
1.9249252839211
2.01566049013748
2.72504482964734
2.34285714285714
2.94225941422594
4.01733413030484
1.2430364614465
1.43825463239689
2.46108786610879
4.42151823072325
5.77154811715481
2.56282127913927
1.62247459653317
2.12289300657502
1.76270173341303
1.3255230125523
4.61673640167364
1.27878063359235
2.75254034668261
1.89742976688583
5.67531380753138
2.1008965929468
2.50233114166169
2.55732217573222
1.50699342498506
3.3519426180514
4.2400478182905
1.75720263000598
3.02199641362821
4.35002988643156
2.27274357441722
2.94775851763299
3.83861326957561
2.0486551105798
1.39151225343694
5.59832635983263
2.52982665869695
3.37393903167962
4.3747758517633
5.89527794381351
1.36401673640167
1.59222952779438
1.30077704722056
2.17513448894202
2.88176927674836
2.54907352062164
2.30161386730424
1.09181111775254
2.47483562462642
1.10005977286312
1.60322773460849
2.62606096832038
2.92301255230126
2.19988045427376
3.10448296473401
0.673879258816497
2.37035265989241
2.58206814106396
2.3593544530783
3.27220561864913
2.42534369396294
3.0412432755529
3.70388523610281
1.50699342498506
2.66180514046623
2.13389121338912
2.47483562462642
1.68846383741781
4.19330543933054
1.43000597728631
3.38493723849372
3.59390316796175
2.97250448296473
2.5765690376569
1.63622235505081
4.73221757322176
3.28870292887029
1.58947997609085
5.13090257023311
1.97441721458458
4.45176329946204
2.78003586371787
3.54716078900179
1.09181111775254
3.49491930663479
4.49300657501494
2.17238493723849
1.6252241482367
1.04231918708906
10.8664674237896
2.03490735206216
2.49133293484758
3.65439330543933
2.56282127913927
3.84686192468619
0.943335325762104
3.88535564853556
1.74620442319187
3.24471010161387
1.29252839210998
1.46300059772863
2.62056186491333
1.57848176927675
2.61231320980275
3.28870292887029
2.32086072922893
2.41434548714883
1.17979677226539
3.15397489539749
9.38995815899582
13.0221159593545
2.43359234907352
1.7187089061566
1.08631201434549
2.17513448894202
2.80753138075314
4.06957561267185
3.06049013747759
3.56365809922295
2.70854751942618
2.34010759115362
3.79187089061566
2.2658696951584
2.95600717274357
2.74429169157203
2.8350268977884
8.73831440526001
3.26120741183503
0.910340705319785
1.38051404662283
1.32827256425583
2.75803945008966
2.46383741781231
2.16138673042439
0.951583980872684
2.04040645546922
3.54716078900179
2.45833831440526
2.11464435146444
1.66371787208607
1.76820083682008
2.13114166168559
2.45283921099821
4.55899581589958
1.50424387328153
1.55098625224148
1.35851763299462
2.86802151823072
4.23454871488344
3.92384937238494
1.24578601315003
2.26312014345487
1.91117752540347
3.36019127316198
2.0486551105798
1.17704722056186
1.0258218768679
1.83968918111178
2.31261207411835
3.36019127316198
3.17047220561865
1.68571428571429
1.33927077106993
3.06873879258816
2.16688583383144
1.60047818290496
1.85068738792588
3.61589958158996
1.00657501494322
8.49085475194262
2.14763897190675
1.68571428571429
5.65056784219964
5.04566646742379
2.25212193664077
2.23562462641961
3.47292289300657
9.89862522414824
4.89444112372983
2.88176927674836
1.76545128511656
1.5317393903168
2.0596533173939
2.37035265989241
1.87268380155409
2.56832038254632
1.97716676628811
2.20812910938434
4.1685594739988
1.62247459653317
3.38493723849372
3.26670651524208
2.54632396891811
1.86443514644351
3.59115361625822
3.8166168559474
2.15038852361028
3.53341303048416
2.29886431560072
2.78553496712493
2.66730424387328
2.05415421398685
4.81745367603108
2.29336521219366
2.63705917513449
2.25212193664077
2.73054393305439
3.48942020322773
8.60633592349073
2.4005977286312
1.35576808129109
1.69671249252839
1.51524208009564
1.35301852958757
2.56007172743574
2.02115959354453
1.7187089061566
1.76270173341303
1.13855349671249
4.94943215780036
1.47124925283921
2.93950986252241
1.97991631799163
1.31452480573819
3.29695158398087
2.63430962343096
2.08714883442917
3.18421996413628
3.69838613269576
1.85343693962941
2.02390914524806
2.57106993424985
1.68296473401076
1.57848176927675
3.06049013747759
3.66539151225344
1.5839808726838
3.48392109982068
2.09264793783622
3.19246861924686
2.21637776449492
1.97166766288105
4.33628212791393
2.84052600119546
3.83861326957561
2.92026300059773
2.07890017931859
3.10723251643754
1.66921697549313
3.33269575612672
1.97441721458458
4.39127316198446
4.39402271368799
3.71213389121339
2.15313807531381
3.03024506873879
1.93592349073521
3.83586371787209
1.95791990436342
1.93042438732815
3.23921099820681
1.60597728631201
1.88093245666467
0.998326359832636
3.37668858338314
3.19246861924686
3.8991034070532
2.39509862522415
2.00191273161984
1.88643156007173
5.37286312014345
3.37118947997609
2.93676031081889
2.12014345487149
1.81769276748356
2.57381948595338
2.29886431560072
4.16031081888822
9.78314405260012
2.07340107591154
3.05774058577406
1.61972504482965
1.44375373580394
3.78087268380155
4.87244471010161
1.75720263000598
2.80478182904961
1.09456066945607
3.10173341303048
1.42725642558279
1.91667662881052
3.96784219964136
6.17023311416617
1.00657501494322
2.46108786610879
3.36294082486551
5.81554094441124
1.64997011356844
1.56748356246264
1.98541542139868
4.83670053795577
2.05415421398685
3.37393903167962
3.47842199641363
1.34751942618051
0.577644949193066
2.0596533173939
0.904841601912732
1.63072325164375
2.13114166168559
2.73879258816497
2.29336521219366
1.61422594142259
2.8762701733413
3.51416616855947
2.79378362223551
2.41709503885236
3.92934847579199
3.86060968320383
2.23562462641961
2.26861924686192
2.93950986252241
2.50783024506874
1.18804542737597
1.25128511655708
1.32827256425583
2.03765690376569
3.26945606694561
4.62223550508069
2.80753138075314
11.2596533173939
3.02474596533174
2.77728631201435
2.52982665869695
2.2658696951584
2.36760310818888
2.25212193664077
3.58015540944411
1.07531380753138
1.80944411237298
1.45750149432158
1.38601315002989
2.10639569635386
1.94142259414226
4.35552898983861
0.561147638971907
2.535325762104
5.41685594739988
0.646383741781231
2.58481769276748
2.68930065750149
2.06790197250448
1.94967124925284
2.06515242080096
1.42450687387926
4.22355050806934
1.96066945606695
2.95050806933652
2.0898983861327
2.85702331141662
2.63980872683802
2.27961745367603
2.35110579796772
1.44100418410042
3.00274955170353
1.89468021518231
15.4169754931261
2.68655110579797
1.83693962940825
0.00573819485953378
11.0176927674836
6.97310221159593
0.847101016138673
2.07065152420801
2.45558876270173
2.43084279736999
3.61589958158996
5.53508667065152
1.58673042438733
1.29802749551704
3.46742378959952
1.78744769874477
2.03765690376569
2.77453676031082
2.12014345487149
1.82319187089062
1.07806335923491
1.41900777047221
1.45200239091452
3.17872086072923
1.92767483562463
2.38410041841004
2.6590555887627
1.26228332337119
2.69754931261207
1.07531380753138
2.50783024506874
2.23012552301255
1.87268380155409
2.23837417812313
1.83968918111178
3.21446503287507
1.50974297668858
1.15505080693365
3.28045427375971
2.73054393305439
2.71954572624029
2.34560669456067
2.89826658696952
3.15397489539749
1.70496114763897
3.21171548117155
1.96066945606695
3.64614465032875
1.39701135684399
37.7791392707711
6.87136879856545
2.29886431560072
1.966168559474
1.41625821876868
1.41075911536163
3.3821876867902
1.28153018529588
4.07782426778243
1.35301852958757
2.24937238493724
2.49683203825463
2.06790197250448
1.94967124925284
1.28977884040646
2.93401075911536
4.01183502689779
3.08523610280932
2.1833831440526
3.23646144650329
1.47399880454274
2.60131500298864
1.95791990436342
1.87268380155409
2.81028093245666
2.67555289898386
1.83419007770472
4.92743574417215
5.59557680812911
2.16963538553497
5.87878063359235
2.79653317393903
1.72145845786013
2.96700537955768
3.78362223550508
3.32994620442319
3.82761506276151
10.0196054991034
2.40884638374178
2.37860131500299
1.38051404662283
1.3255230125523
2.93401075911536
9.12325164375373
2.51607890017932
5.1089061566049
1.95791990436342
1.5729826658697
0.893843395098625
0.0194859533771668
2.0074118350269
2.35385534967125
2.46108786610879
2.79103407053198
2.09539748953975
2.26037059175134
1.25128511655708
2.80478182904961
3.52791392707711
1.27603108188882
3.39868499701136
0.737118947997609
2.13114166168559
0.880095636580992
2.95325762104005
2.55732217573222
1.49874476987448
2.18888224745965
3.47292289300657
2.73329348475792
0.737118947997609
2.3483562462642
2.21912731619845
1.74345487148834
1.32277346084877
7.78147041243275
3.00824865511058
2.48033472803347
6.76138673042439
1.97441721458458
3.46742378959952
1.43275552898984
4.67997609085475
1.37776449491931
1.72145845786013
4.51225343693963
2.63705917513449
2.30161386730424
2.59581589958159
2.83777644949193
3.67089061566049
1.57848176927675
2.75803945008966
18.6037059175134
1.87818290496115
1.8424387328153
1.31452480573819
2.06515242080096
0.792109982068141
1.92217573221757
2.8762701733413
2.1833831440526
1.68846383741781
1.2320382546324
2.63430962343096
2.56007172743574
3.25020920502092
1.14680215182307
2.58206814106396
1.8011954572624
2.82952779438135
6.31046025104602
1.18254632396892
1.17704722056186
6.83837417812313
4.43251643753736
3.62964734010759
2.70854751942618
2.04315600717274
1.77644949193066
2.15588762701733
1.40526001195457
1.89742976688583
2.42809324566647
1.97716676628811
1.21279139270771
6.35720263000598
2.2919904363419
1.39151225343694
3.54166168559474
4.14931261207412
2.35385534967125
3.73138075313808
4.64148236700538
2.96975493126121
0.893843395098625
1.67196652719665
1.49599521817095
4.11356843992827
1.32827256425583
2.18888224745965
2.33735803945009
2.5655708308428
4.24279736999402
3.12647937836222
0.8498505678422
2.45283921099821
2.68655110579797
2.82952779438135
1.91667662881052
6.67890017931859
1.70221159593545
4.66622833233712
2.17788404064555
1.55098625224148
2.23562462641961
1.966168559474
1.39151225343694
2.25762104004782
3.43167961745368
2.68380155409444
3.01924686192469
1.67746563060371
2.56282127913927
2.91476389719068
3.06598924088464
2.98625224148237
1.71320980274955
3.11548117154812
2.80478182904961
1.8314405260012
3.35469216975493
1.1495517035266
3.06049013747759
4.82845188284519
5.8842797369994
1.74620442319187
2.13114166168559
2.88176927674836
7.11057979677226
2.94775851763299
1.6252241482367
1.16604901374776
1.56473401075912
2.80753138075314
3.69013747758518
2.89826658696952
1.33102211595935
1.2732815301853
2.67555289898386
1.00382546323969
1.93317393903168
1.00932456664674
2.76353855349671
1.93317393903168
1.4080095636581
2.1421398684997
3.60215182307232
2.86252241482367
1.14680215182307
2.42809324566647
1.7901972504483
2.0596533173939
3.48942020322773
1.82319187089062
1.17704722056186
7.71548117154812
2.32635983263598
1.70496114763897
3.88535564853556
4.31703526598924
2.88176927674836
3.18421996413628
0.858099222952779
2.60956365809922
6.57166766288105
1.37501494321578
2.94775851763299
2.06240286909743
3.32169754931261
0.904841601912732
3.24196054991034
3.73138075313808
2.5765690376569
1.19904363419008
1.70221159593545
1.51524208009564
3.42068141063957
1.00657501494322
4.05582785415421
0.605140466228332
2.59306634787806
4.86144650328751
2.71129707112971
1.53448894202032
2.49408248655111
1.21279139270771
2.29886431560072
1.65546921697549
2.10364614465033
5.6258218768679
5.03466826060968
1.97716676628811
11.5648535564854
3.04124327555289
4.03108188882247
2.69205020920502
1.84793783622236
3.66539151225344
2.0486551105798
2.32086072922893
2.38135086670652
2.67280334728033
2.90926479378362
1.96341900777047
1.70221159593545
2.01016138673042
2.09539748953975
1.68296473401076
1.03407053197848
3.34919306634788
1.34751942618051
5.13090257023311
4.42976688583383
3.52791392707711
0.863598326359833
3.14297668858338
2.50508069336521
2.08714883442917
2.62331141661686
2.06240286909743
2.75528989838613
2.86252241482367
1.80669456066946
1.50424387328153
1.77644949193066
1.15230125523013
2.26312014345487
1.28702928870293
3.73138075313808
2.32635983263598
1.72970711297071
3.60765092647938
1.40251046025105
2.02665869695158
4.06132695756127
4.98242677824268
1.29527794381351
1.7901972504483
2.91476389719068
3.06049013747759
1.79844590555888
2.38684997011357
3.97609085475194
2.14763897190675
2.52982665869695
2.33185893604304
2.1008965929468
1.36126718469815
1.94692169754931
1.30627615062762
1.27053197848177
5.6670651524208
0.937836222355051
2.04040645546922
7.05833831440526
3.07423789599522
1.48774656306037
4.45176329946204
2.07340107591154
1.67471607890018
1.98266586969516
3.26395696353855
4.48475791990436
2.30436341900777
4.56174536760311
1.48224745965332
1.73795576808129
2.4005977286312
3.89360430364614
1.88918111177525
2.50783024506874
2.68930065750149
0.882845188284519
4.21530185295876
2.17513448894202
3.83036461446503
2.535325762104
1.78469814704124
1.97716676628811
2.9175134488942
2.74704124327555
2.25762104004782
1.43275552898984
2.19438135086671
2.6480573819486
2.41709503885236
4.13556485355648
2.06515242080096
1.10280932456665
2.40884638374178
2.40884638374178
8.97752540346683
1.61972504482965
2.32086072922893
4.02558278541542
7.49276748356246
0.68762701733413
4.550747160789
2.62881052002391
3.58290496114764
2.42259414225941
1.57023311416617
4.23729826658697
2.40884638374178
0.745367603108189
1.11105797967723
1.93592349073521
2.57381948595338
2.98350268977884
4.18505678421996
1.71046025104603
2.90376569037657
8.69707112970711
0.893843395098625
3.51416616855947
2.0486551105798
2.69479976090855
3.01374775851763
2.47208607292289
9.27997609085475
2.85977286312014
2.22187686790197
3.55265989240885
0.657381948595338
2.50508069336521
0.67937836222355
2.67830245068739
3.36843992827256
4.28953974895397
2.21087866108787
1.85343693962941
3.33819485953377
4.78995815899582
3.14572624028691
2.535325762104
3.01649731022116
2.05140466228332
2.07065152420801
2.08164973102212
1.4080095636581
2.21637776449492
0.940585774058577
2.28236700537956
1.40526001195457
1.32002390914525
6.20047818290496
2.55457262402869
3
2.92851165570831
1.27878063359235
0.0882247459653317
2.91201434548715
2.18063359234907
2.62331141661686
1.68021518230723
1.06431560071727
1.68021518230723
4.90268977884041
2.2768679019725
3.87710699342498
3.87435744172146
5.13365212193664
2.23012552301255
1.55923490735206
2.00191273161984
0.0772265391512253
2.31261207411835
2.42809324566647
2.8652719665272
2.27961745367603
2.64530783024507
2.28511655708308
3.28595337716677
0.781111775254035
2.16963538553497
3.56365809922295
2.05140466228332
2.63156007172744
2.03490735206216
1.29252839210998
1.59222952779438
1.3667662881052
0.682127913927077
2.68655110579797
3.12647937836222
3.76712492528392
2.90376569037657
2.71679617453676
0.97083084279737
3.33269575612672
1.5317393903168
2.50508069336521
3.03574417214585
1.98816497310221
1.98816497310221
2.535325762104
6.83837417812313
2.018410041841
2.15038852361028
1.92767483562463
1.93867304243873
2.35660490137478
2.91476389719068
2.66730424387328
1.15780035863718
1.77095038852361
3.02474596533174
1.62247459653317
1.36126718469815
1.63622235505081
2.12014345487149
2.56007172743574
2.16138673042439
17.6221159593545
2.71679617453676
3.42068141063957
4.82570233114166
4.22904961147639
2.43634190077705
2.48583383144053
0.470412432755529
5.33711894799761
4.47375971309026
1.52898983861327
1.30627615062762
1.69946204423192
1.20729228930066
5.3673640167364
4.10531978481769
4.19055588762702
2.03215780035864
2.40334728033473
2.16413628212791
1.71046025104603
3.32169754931261
1.92767483562463
1.97166766288105
1.99916317991632
2.29061566049014
2.14763897190675
2.97800358637179
2.63980872683802
1.13030484160191
1.87543335325762
1.30902570233114
1.37501494321578
3.03299462044232
4.04208009563658
1.70496114763897
4.03108188882247
1.86168559473999
3.15122534369396
1.70496114763897
2.91201434548715
1.85068738792588
6.13998804542738
2.34285714285714
1.55923490735206
2.15588762701733
0.888344291691572
4.22355050806934
1.85893604303646
1.66921697549313
4.38302450687388
1.2017931858936
2.61231320980275
1.91117752540347
2.54357441721458
3.28595337716677
1.51799163179916
1.2842797369994
2.93401075911536
5.20789001793186
2.98350268977884
3.4234309623431
2.3483562462642
1.81219366407651
1.94967124925284
2.95600717274357
2.78553496712493
2.09814704124328
2.21912731619845
0.84160191273162
2.19713090257023
4.39677226539151
3.19246861924686
0.621637776449492
3.31894799760909
1.68021518230723
6.23347280334728
1.45475194261805
1.93042438732815
3.89360430364614
2.62331141661686
2.72229527794381
1.14130304841602
2.29886431560072
3.48117154811715
0.95433353257621
7.32229527794381
5.584578601315
1.67196652719665
3.76712492528392
2.65630603705918
0.951583980872684
3.83861326957561
0.877346084877466
2.57106993424985
2.88176927674836
1.83419007770472
3.64339509862522
5.63132098027496
2.81852958756724
1.49599521817095
2.13114166168559
2.81303048416019
1.75720263000598
1.17429766885834
3.01099820681411
2.09539748953975
2.0486551105798
2.97800358637179
5.10065750149432
6.32970711297071
3.58015540944411
4.68547519426181
1.97716676628811
2.35385534967125
2.77178720860729
6.32420800956366
1.96204423191871
2.05415421398685
3.36019127316198
3.51416616855947
5.08965929468021
2.94500896592947
1.19629408248655
1.48499701135684
3.6516437537358
1.52349073520622
2.40884638374178
4.09157202630006
4.15481171548117
0.913090257023311
2.30986252241482
2.21362821279139
1.93592349073521
10.8224745965332
2.57106993424985
2.35660490137478
2.23287507471608
2.0074118350269
2.68930065750149
1.91667662881052
1.51524208009564
2.0898983861327
2.82677824267782
3.84686192468619
3.14847579199044
2.30161386730424
2.52707710699343
2.08439928272564
6.6074118350269
0.665630603705917
3.14572624028691
1.65821876867902
0.69587567244471
5.3151225343694
1.66096832038255
2.98075313807531
3.31344889420203
1.63897190675433
3.14572624028691
1.94692169754931
1.92767483562463
1.34751942618051
2.74704124327555
1.80394500896593
26.2722056186491
20.5118947997609
0.896592946802152
1.22653915122534
0.885594739988045
2.58206814106396
3.66814106395696
3.09623430962343
2.92026300059773
1.24578601315003
2.94775851763299
3.76162582187687
1.95517035265989
1.45750149432158
1.92767483562463
2.535325762104
3.37668858338314
2.07065152420801
2.11739390316796
2.71129707112971
1.60047818290496
2.32635983263598
1.22104004781829
3.0412432755529
1.63897190675433
1.62247459653317
1.98541542139868
0.97907949790795
1.12205618649133
3.59115361625822
1.39151225343694
7.1655708308428
1.67746563060371
1.68296473401076
1.90292887029289
1.57023311416617
0.951583980872684
6.17573221757322
3.17322175732218
3.23646144650329
1.22928870292887
2.78553496712493
2.54082486551106
3.04674237895995
1.35301852958757
1.62247459653317
1.46300059772863
4.20430364614465
1.78194859533772
2.60956365809922
1.21829049611476
0.992827256425583
1.09456066945607
2.54357441721458
1.60047818290496
2.25762104004782
1.88093245666467
1.5729826658697
2.68380155409444
2.76903765690377
3.70113568439928
2.33735803945009
1.13855349671249
2.63705917513449
2.82677824267782
1.27053197848177
2.76078900179319
2.8762701733413
1.54823670053796
1.21279139270771
2.15863717872086
2.29611476389719
3.00824865511058
5.44435146443515
4.72121936640765
2.91476389719068
2.53257621040048
2.6068141063957
6.19497907949791
1.78744769874477
5.22713687985654
1.97166766288105
2.43359234907352
2.07890017931859
2.32635983263598
1.60047818290496
3.48667065152421
1.98541542139868
1.45475194261805
1.47674835624626
4.61123729826659
6.44793783622235
4.10806933652122
2.30161386730424
1.15505080693365
2.6590555887627
1.7901972504483
0.847101016138673
1.93042438732815
2.42809324566647
3.84411237298267
1.12205618649133
1.08906156604901
2.99450089659295
3.33544530783024
4.6744769874477
2.90101613867304
1.93042438732815
3.02749551703527
2.07615062761506
2.47208607292289
2.06790197250448
2.98900179318589
0.918589360430365
1.84793783622236
1.43550508069337
3.12647937836222
1.44100418410042
1.38601315002989
4.02833233711895
3.58840406455469
3.76712492528392
4.00908547519426
2.92851165570831
2.81578003586372
2.58481769276748
1.4080095636581
2.67555289898386
1.5839808726838
2.78003586371787
4.94393305439331
1.54823670053796
2.62056186491333
2.07615062761506
2.56282127913927
2.56282127913927
1.68571428571429
2.34285714285714
3.28045427375971
1.96891811117753
2.41159593544531
3.10173341303048
1.2732815301853
3.23096234309623
1.77095038852361
0.992827256425583
2.32635983263598
2.05415421398685
22.9892408846384
4.19330543933054
2.80478182904961
2.60406455469217
4.77071129707113
1.26503287507472
3.72038254632397
4.87794381350867
2.13664076509265
3.65989240884638
2.26037059175134
9.38445905558876
1.44650328750747
1.72970711297071
2.018410041841
4.13556485355648
5.08416019127316
1.3667662881052
2.48583383144053
1.95517035265989
3.67089061566049
1.74345487148834
2.7827854154214
3.0934847579199
4.04757919904363
2.01291093843395
2.77728631201435
1.62247459653317
16.0246264196055
2.54907352062164
3.11273161984459
1.75170352659892
1.75720263000598
3.40143454871488
2.01291093843395
4.61123729826659
2.10639569635386
2.98625224148237
13.7122534369396
1.97441721458458
1.16329946204423
3.45092647937836
2.11739390316796
2.0596533173939
3.40693365212194
1.86993424985057
3.28595337716677
0.640884638374178
2.21362821279139
2.75254034668261
1.69671249252839
2.59856545128512
2.68380155409444
1.501494321578
1.32002390914525
2.98625224148237
1.69946204423192
3.48392109982068
1.29527794381351
2.74979079497908
1.71595935445308
1.29527794381351
61.9832635983264
3.87160789001793
6.39844590555888
3.95409444112373
2.535325762104
2.09264793783622
3.61864913329348
1.501494321578
1.51524208009564
1.99091452480574
2.66455469216975
2.84602510460251
1.2842797369994
1.31177525403467
2.13664076509265
1.30627615062762
3.03849372384937
2.50508069336521
1.26778242677824
2.96975493126121
2.14488942020323
2.19438135086671
2.46933652121937
2.16138673042439
6.40669456066945
3.69563658099223
3.82486551105798
1.54823670053796
4.91643753735804
1.94417214584579
1.09456066945607
1.5839808726838
2.01291093843395
2.61231320980275
2.20812910938434
2.66730424387328
1.32277346084877
1.74070531978482
2.08439928272564
2.81578003586372
2.51332934847579
1.50424387328153
1.43275552898984
1.66921697549313
3.28870292887029
4.9741781231321
1.89468021518231
1.14130304841602
4.6332337118948
1.38601315002989
2.71129707112971
1.94417214584579
1.73520621637776
2.73879258816497
2.11739390316796
2.34010759115362
20.9655708308428
4.37202630005977
4.75146443514644
2.67830245068739
2.67830245068739
2.70854751942618
3.14847579199044
0.940585774058577
2.22187686790197
2.3181111775254
3.37393903167962
3.11823072325164
4.03658099222953
2.93126120741183
2.12289300657502
1.501494321578
3.72863120143455
3.86060968320383
1.52349073520622
0.888344291691572
3.80286909742977
1.90567842199641
3.54991034070532
3.08798565451285
13.1540944411237
5.41410639569635
2.70304841601913
1.82044231918709
1.59497907949791
0.896592946802152
1.89468021518231
3.89635385534967
3.15672444710102
2.2246264196055
1.19354453078302
4.21805140466228
2.24387328153019
1.17429766885834
3.82486551105798
3.31619844590556
0.781111775254035
1.73795576808129
1.57573221757322
2.20812910938434
4.13556485355648
3.20621637776449
2.53257621040048
4.89994022713688
1.06981470412433
1.61697549312612
1.74070531978482
1.72145845786013
2.33185893604304
1.05056784219964
1.88918111177525
2.82952779438135
0.0167364016736402
1.97991631799163
2.04040645546922
2.2768679019725
1.1907949790795
1.78469814704124
3.04949193066348
2.22187686790197
3.4234309623431
7.4762701733413
2.2658696951584
3.06598924088464
4.38852361028093
3.6104004781829
7.5175134488942
1.51249252839211
1.66371787208607
2.3071129707113
1.34476987447699
2.07340107591154
0.214704124327555
2.34560669456067
3.14022713687986
4.45451285116557
3.3409444112373
5.24913329348476
1.18254632396892
4.14931261207412
2.79378362223551
6.25271966527197
3.98983861326958
1.55923490735206
2.11739390316796
2.59031679617454
1.42725642558279
1.49599521817095
1.33377166766288
2.32635983263598
4.02008368200837
1.2017931858936
2.50233114166169
1.9249252839211
2.38410041841004
2.46383741781231
1.57573221757322
5.48009563658099
1.94692169754931
1.10555887627017
1.70221159593545
2.13389121338912
4.87244471010161
4.03658099222953
1.99641362821279
2.22737597130903
3.05499103407053
1.16604901374776
2.30161386730424
2.79103407053198
2.2246264196055
3.70113568439928
3.3519426180514
1.86443514644351
1.75170352659892
3.05499103407053
1.34202032277346
4.48475791990436
1.63072325164375
1.87543335325762
1.60047818290496
1.12480573819486
1.55648535564854
1.33652121936641
2.56282127913927
3.92934847579199
3.6104004781829
2.21912731619845
2.32361028093246
3.40418410041841
4.11356843992827
2.62331141661686
1.70496114763897
3.09073520621638
1.94417214584579
3.51416616855947
1.5317393903168
2.81578003586372
1.77369994022714
2.22187686790197
1.97716676628811
1.65821876867902
1.41075911536163
2.71679617453676
3.56640765092648
2.69754931261207
1.57023311416617
0.990077704722056
2.76078900179319
1.33652121936641
1.34202032277346
3.3519426180514
2.3483562462642
4.23454871488344
2.90926479378362
2.76353855349671
3.23371189479976
1.49324566646742
2.73604303646145
2.63980872683802
2.62881052002391
1.93867304243873
4.79270771069934
2.17238493723849
1.86993424985057
1.99641362821279
2.07065152420801
13.9954572624029
4.39402271368799
1.63897190675433
2.6480573819486
3.57190675433353
1.67196652719665
1.96341900777047
2.67280334728033
2.65630603705918
8.78230723251644
