0.0359832635983264
0.0689778840406455
0.052480573819486
0.0139868499701136
0.121219366407651
0.225702331141662
0.147340107591154
0.02498505678422
0.118469814704124
0.0827256425582785
0.0806634787806338
0.00298864315600717
0.0139868499701136
0.0909742976688584
0.112970711297071
0.0579796772265391
0.0827256425582785
0.0469814704124328
0.0414823670053796
0.0607292289300657
0.0304841601912732
1.94967124925284
0.0799760908547519
0.0511057979677226
0.0359832635983263
0.152839210998207
0.0579796772265391
0.0744769874476986
0.00298864315600717
0.0469814704124327
0.0882247459653317
0.16246264196055
0.0854751942618051
0.0827256425582784
0.038732815301853
0.00298864315600717
0.133592349073521
0.0909742976688584
0.132217573221757
0.011237298266587
0.0827256425582785
0.113658099222953
0.0222355050806934
0.0304841601912732
0.0208607292289301
0.0634787806335923
0.0786013150029887
0.0717274357441721
0.0442319187089062
0.195457262402869
0.0236102809324567
0.0373580394500897
0.0717274357441721
0.0277346084877466
0.167961745367603
0.0572922893006576
0.0414823670053796
0.038732815301853
0.02498505678422
0.0648535564853557
0.0277346084877466
0.0854751942618051
0.038732815301853
0.0552301255230125
0.0689778840406455
0.0194859533771668
0.112970711297071
0.0304841601912732
0.011237298266587
0.115720263000598
0.0277346084877466
0.0407949790794979
0.0139868499701136
0.0132994620442319
0.0304841601912732
0.0992229527794382
0.338433950986252
0.0552301255230126
0.0827256425582785
0.0346084877465631
0.038732815301853
0.176210400478183
0.011237298266587
0.0414823670053796
0.0552301255230126
0.0359832635983264
0.167961745367603
0.0469814704124328
0.0786013150029885
0.0937238493723848
0.0194859533771668
0.0359832635983264
0.0700089659294681
0.0469814704124327
0.200956365809922
0.167961745367603
0.0648535564853555
0.156963538553497
0.0497310221159594
0.0751643753735806
0.165212193664077
0.492408846383742
0.00573819485953378
0.0442319187089062
0.00986252241482369
0.148714883442917
0.052480573819486
0.129468021518231
0.0397638971906755
0.0194859533771668
0.0304841601912732
0.0634787806335923
0.183084279736999
0.209205020920502
0.178959952181709
0.0799760908547519
0.165212193664077
0.079976090854752
0.066228332337119
0.011237298266587
0.137716676628811
0.066228332337119
0.0882247459653317
0.0222355050806934
0.189958158995816
0.118469814704124
0.00298864315600717
1.01894799760909
0.0992229527794381
0.250448296473401
0.0600418410041842
0.110221159593545
0.151464435146444
0.200956365809922
0.0346084877465631
0.0359832635983264
0.0167364016736402
0.0497310221159593
0.0827256425582785
0.0744769874476987
0.0992229527794381
0.038732815301853
0.0373580394500896
0.0607292289300657
0.310938433950986
0.0689778840406455
0.038732815301853
0.52815301852959
0.0937238493723849
0.138060370591751
0.118469814704124
0.104722056186491
0.0909742976688584
0.137716676628811
0.0383891213389121
0.0827256425582786
0.0772265391512253
0.0614166168559474
0.0524805738194859
0.393424985056784
0.112970711297071
0.113142558278541
0.0483562462641961
0.319187089061566
0.0937238493723849
0.00573819485953378
0.0607292289300657
0.0442319187089062
0.0222355050806934
0.448416019127316
0.0552301255230126
0.0194859533771668
0.137716676628811
0.206455469216976
0.0359832635983264
0.0194859533771668
0.0799760908547519
0.0693215780035865
0.0689778840406455
0.0277346084877466
0.0552301255230126
0.297190675433353
0.148714883442917
0.0538553496712492
0.0985355648535566
0.0473251643753737
0.137716676628811
0.189958158995816
0.02498505678422
0.0648535564853557
0.332934847579199
0.0160490137477586
0.577644949193066
0.00298864315600717
0.0566049013747758
0.00298864315600717
0.161087866108787
0.0359832635983264
0.243574417214585
0.000239091452480579
0.129468021518231
0.0648535564853556
0.0359832635983264
0.0964734010759115
0.107471607890018
0.143215780035864
0.0270472205618649
0.0579796772265391
0.0566049013747758
0.0222355050806934
0.104722056186492
0.178959952181709
0.066228332337119
0.02498505678422
0.132217573221757
0.0909742976688584
0.0992229527794381
0.0194859533771668
0.0868499701135685
0.211954572624029
0.0706963538553498
0.0751643753735806
0.176210400478183
0.0634787806335923
0.00848774656306037
0.0332337118947998
0.129468021518231
0.0607292289300657
0.0992229527794381
0.00298864315600717
0.266945606694561
0.0799760908547519
0.0961297071129708
0.0689778840406455
0.093723849372385
0.0621040047818291
0.000239091452480579
0.0497310221159594
0.305439330543933
0.0854751942618051
0.17071129707113
0.0256724447101016
0.0194859533771668
0.16246264196055
0.0772265391512253
0.0871936640765094
0.066228332337119
0.151464435146444
0.112970711297071
0.0923490735206216
0.0222355050806934
0.02498505678422
0.156963538553497
0.112970711297071
0.0277346084877466
0.0674312612074118
0.0304841601912732
0.176210400478183
5.04566646742379
0.126718469814704
0.195457262402869
0.0304841601912732
0.0909742976688584
0.0304841601912732
0.0820382546323971
0.02498505678422
0.440167364016736
0.462163777644949
0.200268977884041
0.00573819485953378
0.189958158995816
0.349432157800359
0.0332337118947998
0.0456066945606695
0.0868499701135684
0.0194859533771668
0.0607292289300657
0.0744769874476987
0.0772265391512253
0.052480573819486
0.0882247459653317
0.14596533173939
0.0634787806335923
0.104722056186491
0.0607292289300658
0.0648535564853556
0.104722056186491
0.0607292289300657
0.0497310221159594
0.217453676031082
0.00848774656306037
0.0552301255230126
0.112970711297071
0.123625224148237
0.0318589360430364
0.0277346084877466
0.0469814704124328
0.066228332337119
0.068290496114764
0.0992229527794381
0.00573819485953378
0.038732815301853
0.0442319187089062
0.0923490735206216
0.0332337118947998
0.00298864315600717
0.148714883442917
0.00298864315600717
0.173460848774656
0.0772265391512253
0.275194261805141
0.16246264196055
0.0442319187089062
0.115720263000598
0.137716676628811
0.0717274357441721
0.0332337118947998
0.0222355050806934
1.09456066945607
0.0552301255230126
0.143215780035864
0.0837567244471009
0.110221159593545
0.0277346084877466
0.0414823670053796
0.269695158398087
0.0937238493723849
0.0359832635983264
0.0442319187089062
0.0772265391512253
0.231201434548715
0.0469814704124328
0.0579796772265391
0.0717274357441721
0.0194859533771668
0.187208607292289
0.222952779438135
0.00298864315600717
1.31727435744172
0.588643156007174
0.173460848774656
0.0579796772265391
0.0731022115959354
0.148714883442917
0.0469814704124328
0.00848774656306037
0.67937836222355
0.0937238493723849
0.0359832635983264
0.242199641362821
0.0153616258218769
0.0167364016736402
0.13771667662881
0.0373580394500897
0.0181111775254035
0.0676031081888822
0.00298864315600717
0.167961745367603
0.052480573819486
0.115720263000598
0.00848774656306037
0.00848774656306037
0.0854751942618051
0.107471607890018
0.137716676628811
0.0332337118947998
0.17071129707113
0.0992229527794381
0.0284219964136282
0.173460848774656
0.1020584279737
0.247698744769874
0.0937238493723849
0.0401075911536162
0.118813508667065
0.114345487148835
0.0875373580394503
0.0359832635983264
0.0469814704124328
0.0304841601912732
0.0854751942618051
0.0421697549312613
0.528153018529588
0.137716676628811
0.871846981470413
0.125343693962941
0.1081589958159
0.0222355050806934
0.0277346084877466
0.0882247459653317
0.0414823670053796
0.0964734010759115
0.0634787806335923
0.0401075911536163
0.330185295875672
0.0799760908547519
0.374178123132098
0.132217573221757
0.011237298266587
0.0827256425582785
0.258696951583981
0.123968918111178
0.143215780035864
0.0552301255230126
0.011237298266587
0.0662283323371189
0.066228332337119
0.0167364016736402
0.0359832635983264
0.0291093843395099
0.0579796772265391
0.0511057979677226
0.0519650328750748
0.0263598326359833
0.00298864315600717
0.0332337118947997
0.0540271966527198
0.267976688583383
0.00848774656306037
0.152839210998207
0.389300657501494
0.0411386730424388
0.066228332337119
0.0937238493723849
0.0469814704124328
0.0882247459653317
0.121219366407651
0.00848774656306037
0.0566049013747758
0.00298864315600717
0.052480573819486
0.0139868499701136
0.107471607890018
0.0499028690974299
0.0717274357441721
0.0964734010759115
0.133592349073521
0.0691497310221161
0.0964734010759117
0.0304841601912732
0.0167364016736402
0.0167364016736402
0.0607292289300657
0.0194859533771668
0.0469814704124328
0.159541243275553
0.00951882845188289
0.0167364016736402
0.228451882845188
0.121219366407651
0.126718469814704
0.0717274357441721
0.00848774656306037
0.0469814704124328
0.0827256425582785
0.02498505678422
0.0194859533771668
0.125343693962941
0.269695158398087
0.173460848774656
0.0882247459653318
0.0442319187089062
0.0854751942618052
0.0717274357441721
0.203705917513449
0.148714883442917
0.0579796772265392
0.0167364016736402
0.0552301255230126
0.0672594142259415
0.233950986252241
0.0992229527794381
0.184459055588763
0.103347280334728
0.123968918111177
0.0799760908547519
0.0669157202630006
0.011237298266587
0.0882247459653317
0.101972504482965
0.052480573819486
0.0648535564853555
0.434668260609683
0.209205020920502
0.189958158995816
0.0992229527794381
0.0579796772265391
0.279318589360432
0.0566049013747758
0.0517931858936043
0.101972504482965
0.0607292289300657
0.261446503287507
0.122594142259414
0.0710400478182904
0.17071129707113
0.0222355050806934
0.0511057979677226
0.0596981470412434
0.0304841601912732
0.0634787806335923
0.00848774656306037
0.0909742976688584
0.0511057979677227
0.203705917513449
0.0634787806335923
0.220203227734608
0.104722056186491
0.02498505678422
0.0758517632994621
0.066228332337119
0.165212193664077
0.0724148236700539
0.187208607292289
0.104722056186491
0.0854751942618051
0.277943813508667
0.0304841601912732
0.0497310221159594
0.134967124925284
0.0635647041243277
0.127448819485953
0.052480573819486
0.192707710699342
0.0332337118947998
0.000239091452480579
0.0373580394500897
0.0359832635983263
0.0277346084877466
0.0287656903765691
0.15421398684997
0.0772265391512253
0.0552301255230126
0.0909742976688584
0.038732815301853
0.107471607890018
0.0469814704124328
0.0351240286909743
0.181709503885236
0.0909742976688584
0.148714883442917
0.0950986252241481
0.048699940227137
0.0579796772265391
0.0930364614465035
0.0579796772265391
0.156963538553497
0.144590555887627
0.0562612074118351
0.0717274357441721
0.0717274357441724
0.370053795576809
0.132217573221757
0.134967124925284
0.139091452480574
0.0277346084877466
0.0579796772265391
0.0469814704124328
0.126718469814704
0.0703526598924089
0.0964734010759115
0.0717274357441721
0.0992229527794381
0.128093245666467
0.0689778840406455
0.0222355050806934
0.151464435146444
0.0854751942618051
0.066228332337119
0.112970711297071
0.121219366407651
0.115720263000598
0.0689778840406455
0.0944112372982669
0.250448296473401
0.0456066945606695
0.0696652719665272
0.110221159593545
0.261446503287507
0.0167364016736402
0.0442319187089062
0.0194859533771668
0.143215780035864
0.0572922893006576
0.0579796772265391
0.187208607292289
0.0497310221159594
0.062104004781829
0.0359832635983264
0.0799760908547519
0.100597728631201
0.156963538553497
0.228451882845188
0.121906754333532
0.16246264196055
0.852600119545726
0.0813508667065153
0.0799760908547519
0.0194859533771668
0.107471607890018
0.165212193664077
0.052480573819486
0.00298864315600717
0.217453676031082
0.011237298266587
0.147340107591153
0.0469814704124328
0.0655409444112373
0.0139868499701136
0.119844590555888
0.0579796772265391
0.0566049013747758
0.181709503885236
0.0332337118947998
0.332934847579199
0.02498505678422
0.129468021518231
0.352181709503885
0.0256724447101016
0.0579796772265391
0.0806634787806335
0.112970711297071
0.0854751942618051
0.0765391512253439
0.105409444112373
0.0634787806335923
0.0139868499701136
0.112970711297071
0.0305700836820085
0.0882247459653317
0.316437537358039
0.0332337118947998
0.110221159593545
0.140466228332337
0.148714883442917
0.0689778840406455
0.0359832635983264
0.0167364016736402
0.17071129707113
0.0799760908547519
0.0194859533771668
0.02498505678422
0.209205020920502
0.0882247459653317
0.00573819485953378
0.238075313807531
0.101972504482965
0.0497310221159594
0.038732815301853
0.151464435146444
0.266945606694561
0.17071129707113
0.0909742976688584
0.0442319187089062
0.0380454273759713
0.0703526598924088
0.011237298266587
0.130842797369994
0.0517931858936043
0.0799760908547519
0.0717274357441721
0.046637776449492
0.105409444112373
0.115720263000598
0.0273909145248057
0.110221159593545
0.011237298266587
0.148714883442917
0.30818888224746
0.130842797369994
0.134967124925284
0.220203227734608
0.0469814704124328
0.104722056186491
0.112970711297071
0.0277346084877466
0.112970711297071
0.127062163777645
0.0854751942618051
0.0449193066347878
0.0222355050806934
0.00298864315600717
0.000239091452480579
0.0277346084877466
0.144590555887627
0.0359832635983264
0.0937238493723849
0.137716676628811
0.048356246264196
0.0456066945606695
0.0469814704124328
0.0602136879856546
0.14596533173939
0.0827256425582785
0.115720263000598
0.117095038852361
0.0689778840406455
0.0167364016736402
0.0414823670053796
0.163837417812314
0.0964734010759115
0.011237298266587
0.640884638374178
0.0435445307830245
0.107471607890018
0.187208607292289
0.0634787806335923
0.123968918111178
0.0552301255230126
0.02498505678422
0.187208607292289
0.00848774656306037
0.110221159593545
0.123968918111178
0.10403466826061
0.114345487148834
0.0744769874476987
0.0744769874476989
0.187208607292289
0.0263598326359833
0.0277346084877466
0.151464435146444
0.220203227734608
0.0139868499701136
0.00573819485953378
0.0401075911536162
0.0181111775254035
0.011237298266587
0.0194859533771668
0.0531679617453676
0.0304841601912732
0.0181111775254035
0.0731022115959354
0.0992229527794381
0.0222355050806934
0.052480573819486
0.117095038852361
0.0717274357441722
0.02498505678422
0.118469814704124
0.280693365212194
0.0744769874476987
0.118469814704124
0.269695158398087
0.0304841601912732
0.0937238493723849
0.0359832635983264
0.264196054991034
0.0450052301255231
0.0806634787806338
0.207830245068739
0.048356246264196
0.0909742976688584
0.0772265391512253
0.052480573819486
0.00573819485953378
0.132217573221757
0.061674387328153
0.227549686192469
0.140466228332337
0.0304841601912732
0.0435445307830245
0.0676031081888824
0.12517184698147
0.156963538553497
0.0566049013747759
0.0634787806335926
0.200956365809923
0.000239091452480579
0.0717274357441721
0.0442319187089062
0.0277346084877466
0.011237298266587
0.0689778840406455
0.0744769874476987
0.0717274357441721
0.15421398684997
0.0552301255230126
0.0346084877465631
0.0579796772265391
0.0414823670053796
0.0882247459653317
0.0316011655708309
0.0339210998206814
0.214704124327555
0.129468021518231
0.294441123729827
0.0634787806335923
0.0304841601912732
0.0167364016736402
0.0167364016736402
0.218828451882845
0.011237298266587
0.0593544530783024
0.110221159593545
0.310938433950986
0.0291093843395099
0.0497310221159594
0.0414823670053796
0.038732815301853
0.0456066945606695
0.0827256425582785
0.360430364614465
0.0909742976688584
0.23738792588165
0.17071129707113
0.0689778840406455
0.189958158995816
0.396174536760311
0.0882247459653317
0.0487858637178721
0.14596533173939
0.0139868499701136
0.115720263000598
0.198206814106396
0.0552301255230127
0.258696951583981
0.112970711297071
0.17071129707113
0.035811416616856
0.104722056186491
0.052480573819486
0.0380454273759714
0.038732815301853
0.0964734010759115
0.123968918111178
0.0139868499701136
0.114861028093246
0.0359832635983264
0.11675134488942
0.16246264196055
0.123968918111178
0.0854751942618051
0.0442319187089062
0.313687985654513
0.0359832635983264
0.0579796772265391
0.0552301255230126
0.0992229527794381
0.0827256425582785
0.200956365809922
0.011237298266587
0.155932456664674
0.0318589360430365
0.0359832635983264
0.0607292289300657
0.011237298266587
0.066228332337119
0.0332337118947998
0.0222355050806934
0.0689778840406455
0.134967124925284
0.0717274357441721
0.0139868499701136
0.0304841601912732
0.00848774656306037
0.0359832635983264
0.0332337118947998
0.957083084279737
0.011237298266587
0.200956365809922
0.0827256425582785
0.233950986252241
0.00573819485953378
0.161087866108787
0.0304841601912732
0.000239091452480579
0.261446503287508
0.126718469814704
0.0937238493723847
0.0222355050806934
0.0167364016736402
0.0909742976688584
0.0469814704124328
0.00298864315600717
0.0937238493723849
0.0772265391512253
0.0909742976688586
0.528840406455471
0.404423191870891
0.110221159593545
0.236700537955768
0.0717274357441721
0.121219366407651
0.0854751942618051
0.0806634787806337
0.066228332337119
0.14596533173939
0.0634787806335923
0.0126120741183503
0.676628810520023
0.0139868499701136
0.0332337118947998
0.0841004184100418
0.052480573819486
0.0486999402271369
0.0332337118947998
0.0277346084877466
0.123281530185296
0.140466228332337
0.110908547519426
0.038732815301853
0.184459055588763
0.0414823670053796
0.110221159593545
1.81769276748356
0.173460848774656
0.167961745367603
0.107471607890018
0.176210400478183
0.0531679617453675
0.101972504482965
0.0937238493723849
0.00573819485953378
0.0442319187089062
0.123968918111178
0.052480573819486
0.143215780035864
0.0456066945606695
0.0847878063359234
0.214704124327555
0.126718469814704
0.132217573221757
0.0139868499701136
0.121219366407651
0.148714883442917
0.104722056186491
0.110221159593545
0.0469814704124328
0.0373580394500897
0.0799760908547519
0.0799760908547519
0.0126120741183503
0.134967124925284
0.173460848774656
0.0744769874476988
0.180334728033473
0.0882247459653317
0.038732815301853
0.134967124925284
0.17071129707113
0.140466228332337
0.29994022713688
0.0655409444112371
0.0803412656903764
0.181709503885236
0.0349951434548715
0.0882247459653316
0.00848774656306037
0.0167364016736402
0.349432157800358
0.0612447698744771
0.0579796772265391
0.0442319187089062
0.155245068738793
0.0481843992827257
0.0194859533771668
0.052480573819486
0.132217573221757
0.341183502689779
0.0607292289300657
0.00573819485953378
0.052480573819486
0.0827256425582785
0.066228332337119
0.00573819485953378
0.0305700836820085
0.0772265391512253
0.0359832635983264
0.157650926479378
0.250448296473401
0.0923490735206219
0.0359832635983264
0.0744769874476987
0.0882247459653317
0.0359832635983264
0.0827256425582785
0.0937238493723849
0.0635647041243273
0.052480573819486
0.165212193664077
0.0442319187089062
0.14596533173939
0.0332337118947998
0.209205020920502
0.0627913927077108
0.0607292289300657
0.066228332337119
0.011237298266587
0.145965331739391
0.0854751942618052
0.107471607890018
0.0854751942618051
0.697250448296473
0.0882247459653317
0.0332337118947998
0.0139868499701136
0.0469814704124328
0.066228332337119
0.0552301255230126
0.0909742976688584
0.297190675433353
0.0799760908547519
0.379677226539151
0.0909742976688584
0.0827256425582787
0.128093245666467
0.052480573819486
8.74381350866706
0.0359832635983264
0.701374775851763
0.0277346084877466
0.104722056186491
0.140466228332337
0.148714883442917
0.0469814704124328
0.165212193664077
0.0682904961147639
0.156963538553496
0.475911536162582
0.0167364016736401
0.0194859533771668
0.066228332337119
0.0304841601912732
0.15421398684997
0.112970711297071
0.0751643753735804
0.0332337118947998
0.110221159593545
0.0772265391512253
0.0401075911536163
0.0926927674835624
0.0442319187089062
0.0662283323371192
0.126718469814704
0.0854751942618051
0.0799760908547519
0.554961147638972
0.187208607292289
0.266945606694561
0.0717274357441721
0.143215780035864
0.0469814704124328
0.0387328153018529
0.0552301255230126
0.0772265391512253
0.048356246264196
0.203705917513449
0.0882247459653317
0.0607292289300657
0.101972504482965
0.275194261805141
0.27106993424985
0.00573819485953378
0.0799760908547519
0.17071129707113
0.376927674835625
0.066228332337119
0.0304841601912732
0.132217573221757
0.0497310221159594
0.140466228332337
0.0717274357441721
0.218828451882845
0.0634787806335923
0.0359832635983264
0.0359832635983264
0.172773460848774
0.365929468021518
0.038732815301853
0.103347280334728
0.0772265391512253
0.0579796772265391
0.214704124327555
0.116407650926479
0.0772265391512253
0.0497310221159594
0.0689778840406456
0.038732815301853
0.335684399282726
0.0414823670053796
0.000239091452480579
0.0456496563060372
0.0923490735206215
0.137716676628811
0.125343693962941
0.110221159593545
0.0304841601912732
0.0480125523012553
0.066228332337119
0.000239091452480579
0.0139868499701136
0.187208607292289
0.104722056186491
0.101972504482965
0.104722056186491
0.148714883442917
0.151464435146444
0.0796323968918112
0.038732815301853
0.0181111775254035
0.0682904961147637
0.0505902570233114
0.02498505678422
0.052480573819486
0.0332337118947998
0.0772265391512253
0.0854751942618051
0.16229079497908
0.0617603108188882
0.0882247459653317
0.0607292289300657
0.70412432755529
0.122594142259414
0.159713090257023
0.0277346084877466
0.0772265391512253
0.038732815301853
0.0772265391512253
0.0497310221159594
0.0215481171548117
0.0717274357441721
0.0359832635983264
0.011237298266587
0.0359832635983264
0.134967124925284
0.15421398684997
0.0373580394500897
0.0435445307830245
0.00848774656306037
0.0607292289300657
0.173460848774656
0.0414823670053796
0.101972504482965
0.0731022115959354
0.112970711297071
0.0139868499701136
0.110221159593545
0.107471607890018
0.0194859533771668
0.0909742976688584
0.129468021518231
0.0827256425582785
0.100597728631201
0.0923490735206218
0.0584952181709504
0.118469814704124
0.233950986252241
0.0531679617453675
0.0717274357441721
0.0799760908547519
0.0497310221159594
0.30406455469217
0.167961745367603
0.231201434548715
0.000239091452480579
0.280693365212194
0.0717274357441722
0.0634787806335923
0.0469814704124328
0.132217573221757
0.0950986252241481
0.0634787806335923
0.0579796772265391
0.165212193664076
0.0442319187089062
0.0497310221159594
0.0277346084877466
0.206455469216976
0.088224745965332
0.0834130304841603
0.0552301255230126
0.0744769874476987
0.0359832635983264
0.123968918111178
0.181709503885236
0.02498505678422
0.167961745367603
0.124312612074118
0.0462940824865511
0.0634787806335923
0.231201434548715
0.198206814106396
0.122594142259414
0.00298864315600717
0.0277346084877466
0.137716676628811
0.0768828451882844
0.0497310221159594
0.0414823670053796
0.000239091452480579
0.167961745367603
0.0689778840406455
0.0607292289300657
0.0909742976688584
0.0349951434548715
0.0854751942618054
0.0194859533771668
0.0717274357441721
0.0222355050806934
0.0889121338912133
0.167961745367603
0.118469814704124
0.144246861924686
0.134967124925284
0.0497310221159594
0.104722056186491
0.0167364016736402
0.00848774656306037
0.011237298266587
0.0992229527794381
0.134967124925284
0.0767969216975495
0.210579796772266
0.134967124925284
0.0414823670053796
0.0841004184100419
0.060041841004184
0.112970711297071
0.0359832635983264
0.000239091452480579
0.0689778840406455
0.0964734010759115
0.107471607890018
0.011237298266587
0.066228332337119
0.297190675433353
0.123968918111177
0.0579796772265391
0.0937238493723849
0.011237298266587
0.188927077106994
0.038732815301853
0.107471607890018
0.103347280334728
0.158864595786013
0.0772265391512253
0.605140466228332
0.0799760908547519
0.0381313508667066
0.0895995218170952
0.0689778840406457
0.0414823670053796
0.00573819485953378
0.0689778840406455
0.134967124925284
0.11640765092648
0.0559175134488941
0.143215780035864
0.192707710699342
0.198206814106396
0.177585176329946
0.0626195457262404
0.0734459055588763
0.0442319187089062
0.0339210998206814
0.126718469814704
0.121219366407651
0.180334728033473
0.098879258816497
0.0827256425582787
0.0304841601912732
0.0167364016736402
0.0469814704124328
0.198206814106396
0.0428571428571428
0.0744769874476987
0.15421398684997
0.0497310221159594
0.0689778840406455
0.15421398684997
0.105409444112373
0.117095038852361
0.220203227734608
0.0194859533771668
0.02498505678422
0.0882247459653317
0.118469814704124
0.0744769874476987
0.0607292289300657
0.048356246264196
0.113314405260012
0.192707710699343
0.104722056186491
0.0359832635983264
0.0900721010161387
0.0469814704124328
0.110221159593545
0.00573819485953378
0.115720263000598
0.0679468021518231
0.134967124925284
0.0359832635983264
0.0854751942618051
0.0325463239689181
0.181709503885236
0.110221159593545
0.0992229527794381
0.0634787806335923
0.079976090854752
0.00573819485953378
0.0194859533771668
0.0377017334130304
0.0167364016736402
0.0717274357441721
0.140466228332337
0.173460848774656
0.011237298266587
0.0944112372982664
0.0194859533771668
0.00573819485953378
0.0634787806335923
0.187208607292289
0.0854751942618051
0.0634787806335923
0.0978481769276751
0.038732815301853
0.14596533173939
0.106096832038255
0.048356246264196
0.0332337118947998
0.101972504482965
0.02498505678422
0.0909742976688584
0.0916616855947401
0.0469814704124328
0.156963538553497
0.148714883442917
0.000239091452480579
0.151464435146444
0.0167364016736402
0.02498505678422
0.176210400478183
0.02498505678422
0.0222355050806934
0.148714883442917
0.0744769874476987
0.0359832635983264
0.0854751942618051
0.173460848774656
0.247698744769874
0.0957860131500299
0.0359832635983264
0.0937238493723851
0.0607292289300658
0.0277346084877466
0.0552301255230125
0.0469814704124328
0.00848774656306037
0.0689778840406455
0.0772265391512253
0.00298864315600717
0.123968918111178
0.0194859533771668
0.0497310221159593
0.0758517632994622
0.29994022713688
0.0359832635983264
0.104722056186491
0.00848774656306037
0.038732815301853
0.0634787806335924
0.0222355050806934
0.317812313209804
0.0992229527794381
0.0622758517632994
0.0866351613867305
0.0799760908547519
0.104722056186491
0.0634787806335923
0.0854751942618051
0.0579796772265391
0.0841004184100418
0.0689778840406455
0.143215780035864
0.110221159593545
0.0146742378959952
0.122143043933055
0.0277346084877466
0.0593544530783025
0.106784219964136
0.17071129707113
0.052480573819486
0.101972504482965
0.0194859533771668
0.0497310221159594
0.139091452480574
0.0332337118947998
0.621637776449492
0.101972504482965
0.0277346084877466
0.0456066945606695
0.0442319187089062
0.0497310221159593
0.357680812910938
0.100941422594142
0.0909742976688584
0.0222355050806934
0.02498505678422
0.0799760908547519
0.288942020322773
0.0414823670053796
0.0937238493723851
0.0882247459653316
0.0392483562462643
0.0634787806335926
0.143215780035864
0.0731022115959355
0.0703526598924091
0.112970711297071
0.0978481769276748
0.0799760908547519
1.00657501494322
0.200956365809922
0.125343693962941
0.0325892857142858
0.584862522414825
0.0854751942618051
0.151464435146444
0.038732815301853
0.0634787806335923
0.148714883442917
0.401673640167364
0.0827256425582785
0.0167364016736402
0.0277346084877466
0.0593544530783024
0.00298864315600717
0.101972504482965
0.0634787806335923
0.00848774656306037
0.143215780035864
0.107471607890018
0.00298864315600717
0.32056186491333
0.0579796772265391
0.544650328750747
0.02498505678422
0.00298864315600717
0.0799760908547519
0.0775702331141665
0.0640802450687387
0.038732815301853
0.206455469216976
0.140466228332337
0.0909742976688584
0.067431261207412
0.240824865511058
1.42450687387926
0.0634787806335924
0.00573819485953378
0.02498505678422
0.000239091452480579
0.155588762701733
0.0799760908547519
0.0563900926479379
0.02498505678422
0.233950986252241
0.120531978481769
0.036670651524208
0.0277346084877466
0.0401075911536163
0.0923490735206217
0.114689181111775
0.060041841004184
0.0511057979677226
0.195457262402869
0.176210400478183
0.0789450089659294
0.199237895995218
0.0442319187089062
0.0414823670053796
0.0497310221159594
0.107471607890018
0.205080693365212
0.0909742976688584
0.0841004184100418
0.0483562462641961
0.0827256425582785
0.0717274357441721
0.0552301255230126
0.101972504482965
0.0222355050806934
0.156963538553497
0.102659892408846
0.297190675433353
0.0352958756724447
0.198894202032278
0.104722056186491
0.00848774656306038
0.0841004184100416
0.066228332337119
0.176210400478183
0.14596533173939
0.0529101912731619
0.02498505678422
0.0304841601912732
0.117782426778243
0.066228332337119
0.502032277346085
0.365929468021518
0.0277346084877466
0.210579796772265
0.0717274357441721
0.0717274357441721
0.038732815301853
0.0545427375971309
0.0414823670053796
0.279662283323371
0.0761954572624029
0.0428571428571429
0.0442319187089062
0.247698744769874
0.134967124925284
0.0964734010759115
0.0538553496712492
0.0304841601912732
0.0442319187089062
0.118469814704124
0.052480573819486
0.0607292289300658
0.110221159593545
0.0655409444112372
0.0634787806335923
0.0859907352062163
0.159713090257023
0.103347280334728
0.151464435146444
0.0304841601912732
0.0167364016736402
0.0167364016736402
0.0799760908547519
1.85893604303646
0.000239091452480579
0.181709503885236
0.0356395696353856
0.0744769874476987
0.0497310221159594
0.02498505678422
0.173460848774656
0.123968918111178
0.132217573221757
0.071727435744172
0.0999103407053198
0.0607292289300657
0.136341900777047
0.0359832635983264
0.0827256425582785
0.0827256425582785
0.0772265391512253
0.00848774656306037
0.156963538553497
0.0414823670053796
0.0414823670053796
0.0332337118947998
0.0469814704124328
0.0497310221159594
0.605140466228332
0.214704124327555
0.0277346084877466
0.0490436341900777
0.0167364016736402
0.075851763299462
0.0634787806335924
0.0208607292289301
0.0414823670053796
0.0940675433353259
0.0937238493723849
0.167961745367603
0.0895995218170951
0.115720263000598
0.167961745367603
0.0964734010759115
0.0772265391512253
0.0837996861924688
0.0882247459653317
0.0442319187089062
0.0950986252241485
0.195457262402869
0.0414823670053796
0.134967124925284
0.0194859533771668
0.066228332337119
0.0827256425582785
0.178272564255828
0.638135086670651
0.0882247459653317
0.0648535564853557
0.103347280334728
0.129468021518231
0.0988792588164974
0.0579796772265391
0.126718469814704
0.152388112671847
0.247011356843994
0.17071129707113
0.0999103407053197
0.104722056186491
0.0827256425582785
0.052480573819486
0.225702331141662
0.199066049013748
0.038732815301853
0.16246264196055
0.0717274357441724
0.0414823670053796
0.00848774656306037
0.0717274357441721
0.327435744172146
0.066228332337119
0.0566049013747758
0.0744769874476987
0.0277346084877466
0.195457262402869
0.157479079497908
0.0693215780035863
0.0813508667065153
0.0469814704124328
0.246323968918111
0.0332337118947998
0.0854751942618051
0.110221159593544
0.209205020920502
0.0579796772265391
0.0878810520023908
0.128093245666467
0.36249252839211
0.104722056186491
0.167961745367603
0.0414823670053796
0.104378362223551
0.052480573819486
0.114345487148834
0.10025403466826
0.110221159593545
0.0538553496712492
0.11228332337119
0.216078900179318
0.200612671846981
0.159713090257023
0.200956365809922
0.165212193664077
0.119844590555888
0.0854751942618051
0.203705917513449
0.0689778840406454
0.0854751942618051
0.115720263000598
0.134967124925284
0.141841004184101
0.110221159593545
0.0552301255230126
0.0772265391512253
0.0805560744172146
0.0462940824865511
0.0669157202630005
0.0139868499701136
0.011237298266587
0.148714883442917
0.0717274357441721
0.0475829348475793
0.225702331141662
0.0717274357441721
0.0799760908547519
0.00298864315600717
0.0689778840406455
0.0222355050806934
0.0634787806335923
0.081179019725045
0.14596533173939
0.0717274357441721
0.0909742976688584
0.121219366407651
0.228451882845188
0.132217573221757
0.261446503287507
0.075851763299462
0.0717274357441721
0.145277943813509
0.0517931858936043
0.0796323968918112
0.0813508667065152
0.152151823072325
0.0511057979677227
0.0676031081888823
0.11675134488942
0.0414823670053796
0.0909742976688583
0.0401075911536162
0.0566049013747759
0.161087866108787
0.0854751942618051
0.0634787806335923
0.128780633592349
0.0194859533771668
0.0497310221159594
0.0332337118947998
0.321936640765093
0.275194261805141
0.118469814704124
0.02498505678422
0.134967124925284
0.0629632396891811
0.0816945606694561
0.052480573819486
0.0332337118947998
0.0304841601912732
0.038732815301853
0.0992229527794381
0.184459055588763
0.0236102809324567
0.0909742976688584
0.00848774656306037
0.038732815301853
0.108846383741781
0.0854751942618051
0.167961745367603
0.199237895995218
0.294441123729827
0.257322175732218
0.0717274357441721
0.0717274357441721
0.123968918111177
0.02498505678422
0.233950986252241
0.000239091452480579
0.121219366407651
0.132217573221757
0.0655409444112375
0.117782426778243
0.130842797369994
0.106784219964136
0.112970711297071
0.0332337118947998
0.148714883442917
0.0724148236700538
0.0174237895995219
0.0717274357441721
0.110221159593544
0.0332337118947998
0.0985355648535562
0.0373580394500897
0.00573819485953378
0.288942020322773
0.0139868499701136
0.0992229527794381
0.0717274357441721
0.0497310221159594
1.99916317991632
0.0909742976688584
0.0731022115959354
0.231201434548715
0.0609010759115362
0.0717274357441721
0.211954572624029
0.0744769874476987
0.0827256425582784
0.115720263000598
0.0648535564853558
0.123968918111178
0.195457262402869
0.0607292289300657
0.0937238493723849
0.0576359832635985
0.121219366407651
0.107471607890018
0.115720263000598
0.011237298266587
0.0332337118947998
0.0194859533771668
0.152839210998207
0.0827256425582785
0.141411386730424
0.305439330543933
0.0607292289300657
0.0511057979677226
0.0497310221159594
0.0854751942618051
0.0926927674835624
0.0497310221159593
0.17071129707113
0.0717274357441721
0.122594142259415
0.0964734010759115
0.066228332337119
0.107471607890018
0.148714883442917
0.052480573819486
0.126718469814704
0.0758517632994621
0.115720263000598
0.0724148236700538
0.00573819485953378
0.0799760908547519
0.110221159593545
0.0909742976688584
0.038732815301853
0.112755902570233
0.0194859533771668
0.0891752745815899
0.0304841601912732
0.0574641362821279
0.101972504482965
0.0964734010759115
0.103862821279139
0.0964734010759115
0.066228332337119
0.0552301255230126
0.0634787806335923
0.17071129707113
0.0782576210400477
0.0621040047818291
0.569396294082486
0.073703676031082
0.110221159593545
2.31261207411835
0.0579796772265391
0.0930364614465032
0.0937238493723849
0.0772265391512253
0.140809922295278
0.038732815301853
1.0182606096832
0.052480573819486
0.0332337118947998
0.101972504482965
0.0167364016736402
0.0607292289300657
1.26228332337119
0.00848774656306037
0.0854751942618051
0.0799760908547519
0.0971607890017933
0.294441123729827
0.0981918708906157
0.0727585176329946
0.0848522489539749
0.398924088463837
0.0744769874476987
0.302689778840408
0.0552301255230126
0.000239091452480579
0.115720263000598
0.0304841601912732
0.0799760908547519
0.00848774656306037
0.209205020920502
0.0744769874476987
0.0744769874476987
0.0799760908547519
0.0332337118947998
0.00298864315600717
0.140466228332337
0.107471607890018
0.151464435146444
0.0964734010759115
0.104722056186491
0.723371189479976
0.0741332934847578
0.0882247459653317
0.0634787806335926
0.132217573221757
0.0607292289300657
0.129468021518231
0.0607292289300658
0.0442319187089062
0.0937238493723849
0.0194859533771668
0.115720263000598
0.011237298266587
0.052480573819486
0.0579796772265391
0.02498505678422
0.0181111775254035
1.15780035863718
0.066228332337119
0.0414823670053796
0.100597728631201
0.0772265391512253
0.0634787806335923
0.0854751942618051
0.0854751942618051
0.150777047220562
0.0882247459653318
0.00298864315600717
0.0332337118947998
0.00848774656306037
0.0497310221159594
0.319187089061566
0.182396891811119
0.115720263000598
0.17895995218171
0.052480573819486
0.0607292289300657
0.02498505678422
0.198206814106396
0.15421398684997
0.128093245666467
0.0442319187089062
0.115720263000598
0.0370143454871489
0.15008965929468
0.0607292289300657
0.0579796772265391
0.0277346084877466
0.00573819485953378
0.0689778840406455
0.0194859533771668
0.0909742976688584
0.123968918111178
0.052480573819486
0.176210400478183
0.0680756873879259
0.0222355050806934
0.038732815301853
0.0511057979677227
0.121219366407651
0.0992229527794381
0.00573819485953378
0.0277346084877466
0.0834130304841602
0.0167364016736402
0.00848774656306037
0.119500896592947
0.0167364016736402
0.10420651524208
0.0823819485953378
0.0806634787806338
0.0772265391512253
0.0882247459653317
0.0916616855947399
0.0139868499701136
0.0868499701135685
0.066228332337119
0.0524805738194859
0.0497310221159594
0.236700537955768
0.066228332337119
0.000239091452480579
0.156963538553497
0.100597728631201
0.0359832635983264
0.0868499701135685
0.209205020920502
0.104722056186491
0.0648535564853557
0.118469814704124
0.0703526598924089
0.0779139270771072
0.0511057979677226
0.0597411087866109
0.0304841601912732
0.129468021518231
2.55457262402869
0.0277346084877466
0.194082486551106
0.0332337118947998
0.273132098027496
0.0992229527794381
0.0816945606694563
0.0868499701135683
0.0593544530783024
0.052480573819486
0.00848774656306037
0.0414823670053796
0.0937238493723849
0.0854751942618051
0.0194859533771668
0.0761954572624032
0.066228332337119
0.0442319187089063
0.11228332337119
0.0340929468021519
0.184459055588763
0.000239091452480579
0.0552301255230126
0.181709503885236
0.0332337118947998
0.173460848774656
0.0304841601912732
0.0194859533771668
0.159713090257023
0.0703526598924089
0.0304841601912732
0.0284219964136282
0.0950986252241482
0.159713090257023
0.0854751942618051
0.0277346084877466
0.0194859533771668
0.0304841601912732
0.0139868499701136
0.335684399282726
0.401673640167364
0.110221159593545
0.0964734010759115
0.0930364614465034
0.000239091452480579
0.0600418410041841
0.132217573221757
0.00298864315600717
0.0751643753735803
0.272444710101614
0.0889121338912134
0.0593544530783024
0.0593544530783024
0.0222355050806934
0.0167364016736402
0.0126120741183503
0.167961745367603
0.0552301255230125
0.104722056186491
0.0703526598924088
0.156963538553497
0.118469814704124
0.15421398684997
0.148714883442917
0.0607292289300657
0.0710400478182905
0.0909742976688584
0.159713090257023
0.118469814704124
0.00848774656306037
0.040794979079498
0.0394202032277346
0.011237298266587
0.11675134488942
0.00848774656306037
0.0552301255230126
0.137716676628811
0.0992229527794381
0.052480573819486
0.011237298266587
0.169336521219366
0.0566049013747759
0.104722056186491
0.000239091452480579
0.112970711297071
0.0359832635983264
0.129468021518231
0.104722056186491
0.132217573221757
0.0511057979677226
0.0614166168559473
0.0655409444112373
0.0669157202630004
0.269695158398087
0.0703526598924088
0.200956365809922
0.0552301255230126
0.038732815301853
0.0744769874476987
0.0497310221159594
0.00848774656306037
0.124656306037059
0.0854751942618053
0.0882247459653317
0.0139868499701136
0.135310818888225
0.111080394500897
0.0332337118947998
0.0572922893006575
0.0634787806335924
0.0139868499701136
0.233950986252241
0.100597728631202
0.178959952181709
0.0363269575612672
0.177585176329946
0.107471607890018
0.112970711297071
0.0552301255230126
0.0825537955768082
0.313687985654513
0.379677226539151
0.107471607890018
0.0181111775254035
0.02498505678422
0.0222355050806934
0.011237298266587
0.0277346084877466
0.0992229527794381
0.0648535564853557
0.00848774656306037
0.088740286909743
0.0669157202630005
0.0717274357441721
0.0607292289300657
0.00573819485953378
0.0857329647340111
0.143215780035864
0.115720263000598
0.129468021518231
0.0882247459653317
0.0167364016736402
0.134967124925284
0.048356246264196
0.097504482964734
0.0552301255230126
0.0359832635983264
0.148714883442917
4.53974895397489
0.0517931858936043
0.242199641362821
0.143215780035864
0.0882247459653317
0.0909742976688584
0.134967124925284
0.272444710101614
0.150433353257621
0.052480573819486
0.129468021518231
0.00298864315600717
0.0564330543933056
0.196832038254632
0.0497310221159594
0.144590555887627
0.221416897041243
0.038732815301853
0.0139868499701136
0.354931261207412
0.011237298266587
0.066228332337119
0.140466228332337
0.0304841601912732
0.00848774656306037
0.0304841601912732
0.0772265391512253
0.339121338912133
0.052480573819486
0.0717274357441721
0.110221159593545
0.0806634787806334
0.0689778840406458
0.0304841601912732
0.167961745367603
0.0277346084877466
0.293753735803945
0.0756799163179919
0.130842797369994
0.0882247459653317
0.0712978182904961
0.0968170950388525
0.153698445905559
0.0579796772265391
0.151464435146444
0.107471607890018
0.167961745367603
0.0909742976688584
0.228451882845188
2.21912731619845
0.0194859533771668
0.181709503885236
0.0827256425582785
0.0758517632994621
0.28309922295278
0.13324865511058
0.0579796772265391
0.00848774656306037
2.65080693365212
0.0889121338912133
0.0799760908547519
0.00848774656306037
0.209205020920502
0.000239091452480579
0.122594142259414
0.192707710699343
0.011237298266587
0.0607292289300657
0.0263598326359833
0.0627913927077106
0.0469814704124328
0.0535116557083084
0.111595935445308
0.0497310221159594
0.0325463239689181
0.107471607890018
0.0717274357441721
0.0304841601912732
0.0724148236700539
0.0813508667065153
0.0452630005977286
0.066228332337119
0.062963239689181
0.144590555887627
0.0435445307830245
0.105753138075314
0.134967124925284
0.189958158995816
0.214704124327555
0.0648535564853557
0.0428571428571428
0.0978481769276751
0.126718469814704
0.0909742976688584
0.316437537358039
0.0414823670053796
0.00848774656306037
0.14596533173939
0.0609010759115361
0.211954572624029
0.112970711297071
0.0744769874476987
0.178616258218769
0.02498505678422
0.123968918111178
0.052480573819486
0.00848774656306037
0.151464435146444
0.0277346084877466
0.106784219964136
0.0552301255230126
0.203705917513449
0.167961745367603
0.0401075911536163
0.204393305439332
0.101972504482965
0.102552488045427
0.156963538553497
0.0593544530783024
0.302689778840406
0.02498505678422
0.0937238493723849
0.0373580394500897
0.0686341900777049
0.121219366407651
0.261446503287507
0.0139868499701136
0.0566908248655111
0.0442319187089062
0.0964734010759115
0.0992229527794381
0.00848774656306037
0.0167364016736402
0.247698744769874
0.0841004184100418
0.165212193664077
0.258696951583981
0.0139868499701136
0.0676031081888823
0.0744769874476987
0.132217573221757
0.0572063658099224
0.0442319187089062
0.0277346084877466
0.173460848774656
0.0194859533771668
0.0277346084877466
0.246323968918112
0.0744769874476987
0.137716676628811
0.038732815301853
0.189958158995816
0.0964734010759115
0.0497310221159594
0.00573819485953378
0.0689778840406455
0.0359832635983264
0.0579796772265391
0.164009264793784
0.052480573819486
0.0859048117154814
0.0607292289300657
0.0744769874476987
0.0332337118947998
0.0882247459653317
0.0497310221159594
0.0634787806335923
0.14596533173939
0.0222355050806934
0.0827256425582786
0.172773460848775
0.0270472205618649
0.0629632396891811
0.206455469216975
0.101972504482965
0.547399880454274
0.101972504482965
0.148714883442917
0.110221159593545
0.107471607890018
0.288942020322773
0.193738792588165
0.02498505678422
0.0744769874476987
0.104722056186491
0.110221159593545
0.110221159593545
0.0813508667065153
0.0535116557083083
0.181709503885236
0.132561267184698
0.15421398684997
0.0167364016736402
0.110221159593545
0.106096832038255
0.0744769874476987
0.0882247459653317
0.123968918111178
0.131530185295876
0.048356246264196
0.0579796772265391
0.0717274357441723
0.199581589958159
0.101972504482965
0.583144052600121
0.638135086670651
0.165212193664076
0.176210400478183
0.107471607890018
0.151464435146444
0.0772265391512253
0.121563060370592
0.0167364016736402
0.02498505678422
0.0906306037059177
0.0167364016736402
0.0882247459653317
0.177971832038255
0.000239091452480579
0.0153616258218769
0.110221159593545
0.0634787806335923
0.165819028317394
0.00298864315600717
0.0304841601912732
0.0744769874476987
0.266945606694561
0.118469814704124
0.121219366407651
0.187208607292289
0.101972504482965
0.0717274357441723
0.0937238493723849
0.00573819485953377
0.231201434548715
0.0469814704124328
0.0459503885236102
0.00848774656306037
0.0772265391512252
0.275194261805141
0.140466228332337
0.123968918111178
0.0689778840406455
0.0208607292289301
0.0744769874476987
0.0514494919306634
0.00573819485953378
0.0284219964136282
0.115720263000598
0.200956365809922
0.02498505678422
0.0799760908547519
0.159713090257023
0.0160490137477586
0.134967124925284
0.0964734010759115
0.0758517632994618
0.0854751942618051
0.000239091452480579
0.156963538553497
0.065906119246862
0.0827256425582785
0.0937238493723851
0.129468021518231
0.203705917513449
0.0480125523012552
0.0937238493723849
0.066228332337119
0.0401075911536162
0.26694560669456
0.101972504482965
0.233950986252241
0.111595935445308
0.123968918111178
0.231201434548715
0.14596533173939
0.104722056186491
0.0992229527794381
0.981829049611477
0.02498505678422
0.167961745367603
0.0717274357441721
0.103347280334728
0.123968918111178
0.0469814704124328
0.104893903167962
0.0772265391512253
0.781111775254035
0.0801479378362225
0.0442319187089062
0.129468021518231
0.0841004184100421
0.0414823670053796
0.178959952181709
0.038732815301853
0.165212193664077
0.0854751942618051
0.0950986252241485
0.0827256425582784
0.167961745367603
0.00573819485953378
0.0442319187089062
0.0772265391512253
0.106096832038255
0.00298864315600717
0.121219366407651
0.0744769874476987
0.137716676628811
0.0634787806335923
0.038732815301853
0.165212193664077
0.162118947997609
0.0222355050806934
0.17071129707113
0.0662283323371189
0.104722056186491
0.0579796772265391
0.0964734010759115
0.0194859533771668
0.137716676628811
0.101972504482965
0.0490436341900777
0.0854751942618051
0.0442319187089062
0.099480723251644
0.187208607292289
0.0772265391512253
0.233950986252241
0.000239091452480579
0.0222355050806934
0.213329348475792
0.052480573819486
0.0208607292289301
0.0964734010759117
0.0710400478182905
0.181709503885236
0.185833831440526
0.0222355050806934
0.0579796772265391
0.206455469216976
0.0139868499701136
0.191332934847579
0.0607292289300657
0.126718469814704
0.0987074118350267
0.122594142259414
0.0414823670053796
0.0167364016736402
0.209205020920502
0.121219366407651
0.0139868499701136
0.0614166168559474
0.0923490735206216
0.0511057979677226
0.132217573221757
0.228451882845188
0.123968918111178
0.00298864315600717
0.14596533173939
0.233950986252241
0.0579796772265391
0.0579796772265391
0.112970711297071
0.156963538553497
0.122594142259414
1.85618649133293
0.123968918111178
0.222952779438135
0.100887720412433
0.0689778840406455
0.151464435146444
0.121219366407651
0.0717274357441721
0.0469814704124328
0.156963538553497
0.17071129707113
0.0566049013747759
0.108502689778841
0.253197848176928
0.373662582187687
0.0222355050806934
0.0799760908547519
0.0772265391512253
0.0634787806335923
0.0744769874476987
0.0469814704124328
0.0781716975493125
0.052480573819486
0.0634787806335923
0.0304841601912732
0.382426778242678
0.062104004781829
0.0167364016736402
0.0786013150029889
0.0469814704124328
0.0552301255230126
0.0552301255230126
0.203705917513449
0.128093245666467
0.00573819485953378
0.0332337118947998
0.0332337118947998
0.0139868499701136
0.137716676628811
0.0854751942618051
0.0782898423490735
0.156963538553497
0.052480573819486
0.17071129707113
0.187208607292289
0.0889121338912136
0.228451882845188
0.548774656306038
0.0717274357441721
0.0299686192468619
0.271069934249852
0.16839136282128
0.0607292289300657
0.138404064554692
0.0909742976688585
0.0992229527794381
0.132217573221758
0.0792887029288706
0.17895995218171
0.0744769874476987
0.0964734010759115
0.118469814704124
0.0562612074118349
0.02498505678422
0.149982254931261
0.0566049013747757
0.313687985654513
0.187208607292289
0.0909742976688584
0.0937238493723849
0.0717274357441721
0.134967124925284
0.0401075911536162
0.0277346084877466
0.167961745367603
0.0827256425582785
0.132217573221757
0.0607292289300657
0.0744769874476987
0.0332337118947998
0.137716676628811
0.0744769874476987
0.0634787806335924
0.184459055588763
0.24976090854752
0.0407949790794979
0.038732815301853
0.0634787806335923
0.133592349073521
0.136341900777047
0.126718469814704
0.0909742976688584
0.0772265391512253
0.0194859533771668
0.0751643753735802
0.126718469814704
0.129468021518231
0.0717274357441721
0.484160191273162
0.112970711297071
0.165212193664077
0.0523087268380156
0.110221159593545
0.0579796772265391
0.011237298266587
0.124656306037059
0.0882247459653317
0.173460848774656
0.038732815301853
0.0854751942618052
0.0799760908547519
0.0222355050806934
0.0607292289300657
0.0937238493723848
0.02498505678422
0.0731881350866706
0.107471607890018
0.02498505678422
0.0139868499701136
0.052480573819486
0.107471607890018
0.02498505678422
0.167961745367603
0.05205095636581
0.121219366407651
0.123625224148237
0.0607292289300657
0.107471607890018
0.0332337118947998
0.0497310221159594
0.0552301255230126
0.0843581888822474
0.0277346084877466
0.0270472205618649
0.132217573221757
0.147973793335326
0.101285116557083
0.0222355050806934
0.0222355050806934
0.00848774656306037
0.000239091452480579
0.056261207411835
0.0552301255230126
0.104722056186491
0.0311715481171548
0.089599521817095
0.0552301255230126
0.0579796772265391
0.0579796772265391
0.0139868499701136
0.0648535564853557
0.0744769874476987
0.0882247459653317
0.17483562462642
0.187208607292289
0.0256724447101016
0.411297071129707
0.176210400478183
0.0304841601912732
0.14596533173939
0.0414823670053796
0.038732815301853
0.0992229527794381
0.0978481769276749
0.0717274357441721
0.0772265391512253
0.011237298266587
0.0552301255230126
0.0744769874476987
0.00298864315600717
0.0827256425582785
0.0731022115959356
0.107471607890018
0.00848774656306037
0.143215780035864
0.547399880454274
0.0332337118947998
0.0710400478182905
0.0442319187089062
0.061244769874477
0.126718469814704
0.097848176927675
0.0937238493723849
0.192707710699342
0.0579796772265391
0.00573819485953378
0.0346084877465631
0.15421398684997
0.0194859533771668
0.0332337118947998
0.0772265391512253
0.0634787806335923
0.0497310221159594
0.115349717946802
0.151464435146444
0.052480573819486
0.310938433950986
0.0304841601912732
0.1081589958159
0.0517931858936043
0.02498505678422
0.0442319187089062
0.108846383741781
0.104722056186491
0.266945606694561
0.0799760908547519
0.220203227734608
0.107471607890018
0.0332337118947998
0.155588762701733
0.0827256425582788
0.0889121338912132
0.0497310221159594
0.000239091452480579
0.0222355050806934
0.0854751942618051
0.0579796772265391
0.0882247459653317
0.038732815301853
0.266945606694561
0.0497310221159594
0.0902869097429767
0.0442319187089062
0.0511057979677227
0.206455469216976
0.0744769874476987
0.118469814704125
0.225702331141662
0.0414823670053796
0.111595935445308
0.0469814704124328
0.00848774656306037
0.0799760908547519
0.0552301255230126
0.038732815301853
0.0554878959952182
0.544650328750747
0.0950986252241482
0.0761095337716675
0.0538553496712493
0.0854751942618051
0.0992229527794381
0.148714883442917
0.0538553496712492
0.0992229527794381
0.175523012552301
0.0373580394500897
0.0854751942618051
0.0937238493723849
0.0717274357441721
0.066228332337119
0.0772265391512254
0.0222355050806934
0.135654512851166
0.0572922893006575
0.0304841601912732
0.28344291691572
0.106784219964136
0.0511057979677228
0.0414823670053796
0.0841004184100418
0.0653690974297668
0.2916915720263
0.0607292289300657
0.494471010161387
0.0964734010759115
0.0689778840406458
0.0698371189479975
0.134967124925284
0.02498505678422
0.121219366407651
0.000239091452480579
0.0799760908547519
0.120768268081291
0.178959952181709
0.15421398684997
0.0882247459653317
0.583144052600119
0.0607292289300657
0.0297967722653915
0.0476688583383145
0.0442319187089062
0.0469814704124328
0.0634787806335923
0.00298864315600717
1.31727435744172
0.0277346084877466
0.0194859533771668
0.100597728631201
0.0139868499701136
0.0937238493723849
0.0139868499701136
0.0634787806335923
0.00848774656306037
0.121219366407651
0.0552301255230126
0.0442319187089062
0.233950986252241
0.0497310221159594
0.374865511057979
0.0799760908547519
0.192707710699342
0.0909742976688584
0.222952779438135
0.123968918111178
0.0882247459653317
0.0772265391512253
0.0607292289300657
1.30352659892409
0.156963538553497
0.052480573819486
0.217453676031082
0.0909742976688584
0.0744769874476987
0.0767109982068142
0.0167364016736402
0.066228332337119
0.0442319187089062
0.034608487746563
0.0579796772265391
0.0579796772265393
0.0442319187089062
0.0469814704124328
0.115720263000598
0.0535116557083083
0.101972504482965
0.176210400478183
0.101972504482965
0.075851763299462
0.0937238493723849
0.176210400478183
0.0799760908547519
0.02498505678422
0.192707710699342
0.0944112372982666
0.115720263000598
0.0552301255230126
0.0937238493723849
0.0696652719665272
0.00848774656306037
0.0909742976688584
0.0528242677824268
0.119157202630006
0.0167364016736402
0.187208607292289
0.104722056186491
0.184459055588763
0.105753138075314
0.104722056186491
0.0827256425582785
0.0731022115959354
0.0607292289300657
0.0744769874476987
0.112970711297072
0.0277346084877466
0.217453676031082
0.0634787806335923
0.123968918111177
0.28344291691572
0.0469814704124328
0.0607292289300657
0.0607292289300657
1.32964734010759
0.178959952181709
0.123968918111178
0.00848774656306037
0.0332337118947998
0.0744769874476987
0.181709503885236
0.171398684997012
0.107471607890018
0.122508218768679
0.176210400478183
0.0882247459653317
0.0514494919306634
0.0827256425582785
0.0167364016736402
0.121219366407651
0.0866781231320979
0.0909742976688584
0.0985355648535565
0.159713090257024
0.2977921398685
0.0139868499701136
0.0167364016736402
0.0810071727435743
0.0307848924088465
0.486909742976688
0.0717274357441721
0.107471607890018
0.0717274357441721
0.0813508667065153
0.00298864315600717
0.0614166168559475
0.159713090257023
0.0167364016736402
0.0222355050806934
0.0909742976688584
0.184459055588763
0.367304243873282
0.0992229527794381
0.038732815301853
0.066228332337119
0.126031081888822
0.00298864315600717
0.104722056186491
0.00573819485953378
0.0476688583383145
0.0139868499701136
0.0552301255230126
0.0882247459653317
0.0556597429766885
0.0703526598924087
0.104722056186491
0.148714883442917
0.0167364016736402
0.126718469814704
0.0277346084877466
0.0827256425582785
0.253197848176928
0.0799760908547519
0.156963538553497
1.25953377166766
0.129468021518231
0.0775702331141662
0.200956365809922
0.200956365809922
0.167961745367603
0.0655409444112373
0.0689778840406455
0.123968918111178
0.180334728033473
0.0139868499701136
0.121219366407651
0.0236102809324567
0.0579796772265391
0.101972504482965
0.0359832635983264
1.58673042438733
0.126718469814704
0.0827256425582785
0.0717274357441721
0.0689778840406455
0.0859907352062163
0.052480573819486
0.189958158995816
0.0194859533771668
0.00298864315600717
0.0469814704124328
0.165212193664076
0.056604901374776
0.02498505678422
0.14596533173939
0.00573819485953378
0.0786013150029885
0.57489539748954
0.115720263000598
0.0909742976688584
0.0827256425582785
0.0744769874476987
0.14596533173939
0.066228332337119
0.0194859533771668
0.104722056186491
0.0304841601912732
0.173460848774656
0.00848774656306037
0.294441123729827
0.0607292289300656
0.0689778840406455
0.134967124925284
0.112970711297071
0.0593544530783024
0.148714883442917
0.00848774656306037
0.198206814106396
0.02498505678422
0.0634787806335923
0.104722056186491
0.0634787806335923
0.115720263000598
0.0854751942618051
0.121219366407651
0.211954572624029
0.148714883442917
0.0744769874476987
0.0456496563060372
0.115032875074716
0.583144052600119
0.123968918111177
0.0332337118947998
0.0964734010759115
0.000239091452480579
0.011237298266587
0.0497310221159595
0.175351165570831
0.110221159593545
0.0717274357441721
0.178959952181709
0.0552301255230126
0.0552301255230126
0.198206814106396
0.0968170950388527
0.0332337118947997
0.0634787806335925
0.0717274357441723
0.103347280334728
0.137952966228333
0.0579796772265391
0.0854751942618051
0.132217573221757
0.167961745367603
0.000239091452480579
0.0854751942618051
0.104722056186491
0.111595935445308
0.069579348475792
0.0545534780334728
0.02498505678422
0.0414823670053796
0.0954423191870891
0.165212193664077
0.0834130304841602
0.101972504482965
0.052480573819486
0.0689778840406455
0.0799760908547519
0.112970711297071
0.0621040047818291
0.167961745367603
0.0387328153018529
0.143215780035864
0.0882247459653317
0.0772265391512253
0.0813508667065153
0.0634787806335923
0.000239091452480579
0.02498505678422
0.140466228332337
0.396174536760311
0.0139868499701136
0.0593544530783024
0.521279139270773
0.052480573819486
0.00848774656306037
0.085475194261805
0.129468021518231
0.107471607890018
0.0882247459653317
0.156963538553497
0.0364988045427376
0.0456066945606695
0.272444710101614
0.442916915720263
0.0937238493723849
0.0497310221159594
0.0414823670053796
0.038732815301853
0.011237298266587
0.139778840406455
0.0875373580394501
0.173460848774656
0.0511057979677227
0.144590555887627
0.104722056186491
0.0552301255230126
0.137716676628811
0.046208158995816
0.0792887029288703
0.0634787806335924
0.052480573819486
0.321936640765093
0.066228332337119
0.0865062761506278
0.0218918111177525
0.0203666691572026
0.000239091452480579
0.104722056186491
0.121219366407651
0.0676031081888825
0.17895995218171
0.0139868499701136
0.0627913927077108
0.0359832635983264
0.0696652719665271
0.0332337118947998
0.112798864315601
0.00573819485953378
0.115720263000598
0.0579796772265391
0.0744769874476987
0.0194859533771668
2.22737597130903
0.066228332337119
0.118469814704124
0.140466228332337
0.0741332934847579
0.0332337118947998
0.0559175134488942
0.0717274357441721
0.00848774656306037
0.118469814704124
0.165212193664077
0.166243275552899
0.137716676628811
0.156963538553497
0.211954572624029
0.0552301255230125
0.114345487148835
0.0222355050806934
0.0909742976688584
0.127405857740586
0.225702331141662
0.0799760908547519
0.0764102659892408
0.00848774656306039
0.052480573819486
0.0318589360430364
0.140466228332337
0.0607292289300657
0.0882247459653317
0.0772265391512253
0.0703526598924087
0.0799760908547519
0.330185295875672
0.662537358039449
0.079976090854752
0.0469814704124328
0.239450089659295
0.02498505678422
0.011237298266587
0.17071129707113
0.220203227734608
0.052480573819486
0.104722056186491
0.0469814704124328
0.0744769874476987
0.052480573819486
0.198206814106396
0.02498505678422
0.115720263000598
0.126718469814704
0.0497310221159594
0.02498505678422
0.0937238493723851
0.089599521817095
0.147114558427973
0.288942020322773
0.123968918111178
0.118469814704124
0.066228332337119
0.156963538553497
0.0194859533771668
0.0194859533771668
0.0139868499701136
0.0923490735206217
0.0904319056335924
0.011237298266587
0.0469814704124328
0.137029288702929
0.0359832635983264
0.0937238493723849
0.143215780035864
0.0655409444112372
0.110221159593545
0.110221159593545
0.44566646742379
0.0579796772265391
0.107471607890018
0.203705917513449
0.236700537955768
0.0827256425582785
0.0194859533771668
0.513030484160193
0.0139868499701136
0.228451882845188
0.121219366407651
0.0481843992827257
0.107471607890018
0.0167364016736402
0.101285116557083
0.0792887029288702
0.0419979079497908
0.220203227734609
0.038732815301853
0.0194859533771668
0.0827256425582785
0.0222355050806934
0.011237298266587
0.000239091452480579
0.184459055588763
0.327435744172146
0.0359832635983264
0.115720263000598
0.101972504482965
0.176210400478183
0.0603855349671249
0.0909742976688584
0.123968918111178
0.129468021518231
0.16246264196055
0.0332337118947998
0.0964734010759115
0.0786013150029886
0.115720263000598
0.0882247459653317
0.126718469814704
0.0589248356246265
0.176210400478183
0.0208607292289301
0.0222355050806934
0.0964734010759115
0.011237298266587
0.038732815301853
0.0490436341900777
0.0937238493723849
0.198206814106396
0.0645098625224148
0.0579796772265391
0.02498505678422
0.156963538553497
0.0421697549312612
0.107471607890018
0.0909742976688584
0.000239091452480579
0.262821279139271
0.0332337118947998
0.0547360654512851
1.64997011356844
0.162978182904961
0.123281530185296
0.0277346084877466
0.0442319187089062
0.0744769874476987
0.0208607292289301
0.114345487148835
0.0767109982068142
0.00848774656306037
0.0740473699940229
0.189958158995816
0.836102809324567
0.0607292289300656
0.0222355050806934
0.011237298266587
0.011237298266587
0.052480573819486
0.0560893604303647
0.0552301255230126
0.066228332337119
1.0148236700538
0.0332337118947998
0.115720263000598
0.220203227734608
0.0937238493723849
0.00573819485953378
0.0772265391512253
0.0414823670053796
0.0765391512253437
0.288942020322773
0.165212193664077
0.0469814704124328
0.038732815301853
0.104722056186491
0.0263598326359833
0.0579796772265391
0.132217573221757
0.200956365809922
0.0139868499701136
0.0744769874476987
0.0442319187089062
0.0992229527794381
0.052480573819486
0.125343693962941
0.0387328153018529
0.0332337118947998
0.137716676628811
0.665372833233712
0.123968918111178
0.0765391512253437
0.0638224745965333
0.02498505678422
0.0222355050806934
0.112970711297071
0.038732815301853
0.178959952181709
0.115720263000598
0.0332337118947998
0.011237298266587
0.200956365809922
0.0139868499701136
0.0717274357441721
0.129468021518231
0.173460848774656
0.107471607890018
0.0827256425582786
0.101285116557083
2.45558876270173
0.0600418410041841
0.215047818290496
0.0705245068738794
0.15421398684997
0.00298864315600717
0.0332337118947998
0.0414823670053796
0.070008965929468
0.0139868499701136
0.129468021518231
0.0538553496712492
0.583144052600119
0.0607292289300657
0.286192468619247
0.085475194261805
0.0717274357441721
0.0414823670053796
0.125085923490735
0.0964734010759115
0.0414823670053796
0.052480573819486
0.151464435146443
0.0882247459653317
0.0359832635983264
0.0772265391512253
0.305439330543933
0.101972504482965
0.0222355050806934
0.14596533173939
0.0882247459653317
0.126718469814704
0.011237298266587
0.132217573221757
0.0332337118947998
0.110221159593545
0.0607292289300657
0.0373580394500897
0.192707710699342
0.02498505678422
0.335684399282726
0.0194859533771668
0.15421398684997
0.0786013150029886
0.225702331141662
0.176210400478183
0.0469814704124328
0.0868499701135684
0.0610729228930066
0.0744769874476987
0.0277346084877466
0.305439330543933
0.239450089659295
0.0689778840406455
0.178959952181709
0.0731022115959354
0.143215780035864
0.123968918111178
0.547399880454274
0.0827256425582789
0.0854751942618051
0.277943813508667
0.112970711297071
0.599641362821279
0.038732815301853
0.066228332337119
0.159713090257023
0.0552301255230126
0.416667289300657
0.121219366407651
0.0882247459653317
0.0937238493723849
0.00573819485953378
0.115720263000598
0.0579796772265391
0.0332337118947998
0.0909742976688584
0.0978481769276748
0.0607292289300657
0.0277346084877466
0.0332337118947998
0.00298864315600717
0.266945606694561
0.111939629408249
0.206455469216976
0.0813508667065153
0.0717274357441721
0.066228332337119
0.0414823670053796
0.29994022713688
0.0194859533771668
0.948834429169155
0.0744769874476987
0.118469814704124
0.089599521817095
0.02498505678422
0.0469814704124328
0.0552301255230126
0.15008965929468
0.214704124327555
0.0167364016736402
0.106096832038255
0.0552301255230125
0.198206814106396
0.00848774656306037
0.118469814704124
0.0882247459653317
0.036670651524208
0.110221159593544
0.30818888224746
0.066228332337119
0.0373580394500897
0.038732815301853
0.178959952181709
0.16246264196055
0.0744769874476987
0.0978481769276748
0.254572624028691
0.0607292289300657
0.121219366407651
0.0497310221159594
0.0222355050806934
0.189958158995816
0.0889121338912132
0.0456066945606695
0.066228332337119
0.189958158995816
0.0731022115959354
0.112970711297071
0.161087866108787
0.161087866108786
0.0847878063359233
0.107815301852958
0.247698744769874
0.0772265391512253
0.0689778840406455
0.143215780035864
0.0469814704124329
0.118469814704124
0.134967124925284
0.0827256425582785
0.0964734010759115
0.038732815301853
0.00573819485953378
4.3747758517633
0.104893903167962
0.0359832635983264
0.0359832635983264
0.143215780035864
0.0552301255230126
0.211481993424985
0.0469814704124328
0.0284219964136282
0.0153616258218769
0.0552301255230126
0.142872086072924
0.00848774656306037
0.0167364016736402
0.0895995218170952
0.159713090257024
0.0407949790794979
0.137716676628811
0.327435744172146
0.0854751942618051
0.0721570531978483
0.0222355050806934
0.816855947399881
0.239450089659295
0.0414823670053796
0.0469814704124328
0.066228332337119
0.0579796772265391
0.294441123729827
0.0442319187089062
0.0786013150029885
0.0689778840406455
0.354931261207412
0.165212193664077
0.0483562462641961
0.0194859533771668
0.0769687686790197
0.0414823670053796
0.104722056186491
0.0251569037656904
0.02498505678422
0.0167364016736402
0.0304841601912732
0.110221159593545
0.148714883442917
0.00298864315600717
0.143215780035864
0.0923490735206214
0.0964734010759115
0.038732815301853
0.0579796772265391
0.0277346084877466
0.0237821279139271
0.123968918111178
0.0222355050806934
1.05881649731022
0.0648535564853556
0.133592349073521
0.000239091452480579
0.118469814704124
0.0139868499701136
0.360430364614465
0.00298864315600717
0.0524805738194859
0.0689778840406455
0.0332337118947998
0.0359832635983264
0.0469814704124328
0.052480573819486
0.0799760908547519
0.0759376867901974
0.0744769874476987
0.0964734010759115
0.0689778840406455
1.05331739390317
0.0332337118947998
0.0476688583383145
0.13359234907352
0.0486999402271368
0.0689778840406455
0.0579796772265391
0.2580095636581
0.132217573221757
0.0964734010759115
0.0552301255230126
0.0676031081888822
0.332934847579199
0.16246264196055
0.0678179169157202
0.561147638971909
0.0469814704124328
0.052480573819486
0.038732815301853
0.0882247459653317
0.0222355050806934
0.118469814704124
0.0194859533771668
0.101972504482965
0.0717274357441724
0.02498505678422
0.0744769874476987
0.0469814704124328
0.156963538553497
0.0167364016736402
0.123968918111177
0.0964734010759115
0.0332337118947998
0.0566049013747759
0.138404064554693
0.0387328153018529
0.335684399282726
0.02498505678422
0.0452630005977286
0.0222355050806934
0.165727734608488
0.163837417812314
0.132217573221757
0.0987074118350269
0.101972504482965
0.0497310221159594
0.0933801554094444
0.118469814704124
0.123968918111178
0.0481843992827256
0.247698744769874
0.169336521219367
0.0634787806335923
0.185951976240287
0.0950986252241482
0.381052002390914
0.132217573221757
0.0610729228930066
0.0772265391512253
0.0614166168559473
4.57274357441721
0.066228332337119
0.0552301255230126
0.000239091452480579
0.00298864315600717
0.066228332337119
0.0744769874476987
0.0882247459653317
0.011237298266587
0.132217573221757
0.0799760908547519
0.02498505678422
0.0607292289300657
0.121219366407651
0.129468021518231
0.0579796772265391
0.0717274357441721
0.123968918111178
0.0772265391512253
0.0772265391512253
0.0827256425582785
0.0964734010759113
0.144246861924686
0.137716676628811
0.0545427375971309
0.689001793185893
0.0988792588164974
0.114345487148834
1.15127017334131
0.0332337118947998
0.00848774656306037
1.20849521817095
0.0631350866706515
0.0222355050806934
0.349432157800359
0.0882247459653317
0.0194859533771668
0.00298864315600717
0.151464435146444
0.0304841601912732
0.126718469814704
0.255947399880454
0.0401075911536162
0.0944112372982666
0.0882247459653317
0.0167364016736402
0.100597728631201
0.0854751942618051
0.0476688583383144
0.121219366407651
0.0648535564853557
0.196832038254632
0.0648535564853556
0.066228332337119
0.28344291691572
0.0772265391512253
0.0607292289300657
0.0552301255230126
0.123968918111178
0.0992229527794381
0.115720263000598
0.129468021518231
1.05331739390317
0.107471607890018
0.109533771667663
0.0442319187089062
0.0834130304841601
0.0332337118947998
0.00900328750747163
0.0380454273759713
0.147340107591154
0.00298864315600717
0.0139868499701136
0.0524805738194861
0.130842797369994
0.137716676628811
0.16246264196055
0.159713090257023
0.140466228332337
0.189958158995816
0.0414823670053796
0.0394202032277347
0.0194859533771668
0.052480573819486
0.0194859533771668
0.0332337118947998
0.0277346084877466
0.102659892408846
0.00298864315600717
0.0579796772265391
0.0511057979677226
0.250448296473401
0.101285116557083
0.0818664076509266
0.236700537955768
0.0992229527794381
0.00848774656306037
0.187208607292289
0.0373580394500896
0.076281380753138
0.107471607890018
0.14596533173939
0.261446503287507
0.118469814704124
0.143215780035864
0.118469814704124
0.71237298266587
0.0717274357441721
0.011237298266587
0.0194859533771668
0.0373580394500897
0.0442319187089062
0.0662283323371189
0.0634787806335923
0.140466228332337
0.0359832635983264
0.0717274357441721
0.14596533173939
0.132217573221757
0.254572624028691
0.00298864315600717
0.13771667662881
0.133592349073521
0.143215780035864
0.0696652719665272
0.0242117453676031
0.0497310221159594
0.346682606096832
0.15421398684997
0.0964734010759116
0.195457262402869
0.176210400478183
0.17071129707113
0.187208607292289
0.123968918111178
0.0304841601912731
0.110521891811118
0.011237298266587
0.0435445307830245
0.0359832635983264
0.0744769874476987
0.0992229527794381
0.0469814704124328
0.386551105797968
0.097633368200837
0.0827256425582786
0.0827256425582785
0.0304841601912732
0.198206814106396
0.313687985654513
0.134967124925284
0.118469814704124
0.15833831440526
0.0909742976688584
0.0497310221159594
0.107127913927077
0.0827256425582785
0.0194859533771668
0.0703526598924088
0.0814367901972502
0.0538553496712492
0.129468021518231
0.390675433353258
0.02498505678422
0.108846383741781
0.239450089659295
0.110221159593545
0.126718469814704
0.199581589958159
0.0937238493723849
0.0834130304841602
0.0304841601912732
0.121219366407651
0.0318589360430364
0.0772265391512253
0.0882247459653317
0.214704124327555
0.0359832635983264
0.00298864315600717
0.17071129707113
0.060170726240287
0.101628810520024
0.134967124925284
0.398924088463837
0.0579796772265391
0.0820382546323968
0.143215780035864
0.0689778840406455
0.00848774656306037
0.156963538553497
0.0868499701135684
0.117095038852361
0.117095038852361
0.104722056186491
0.0579796772265391
0.0772265391512253
0.217453676031082
0.145965331739391
0.00848774656306037
0.0964734010759115
0.0882247459653317
0.209205020920502
0.0950986252241482
0.0579796772265391
0.00986252241482369
0.0456066945606695
1.2732815301853
0.052480573819486
0.209205020920502
0.0731022115959354
0.0979770621637781
0.0414823670053796
0.0827256425582785
0.132217573221757
0.117095038852361
0.126718469814704
0.184459055588763
0.0950986252241485
0.066228332337119
0.190645546921698
0.0923490735206219
0.0744769874476987
0.0744769874476987
0.16658696951584
0.129468021518231
0.236700537955768
0.0194859533771668
0.0521368798565452
0.0359832635983264
0.0634787806335923
0.186521219366408
0.176210400478183
0.192707710699342
0.148714883442917
0.0263598326359833
0.0744769874476987
0.038732815301853
0.209205020920502
0.0827256425582785
0.0799760908547519
0.0442319187089062
0.0469814704124328
0.140466228332337
0.123968918111178
0.112970711297071
0.0497310221159593
0.173460848774657
0.00573819485953378
0.0277346084877466
0.0442319187089061
0.14596533173939
0.228451882845188
0.0497310221159595
0.0236102809324567
0.0665720263000597
0.011237298266587
0.0469814704124328
0.0882247459653317
0.110049312612074
0.0442319187089062
0.0456066945606695
0.187208607292289
0.335684399282726
0.151464435146444
0.107471607890018
0.242199641362821
0.0937238493723849
0.0882247459653317
0.0703526598924087
0.0535116557083084
0.187208607292289
0.0442319187089062
0.02498505678422
0.321936640765093
0.0359832635983264
0.277943813508667
0.0827256425582786
0.0918335325762102
0.0689778840406455
0.0827256425582788
0.0607292289300657
0.066228332337119
0.118469814704124
0.110221159593545
1.68846383741781
0.066228332337119
0.00848774656306037
0.00848774656306037
0.0909742976688584
0.0827256425582785
0.0497310221159594
0.110221159593545
0.121219366407651
0.0442319187089061
0.217453676031082
0.066228332337119
0.106096832038255
0.148714883442917
0.231201434548715
0.0139868499701136
0.042857142857143
0.137716676628811
0.129468021518231
0.247698744769874
0.0868499701135685
0.30818888224746
0.0194859533771668
0.0139868499701136
0.011237298266587
0.132217573221757
0.0689778840406458
0.178959952181709
0.110221159593545
0.0126120741183503
0.0497310221159594
0.0469814704124328
0.134967124925284
0.115720263000598
0.00848774656306037
0.159713090257023
0.180334728033473
0.0964734010759115
0.038732815301853
0.217453676031082
0.0799760908547519
0.0442319187089062
0.192707710699343
0.0332337118947998
0.107471607890018
0.0442319187089061
0.0167364016736402
0.123968918111177
0.239450089659295
0.0744769874476987
0.110221159593545
0.200956365809922
0.206455469216976
0.066228332337119
0.0607292289300657
0.112970711297071
0.0126120741183503
0.176210400478183
0.134967124925284
0.0304841601912732
0.00573819485953378
0.121391213389121
0.16246264196055
0.0827256425582785
0.0964734010759115
0.0194859533771668
0.0222355050806934
0.0854751942618054
0.126718469814704
0.442916915720263
0.0456066945606694
0.108846383741781
0.0799760908547519
0.129468021518231
0.118469814704124
0.0304841601912732
0.222952779438135
0.0638224745965332
0.0882247459653316
0.0428571428571428
0.183084279736999
0.0634787806335923
0.0676031081888824
0.128608786610879
0.110221159593545
0.462163777644949
0.123968918111178
0.0359832635983264
0.0676031081888825
2.21912731619845
0.134967124925284
0.167961745367603
0.0621040047818293
0.0222355050806934
0.104722056186491
0.0428571428571429
0.104722056186491
1.61972504482965
0.011237298266587
0.00848774656306037
0.0827256425582785
0.038732815301853
0.00848774656306037
0.038732815301853
0.0194859533771668
0.409922295277944
1.24578601315003
0.0689778840406455
0.0777420800956365
0.0318589360430364
0.0916616855947402
0.0469814704124328
0.0194859533771668
0.0786013150029887
0.0139868499701136
0.129468021518231
0.181709503885236
0.0799760908547519
0.0944112372982668
0.011237298266587
0.0992229527794381
0.253197848176928
0.052480573819486
0.0579796772265392
0.0937238493723848
0.172086072922893
0.0775702331141663
0.0442319187089062
0.600328750747163
0.110221159593545
0.211954572624029
0.0744769874476987
0.112970711297071
0.143215780035864
0.143903167961745
0.0772265391512256
0.0634787806335923
0.0992229527794381
0.115720263000598
0.0672594142259414
0.107471607890018
0.14596533173939
1.01929169157203
0.0579796772265392
0.0538983114166169
0.140466228332337
0.0222355050806934
0.277943813508667
0.0964734010759115
0.118469814704124
0.0414823670053796
0.0689778840406455
0.0222355050806934
0.0579796772265391
0.00298864315600717
0.706186491332934
0.151464435146444
0.137716676628811
0.0126120741183503
0.0964734010759115
0.00848774656306037
0.156963538553497
0.038732815301853
0.0634787806335925
0.038732815301853
0.0579796772265391
0.0854751942618051
0.641486102809324
0.0708682008368203
0.0359832635983264
0.132217573221757
0.0827256425582785
0.165212193664077
0.0964734010759115
0.0937238493723849
0.00848774656306037
0.0414823670053796
0.112970711297071
0.0359832635983264
0.228451882845188
0.0676031081888823
0.137716676628811
0.0139868499701136
0.0957860131500302
0.068290496114764
0.062104004781829
0.187208607292289
0.121219366407651
0.0617603108188882
0.137716676628811
0.0277346084877466
0.0688060370591752
0.0414823670053796
0.0579796772265391
0.148714883442917
0.0744769874476987
0.0359832635983264
0.097633368200837
0.0442319187089062
0.108158995815899
0.110221159593545
0.0772265391512253
0.0201733413030485
0.0332337118947998
0.275194261805141
0.0524805738194859
0.0304841601912732
0.0469814704124328
0.0744769874476987
0.0332337118947998
0.0538553496712492
0.187208607292289
0.327435744172146
0.0277346084877466
0.134967124925284
0.0854751942618051
0.151464435146444
0.0497310221159594
0.0937238493723849
0.121563060370592
0.104722056186491
0.0799760908547519
0.0634787806335923
0.129468021518231
0.107471607890018
0.02498505678422
0.0827256425582785
0.0277346084877466
0.00573819485953378
0.08968544530783
0.0167364016736402
0.0882247459653317
0.0799760908547519
0.0359832635983264
0.0772265391512253
1.11930663478781
0.0469814704124328
0.117095038852361
0.038732815301853
0.0304841601912732
0.0236102809324567
0.0689778840406455
0.0552301255230126
0.0139868499701136
0.0607292289300657
0.107471607890018
0.0497310221159594
0.0222355050806934
0.0978481769276747
0.275194261805141
0.00573819485953378
0.02498505678422
0.198206814106396
0.0799760908547519
0.00298864315600717
0.16658696951584
0.17071129707113
0.127405857740586
0.226905260011955
0.144590555887627
0.16658696951584
0.0724148236700538
0.0765391512253436
0.0414823670053796
0.00848774656306037
0.103347280334728
0.169336521219367
0.129468021518231
0.0442319187089062
0.02498505678422
0.17071129707113
0.0909742976688584
0.00298864315600717
0.00573819485953378
0.0167364016736402
0.0222355050806934
0.148714883442917
0.0717274357441721
0.0978481769276749
0.0552301255230126
0.088224745965332
0.0607292289300657
0.0442319187089062
0.134967124925284
0.123968918111178
0.131873879258817
0.117095038852361
0.121219366407651
0.192707710699342
0.085475194261805
0.156963538553497
0.481410639569635
0.0964734010759117
0.044575612671847
0.052480573819486
0.151464435146444
0.139091452480574
0.0772265391512253
0.167961745367603
0.187208607292289
0.0139868499701136
0.0613306933652122
0.126718469814704
6.28296473401076
0.00573819485953378
0.103347280334728
0.151464435146444
0.0634787806335923
0.115720263000598
0.0222355050806934
0.112970711297071
0.517154811715481
0.0999103407053197
0.148714883442917
0.0859907352062161
0.0511057979677226
0.109533771667663
0.0909742976688584
0.227077106993425
0.0662283323371189
0.103003586371787
0.233950986252241
0.108846383741781
0.0882247459653317
0.15421398684997
0.0414823670053796
0.0366706515242081
0.0401075911536162
0.115720263000598
0.0799760908547519
1.04395173341303
0.101972504482965
0.0882247459653317
0.195457262402869
0.0799760908547519
0.14596533173939
0.0841004184100418
0.0937238493723849
0.141841004184101
0.0332337118947998
0.198206814106396
0.103519127316198
0.0579796772265391
0.0607292289300657
0.112970711297071
0.052480573819486
0.15421398684997
0.0442319187089062
0.209205020920502
0.052480573819486
0.052480573819486
0.123968918111177
0.0304841601912732
0.0607292289300657
0.0882247459653317
0.0717274357441721
0.115720263000598
0.231201434548715
0.143215780035864
0.316437537358039
0.077913927077107
0.038732815301853
0.119844590555888
0.244949193066348
0.101972504482965
0.0654335400478183
0.0909742976688584
0.0703526598924087
0.0744769874476987
0.123968918111178
6.42319187089061
0.0318589360430365
0.294097429766886
0.0981918708906156
0.0359832635983264
0.112970711297071
0.038732815301853
0.0304841601912732
0.011237298266587
0.0579796772265391
0.035585867453676
0.0978481769276747
0.0827256425582785
0.0621040047818291
0.0556597429766887
0.220203227734608
0.0517072624028692
0.0447474596533173
0.0992229527794381
0.176210400478183
0.0511057979677226
0.038732815301853
0.0194859533771668
0.113658099222953
0.107643454871488
0.127234010759116
0.203705917513449
0.0359832635983264
0.178959952181709
0.110221159593545
0.107471607890018
0.343933054393305
0.16246264196055
0.0607292289300657
0.164524805738195
0.146824566646742
0.0139868499701136
0.0442319187089062
0.0552301255230126
0.00848774656306037
0.0414823670053796
0.137716676628811
0.156963538553496
0.0634787806335924
0.0718992827256426
0.02498505678422
0.192707710699342
0.0744769874476987
0.0758517632994619
0.0373580394500896
0.177585176329946
0.0194859533771668
0.0222355050806934
0.108846383741781
0.0751643753735803
0.140466228332337
0.130842797369994
0.0689778840406455
0.129468021518231
0.363179916317992
0.0674312612074117
0.128780633592349
0.107471607890018
0.0985355648535564
0.232576210400478
0.0167364016736402
0.00298864315600717
0.0744769874476987
0.470412432755529
0.364554692169755
0.214704124327555
0.134967124925284
0.15421398684997
0.0985355648535567
0.0449193066347878
0.0634787806335923
0.239450089659295
0.0489362298266588
0.115720263000598
0.17071129707113
0.0222355050806934
0.0277346084877466
0.0744769874476987
0.0634787806335923
0.0552301255230126
0.14596533173939
0.066228332337119
0.118469814704124
0.0882247459653317
0.0359832635983264
0.143215780035864
0.192707710699342
0.0552301255230126
0.0486999402271368
0.159713090257023
0.0676031081888823
0.0414823670053796
0.0359832635983264
0.0717274357441721
0.148714883442917
0.0696652719665272
0.497907949790795
0.0634787806335923
0.0689778840406455
0.0442319187089062
0.337059175134489
0.0469814704124328
0.0414823670053796
0.000239091452480579
0.00573819485953378
0.0414823670053796
0.111767782426778
0.0442319187089062
0.0937238493723849
0.075851763299462
0.181709503885236
0.0834130304841602
0.594142259414228
0.167961745367603
0.133592349073521
0.0139868499701136
0.153011057979677
0.0689778840406455
0.112970711297071
0.104722056186491
0.360430364614465
0.0634787806335923
0.011237298266587
0.110221159593545
0.0744769874476987
0.038732815301853
0.0992229527794381
0.167961745367603
0.0741332934847579
0.0552301255230126
0.044919306634788
0.101972504482965
0.0194859533771668
0.313687985654513
0.038732815301853
0.0682045726240285
0.00573819485953378
0.130842797369994
0.066228332337119
0.0139868499701136
0.0859907352062161
0.0607292289300657
0.0497310221159594
0.0957860131500299
0.0600418410041841
0.052480573819486
0.0882247459653317
0.14596533173939
0.0497310221159594
0.151464435146444
0.156963538553497
0.0497310221159594
0.0909742976688584
0.15387029288703
0.0634787806335923
0.0428571428571429
0.198206814106396
0.00573819485953378
0.147340107591154
0.0359832635983264
0.114345487148834
0.0497310221159594
0.066228332337119
0.0497310221159594
0.02498505678422
0.0462940824865511
0.0634787806335923
0.148714883442917
0.00298864315600717
0.0950986252241485
0.0621040047818291
0.0841004184100418
0.258696951583981
0.0448333831440526
0.0442319187089062
0.101972504482965
0.0394202032277346
0.220203227734608
0.209205020920502
0.0854751942618051
0.0469814704124328
0.00573819485953378
0.0744769874476987
0.222952779438135
0.0222355050806934
0.0469814704124328
0.137716676628811
0.100597728631202
0.137716676628811
0.233263598326361
0.0992229527794383
0.141841004184101
0.167961745367603
0.29994022713688
0.124616029400777
0.0428571428571429
0.0414823670053796
0.0194859533771668
0.0882247459653317
0.126718469814704
0.151464435146444
0.0744769874476987
0.137716676628811
0.145879408248655
0.15421398684997
0.184459055588763
0.151464435146444
0.107471607890018
0.863598326359833
0.0909742976688586
0.118469814704124
0.0126120741183503
0.0731022115959357
0.0772265391512253
0.0194859533771668
0.252510460251046
0.0552301255230126
0.038732815301853
0.0686341900777047
0.16246264196055
0.156963538553497
0.0318589360430365
0.0992229527794381
0.02498505678422
0.0291093843395098
0.0332337118947998
0.143215780035864
0.0686341900777047
0.0572922893006575
0.0277346084877466
0.173460848774656
0.167961745367603
0.44566646742379
0.0304841601912732
0.0139868499701136
0.104722056186491
0.126374775851764
0.0291093843395099
0.144246861924686
0.0277346084877466
0.101972504482965
0.0552301255230126
0.104722056186491
0.301315002988643
0.211954572624029
0.0827256425582785
0.0964734010759115
0.0490436341900777
0.0782576210400479
0.0772265391512253
0.0497310221159594
0.0703526598924088
0.0579796772265391
0.0772265391512258
0.0964734010759115
0.0194859533771668
0.0497310221159594
0.0139868499701136
0.11370106096832
0.0909742976688584
0.101972504482965
0.0552301255230126
0.0992229527794381
0.100597728631201
0.198206814106396
0.143215780035864
0.0792887029288703
0.112970711297071
0.0763673042438733
0.0854751942618051
0.052480573819486
0.181709503885236
0.011237298266587
0.0634787806335923
0.0359832635983264
0.0291093843395099
0.0909742976688584
0.165212193664077
0.0514494919306635
0.0139868499701136
0.156276150627615
0.0596981470412433
0.0360691870890615
0.106096832038255
0.0194859533771668
0.0208607292289301
0.0937238493723849
0.225702331141662
0.151464435146444
0.052136879856545
0.12482815301853
0.165212193664077
0.0552301255230126
0.0992229527794381
0.066228332337119
0.140809922295278
0.148714883442917
0.0717274357441721
0.0359832635983264
0.655663478780634
0.112970711297071
0.0607292289300657
0.110221159593545
0.0799760908547519
0.0689778840406455
0.0751643753735804
0.052480573819486
0.106096832038255
0.0277346084877466
0.052480573819486
0.0634787806335923
0.0772265391512253
0.173460848774656
0.0909742976688584
0.143215780035864
0.110221159593545
0.0359832635983264
0.231201434548715
0.0909742976688584
0.00848774656306037
0.0167364016736402
0.0833271069934249
0.0497310221159594
0.107471607890018
0.156963538553497
0.0579796772265391
0.00573819485953378
0.00298864315600717
0.0949267782426781
0.0806634787806336
0.052480573819486
0.00848774656306037
0.16246264196055
0.109533771667663
0.0167364016736402
0.0263598326359833
0.0736177525403467
0.15421398684997
0.0937238493723849
0.02498505678422
0.0497310221159593
0.126718469814704
0.112970711297071
0.066228332337119
0.0469814704124328
0.00573819485953378
0.14596533173939
0.0882247459653317
0.0222355050806934
0.0194859533771668
0.0167364016736402
0.0359832635983264
0.250448296473401
0.00573819485953378
0.067926663833682
0.000239091452480579
0.0194859533771668
0.00573819485953378
0.0442319187089062
0.0607292289300657
0.192707710699342
0.0557027047220561
0.0194859533771668
0.123968918111178
0.0861625821876872
0.0868499701135684
0.00573819485953378
0.0882247459653317
0.324686192468619
0.0854751942618053
0.187208607292289
0.0772265391512253
0.0332337118947998
0.130842797369994
0.112970711297071
0.0531679617453676
0.0744769874476987
0.0277346084877466
0.02498505678422
0.583144052600119
0.176210400478183
0.0414823670053796
0.167961745367603
0.0882247459653317
0.0469814704124328
0.137716676628811
0.253197848176928
0.0799760908547519
0.0964734010759115
0.0579796772265391
0.00573819485953378
0.0359832635983264
0.134967124925284
0.0389905857740586
0.0304841601912732
0.17071129707113
0.110221159593545
0.0723289001793188
0.038732815301853
0.0380454273759714
0.0799760908547519
0.011237298266587
0.00298864315600717
0.115720263000598
0.101285116557083
0.123968918111178
0.210579796772265
0.052480573819486
0.048356246264196
0.0483562462641961
0.108846383741781
0.174148236700538
0.118469814704124
0.038732815301853
0.0909742976688584
0.0772265391512253
0.0634787806335923
0.0882247459653317
0.125343693962941
0.118469814704124
0.0579796772265391
0.132904961147639
0.057979677226539
0.114689181111775
0.0139868499701136
0.129468021518231
0.0992229527794381
0.0717274357441721
0.126718469814704
0.0469814704124328
0.185833831440526
0.0332337118947998
0.16246264196055
0.111595935445308
0.0772265391512253
0.000239091452480579
0.0744769874476987
0.118469814704124
0.122594142259414
0.071727435744172
0.0634787806335923
0.052480573819486
0.0497310221159594
0.0621040047818292
0.100254034668261
0.0277346084877466
0.0799760908547519
0.497907949790795
0.0655409444112373
0.0593544530783024
0.0689778840406455
0.200956365809922
3.93759713090257
0.0497310221159594
1.0670651524208
0.173460848774656
0.0937238493723849
0.228451882845188
0.066228332337119
0.0997599745965334
0.159713090257023
0.379677226539151
0.195457262402869
0.0634787806335923
0.0414823670053796
0.101972504482965
0.15421398684997
0.0497310221159594
0.048356246264196
0.136341900777047
0.0765391512253439
0.0456066945606695
0.0304841601912732
0.0167364016736402
0.0359832635983264
0.115720263000598
0.192707710699342
0.117669652196652
0.0421697549312613
0.0607292289300657
0.0689778840406455
0.14596533173939
0.0744769874476987
0.0332337118947998
0.17895995218171
0.00848774656306037
0.0799760908547519
0.175866706515242
0.0332337118947998
0.0139868499701136
0.0167364016736402
0.0689778840406455
0.247698744769874
0.132217573221757
0.0538553496712492
0.0359832635983264
0.11640765092648
0.0964734010759115
0.189958158995816
0.112970711297071
0.02498505678422
0.156963538553497
0.066228332337119
0.12087567244471
0.0744769874476987
0.000239091452480579
0.155588762701733
0.0181111775254035
0.0497310221159594
0.101972504482965
0.0459503885236102
0.0194859533771668
0.066228332337119
0.231201434548715
0.0500747160789002
0.110221159593545
0.189958158995816
0.132217573221757
0.123968918111178
0.110221159593545
0.16246264196055
0.0827256425582788
0.0359832635983264
0.0634787806335923
0.135138971906754
0.0731022115959355
0.148714883442917
0.164524805738195
0.198206814106396
0.0545427375971309
0.112970711297071
0.0469814704124328
0.159713090257023
0.052480573819486
0.137716676628811
0.02498505678422
0.0909742976688584
0.214704124327555
0.103347280334728
0.0277346084877466
0.16246264196055
0.052480573819486
0.0717274357441721
0.228451882845188
0.0497310221159594
0.0194859533771668
0.0483562462641961
0.10403466826061
0.052480573819486
0.106096832038255
0.0469814704124328
0.011237298266587
0.0194859533771668
0.126718469814704
0.0304841601912732
0.198206814106396
0.110221159593545
0.0579796772265391
0.0277346084877466
0.148714883442917
0.39187836222355
0.0854751942618051
0.636760310818889
0.0918335325762105
0.0583233711894799
0.0593544530783023
0.0167364016736402
0.0937238493723849
0.0799760908547519
0.0799760908547518
0.112970711297071
0.0813508667065153
0.187208607292289
0.0717274357441721
0.0277346084877466
0.114345487148834
0.761864913329348
0.038732815301853
0.255947399880454
0.0662283323371191
0.0552301255230126
0.123968918111178
0.066228332337119
0.248815750149432
0.0744769874476987
0.174835624626419
0.0923490735206218
0.16246264196055
0.0552301255230126
0.0579796772265391
0.128823595337717
0.123968918111178
0.011237298266587
0.00298864315600717
0.0799760908547519
0.0414823670053796
0.525403466826061
0.0442319187089062
0.038732815301853
0.116063956963538
0.0827256425582785
0.00298864315600717
0.052480573819486
0.038732815301853
0.0359832635983264
0.0469814704124328
0.052480573819486
0.151464435146444
0.00848774656306037
0.0469814704124328
0.0194859533771668
0.0799760908547519
0.0497310221159594
0.767364016736402
0.195457262402869
0.0194859533771668
0.130842797369994
0.210579796772265
0.16246264196055
0.0854751942618051
0.159713090257023
0.151464435146444
0.132217573221757
0.0607292289300656
0.115720263000598
0.00573819485953378
0.159713090257023
0.0634787806335924
0.17071129707113
0.127405857740586
0.0332337118947998
0.0428571428571429
0.052480573819486
0.107127913927077
0.0799760908547519
0.0767969216975495
0.222265391512253
0.0492154811715482
0.00573819485953378
0.107471607890018
0.011237298266587
0.140466228332337
0.0222355050806934
0.0833271069934249
0.0277346084877466
0.052480573819486
0.16246264196055
0.0517931858936043
0.118469814704124
0.118469814704124
0.107815301852959
0.356306037059175
0.118469814704124
0.0772265391512253
0.000239091452480579
0.143215780035864
0.0373580394500896
0.0895995218170949
0.038732815301853
0.0139868499701136
0.0222355050806934
0.0882247459653317
0.242199641362821
0.0579796772265391
0.126718469814704
0.0167364016736402
0.13771667662881
0.0359832635983264
0.0552301255230126
0.0167364016736402
0.0992229527794381
0.0469814704124328
0.0222355050806934
0.242199641362821
0.0332337118947998
0.0414823670053796
0.00298864315600717
0.00573819485953378
0.0596981470412433
0.302689778840406
0.0469814704124328
0.104722056186491
0.0882247459653317
0.184459055588763
0.081179019725045
0.0689778840406455
0.0387328153018529
0.00298864315600717
0.052480573819486
0.0359832635983264
0.0854751942618051
0.187208607292289
0.111595935445308
0.0363269575612672
0.052480573819486
0.099222952779438
0.115720263000598
0.0782576210400479
0.151464435146444
0.011237298266587
0.107471607890018
0.0579796772265392
0.0710400478182903
0.0607292289300657
0.0194859533771668
0.0497310221159594
0.108846383741781
0.107471607890018
0.0744769874476987
0.079632396891811
0.176210400478183
1.01207411835027
0.15421398684997
0.0827256425582787
0.052480573819486
0.00848774656306037
0.00573819485953378
0.000239091452480579
0.167961745367603
0.385176329946204
0.0621040047818289
0.0593544530783024
0.02498505678422
2.33048416019127
0.122594142259414
0.180334728033473
0.0304841601912732
0.104722056186491
0.121219366407651
0.0772265391512253
1.00382546323969
0.112970711297071
0.038732815301853
0.0194859533771668
0.225702331141662
0.0827256425582785
0.0744769874476987
0.196832038254632
0.0970533846383742
0.101972504482965
0.866004184100419
0.02498505678422
0.280693365212194
0.0772265391512253
0.206455469216975
0.159713090257023
0.13771667662881
0.101972504482965
0.173460848774656
0.077913927077107
0.0304841601912732
0.209205020920502
0.132217573221757
0.052480573819486
0.0634787806335923
0.0882247459653317
12.2742378959952
0.0375298864315601
0.0992229527794381
0.0992229527794381
0.0414823670053796
0.484160191273162
0.0277346084877466
0.0332337118947998
0.011237298266587
0.16246264196055
0.0827256425582785
0.288942020322773
0.011237298266587
0.0590107591153616
0.02498505678422
0.187208607292289
0.052480573819486
0.255947399880454
0.110221159593545
0.0263598326359833
0.132217573221757
0.000239091452480579
0.242199641362821
0.011237298266587
0.189958158995815
0.0689778840406455
0.0139868499701136
0.187208607292289
0.561147638971907
0.0799760908547522
0.104722056186491
0.137716676628811
0.129468021518231
0.052480573819486
0.164954423191871
0.0277346084877466
0.107471607890018
0.118469814704124
0.159713090257023
0.177241482367005
0.00848774656306037
0.100597728631202
0.104722056186491
0.189958158995816
0.101972504482965
0.0538553496712493
0.0497310221159594
0.129468021518231
0.0772265391512253
0.052480573819486
0.310938433950986
0.0634787806335923
0.0744769874476987
0.011237298266587
0.0514494919306635
0.0222355050806934
0.305439330543933
0.888344291691572
0.14596533173939
0.0772265391512253
0.150777047220562
0.00573819485953378
0.0909742976688584
0.0985355648535566
0.101972504482965
0.0746488344291691
0.0827256425582785
0.0253287507471608
0.187208607292289
0.119157202630006
0.0359832635983264
0.0414823670053796
0.0950986252241485
0.00848774656306037
0.0788698259115362
0.129468021518231
0.02498505678422
0.107471607890018
0.200956365809922
0.125128885236103
0.181709503885236
0.079976090854752
0.0493873281530187
0.0950986252241483
0.011237298266587
0.066228332337119
1.8011954572624
0.0167364016736402
0.229826658696951
0.110221159593545
0.231201434548715
0.123968918111178
0.0222355050806934
0.104722056186491
0.00573819485953378
0.0414823670053796
0.052480573819486
0.16246264196055
0.038732815301853
0.121219366407651
0.184459055588763
0.0761954572624026
0.0865062761506275
0.0552301255230126
0.0194859533771668
0.0277346084877466
0.0689778840406455
0.104722056186491
0.477286312014346
0.0933801554094441
0.0909742976688584
0.0552301255230126
0.0359832635983264
0.0882247459653317
0.0827256425582785
0.0999103407053197
0.02498505678422
0.011237298266587
0.346682606096832
0.0772265391512253
0.195457262402869
0.02498505678422
0.203705917513449
0.038732815301853
0.0469814704124328
0.0318589360430364
0.0139868499701136
0.0139868499701136
0.0277346084877466
0.102659892408847
0.101972504482965
0.112970711297071
0.339808726838015
0.236700537955768
0.233950986252241
0.0579796772265391
0.038732815301853
0.0579796772265391
0.161087866108786
0.0992229527794381
0.0359832635983264
0.0442319187089063
0.275194261805141
0.0607292289300658
0.0304841601912732
0.0139868499701136
0.00848774656306037
0.107471607890018
0.106096832038255
0.0359832635983264
0.159713090257023
0.0937238493723849
0.0799760908547519
0.128780633592349
0.200956365809922
0.000239091452480579
0.0744769874476988
0.101972504482965
0.231201434548715
0.0222355050806934
0.0731022115959357
0.140466228332337
