0.011237298266587
0.341183502689779
0.0442319187089062
0.0442319187089062
0.0359832635983264
4.14381350866706
0.181709503885236
0.126718469814704
0.188583383144053
0.341183502689779
0.451165570830843
0.16246264196055
0.165212193664077
0.185146443514644
0.02498505678422
0.038732815301853
0.0497310221159594
0.011237298266587
2.15451285116557
0.15421398684997
1.12205618649133
0.110221159593545
0.118469814704124
1.15436341900777
0.233950986252241
0.0882247459653317
0.16246264196055
0.0992229527794381
0.319187089061566
0.176210400478183
0.459414225941423
0.066228332337119
0.247698744769874
0.302689778840406
2.34010759115362
0.185146443514644
0.000239091452480579
0.118469814704124
3.41793185893604
0.0799760908547519
1.86168559473999
1.06156604901375
0.0222355050806934
0.0607292289300657
0.104722056186492
0.117438732815302
0.981829049611476
0.118469814704124
0.203705917513449
0.258696951583981
0.134967124925284
0.195457262402869
0.0359832635983264
0.140466228332337
0.0634787806335923
0.115720263000598
0.30818888224746
0.0607292289300657
0.0937238493723849
0.701374775851763
0.0552301255230126
0.716497310221159
0.126718469814704
1.23684997011357
0.0827256425582785
0.228451882845188
0.0579796772265391
0.0909742976688584
0.0877092050209206
0.277943813508667
0.101972504482965
0.17071129707113
0.189958158995816
0.0854751942618051
0.184459055588763
0.0497310221159594
0.143215780035864
0.00848774656306037
0.15421398684997
0.0827256425582785
0.106096832038255
0.101972504482965
0.17071129707113
0.0799760908547519
0.151292588164973
0.203705917513449
0.0442319187089062
0.123968918111178
0.959832635983265
0.0277346084877466
0.0992229527794381
0.217453676031082
0.0359832635983264
0.0799760908547519
0.137716676628811
0.066228332337119
1.14473998804543
0.132217573221757
0.0442319187089062
0.115720263000598
0.0992229527794381
0.0634787806335923
0.135310818888225
0.0607292289300657
0.107471607890018
0.0579796772265391
0.368679019725045
0.0634787806335923
0.382426778242678
0.283786610878661
0.495158398087268
0.0868499701135685
0.253197848176927
0.112970711297071
0.222952779438135
0.176210400478183
0.0744769874476987
0.0414823670053796
0.0139868499701136
0.0167364016736402
0.000239091452480579
0.302689778840406
0.0579796772265391
0.0607292289300657
0.167961745367603
0.156963538553497
0.184630902570233
0.648789599521818
0.319187089061566
0.156963538553497
2.39784817692767
0.00848774656306037
0.0194859533771668
0.107471607890018
0.0552301255230126
0.0139868499701136
0.203705917513449
0.0731022115959354
0.0222355050806934
0.052480573819486
0.189958158995816
0.0552301255230126
0.143215780035864
0.0882247459653317
0.196832038254632
0.413359234907352
0.258696951583981
2.31948595337716
0.151464435146444
0.0497310221159594
0.159713090257023
0.107471607890018
0.0827256425582789
0.626105797967724
0.184459055588763
0.101972504482965
0.181709503885236
0.0469814704124328
0.148714883442917
0.16246264196055
0.0277346084877466
2.64908846383742
0.357680812910938
0.137716676628811
0.121219366407651
0.181709503885236
0.112970711297071
0.156963538553497
0.121219366407651
0.101972504482965
0.0469814704124328
0.486909742976688
0.0194859533771668
0.0717274357441721
0.0153616258218769
0.126718469814704
0.228451882845188
0.0703526598924088
0.178959952181709
0.176210400478183
0.052480573819486
0.183084279736999
0.0689778840406455
0.011237298266587
0.156963538553497
0.00848774656306037
0.176210400478183
0.112970711297071
0.107471607890018
0.0332337118947998
0.103347280334728
0.0552301255230126
0.147340107591154
0.112970711297071
0.107471607890018
0.0552301255230126
0.198206814106396
0.17071129707113
0.00573819485953378
0.123968918111178
0.187208607292289
0.107471607890018
0.0607292289300657
0.16246264196055
0.0332337118947998
0.173460848774657
0.000239091452480579
0.101972504482965
0.0167364016736402
0.115720263000598
0.0854751942618051
0.184459055588763
0.0827256425582787
0.143903167961746
0.112970711297071
0.0139868499701136
0.0497310221159594
0.02498505678422
0.02498505678422
0.0964734010759115
1.49324566646742
0.660131500298864
0.198206814106396
0.000239091452480579
0.0332337118947998
0.418170950388524
0.930962343096235
0.195457262402869
0.0634787806335923
0.276654961147639
0.137716676628811
0.0689778840406455
1.10762104004782
0.187294530783024
0.0992229527794381
0.203705917513449
0.121219366407651
0.132217573221757
0.0923490735206218
0.0579796772265391
0.167961745367603
0.00848774656306037
0.297190675433353
0.387238493723849
0.132217573221757
0.183771667662881
0.0992229527794381
0.0359832635983264
0.643290496114765
0.214704124327555
0.519904363419008
0.000239091452480579
0.0909742976688584
0.15421398684997
0.221578003586371
0.228451882845188
0.809982068141062
0.143215780035864
0.16246264196055
0.176210400478183
0.0139868499701136
0.0552301255230126
0.16246264196055
0.011237298266587
0.965331739390317
0.0992229527794381
0.00298864315600717
0.0813508667065155
0.104722056186491
0.0277346084877466
0.038732815301853
0.165212193664077
0.115720263000598
0.02498505678422
0.187208607292289
0.118469814704125
0.110221159593545
0.0469814704124327
0.129468021518231
0.164524805738195
0.228451882845188
0.288942020322773
0.00848774656306037
0.011237298266587
0.0841004184100418
0.119844590555888
0.330185295875672
0.0552301255230126
0.222952779438135
0.368679019725045
0.104722056186491
0.02498505678422
0.115720263000598
0.242199641362822
0.192707710699342
0.231201434548715
0.195457262402869
0.02498505678422
0.0827256425582785
0.200956365809922
0.156963538553497
0.00573819485953378
0.189958158995816
0.011237298266587
0.0607292289300657
0.144590555887627
0.343933054393305
0.101972504482965
1.17154811715481
4.66072922893007
0.132217573221757
0.0854751942618051
0.0194859533771668
0.0827256425582785
0.0717274357441721
0.0882247459653317
0.189958158995816
0.0222355050806934
0.144590555887627
0.0799760908547519
0.269695158398087
0.0882247459653317
0.0937238493723849
0.167961745367603
0.17071129707113
0.0304841601912732
0.0593544530783025
0.247698744769874
0.0895995218170952
0.15421398684997
0.0552301255230126
1.30627615062762
0.0304841601912732
0.222952779438135
0.203705917513449
0.000239091452480579
0.250448296473401
0.0497310221159594
0.0552301255230126
0.181709503885236
0.0827256425582785
0.112970711297071
0.0909742976688584
0.147340107591154
0.660131500298864
0.350635086670652
0.0304841601912732
0.0139868499701136
0.15833831440526
0.0882247459653317
0.0607292289300657
0.0717274357441721
0.148714883442917
0.0937238493723849
0.118469814704124
0.244949193066348
0.0786013150029889
0.178959952181709
0.0304841601912732
0.0566049013747761
0.0304841601912732
0.118469814704124
0.528153018529588
0.107471607890018
0.011237298266587
0.0552301255230126
0.112970711297071
0.115720263000598
0.815824865511059
0.0689778840406455
0.649133293484758
0.50821876867902
0.29994022713688
0.0222355050806934
0.0703526598924087
0.195457262402869
0.112283323371189
0.313687985654513
0.103347280334728
0.200956365809922
0.233950986252241
0.115634339509862
0.0992229527794381
0.124054841601913
0.243574417214585
0.0552301255230126
0.0744769874476987
0.625418410041842
0.00573819485953378
0.0139868499701136
0.121219366407651
0.0277346084877466
0.0442319187089062
0.101972504482965
0.0634787806335923
0.192707710699342
0.200956365809922
0.00298864315600717
0.0428571428571429
0.134967124925284
0.599297668858338
0.0648535564853557
0.02498505678422
0.266945606694561
0.0923490735206217
0.129468021518231
0.143215780035864
0.00298864315600717
1.2581589958159
0.143215780035864
0.17895995218171
0.192707710699342
0.313687985654513
0.277943813508667
0.110221159593545
0.0572922893006575
0.0469814704124328
0.066228332337119
0.0820382546323969
0.16246264196055
0.00298864315600717
0.0634787806335923
0.0263598326359833
0.00573819485953378
0.0909742976688584
0.104722056186491
0.228451882845188
0.178959952181709
0.284473998804543
0.313687985654513
0.118469814704124
0.132217573221757
0.418170950388524
0.0717274357441721
0.147340107591154
0.0469814704124328
0.104722056186491
0.15833831440526
0.24134040645547
0.0909742976688584
0.0442319187089062
0.02498505678422
0.694157202630006
0.0937238493723849
0.0566049013747758
0.011237298266587
0.00573819485953378
0.00573819485953378
0.203705917513449
0.220203227734608
0.13771667662881
0.541900777047221
0.16246264196055
0.244949193066348
0.173460848774656
0.161087866108787
0.0222355050806934
0.143215780035864
0.139778840406455
0.0167364016736402
0.00298864315600717
0.148714883442917
0.0167364016736402
0.484160191273162
0.0332337118947998
0.0194859533771668
0.313687985654513
0.642259414225942
0.145277943813509
0.134967124925284
0.0222355050806934
0.123968918111178
0.119157202630006
0.00848774656306037
0.183084279736999
0.0167364016736402
0.0717274357441721
0.156963538553497
0.255947399880454
0.0442319187089062
0.000239091452480579
0.107471607890018
0.0950986252241481
0.233950986252242
0.0414823670053796
1.4538927077107
0.0414823670053796
0.239450089659295
0.165212193664077
0.011237298266587
0.0772265391512253
0.209205020920502
1.25540944411238
0.115720263000598
0.167961745367603
3.01099820681411
0.143215780035864
0.178959952181709
0.16246264196055
0.110221159593545
0.214704124327555
0.131530185295876
0.205080693365212
0.0277346084877466
0.0937238493723849
0.369194560669457
0.0579796772265391
0.0579796772265391
0.0854751942618051
0.137716676628811
0.0304841601912732
0.104722056186491
0.632635983263597
0.261446503287507
0.346682606096832
0.255947399880454
0.167961745367603
0.0868499701135685
0.103690974297669
0.214704124327555
0.176210400478182
0.984578601315004
0.198206814106396
1.02032277346085
0.173460848774656
0.104722056186491
0.213844889420203
0.118469814704124
0.02498505678422
0.151464435146444
0.253197848176928
0.159713090257023
0.0835848774656307
0.5042662881052
0.066228332337119
0.398924088463837
0.0304841601912732
0.132904961147639
0.231201434548715
0.28344291691572
0.0401075911536162
0.123968918111178
0.0566049013747758
0.121219366407651
0.635385534967125
0.260071727435744
0.129468021518231
0.14596533173939
0.02498505678422
0.0304841601912732
0.0827256425582785
0.110221159593545
0.187208607292289
0.599985056784221
0.0634787806335923
0.30818888224746
0.144590555887627
0.0689778840406456
0.104722056186491
0.0799760908547519
0.115720263000598
0.319187089061566
0.0414823670053796
0.0194859533771668
0.174835624626419
0.0304841601912732
0.114345487148834
0.0854751942618051
0.118469814704124
0.105409444112373
0.184459055588763
0.231201434548715
0.0772265391512253
0.0992229527794381
0.275194261805141
0.0607292289300657
0.121219366407651
0.126718469814704
0.242199641362821
0.119844590555887
0.35819635385535
0.10025403466826
0.038732815301853
0.143215780035864
0.0992229527794381
0.536401673640168
0.0827256425582785
1.65271966527197
0.211954572624029
0.107471607890018
0.137716676628811
0.97083084279737
0.00848774656306037
0.156963538553497
0.0607292289300657
0.14596533173939
0.00298864315600717
0.269695158398087
0.121219366407651
1.33703676031082
0.0394202032277347
0.0194859533771668
0.0717274357441721
0.0689778840406455
0.0359832635983264
0.140466228332337
1.42725642558279
0.0634787806335923
0.209205020920502
0.0703526598924087
0.297190675433353
0.169336521219366
0.148714883442917
1.12136879856545
0.236958308427974
0.16246264196055
0.214704124327555
0.112970711297071
0.0964734010759115
0.0607292289300657
0.0741332934847579
0.129468021518231
0.104722056186491
0.14596533173939
0.244949193066348
0.195457262402869
0.396174536760311
0.0648535564853557
0.0497310221159594
0.148714883442917
0.185833831440526
0.0703526598924091
0.0744769874476987
0.711341900777049
0.148714883442917
0.0552301255230126
0.132217573221758
0.0854751942618051
0.011237298266587
0.02498505678422
0.0167364016736402
0.0786013150029885
0.0194859533771668
0.0634787806335923
0.198206814106396
0.189958158995816
0.137716676628811
0.137716676628811
0.0607292289300657
0.178959952181709
0.148714883442917
0.0717274357441721
0.0167364016736402
0.247698744769874
0.114345487148834
0.13359234907352
0.115032875074716
0.114345487148835
0.0799760908547519
0.513030484160192
0.234982068141064
0.0717274357441721
0.200956365809922
0.126718469814704
0.244605499103407
0.159713090257023
0.0167364016736402
0.275194261805141
0.159713090257023
0.140466228332337
0.13771667662881
0.0735318290496115
0.011237298266587
0.132217573221757
0.00848774656306037
0.0841004184100421
0.034608487746563
0.224929019725045
0.159713090257023
0.15421398684997
0.0689778840406455
0.17071129707113
0.0882247459653317
0.112970711297071
0.0813508667065153
0.0139868499701136
0.207830245068739
0.0304841601912732
0.0744769874476987
0.0277346084877466
0.0442319187089062
0.126718469814704
0.143215780035864
0.156963538553497
0.402532875074717
0.167961745367603
0.0552301255230126
0.0277346084877466
0.000239091452480579
0.02498505678422
0.0717274357441721
0.316437537358039
0.0332337118947998
0.0717274357441721
0.0359832635983264
0.155674686192468
0.104722056186491
5.97226539151225
0.00573819485953378
0.357680812910939
0.0222355050806934
0.132904961147639
0.0607292289300658
0.323569187089062
0.0689778840406457
0.20851763299462
0.214704124327555
0.0394202032277345
0.0676031081888825
0.269695158398087
0.106096832038255
0.0992229527794381
0.152839210998207
0.236700537955768
1.00382546323969
1.34116108786611
0.17071129707113
0.200956365809922
0.0167364016736402
0.173460848774656
0.0813508667065154
0.697250448296472
0.123281530185296
0.0799760908547519
0.0717274357441721
0.277943813508667
0.198206814106396
0.0827256425582785
0.112970711297071
0.0332337118947998
0.15008965929468
0.121219366407651
0.0194859533771668
0.214704124327555
0.0964734010759115
0.0799760908547519
0.148757845188284
0.0414823670053796
0.181709503885236
0.052480573819486
0.332934847579199
0.066228332337119
0.066228332337119
0.0359832635983264
0.264196054991034
0.140466228332337
0.148714883442917
0.143215780035864
0.306814106395696
0.107471607890018
0.0607292289300657
0.103347280334728
0.0552301255230126
0.0854751942618051
0.209205020920502
0.000239091452480579
0.0139868499701136
0.107471607890018
1.09799760908547
0.0332337118947997
0.0414823670053796
0.0717274357441723
0.114345487148835
0.185833831440526
0.0634787806335923
0.0304841601912732
0.0222355050806934
0.253197848176928
0.497907949790795
0.00848774656306037
0.0277346084877466
0.321936640765093
0.0139868499701136
0.0552301255230126
0.159713090257023
0.365929468021518
0.02498505678422
0.0442319187089062
0.00848774656306037
0.12946802151823
0.15833831440526
0.193395098625224
0.330185295875672
0.0689778840406455
0.00573819485953378
0.0167364016736402
0.0964734010759115
0.101972504482965
0.000239091452480579
0.0772265391512253
0.321936640765093
0.0827256425582786
1.50699342498506
0.0194859533771668
0.0717274357441721
0.0882247459653318
0.260071727435744
0.486909742976688
0.02498505678422
0.286192468619247
0.0882247459653317
0.0277346084877466
0.15421398684997
0.605484160191273
0.599641362821279
0.0909742976688584
0.217453676031082
0.0318589360430364
0.052480573819486
0.547399880454274
0.0854751942618051
0.16246264196055
0.0167364016736402
0.101972504482965
0.0579796772265391
0.0799760908547519
0.254572624028691
0.0920053795576808
0.0799760908547519
0.343933054393305
0.0222355050806934
0.473161984459056
0.0689778840406456
0.0950986252241485
0.140466228332337
0.0882247459653317
0.066228332337119
0.0607292289300657
0.14596533173939
0.066228332337119
0.097848176927675
0.0277346084877466
0.17071129707113
0.323483263598326
0.346682606096832
0.118469814704124
0.126718469814704
0.220203227734609
6.49193066347878
0.264196054991034
0.0304841601912732
0.0909742976688584
2.73604303646145
0.0304841601912732
0.0744769874476987
0.011237298266587
0.13771667662881
0.0139868499701136
0.0689778840406455
0.159713090257024
0.0263598326359833
0.178959952181709
0.231201434548715
0.148714883442917
0.144590555887627
0.0304841601912732
0.107471607890018
0.0717274357441721
0.112970711297071
0.0139868499701136
0.104722056186491
0.0442319187089062
0.101972504482965
0.12482815301853
0.159713090257023
0.000239091452480579
0.00573819485953378
0.288942020322773
0.0854751942618051
0.0359832635983264
0.134967124925284
0.0854751942618051
0.228451882845188
0.0167364016736402
0.137716676628811
0.159713090257023
0.156963538553497
0.0194859533771668
0.02498505678422
0.156276150627614
0.129468021518231
0.0799760908547519
0.195457262402869
0.104722056186491
0.107471607890018
0.269695158398087
0.126718469814704
0.0827256425582785
0.0827256425582785
0.126718469814704
0.000239091452480579
0.0359832635983264
0.0882247459653317
0.0304841601912732
0.123968918111177
0.0992229527794381
0.121219366407651
0.0442319187089062
0.324686192468619
0.0772265391512253
0.220203227734608
0.0744769874476987
0.00573819485953378
0.288942020322773
0.0634787806335923
0.0621040047818291
0.0277346084877466
0.121219366407651
0.143215780035863
0.134279736999402
0.111595935445308
0.0634787806335923
0.378302450687388
0.0772265391512253
0.0332337118947998
0.155588762701733
0.137716676628811
0.192707710699342
0.307071876867902
0.107471607890018
0.0689778840406455
0.0167364016736402
0.159713090257023
1.4080095636581
0.0277346084877466
0.0964734010759115
0.110221159593545
0.104722056186491
0.140466228332337
0.0621040047818291
0.143215780035864
0.151464435146444
0.108846383741781
0.519904363419008
0.112970711297071
0.107471607890018
0.0139868499701136
1.24784817692767
0.135654512851166
0.066228332337119
0.0222355050806934
0.624387328153018
0.126718469814704
0.113658099222953
0.236700537955768
0.02498505678422
0.0772265391512253
0.134967124925284
0.11855573819486
0.00848774656306037
0.0717274357441721
0.165212193664077
0.104722056186491
0.0167364016736402
0.0579796772265391
1.78194859533772
0.112970711297071
0.123968918111178
0.236700537955768
0.16658696951584
0.0167364016736402
0.173460848774656
0.112970711297071
0.0222355050806934
0.00573819485953378
0.157994620442319
0.038732815301853
0.161087866108787
0.0490436341900779
0.0339210998206814
0.066228332337119
0.00298864315600717
0.121906754333532
0.000239091452480579
0.000239091452480579
0.0951415869695161
0.163150029886432
0.103347280334728
0.0758517632994621
0.134967124925284
0.0222355050806934
0.190645546921698
0.0579796772265391
0.0414823670053796
0.0552301255230126
0.148714883442917
0.00848774656306037
4.29503885236103
0.143215780035864
0.0634787806335923
0.140466228332337
0.16246264196055
0.0717274357441721
0.0744769874476987
0.0414823670053796
0.134967124925284
0.118469814704124
0.0992229527794381
0.143215780035864
0.0469814704124328
0.00848774656306037
0.0772265391512253
0.00573819485953378
0.148714883442917
0.10008218768679
0.0634787806335924
0.0469814704124328
0.137716676628811
0.0332337118947998
0.119157202630006
0.052480573819486
1.13374178123132
0.167961745367603
0.0222355050806934
0.103347280334728
0.111595935445308
0.225702331141662
0.220203227734608
0.156963538553497
0.159713090257023
0.0992229527794381
0.0607292289300657
0.0923490735206215
0.275194261805141
0.129468021518231
0.17071129707113
0.0827256425582785
0.0167364016736402
0.0428571428571429
0.233950986252241
