0
0.052480573819486
0.200956365809922
0.052480573819486
0.052480573819486
0.126718469814704
0.0579796772265391
0.0772265391512253
0.225702331141662
0.139091452480574
0.517154811715481
0.184459055588763
0.118469814704124
0.126718469814704
0.000239091452480579
1.00382546323969
4.56724447101016
0.159713090257023
0.404423191870891
0.0882247459653317
2.38410041841004
0.151464435146444
0.187208607292289
0.00298864315600717
0.0359832635983264
0.038732815301853
0.148714883442917
0.266945606694561
0.203705917513449
0.253197848176928
0.0579796772265391
0.42092050209205
0.184459055588763
0.140466228332337
0.02498505678422
0.143215780035864
0.0552301255230126
0.126718469814704
0.0579796772265391
0.233950986252241
0.173460848774656
0.159713090257023
0.328810520023909
0.261446503287507
0.129468021518231
0.29994022713688
0.107471607890018
0.0263598326359833
0.00848774656306037
0.101972504482965
0.120531978481769
0.159713090257023
0.0689778840406455
0.231201434548715
0.132217573221757
0.178959952181709
0.0964734010759115
0.0139868499701136
0.313687985654513
0.140466228332337
0.118469814704124
0.321936640765093
0.123968918111178
0.104722056186491
0.0277346084877466
0.143215780035864
0.0854751942618051
0.0194859533771668
0.148714883442917
0.167961745367603
0.02498505678422
0.0414823670053796
0.0717274357441721
0.0727585176329945
0.41267184698147
0.0359832635983264
0.181709503885236
0.286192468619247
0.011237298266587
0.00848774656306037
0.233950986252241
0.034608487746563
0.277943813508667
0.0332337118947998
0.103347280334728
0.0827256425582785
0.187208607292289
0.756365809922295
0.173460848774656
1.65546921697549
0.209205020920502
0.0332337118947998
0.231201434548715
0.275194261805141
0.302689778840406
0.011237298266587
0.15421398684997
0.302689778840406
0.101972504482965
0.129468021518231
0.368679019725045
0.132217573221757
0.0304841601912732
0.286192468619247
0.275194261805141
0.119500896592946
0.143215780035864
0.099222952779438
0.209205020920502
0.269695158398087
0.151464435146444
0.0689778840406455
0.0937238493723851
0.0139868499701136
0.011237298266587
0.100597728631201
0.00573819485953378
0.129468021518231
0.112970711297071
0.148714883442917
0.00848774656306037
0.143215780035864
0.110221159593545
0.269695158398087
0.264196054991034
0.066228332337119
0.0937238493723849
0.151464435146444
0.225702331141662
0.0304841601912732
0.192707710699342
0.313687985654513
0.038732815301853
0.0799760908547519
0.0964734010759115
0.038732815301853
0.139091452480574
0.27931858936043
0.15421398684997
0.139091452480574
0.0964734010759115
0.198206814106396
0.0304841601912732
0.0442319187089062
0.357680812910938
0.198206814106396
0.0497310221159594
0.011237298266587
0.100597728631202
0.236700537955768
0.28344291691572
0.140466228332337
0.110221159593545
0.176210400478183
0.107471607890018
0.0689778840406455
0.211954572624029
0.0469814704124328
0.0799760908547519
0.0442319187089062
0.165212193664077
0.112970711297071
0.0964734010759115
0.349432157800359
0.104722056186491
0.151464435146444
0.0497310221159594
0.176210400478183
0.0469814704124328
0.572145845786013
0.336371787208607
0.066228332337119
0.269695158398087
0.16246264196055
0.15421398684997
0.156963538553496
0.214704124327555
0.0387328153018529
0.148714883442917
0.02498505678422
0.0717274357441721
0.178959952181709
0.0359832635983264
0.0579796772265391
0.250448296473401
0.052480573819486
0.376927674835625
0.129468021518231
0.0332337118947998
0.0854751942618051
0.250448296473401
0.115720263000598
0.129468021518231
0.052480573819486
0.172086072922893
0.181709503885236
0.0772265391512253
0.0634787806335923
0.134967124925284
0.319187089061566
0.211954572624029
0.052480573819486
0.209205020920502
0.0442319187089062
0.277943813508667
0.0222355050806934
0.101972504482965
0.0772265391512253
0.0304841601912732
0.434668260609683
0.275194261805141
0.0552301255230126
0.290316796174537
0.14596533173939
0.183084279737
0.213329348475792
0.0552301255230126
0.286192468619247
0.264196054991034
0.0579796772265391
0.149745965331739
0.00298864315600717
0.189958158995816
0.066228332337119
0.115720263000598
0.269695158398087
0.0373580394500897
0.211954572624029
0.0469814704124328
0.038732815301853
0.0964734010759115
0.374178123132098
0.0552301255230126
0.187208607292289
0.00848774656306037
0.233950986252242
0.0497310221159594
0.255947399880454
0.0497310221159594
0.0964734010759115
0.176210400478183
0.148714883442917
0.0882247459653317
0.118469814704124
0.038732815301853
0.0813508667065153
0.0689778840406455
0.55839808726838
0.0799760908547519
0.161087866108787
0.242199641362821
0.0621040047818291
0.0277346084877466
0.310938433950986
0.233950986252241
0.0634787806335923
0.0772265391512253
0.107471607890018
0.011237298266587
0.151464435146443
0.0359832635983264
0.217453676031082
0.0497310221159594
0.0799760908547519
0.258696951583981
0.286192468619247
0.184459055588763
0.00848774656306037
0.101972504482965
0.011237298266587
0.17071129707113
0.0552301255230126
0.258696951583981
0.0359832635983264
0.148714883442917
0.0607292289300657
0.177585176329946
0.0497310221159594
1.43275552898984
0.011237298266587
0.176210400478183
0.28344291691572
0.492408846383742
0.0992229527794381
0.066228332337119
0.00573819485953378
0.220203227734608
0.066228332337119
0.00848774656306037
0.475911536162582
0.0827256425582785
0.101972504482965
0.0263598326359833
0.0689778840406455
0.0689778840406455
0.0799760908547519
0.0442319187089062
0.15421398684997
0.140466228332337
0.0469814704124328
0.0964734010759115
0.00298864315600717
0.0827256425582785
0.14596533173939
0.173460848774656
0.31231320980275
0.0827256425582785
0.011237298266587
0.0277346084877466
0.0772265391512253
0.132217573221757
0.0552301255230126
0.0607292289300657
0.184459055588763
0.107471607890018
0.0937238493723849
0.288942020322773
0.140466228332337
0.0304841601912732
0.185146443514644
0.0277346084877466
0.143215780035864
0.123968918111178
0.00848774656306037
0.0497310221159594
0.134967124925284
0.165212193664076
0.231201434548715
0.0634787806335923
0.123968918111178
0.0937238493723849
0.112970711297071
0.176210400478183
0.107471607890018
0.107471607890018
0.17071129707113
0.187208607292289
2.0486551105798
0.0579796772265391
2.4157202630006
0.261446503287507
0.0552301255230126
0.365929468021518
0.0442319187089062
0.0827256425582785
0.0744769874476987
0.0167364016736402
0.0139868499701136
0.0937238493723849
0.177928870292887
0.0854751942618051
0.0497310221159594
0.115720263000598
0.173460848774656
0.107471607890018
0.0909742976688584
0.0868499701135684
0.0717274357441721
0.066228332337119
0.2916915720263
0.173460848774656
0.0222355050806934
0.0964734010759115
0.167961745367603
0.374178123132098
0.173460848774656
0.02498505678422
0.286192468619247
0.0909742976688584
0.0648535564853557
0.234638374178123
0.140466228332337
0.0414823670053796
0.156963538553497
0.280693365212194
0.17071129707113
0.228451882845188
0.118469814704124
0.0744769874476987
0.0194859533771668
0.137716676628811
0.0469814704124328
0.115720263000598
0.0923490735206217
0.101972504482965
0.0799760908547519
0.121219366407651
0.126718469814704
0.0909742976688584
0.220203227734608
0.0744769874476987
0.184459055588763
0.28344291691572
0.118469814704124
0.144590555887627
0.0167364016736402
0.0469814704124328
0.275194261805141
0.144590555887627
0.121219366407651
0.118469814704124
0.0827256425582785
0.140466228332337
0.0222355050806934
0.148714883442917
0.467662881052002
0.00573819485953378
0.144590555887627
0.10403466826061
0.0304841601912732
0.159713090257023
0.0194859533771668
0.0359832635983264
0.0277346084877466
0.00298864315600717
0.0194859533771668
0.165212193664076
0.00298864315600717
0.123968918111178
0.0222355050806934
0.415421398684997
0.0937238493723849
0.0607292289300657
0.0277346084877466
0.316437537358039
0.186521219366407
0.253197848176928
0.261446503287508
0.14596533173939
0.0167364016736402
0.02498505678422
0.228451882845188
0.167961745367603
0.233950986252241
0.217453676031082
0.156963538553497
0.0744769874476987
0.140466228332337
0.066228332337119
0.198206814106396
0.0194859533771668
0.134967124925284
0.0909742976688584
0.0950986252241482
0.107471607890018
0.167961745367603
0.192707710699343
0.187208607292289
0.225702331141662
0.126718469814704
0.28344291691572
0.211954572624029
0.247698744769874
0.16246264196055
0.126718469814704
0.209205020920502
0.0277346084877466
0.0717274357441721
0.247698744769874
0.0634787806335923
0.0634787806335923
0.14596533173939
0.151464435146444
0.136341900777047
0.0469814704124328
0.0827256425582785
0.203705917513449
0.101972504482965
0.253197848176928
0.173460848774656
0.0194859533771668
0.198206814106396
0.228451882845188
0.0717274357441723
0.17071129707113
0.0964734010759115
0.152839210998207
0.0634787806335923
0.379677226539151
0.0634787806335923
0.0194859533771668
0.44566646742379
0.0827256425582785
0.106268679019725
0.250448296473401
0.0469814704124328
0.132217573221757
0.121219366407651
0.00573819485953378
0.0854751942618051
0.16246264196055
0.107471607890018
0.0304841601912732
0.0222355050806934
0.165212193664077
0.0497310221159594
0.247698744769874
0.152839210998207
0.192707710699342
0.159713090257023
0.0545427375971309
0.313687985654513
0.0964734010759117
0.0772265391512253
0.0882247459653317
0.0827256425582785
1.03682008368201
0.0827256425582785
0.0497310221159594
0.104722056186491
0.0964734010759115
0.000239091452480579
0.110221159593545
0.0414823670053796
0.0552301255230126
0.0552301255230126
0.00848774656306037
0.41267184698147
0.184459055588763
0.00848774656306037
0.0332337118947998
0.167961745367603
0.132217573221757
0.176210400478183
0.244949193066348
0.200956365809922
0.332934847579199
0.115032875074716
0.00298864315600717
0.0854751942618051
0.107471607890018
0.253197848176928
0.129468021518231
0.107471607890018
0.121219366407651
0.0607292289300657
0.250448296473401
0.143215780035864
0.0868499701135685
0.187208607292289
0.195457262402869
0.14596533173939
0.110221159593545
0.269695158398087
0.011237298266587
0.192707710699342
0.2916915720263
0.0222355050806934
0.101972504482965
0.0442319187089062
0.206455469216976
0.242199641362821
0.17071129707113
0.107471607890018
0.173460848774656
0.094583084279737
0.0772265391512254
0.0222355050806934
0.189958158995816
0.264196054991034
0.211954572624029
0.0854751942618051
0.0772265391512253
0.269695158398087
0.0964734010759115
0.183084279737
0.189958158995816
0.0621040047818291
0.189958158995816
0.0167364016736402
0.066228332337119
0.167961745367603
0.16246264196055
0.0634787806335923
0.426419605499103
0.0277346084877466
0.140466228332337
0.0401075911536163
0.0648535564853557
0.079976090854752
0.153526598924088
0.0139868499701136
0.264196054991034
0.0469814704124328
0.189958158995816
0.14596533173939
0.0291093843395099
0.220203227734608
0.0139868499701136
0.165212193664077
0.225702331141662
0.0786013150029888
0.217453676031082
0.0442319187089062
0.0442319187089062
0.149402271368798
0.209205020920502
0.0772265391512253
0.011237298266587
0.0167364016736402
0.0744769874476987
0.0854751942618051
0.220203227734608
0.539151225343694
0.011237298266587
0.0717274357441721
0.0222355050806934
0.011237298266587
0.00573819485953378
0.0882247459653317
0.0607292289300657
0.199581589958159
0.222952779438135
0.0428571428571429
0.0772265391512253
0.148714883442917
0.110221159593545
0.195457262402869
0.207830245068738
0.0277346084877466
0.112970711297071
0.264196054991034
0.189958158995816
0.00298864315600717
0.107471607890018
0.17071129707113
0.569396294082486
0.02498505678422
0.0772265391512253
0.426419605499103
0.165212193664077
0.159713090257023
0.486909742976688
0.0634787806335923
0.0731022115959355
0.250448296473401
0.14596533173939
0.079976090854752
0.0854751942618051
0.101972504482965
0.635385534967125
0.0799760908547519
0.15008965929468
0.123625224148237
0.231201434548715
0.0689778840406455
0.286192468619247
0.0167364016736402
0.000239091452480579
0.0222355050806934
0.0882247459653317
0.0607292289300657
0.0277346084877466
0.206455469216976
0.0552301255230126
0.195457262402869
0.011237298266587
0.209205020920502
0.0827256425582785
0.140466228332337
0.178959952181709
0.231201434548715
0.129468021518231
0.0359832635983264
0.236700537955768
0.231974745965332
0.137716676628811
0.0552301255230126
0.173460848774656
0.343933054393305
0.0194859533771668
0.101972504482965
0.104722056186491
0.482785415421398
0.0937238493723849
0.327435744172146
1.82044231918709
0.126718469814704
0.02498505678422
0.112970711297071
0.0909742976688584
0.0194859533771668
0.203705917513449
0.258696951583981
0.011237298266587
0.203705917513449
0.134967124925284
0.187208607292289
0.187208607292289
0.0634787806335924
0.214704124327555
0.0222355050806934
0.244949193066348
0.177585176329946
0.352181709503885
0.112970711297071
0.0469814704124328
0.0992229527794381
0.121219366407651
0.0772265391512253
0.159713090257023
0.426419605499103
0.0854751942618051
0.0414823670053796
0.30818888224746
0.14596533173939
0.0717274357441721
0.0909742976688584
1.24518454871488
0.218828451882845
0.17071129707113
0.121219366407651
0.104722056186491
0.0139868499701136
0.011237298266587
0.0469814704124328
0.0992229527794381
0.0744769874476987
0.123968918111178
0.148714883442917
0.107471607890018
0.165212193664077
0.165212193664077
0.17483562462642
0.0552301255230126
0.0992229527794381
0.123968918111178
0.0167364016736402
0.115720263000598
0.0992229527794381
0.0882247459653317
0.101972504482965
0.137716676628811
0.286192468619247
0.00298864315600717
0.121219366407651
0.115720263000598
0.000239091452480579
0.169336521219366
0.011237298266587
0.0744769874476987
0.00573819485953378
0.0799760908547519
0.165212193664076
0.121219366407651
0.0992229527794381
0.129468021518231
0.0937238493723849
0.107471607890018
0.319874476987448
0.118469814704124
0.101972504482965
0.176210400478183
0.0497310221159594
0.220203227734608
0.453915122534369
0.244949193066348
0.0799760908547519
0.209205020920502
0.0579796772265391
0.0194859533771668
0.000239091452480579
0.0304841601912732
1.90567842199641
0.0689778840406455
0.178959952181709
0.137716676628811
0.352181709503885
0.250448296473401
0.104722056186491
0.121219366407651
0.192707710699342
0.143215780035864
0.0414823670053796
0.143215780035864
0.0937238493723849
0.00298864315600717
0.0854751942618051
0.177585176329946
0.247698744769874
0.0194859533771668
0.126718469814704
0.167961745367603
0.121219366407651
0.104722056186491
0.0442319187089062
0.0827256425582785
0.239450089659295
0.0359832635983264
0.0937238493723849
0.0414823670053796
0.176210400478183
0.338433950986252
0.239450089659295
0.0524805738194859
0.00298864315600717
0.0992229527794381
0.126718469814704
0.910340705319785
1.13717872086073
0.112970711297071
0.0937238493723849
0.0799760908547519
0.101972504482965
2.26861924686192
0.209205020920502
0.108846383741781
0.16246264196055
0.198206814106396
0.118469814704124
0.286192468619247
0.277943813508667
0.0744769874476987
0.0799760908547519
0.14596533173939
0.173460848774656
0.0304841601912732
0.0194859533771668
0.0579796772265393
0.101972504482965
0.151464435146444
0.0538553496712493
0.0469814704124328
0.0332337118947998
0.0607292289300657
0.29994022713688
0.143215780035864
0.14596533173939
0.0359832635983264
0.107471607890018
0.0552301255230126
0.354931261207412
0.0222355050806934
0.404423191870891
0.121219366407651
0.148714883442917
0.0689778840406455
0.0689778840406455
0.0895995218170953
0.363179916317992
0.038732815301853
0.107471607890018
0.0882247459653317
0.0772265391512253
0.189958158995816
0.123968918111178
0.341183502689779
0.200956365809922
0.159713090257023
0.0827256425582785
0.0346084877465631
0.0642520920502092
0.0909742976688584
0.167961745367603
0.122594142259414
0.0634787806335923
0.239450089659295
0.123968918111178
0.066228332337119
0.159713090257023
0.189958158995816
0.112970711297071
0.198206814106396
0.0964734010759115
0.121219366407651
0.132217573221757
0.0854751942618051
0.132217573221757
0.143215780035864
0.187208607292289
0.000239091452480579
0.0909742976688584
0.148714883442917
0.250448296473401
0.305439330543933
0.177585176329946
0.101972504482965
0.28344291691572
0.0937238493723849
0.165212193664077
0.17071129707113
0.0634787806335923
0.236700537955768
0.104722056186491
0.115720263000598
0.106096832038254
0.0689778840406455
0.214704124327555
0.176210400478183
0.206455469216976
0.129468021518231
0.324686192468619
0.187208607292289
0.0992229527794381
0.107471607890018
0.0882247459653317
0.0414823670053796
0.181709503885236
0.118469814704124
0.258696951583981
0.467662881052002
0.0607292289300657
0.222952779438135
0.133592349073521
0.0882247459653317
0.0909742976688584
0.195457262402869
0.0442319187089061
0.148714883442917
0.00848774656306037
0.156963538553497
0.332934847579199
0.181709503885236
0.00298864315600717
0.0497310221159594
0.14596533173939
0.206455469216976
0.415421398684997
0.159713090257023
0.118469814704124
0.156276150627615
0.409922295277944
0.165212193664077
0.195457262402869
0.141841004184101
0.242199641362821
0.152839210998207
0.0359832635983264
0.363179916317992
0.17071129707113
0.17071129707113
0.294441123729827
0.112970711297071
1.01757322175732
0.011237298266587
0.0744769874476987
0.192707710699343
0.187208607292289
0.0772265391512253
0.121219366407651
3.12647937836222
0.327435744172146
0.181709503885236
0.156963538553497
0.14596533173939
0.00848774656306037
0.596891811117752
0.038732815301853
0.0744769874476987
0.181709503885236
0.052480573819486
0.0579796772265391
0.199581589958159
0.206455469216976
0.0937238493723851
0.272444710101614
0.0552301255230126
0.0277346084877466
0.110221159593545
0.507531380753138
0.137716676628811
0.011237298266587
0.0304841601912732
0.0634787806335923
0.137716676628811
0.0277346084877466
0.151464435146444
0.118469814704124
0.214704124327555
0.379677226539151
0.0332337118947998
0.129468021518231
0.118469814704124
0.115720263000598
0.203705917513449
0.0607292289300657
0.497907949790795
0.0909742976688584
0.0937238493723849
0.112970711297071
0.0414823670053796
0.121219366407651
0.143215780035864
0.220203227734608
0.202331141661686
0.173460848774656
0.137716676628811
0.16246264196055
0.261446503287507
0.0799760908547519
0.266945606694561
0.220203227734608
0.192707710699342
0.194082486551105
0.123968918111178
0.192707710699342
0.0332337118947998
0.0208607292289301
0.0304841601912732
1.17154811715481
0.101972504482965
0.129468021518231
0.0332337118947998
0.181709503885236
0.0469814704124328
0.0717274357441721
0.16658696951584
0.052480573819486
0.0909742976688584
0.387925881649731
0.00848774656306037
0.239450089659295
0.0552301255230126
0.121219366407651
0.173460848774656
0.0456066945606695
0.14596533173939
0.0607292289300657
0.297190675433353
0.0634787806335923
0.0992229527794381
0.191332934847579
0.0854751942618051
0.16246264196055
0.2916915720263
0.156963538553497
0.17071129707113
0.0854751942618051
0.0167364016736402
0.14596533173939
0.15421398684997
0.181709503885236
0.247698744769874
0.112970711297071
0.0511057979677226
0.121219366407651
0.0579796772265391
0.0277346084877466
0.173460848774656
0.288942020322773
0.253197848176928
0.0854751942618051
0.0167364016736402
0.0194859533771668
0.297190675433353
0.222952779438135
0.121219366407651
0.0937238493723849
0.288942020322773
0.189958158995816
0.0937238493723849
0.440167364016736
0.038732815301853
0.0497310221159594
0.16246264196055
0.0511057979677226
0.181709503885236
0.209205020920502
0.112970711297071
0.159713090257023
0.0827256425582785
0.110221159593545
0.390675433353258
0.156963538553497
0.115720263000598
0.253197848176928
0.0497310221159594
0.0717274357441721
0.104722056186491
0.15421398684997
0.481410639569635
0.0648535564853558
0.0772265391512253
0.104722056186491
0.514405260011955
0.272444710101614
0.294441123729827
0.184459055588763
0.129468021518231
0.214704124327555
0.211954572624029
0.195457262402869
0.233950986252241
0.134967124925284
0.335684399282726
0.228451882845188
0.184459055588763
0.235325762104005
0.142528392109982
0.02498505678422
0.0442319187089062
0.247698744769874
0.134279736999402
0.32468619246862
0.164868499701135
0.178959952181709
0.486909742976688
0.0579796772265391
0.104722056186491
0.148714883442917
0.220203227734608
0.367304243873282
0.159713090257023
0.236700537955768
0.29994022713688
0.28344291691572
0.222952779438135
0.066228332337119
0.335684399282726
0.250448296473401
0.0799760908547519
0.0442319187089062
0.2916915720263
0.0442319187089062
0.151464435146444
0.0167364016736402
0.112970711297071
0.141841004184101
0.277943813508667
0.0304841601912732
0.118469814704124
0.038732815301853
0.0401075911536162
0.038732815301853
0.151464435146444
0.184459055588763
0.137716676628811
0.0937238493723849
0.0607292289300657
0.00848774656306037
0.227077106993425
0.0827256425582785
0.431918708906157
0.396174536760311
0.0744769874476987
0.258696951583981
0.0304841601912732
0.121219366407651
0.0442319187089062
0.121219366407651
0.789360430364614
0.0964734010759117
0.258696951583981
0.129468021518231
1.16604901374776
2.8240286909743
0.0717274357441721
0.132217573221757
0.17071129707113
0.0277346084877466
0.000239091452480579
0.258696951583981
0.528153018529586
0.132217573221757
0.134967124925284
0.0538553496712492
0.214704124327555
0.129468021518231
0.324686192468619
0.0909742976688584
0.0167364016736402
0.192707710699342
0.101972504482965
0.123968918111178
0.159713090257023
0.115720263000598
0.0992229527794381
0.17071129707113
0.269695158398087
0.181709503885236
0.066228332337119
0.26694560669456
0.275194261805141
0.00573819485953378
0.115720263000598
0.0222355050806934
0.405110579796772
0.0799760908547519
0.167961745367603
0.0139868499701136
0.272444710101614
0.134967124925284
0.198206814106396
0.198206814106396
0.163837417812313
0.0552301255230126
0.0442319187089062
0.0744769874476986
0.176210400478183
0.0153616258218769
0.189958158995816
0.0703526598924089
0.0607292289300657
0.173460848774656
0.110221159593545
0.176210400478183
0.211954572624029
0.242199641362821
0.0552301255230126
0.110221159593545
0.0882247459653317
0.17071129707113
0.184459055588763
0.0359832635983264
0.066228332337119
0.404423191870891
0.0614166168559475
0.0332337118947998
0.0579796772265391
0.167961745367603
0.401673640167364
0.0194859533771668
0.115720263000598
0.272444710101614
0.129468021518231
0.0304841601912732
0.277943813508667
0.176210400478183
0.297190675433353
0.0799760908547519
0.0744769874476988
0.189958158995816
0.206455469216976
0.0662283323371189
0.0882247459653317
0.13359234907352
0.181709503885236
0.0304841601912732
0.596891811117752
0.250448296473401
0.0854751942618051
0.173460848774657
0.118469814704124
0.107471607890018
0.0731022115959355
0.126718469814704
0.0882247459653317
0.137716676628811
0.156963538553497
0.052480573819486
0.123968918111178
0.00573819485953378
0.214704124327555
0.011237298266587
0.247698744769874
0.214704124327555
0.0854751942618051
0.0222355050806934
0.0992229527794381
0.100254034668261
0.0964734010759115
0.0469814704124328
0.0473681261207412
0.335684399282726
1.06156604901375
0.000239091452480579
0.066228332337119
0.143215780035864
0.167961745367603
0.137716676628811
0.143215780035864
0.038732815301853
0.129468021518231
0.332934847579199
0.089599521817095
0.327435744172146
0.0607292289300657
0.165212193664077
0.15421398684997
0.101972504482965
0.0634787806335923
0.184459055588763
0.0909742976688584
0.2916915720263
0.0847878063359235
0.539151225343694
0.000239091452480579
0.118469814704124
0.143215780035864
0.112970711297071
0.236700537955768
1.2017931858936
0.0607292289300657
0.195457262402869
0.238075313807531
0.0744769874476987
0.0332337118947998
0.220203227734608
0.121219366407651
0.206455469216976
0.2916915720263
0.0882247459653318
0.02498505678422
0.214704124327555
0.038732815301853
0.198206814106396
0.0854751942618051
0.0964734010759115
0.101628810520024
0.280693365212194
0.239450089659295
0.148714883442917
0.0277346084877466
0.244949193066348
0.269695158398087
0.104722056186491
0.101972504482965
0.0469814704124328
0.144590555887627
0.126718469814704
0.0909742976688584
0.117095038852361
0.0304841601912732
0.126718469814704
0.266945606694561
0.29994022713688
0.16246264196055
0.0194859533771668
0.176897788404064
0.151464435146444
0.269695158398087
0.0744769874476987
0.276569037656904
0.357680812910938
0.0442319187089062
0.0882247459653317
0.176210400478183
0.129468021518231
0.0799760908547519
0.0277346084877466
0.112970711297071
0.0854751942618051
0.02498505678422
0.0909742976688584
0.0442319187089062
0.0731022115959357
0.115720263000598
0.539151225343694
0.195457262402869
0.123968918111178
0.0552301255230126
0.203705917513449
0.0772265391512253
0.0607292289300657
0.17071129707113
0.123968918111178
0.341183502689779
0.0552301255230126
0.0139868499701136
0.0566049013747758
0.231201434548715
0.17071129707113
0.132733114166169
1.53723849372385
0.407172743574417
0.159713090257024
0.143215780035864
0.264196054991034
0.0634787806335923
0.00848774656306037
0.169336521219367
0.0607292289300657
0.151464435146444
0.178959952181709
0.115720263000598
0.200956365809922
0.140466228332337
0.143215780035864
0.0827256425582786
0.298565451285116
0.159713090257023
0.286192468619247
0.319187089061566
0.30818888224746
0.0607292289300657
0.0964734010759115
0.858099222952779
0.220203227734608
0.0909742976688584
0.15421398684997
0.115720263000598
0.0992229527794381
0.0414823670053796
0.156963538553497
0.176210400478183
0.0634787806335923
0.0277346084877466
0.192707710699342
0.16246264196055
0.272444710101614
0.276569037656904
0.195457262402869
0.156963538553497
0.147340107591153
0.0909742976688583
0.258696951583981
0.126718469814704
0.0772265391512253
0.140466228332337
0.147340107591154
0.156276150627615
0.184459055588763
0.211954572624029
0.16246264196055
0.140466228332337
0.0799760908547519
0.134967124925284
0.0662283323371189
0.0937238493723849
0.19167662881052
0.140466228332337
0.0277346084877466
0.137716676628811
0.17071129707113
0.16246264196055
0.115720263000598
0.0607292289300657
0.011237298266587
0.101972504482965
0.16246264196055
0.0579796772265391
0.134967124925284
0.0799760908547519
0.0634787806335923
0.0689778840406455
0.02498505678422
0.217453676031082
0.118469814704124
0.118469814704124
0.181709503885236
0.000239091452480579
0.148714883442917
0.140466228332337
0.00298864315600717
0.132217573221757
0.066228332337119
0.0882247459653317
0.126718469814704
0.206455469216976
0.0414823670053796
0.110221159593545
0.101972504482965
0.134967124925284
0.00573819485953378
0.0882247459653317
0.143215780035864
0.165212193664077
0.206455469216976
0.121219366407651
0.0923490735206217
0.0717274357441721
0.0689778840406455
0.15833831440526
0.217453676031082
0.110221159593545
0.134967124925284
0.112970711297071
0.332934847579199
0.126718469814704
0.129468021518231
0.14596533173939
0.266945606694561
0.066228332337119
0.233950986252241
0.0841004184100418
0.165212193664077
0.112970711297071
0.255947399880454
0.151464435146443
0.288942020322773
0.151464435146444
0.0799760908547522
1.26503287507472
0.140466228332337
0.038732815301853
0.0607292289300657
0.132217573221757
0.00298864315600717
0.418170950388524
0.167961745367603
0.20851763299462
0.0717274357441721
0.374178123132098
0.16246264196055
0.0552301255230126
0.00573819485953378
0.16246264196055
0.0937238493723847
0.16246264196055
0.233950986252241
0.112970711297071
0.0442319187089062
0.198206814106396
0.250448296473401
0.00573819485953378
0.533652121936641
0.192707710699342
0.00298864315600717
0.0964734010759115
0.0634787806335923
0.052480573819486
0.143903167961745
0.000239091452480579
0.165212193664077
0.0414823670053796
0.02498505678422
0.189958158995816
0.218828451882845
0.935086670651524
0.17071129707113
0.132217573221757
0.085732964734011
0.115720263000598
0.0689778840406455
0.0964734010759115
0.156963538553497
0.173460848774656
0.0579796772265391
0.0854751942618051
0.159713090257024
0.14596533173939
0.151464435146444
0.140466228332337
0.0799760908547519
0.0222355050806934
0.260071727435744
0.0964734010759115
0.0497310221159594
0.0139868499701136
0.0236102809324567
0.0717274357441721
0.178959952181709
0.0607292289300657
0.0992229527794381
4.25929468021518
0.41267184698147
0.0854751942618051
0.214704124327555
0.107471607890018
0.00298864315600717
0.16246264196055
0.156963538553497
0.368679019725045
0.0139868499701136
0.0772265391512253
0.739868499701136
0.0304841601912732
0.112970711297071
0.156963538553497
0.128093245666468
0.192707710699342
0.195457262402869
0.228451882845188
0.0772265391512253
0.0497310221159594
0.038732815301853
0.00298864315600717
0.42092050209205
0.066228332337119
0.0854751942618051
0.0456066945606695
0.137716676628811
0.489659294680215
0.0607292289300659
0.122594142259414
0.352181709503885
0.000239091452480579
0.00573819485953378
0.066228332337119
0.066228332337119
0.354931261207412
0.244949193066348
0.121219366407651
0.0469814704124328
0.167961745367603
0.00848774656306037
0.148714883442917
0.31231320980275
0.134967124925284
0.459414225941423
0.173460848774656
0.0676031081888823
0.0552301255230126
0.00848774656306037
0.165212193664077
0.146652719665272
0.0744769874476987
0.187208607292289
0.0717274357441721
0.0950986252241484
0.115720263000598
0.198206814106396
0.14596533173939
0.0194859533771668
0.275194261805141
0.110221159593545
0.121219366407651
0.0772265391512253
0.0992229527794381
0.011237298266587
0.217453676031082
0.0552301255230126
0.052480573819486
0.115720263000598
0.000239091452480579
0.277943813508667
0.0799760908547519
0.269695158398087
0.107471607890018
0.132217573221757
0.218828451882845
0.211954572624029
0.112970711297071
0.143215780035863
0.497907949790795
0.272444710101614
0.156963538553497
0.0552301255230126
0.0964734010759115
0.246323968918111
0.159713090257023
0.0552301255230126
0.431918708906157
0.085475194261805
0.277943813508667
0.0813508667065153
0.104722056186491
0.367304243873282
0.0648535564853557
0.134967124925284
0.214704124327555
0.231201434548715
0.418170950388524
0.184459055588763
0.189958158995816
0.244949193066348
0.00298864315600717
0.198206814106396
0.00573819485953378
0.0703526598924088
0.00298864315600717
0.126718469814704
0.0799760908547519
0.110221159593545
0.161087866108787
0.129468021518231
0.195457262402869
0.187208607292289
0.156963538553497
0.02498505678422
0.123968918111178
0.0222355050806934
0.107471607890018
0.000239091452480579
0.134967124925284
0.110221159593545
0.0552301255230126
0.14596533173939
0.167961745367603
0.121219366407651
0.00573819485953378
0.159713090257023
0.0744769874476987
0.244949193066348
0.0799760908547519
0.0909742976688584
0.052480573819486
0.228451882845188
0.203705917513449
0.0139868499701136
0.0469814704124328
0.250448296473401
0.173460848774656
0.275194261805141
0.110221159593545
0.0909742976688584
0.231201434548715
0.000239091452480579
0.118469814704124
0.052480573819486
0.121219366407651
0.000239091452480579
0.0304841601912732
0.0469814704124328
0.134967124925284
0.0304841601912732
0.0469814704124328
0.0937238493723849
0.211954572624029
0.202331141661686
0.038732815301853
0.066228332337119
0.0799760908547519
0.184459055588763
0.195457262402869
0.0469814704124328
0.0332337118947998
0.148714883442917
0.184459055588763
0.159713090257023
0.0304841601912732
0.0689778840406455
0.143215780035864
0.0552301255230126
0.132217573221757
0.225702331141662
0.0909742976688584
0.0139868499701136
0.247011356843993
0.0744769874476987
0.118469814704124
0.357680812910938
0.481410639569635
0.217453676031082
0.0139868499701136
0.121219366407651
0.130842797369994
0.112970711297071
0.214704124327555
0.0222355050806934
0.143215780035864
0.123968918111178
1.45750149432158
0.187208607292289
0.0277346084877466
0.0332337118947998
0.629886431560072
0.143215780035864
0.0744769874476987
0.011237298266587
0.305439330543933
0.184459055588763
0.0717274357441721
0.14596533173939
0.112970711297071
0.217453676031082
0.0799760908547519
0.0579796772265391
0.0359832635983264
0.0827256425582785
0.118469814704124
0.129468021518231
0.123968918111178
0.038732815301853
0.167961745367603
0.107471607890018
0.00298864315600717
0.0552301255230125
0.200956365809922
0.129468021518231
0.066228332337119
0.250448296473401
0.108846383741781
0.134967124925284
0.140466228332337
0.140466228332337
0.101972504482965
0.02498505678422
0.0717274357441721
0.100597728631201
0.0744769874476987
0.0579796772265391
0.167961745367603
0.160228631201434
0.401673640167364
0.0992229527794381
0.151464435146444
0.148714883442917
0.110221159593545
0.052480573819486
0.0992229527794381
0.101972504482965
0.869097429766886
0.0744769874476987
0.143215780035864
0.126718469814704
0.233950986252241
0.129468021518231
0.0469814704124328
0.107471607890018
0.167961745367603
0.0772265391512253
0.209205020920502
0.0868499701135684
0.183084279736999
0.112970711297071
0.189958158995816
0.0799760908547518
0.217453676031082
0.440167364016736
0.375552898983861
0.0442319187089062
0.137716676628811
0.602390914524806
0.313687985654513
0.0717274357441721
0.0277346084877466
0.258696951583981
0.0772265391512253
0.089599521817095
0.0497310221159594
0.0414823670053796
0.374178123132098
0.156963538553497
0.217453676031082
0.112970711297071
0.123968918111178
1.09731022115959
0.0937238493723849
0.159713090257023
2.07615062761506
0.0579796772265391
0.104722056186491
0.272444710101614
0.250448296473401
0.038732815301853
1.1756724447101
0.123968918111178
0.390675433353258
0.341183502689779
0.0634787806335923
0.00848774656306037
0.17071129707113
0.0937238493723849
0.118469814704125
0.178959952181709
0.151464435146444
0.233950986252241
0.141497310221159
0.137716676628811
0.181709503885236
0.106096832038255
0.0882247459653317
0.203705917513449
0.17071129707113
0.0909742976688584
0.110221159593545
0.104722056186491
0.206455469216976
0.0744769874476987
0.0318589360430364
0.5501494321578
0.288942020322773
0.247698744769874
0.140466228332337
0.0772265391512253
0.00298864315600717
0.206455469216976
0.133592349073521
0.16246264196055
0.151464435146444
0.112970711297071
0.118469814704124
0.0167364016736402
0.313687985654513
0.0442319187089062
0.0744769874476987
0.052480573819486
0.42916915720263
0.0854751942618051
0.217453676031082
0.0964734010759115
0.161087866108787
0.101972504482965
0.0882247459653317
0.324686192468619
0.0882247459653317
0.0799760908547519
0.0607292289300657
0.0827256425582785
0.0332337118947998
0.118469814704124
0.115720263000598
0.217453676031082
0.0579796772265391
0.580394500896593
0.101972504482965
0.189958158995816
0.404423191870891
0.178959952181709
0.423670053795577
0.00298864315600717
0.118469814704124
0.277943813508667
0.148714883442917
0.143215780035864
0.156963538553497
0.357680812910938
0.0772265391512253
0.0332337118947998
0.214704124327555
0.0222355050806934
0.0717274357441721
0.214704124327555
0.423670053795577
0.110221159593545
0.104722056186491
0.0428571428571428
0.0222355050806934
0.126718469814704
0.228451882845188
0.272444710101614
0.0854751942618051
0.0964734010759115
0.134967124925284
0.101972504482965
0.00848774656306037
0.121219366407651
0.168649133293485
0.225702331141662
0.132217573221757
0.0359832635983264
0.327435744172146
0.0304841601912732
0.115720263000598
0.0332337118947998
0.104722056186491
0.165212193664077
0.0194859533771668
0.376927674835625
0.0992229527794382
0.0469814704124328
0.108846383741781
0.165212193664077
0.137716676628811
0.192707710699342
0.0194859533771668
0.0634787806335923
0.343933054393305
0.0304841601912732
0.066228332337119
0.10403466826061
0.0854751942618051
0.0332337118947998
0.0772265391512253
0.0868499701135684
0.134967124925284
0.110221159593545
0.148714883442917
0.134967124925284
0.0854751942618051
0.0841004184100417
0.28344291691572
0.02498505678422
0.148714883442917
0.341183502689779
0.0579796772265391
0.151464435146444
0.189958158995816
0.258696951583981
0.0442319187089062
3.22271368798565
0.140466228332337
0.261446503287507
0.00298864315600717
0.202331141661686
0.16246264196055
0.156963538553497
0.02498505678422
0.217453676031082
0.0882247459653317
0.200956365809922
0.181709503885236
0.0304841601912732
0.265570830842797
0.273819485953377
0.0414823670053796
0.0909742976688584
0.159713090257023
0.0332337118947998
0.100597728631201
0.783861326957562
0.0304841601912732
0.407172743574417
0.038732815301853
0.269695158398087
0.0882247459653317
0.255947399880454
0.0937238493723849
2.07340107591154
0.360430364614465
0.0359832635983264
0.17071129707113
0.0744769874476987
0.0332337118947998
0.107471607890018
0.0277346084877466
0.151464435146444
0.0772265391512253
0.203705917513449
0.00298864315600717
0.29994022713688
0.156963538553497
0.0882247459653317
0.324686192468619
0.0937238493723849
0.02498505678422
0.15421398684997
0.0607292289300657
0.0359832635983264
0.126718469814704
0.0937238493723849
0.0854751942618051
0.16246264196055
0.111595935445308
0.02498505678422
0.200956365809922
0.122594142259414
0.0483562462641961
0.121219366407651
0.111595935445308
0.203705917513449
0.0277346084877466
0.0717274357441721
0.0194859533771668
0.052480573819486
0.789360430364614
0.112970711297071
0.346682606096832
0.132217573221757
0.00298864315600717
0.286192468619247
0.29994022713688
0.0579796772265391
0.313687985654513
0.0772265391512253
0.2916915720263
0.130842797369994
0.0277346084877466
0.0552301255230126
0.585893604303646
0.15421398684997
0.2916915720263
0.195457262402869
0.0277346084877466
0.066228332337119
0.0469814704124328
0.0813508667065152
0.148714883442917
0.239450089659295
0.17071129707113
0.448416019127316
0.14596533173939
0.111595935445308
0.198206814106396
0.0937238493723849
0.0332337118947998
0.151464435146444
0.16246264196055
0.134967124925284
0.137716676628811
0.0964734010759115
0.0937238493723849
0.218828451882845
0.305439330543933
0.161087866108787
0.0909742976688581
0.327435744172146
0.038732815301853
0.195457262402869
0.156963538553497
0.15008965929468
0.0744769874476987
0.206455469216976
0.211954572624029
0.272444710101614
0.123968918111178
0.0469814704124328
0.0964734010759114
0.511655708308428
0.115032875074716
0.101972504482965
0.261446503287507
0.0497310221159594
0.261446503287507
0.121219366407651
0.14596533173939
0.0332337118947997
0.0277346084877466
0.0854751942618051
0.165212193664077
4.82570233114166
0.198206814106396
0.0937238493723849
0.165212193664077
0.137716676628811
0.319187089061566
0.379677226539151
0.0167364016736402
0.134967124925284
0.0717274357441721
0.00573819485953378
0.0194859533771668
0.233950986252241
0.159713090257023
0.0456066945606695
0.0829834130304839
0.0442319187089062
0.156963538553497
0.0579796772265391
0.242199641362822
0.0607292289300657
0.110221159593545
0.173460848774657
0.156963538553497
0.160400478182905
0.211954572624029
0.14596533173939
0.257322175732217
0.167961745367603
0.709623430962343
0.0332337118947998
0.000239091452480579
0.123968918111178
0.052480573819486
0.105409444112373
0.187208607292289
0.0992229527794381
0.693126120741183
0.0964734010759115
0.0937238493723849
0.280693365212194
0.200956365809922
0.0799760908547519
0.112970711297071
0.0414823670053796
0.217453676031082
0.29994022713688
0.011237298266587
0.00848774656306037
0.14596533173939
0.187208607292289
0.184459055588763
0.261446503287507
0.151464435146444
0.112970711297071
0.14596533173939
0.275194261805141
0.236700537955768
0.255947399880454
0.0277346084877466
0.272444710101614
0.114345487148834
