0
0.0359832635983264
0.0139868499701136
0.00298864315600717
0.209205020920502
0.122594142259414
0.860848774656306
0.02498505678422
0.112970711297071
2.88451882845188
0.0854751942618051
0.635385534967125
0.0194859533771668
0.206455469216976
0.0442319187089062
0.17071129707113
0.0552301255230126
0.203705917513449
0.112970711297071
0.0442319187089061
0.066228332337119
0.422295277943813
0.0689778840406455
0.159713090257023
0.129468021518231
0.0882247459653317
0.217453676031082
0.569396294082486
0.352181709503885
0.0222355050806934
0.0964734010759115
0.0194859533771668
0.066228332337119
0.141153616258218
0.0167364016736402
0.0744769874476987
0.184459055588763
0.0607292289300657
0.165212193664077
0.348057381948595
0.23326359832636
0.0194859533771668
0.0497310221159594
0.126718469814704
0.0456066945606694
0.266945606694561
0.0552301255230126
0.011237298266587
0.0332337118947997
0.220203227734608
0.126718469814704
0.588643156007173
0.0194859533771668
0.203705917513449
0.0442319187089062
0.0304841601912732
0.0634787806335923
0.176210400478183
0.0469814704124328
0.173460848774656
0.066228332337119
0.0277346084877466
0.167961745367603
0.209205020920502
0.0744769874476987
1.82044231918709
0.0304841601912732
0.038732815301853
0.0579796772265391
0.123968918111178
0.130842797369994
0.195457262402869
0.200956365809922
0.386551105797968
0.0167364016736402
0.0593544530783024
0.103227734608488
0.258696951583981
0.066228332337119
0.363179916317992
0.0497310221159594
0.269695158398087
0.0689778840406455
0.119844590555888
0.100597728631201
0.220203227734608
0.181709503885236
0.121219366407651
0.101972504482965
0.0744769874476987
0.206455469216976
0.140466228332337
0.132217573221757
0.0139868499701136
0.0964734010759115
0.011237298266587
0.253197848176928
0.163837417812313
0.104722056186491
0.187208607292289
0.101972504482965
0.15421398684997
0.200956365809922
0.191332934847579
0.306814106395696
0.23326359832636
0.136341900777047
0.148714883442917
0.440167364016736
0.121219366407651
0.17071129707113
0.15421398684997
0.518529587567245
0.011237298266587
0.0139868499701136
0.0359832635983264
0.330185295875672
0.0944112372982665
0.277943813508667
0.111595935445308
0.0497310221159594
0.0621040047818289
0.123968918111178
0.129468021518231
0.231201434548715
0.0819187089061565
0.052480573819486
0.0222355050806934
0.320561864913329
0.0786013150029886
0.0772265391512253
0.0689778840406455
0.17071129707113
0.161087866108787
0.119157202630006
0.294441123729827
0.0359832635983264
0.0566049013747758
0.276569037656903
0.0579796772265391
0.0634787806335923
0.0469814704124328
1.29527794381351
0.0772265391512253
0.118469814704124
0.0799760908547519
0.458726838015541
0.286192468619247
0.134967124925284
0.306814106395696
0.0854751942618051
0.02498505678422
0.0937238493723849
0.126718469814704
0.137716676628811
0.0194859533771668
0.0359832635983264
0.220203227734608
0.184459055588763
0.110221159593545
0.0332337118947998
0.00573819485953378
0.0717274357441721
0.255947399880454
0.112970711297071
0.0346084877465631
0.225702331141662
0.0497310221159594
0.0469814704124328
0.00848774656306037
0.0717274357441721
0.0696652719665271
0.0414823670053796
0.0634787806335923
0.0277346084877466
0.266945606694561
0.310938433950986
0.0414823670053796
0.409922295277944
0.107471607890018
0.0194859533771668
0.00573819485953378
0.0882247459653317
0.228451882845188
0.143215780035864
0.0827256425582785
0.495158398087268
0.122594142259414
0.0950986252241482
0.231201434548715
0.011237298266587
0.137716676628811
0.0985355648535565
0.0909742976688584
0.0359832635983264
0.15421398684997
1.08631201434549
0.195457262402869
0.151464435146444
0.175179318589361
0.235325762104004
0.184459055588763
0.0497310221159594
0.159713090257023
1.28977884040646
0.011237298266587
0.0579796772265391
0.2916915720263
0.0868499701135685
0.230514046622833
0.0882247459653317
0.00298864315600717
0.253197848176928
0.475911536162582
0.0772265391512253
0.365929468021518
0.0332337118947998
0.140466228332337
0.0346084877465631
0.14596533173939
0.132217573221758
0.176210400478183
0.152839210998207
0.107471607890018
0.365929468021518
0.0552301255230126
0.104722056186491
0.203705917513449
0.919964136282128
0.0359832635983264
0.0772265391512253
0.238075313807531
0.118469814704125
0.189958158995816
0.126718469814704
0.00848774656306037
0.0964734010759115
0.0882247459653317
0.236013150029886
0.0607292289300657
0.995576808129109
0.14596533173939
0.141841004184101
0.0139868499701136
0.0813508667065152
0.14596533173939
0.0359832635983264
0.0607292289300657
0.56252241482367
0.181709503885236
0.288942020322773
0.00298864315600717
0.0359832635983264
0.125343693962941
0.144590555887627
0.0222355050806934
0.134967124925284
0.0607292289300658
0.184459055588762
0.143215780035864
0.00298864315600717
0.0744769874476987
0.225874178123132
0.0634787806335923
0.066228332337119
0.236700537955768
0.132217573221757
0.484160191273162
0.0827256425582785
0.136341900777047
0.115720263000598
0.104722056186491
0.110221159593545
0.0634787806335923
0.137716676628811
0.00848774656306037
0.178959952181709
0.275194261805141
0.101972504482965
0.932337118947998
0.0194859533771668
0.0744769874476987
0.104722056186491
0.153526598924088
0.0359832635983264
0.038732815301853
0.141841004184101
0.339808726838015
0.543275552898984
0.350806933652122
0.14596533173939
0.198894202032277
0.0992229527794381
0.0414823670053796
0.107471607890018
0.142528392109982
0.0234907352062164
0.00298864315600717
0.216078900179318
0.250448296473401
0.134967124925284
0.15421398684997
0.0882247459653317
0.0579796772265391
0.128093245666467
0.149402271368798
0.140466228332337
0.115720263000598
0.122594142259414
0.0469814704124328
0.129468021518231
0.104722056186491
2.24662283323371
0.118469814704124
0.0909742976688584
0.0469814704124328
0.0782576210400476
0.02498505678422
0.519904363419008
0.189958158995816
0.228451882845188
0.0937238493723849
0.0772265391512253
0.145277943813509
0.0304841601912732
0.216078900179319
0.0909742976688584
0.0552301255230126
0.128093245666468
0.052480573819486
0.261446503287507
0.0731022115959353
0.159025702331141
0.165212193664077
0.081694560669456
0.244949193066348
0.269695158398087
0.0469814704124328
0.140466228332337
0.0964734010759115
0.066228332337119
0.0194859533771668
0.922713687985655
0.327779438135086
0.011237298266587
0.0717274357441721
0.151464435146444
0.0827256425582785
0.167961745367603
0.277256425582786
0.2916915720263
0.104722056186491
0.112970711297071
0.134967124925285
0.0222355050806934
0.189614465032875
0.0854751942618051
0.0854751942618051
0.0717274357441721
0.148714883442917
0.0277346084877466
1.46162582187687
0.0579796772265391
0.107471607890018
0.0731022115959356
0.0689778840406455
0.159713090257024
0.0909742976688584
0.0937238493723849
0.0167364016736402
0.214704124327555
0.0414823670053796
0.0621040047818291
0.242199641362821
0.151464435146444
0.159713090257023
0.052480573819486
0.356821578003586
0.159713090257023
0.288942020322773
0.0359832635983264
0.0222355050806934
0.0332337118947998
0.0579796772265391
0.127405857740585
0.0469814704124328
0.011237298266587
0.052480573819486
0.16246264196055
0.0992229527794381
0.0854751942618051
0.0552301255230126
0.0909742976688584
0.0222355050806934
0.052480573819486
0.0476688583383144
0.0854751942618051
0.126718469814704
0.0950986252241484
0.293066347878064
0.09578601315003
0.0634787806335923
0.0222355050806934
0.462163777644949
0.165212193664077
0.220203227734608
0.130670950388524
0.244949193066348
0.151464435146443
0.143215780035864
0.0139868499701136
0.0772265391512253
0.0799760908547519
0.181709503885236
0.250448296473401
0.00573819485953378
0.000239091452480579
0.0827256425582785
0.0634787806335923
0.209205020920502
0.062104004781829
0.0442319187089062
0.242199641362821
0.0332337118947998
0.184459055588763
0.0909742976688584
0.0847878063359236
0.00298864315600717
0.0992229527794381
0.167961745367603
0.109533771667663
0.0882247459653317
0.178959952181709
0.111595935445308
0.156963538553496
0.137716676628811
0.121219366407651
0.107471607890018
0.0394202032277345
0.0689778840406455
0.140466228332337
0.104722056186491
0.02498505678422
0.0827256425582785
0.272444710101614
0.0834130304841601
0.0194859533771668
0.0937238493723848
0.0414823670053796
0.264196054991034
0.132561267184698
0.1081589958159
0.167961745367603
0.800358637178721
0.107471607890018
0.0655409444112373
0.132217573221757
0.00298864315600717
0.231201434548715
0.173460848774656
0.0799760908547519
0.011237298266587
0.121219366407651
0.119157202630006
0.199581589958159
0.891781231320981
0.0772265391512253
0.140466228332337
0.106784219964137
0.0497310221159594
0.42916915720263
0.126718469814704
0.129468021518231
0.148714883442917
0.000239091452480579
0.038732815301853
0.011237298266587
0.121219366407651
0.0937238493723849
0.17071129707113
0.0882247459653317
0.011237298266587
0.497907949790795
0.184459055588763
0.217453676031082
0.176210400478183
0.148714883442917
0.431918708906157
0.0497310221159594
0.165212193664077
0.196832038254632
0.0634787806335923
0.181709503885236
0.0359832635983264
0.123968918111178
0.00848774656306037
0.0222355050806934
0.0827256425582785
0.277943813508667
0.193395098625224
0.0772265391512253
0.011237298266587
0.22913927077107
0.176210400478183
0.0139868499701136
0.0607292289300657
0.15421398684997
0.0469814704124328
0.249073520621638
0.250448296473401
0.00298864315600717
0.15421398684997
0.00848774656306037
0.0937238493723849
0.0332337118947998
0.101972504482965
0.30818888224746
0.115720263000598
0.121219366407651
0.247011356843993
0.156963538553497
0.0827256425582785
0.112970711297071
0.0579796772265391
0.255947399880454
0.136685594739988
0.233950986252241
0.0469814704124328
0.137716676628811
0.0786013150029888
0.14596533173939
0.15833831440526
0.0469814704124328
0.206455469216976
0.37898983861327
0.00848774656306037
0.104722056186491
0.0222355050806934
0.222952779438135
0.0717274357441721
0.02498505678422
0.121219366407651
0.2580095636581
0.0882247459653317
0.140466228332337
0.0414823670053796
0.0373580394500897
0.0414823670053796
0.354931261207412
0.0552301255230126
0.126718469814704
0.0909742976688584
0.0167364016736402
0.121219366407651
0.0607292289300657
0.0359832635983264
0.107471607890018
0.00848774656306037
0.00298864315600717
0.0634787806335922
0.203705917513449
0.0634787806335923
0.111595935445308
0.0964734010759115
0.0964734010759115
0.159713090257023
0.114345487148835
0.143215780035864
0.146652719665272
0.0992229527794381
0.129468021518231
0.739868499701136
0.0772265391512253
0.00848774656306037
2.87352062163778
0.052480573819486
0.134967124925284
0.0222355050806934
0.0992229527794381
0.107471607890018
0.00298864315600717
0.269695158398087
0.16246264196055
0.877346084877466
0.0909742976688584
0.17071129707113
0.0201733413030484
0.161087866108787
0.105409444112373
0.431918708906157
0.122250448296473
0.217453676031082
0.0304841601912732
0.0827256425582785
0.0414823670053796
0.0772265391512253
0.0744769874476987
0.509937238493724
0.807232516437539
0.101972504482965
0.0291093843395099
0.167274357441722
0.209205020920502
0.189958158995816
0.570083682008368
0.0222355050806934
0.121219366407651
0.0786013150029887
0.0469814704124328
0.187208607292289
0.286192468619247
0.165212193664077
0.099222952779438
0.0579796772265391
0.00298864315600717
0.011237298266587
0.107471607890018
0.181709503885236
0.56664674237896
0.405110579796773
0.16246264196055
0.118469814704124
0.152151823072325
0.187208607292289
0.0964734010759115
0.104722056186491
0.0992229527794381
0.0483562462641961
0.14596533173939
0.143215780035864
0.715122534369396
0.0194859533771668
0.0332337118947998
0.244949193066348
0.0786013150029888
0.121219366407651
0.0579796772265391
0.0992229527794381
0.110221159593544
0.00848774656306037
0.0552301255230126
0.184459055588763
0.183771667662881
0.327435744172146
0.544650328750747
0.0304841601912732
0.0277346084877466
0.0689778840406455
0.203705917513449
0.118469814704124
0.0799760908547519
0.106096832038254
0.148714883442917
0.198206814106396
0.066228332337119
0.196144650328751
0.00298864315600717
0.0882247459653317
0.134967124925284
0.140466228332337
0.00298864315600717
0.0827256425582784
0.121219366407651
0.052480573819486
0.235325762104005
0.15833831440526
0.0882247459653317
0.0332337118947998
1.4602510460251
0.0579796772265391
0.110221159593545
0.0772265391512253
0.200956365809922
0.000239091452480579
0.21264196054991
0.0607292289300657
0.0139868499701136
0.140466228332337
0.246323968918111
0.0689778840406455
0.0222355050806934
0.167961745367603
0.0167364016736402
0.553586371787208
0.0579796772265391
0.0648535564853557
0.0222355050806934
0.0799760908547519
0.0552301255230126
0.500657501494322
0.314375373580395
0.0442319187089062
0.038732815301853
0.473161984459056
0.0607292289300657
0.327435744172146
0.244949193066348
0.0992229527794381
0.0933801554094442
0.119844590555888
0.0799760908547519
0.14596533173939
0.161087866108787
0.0964734010759115
0.0442319187089062
0.169336521219366
0.0421697549312613
0.0194859533771668
0.0414823670053796
0.0222355050806934
0.0964734010759115
0.106096832038255
0.200956365809922
0.0332337118947998
0.211267184698147
0.0167364016736402
0.0332337118947998
0.0882247459653317
0.220203227734608
0.038732815301853
0.107471607890018
0.10437836222355
0.167961745367603
0.02498505678422
0.104722056186491
0.220203227734608
0.261446503287507
0.115720263000598
0.187208607292289
0.0586072922893008
0.0676031081888824
0.0497310221159594
0.500657501494322
0.011237298266587
0.133936043036462
0.0772265391512253
0.297190675433353
0.132217573221757
0.0277346084877466
0.134967124925284
0.946084877465631
0.00573819485953378
0.28344291691572
0.332934847579199
0.163837417812314
0.0497310221159594
0.220203227734608
0.14596533173939
0.0861625821876867
0.132217573221757
0.0827256425582785
0.038732815301853
0.129468021518231
0.052480573819486
0.144590555887627
0.167961745367603
0.0937238493723849
0.0689778840406455
0.28344291691572
0.112970711297071
0.225702331141662
0.038732815301853
0.343933054393305
0.0827256425582785
0.167274357441721
1.12480573819486
0.0552301255230126
0.0291093843395099
0.00848774656306037
0.0731022115959355
0.2167662881052
0.104722056186491
0.175523012552301
0.125343693962941
0.0827256425582787
0.186778989838613
2.19163179916318
0.169336521219366
0.0964734010759115
0.0442319187089062
0.407172743574417
0.211954572624029
0.0689778840406455
0.131873879258817
0.0847878063359234
0.115720263000598
0.0854751942618051
0.214704124327555
0.0909742976688584
0.0414823670053796
0.148714883442917
0.181709503885236
0.140466228332337
0.0552301255230126
0.011237298266587
0.0222355050806934
0.583144052600119
0.0717274357441721
0.236700537955768
0.123968918111178
0.0194859533771668
0.247011356843993
0.107471607890018
0.112970711297071
0.0799760908547519
0.154901374775852
0.156963538553497
0.052480573819486
0.0992229527794381
0.143215780035864
0.167961745367603
0.0497310221159594
0.118469814704124
0.17071129707113
0.351150627615062
0.184459055588763
0.0167364016736402
0.00573819485953378
0.0469814704124328
0.112970711297071
0.107471607890018
0.038732815301853
0.0909742976688584
0.134967124925284
0.0263598326359833
0.0882247459653317
0.0875373580394504
0.159025702331141
0.0552301255230126
0.0827256425582785
0.207142857142857
0.0304841601912732
0.14596533173939
0.15421398684997
0.066228332337119
0.0194859533771668
0.122250448296474
0.0593544530783025
0.198206814106396
0.0854751942618051
0.0469814704124328
0.154213986849971
0.17071129707113
0.132217573221757
0.0332337118947998
0.214704124327555
0.0813508667065153
0.0222355050806934
0.148714883442917
0.0507621040047818
0.0332337118947998
0.151464435146444
0.0497310221159594
0.0579796772265391
0.190645546921697
0.0469814704124328
0.0208607292289301
0.124312612074118
0.0332337118947998
0.452540346682606
0.0304841601912732
0.038732815301853
0.0992229527794381
0.49550209205021
0.107471607890018
0.161087866108787
0.115720263000598
0.0854751942618051
0.0373580394500897
0.0717274357441721
0.0414823670053796
0.213329348475792
0.066228332337119
0.099222952779438
0.159713090257023
0.0497310221159594
0.15421398684997
0.107471607890018
0.110221159593545
0.0346084877465631
0.244949193066348
0.00848774656306037
0.187208607292289
1.57023311416617
0.0277346084877466
0.471787208607293
0.0964734010759115
0.110221159593545
0.234638374178123
0.0222355050806934
0.0854751942618051
0.192707710699342
0.110221159593545
0.0744769874476987
0.00848774656306037
0.161087866108787
0.194082486551105
0.280693365212194
0.0469814704124328
0.132904961147639
0.000239091452480579
0.338433950986252
0.732307232516439
0.0689778840406455
0.122250448296473
0.0909742976688584
0.0222355050806934
0.128780633592349
0.15421398684997
0.066228332337119
0.157650926479379
0.02498505678422
0.110221159593545
0.0579796772265391
0.00848774656306037
0.0607292289300657
0.192707710699342
0.0889121338912135
0.0882247459653317
0.0222355050806934
0.28344291691572
0.476598924088464
0.116063956963539
0.206455469216976
0.244949193066348
0.12070382546324
0.0689778840406459
0.0167364016736402
0.243574417214585
0.0194859533771668
0.0607292289300657
0.0277346084877466
1.46162582187687
0.0841004184100418
0.0469814704124328
0.0937238493723849
0.066228332337119
0.093723849372385
0.167961745367603
0.00573819485953378
0.220203227734608
0.0799760908547519
0.49172145845786
0.643634190077705
0.143215780035864
0.0538553496712492
0.149058577405858
0.10025403466826
0.121219366407651
0.0621040047818291
0.0469814704124328
0.0414823670053796
0.0414823670053796
0.140466228332337
0.118469814704124
0.115720263000598
0.00298864315600717
0.0923490735206219
0.0681186491332934
0.0447474596533174
0.140466228332337
0.222952779438135
0.134967124925284
0.0139868499701136
0.104722056186491
0.101972504482965
0.143215780035864
0.0909742976688584
0.103347280334728
0.0194859533771668
0.0277346084877466
0.154729527794381
0.214704124327555
0.052480573819486
0.151464435146444
0.167961745367603
0.0717274357441721
0.0277346084877466
0.038732815301853
0.167961745367603
0.110221159593545
0.0442319187089062
0.00848774656306037
0.0304841601912732
0.330185295875672
0.250448296473401
0.2916915720263
0.0194859533771668
0.104722056186491
0.101972504482965
0.222952779438135
0.181709503885236
0.209205020920502
0.0552301255230126
0.00848774656306037
0.121219366407651
0.194769874476988
0.0772265391512253
0.052480573819486
0.0469814704124328
0.126718469814704
0.217453676031082
0.0442319187089062
0.011237298266587
0.111595935445308
0.02498505678422
0.0579796772265391
0.0786013150029887
0.195457262402869
0.297190675433353
0.16246264196055
0.238247160789002
0.0885684399282726
0.0772265391512253
0.0469814704124328
0.099566646742379
0.180334728033473
0.176210400478183
0.148714883442917
0.0428571428571429
0.0978481769276749
0.14596533173939
0.0222355050806934
0.497220561864913
0.297190675433353
0.632635983263598
0.181709503885236
0.248386132695756
0.0181111775254035
0.0772265391512253
0.316437537358039
0.264196054991034
0.0373580394500896
0.104722056186491
0.090286909742977
0.104722056186491
0.148714883442917
0.141153616258219
0.316437537358039
0.0414823670053796
0.0167364016736402
0.385176329946205
0.011237298266587
0.195457262402869
0.112970711297071
0.154901374775851
0.066228332337119
0.189958158995816
0.0909742976688584
0.0208607292289301
0.239450089659295
0.0799760908547519
0.0139868499701136
0.0937238493723847
0.106096832038255
0.178959952181709
0.156963538553497
0.0744769874476987
0.206455469216976
0.121219366407651
0.0909742976688584
0.184459055588763
0.0868499701135685
0.123968918111178
0.0442319187089062
0.275881649731022
0.103003586371787
0.114345487148834
0.165212193664077
0.117095038852361
0.176210400478183
0.316437537358039
0.17071129707113
0.0744769874476987
0.126718469814704
0.167961745367603
0.992827256425583
0.21998841900777
0.194082486551106
0.0414823670053796
0.297362522414824
0.217453676031082
0.0909742976688584
0.104722056186491
0.0277346084877466
0.107471607890018
0.0277346084877466
0.134967124925284
0.0414823670053796
0.0442319187089062
0.0222355050806934
0.0854751942618051
0.319187089061567
0.121219366407651
0.011237298266587
0.00848774656306037
0.0966452480573821
0.365929468021518
0.0222355050806934
0.17517931858936
0.0607292289300657
0.000239091452480579
0.118469814704124
0.178959952181709
0.195457262402869
0.0469814704124328
0.104722056186491
0.140466228332337
0.0490436341900777
0.123968918111178
0.00848774656306037
0.0304841601912732
0.117095038852361
0.066228332337119
0.0607292289300657
0.129468021518231
0.00298864315600717
0.335684399282726
0.052480573819486
0.0689778840406455
0.286192468619247
0.0634787806335924
1.10280932456665
0.118469814704124
0.000239091452480579
0.0820382546323972
0.136341900777047
0.0332337118947998
0.462163777644949
0.104722056186491
0.0634787806335922
0.0662283323371192
0.179991034070532
1.94142259414226
0.106784219964137
0.184459055588763
0.0909742976688584
0.0359832635983264
0.176210400478183
0.052480573819486
0.210579796772265
0.29994022713688
0.147340107591153
0.0579796772265391
0.202223737298266
0.112970711297071
0.0346084877465631
0.129468021518231
0.139091452480574
0.209205020920502
0.0634787806335923
0.038732815301853
0.211954572624029
0.148714883442917
0.0854751942618051
0.234982068141064
0.0277346084877466
0.0634787806335923
0.118469814704124
0.0985355648535567
0.236700537955768
0.111595935445308
0.0799760908547519
0.0834130304841601
0.115720263000598
0.173460848774656
0.126202928870293
0.115720263000598
0.192707710699342
0.15421398684997
0.0758517632994621
0.500657501494322
0.0909742976688584
0.00848774656306037
0.137716676628811
0.222952779438135
0.066228332337119
0.209205020920502
0.066228332337119
0.038732815301853
0.0332337118947998
0.123968918111178
0.0607292289300657
0.00573819485953378
1.11380753138075
0.191332934847579
0.038732815301853
0.266945606694561
0.151464435146444
0.101456963538553
0.146652719665272
0.0947549312612074
0.0634787806335923
0.0731022115959357
0.038732815301853
0.0717274357441721
0.140294381350867
0.0579796772265391
0.011237298266587
0.118469814704125
0.181365809922296
0.0744769874476987
0.011237298266587
0.129468021518231
0.167961745367603
0.0552301255230126
0.173460848774657
0.187208607292289
0.159713090257023
0.167961745367603
0.29994022713688
0.0882247459653317
0.129468021518231
0.140466228332337
0.156963538553497
0.0304841601912732
0.16246264196055
0.151464435146444
0.066228332337119
1.50493126120741
0.147340107591153
0.0469814704124328
0.482785415421399
0.110221159593545
0.14596533173939
0.120531978481769
1.06740884638374
0.239450089659295
0.0717274357441721
0.128093245666468
0.0937238493723849
0.00298864315600717
0.0552301255230126
0.0799760908547519
0.0841004184100421
0.15421398684997
0.0359832635983264
0.0978481769276747
0.0607292289300657
0.0799760908547518
0.129468021518231
0.357680812910938
0.0414823670053796
0.011237298266587
0.0139868499701136
0.02498505678422
0.0497310221159594
0.184115361625823
0.133592349073521
0.341183502689779
0.123968918111178
0.02498505678422
0.0634787806335923
0.0304841601912732
0.253369695158399
0.140466228332337
1.55648535564854
0.935086670651524
0.0139868499701136
0.434668260609683
2.51607890017932
0.0937238493723849
0.0407949790794979
0.156705768081291
0.404423191870891
0.0194859533771668
0.141497310221159
0.129468021518231
0.198206814106396
0.115720263000598
0.506156604901375
0.106096832038255
0.123968918111177
0.066228332337119
0.15421398684997
0.08753735803945
0.0497310221159594
0.261446503287507
0.153870292887029
0.0918335325762104
0.0634787806335923
0.0469814704124328
0.261446503287508
0.15833831440526
0.0634787806335923
0.0332337118947998
0.159713090257023
0.111595935445308
0.128093245666468
0.203705917513449
0.0717274357441721
0.123968918111178
0.136341900777047
0.0359832635983264
0.02498505678422
0.00298864315600717
0.103347280334728
0.148714883442917
0.0497310221159594
0.0964734010759115
0.253197848176928
0.159713090257023
0.00573819485953378
0.134967124925284
0.0524805738194859
0.112970711297071
0.30818888224746
0.156963538553497
0.02498505678422
1.23753735803945
0.0744769874476987
0.107471607890018
0.207830245068739
0.0359832635983264
0.137716676628811
0.123968918111178
0.115720263000598
0.038732815301853
0.0827256425582785
0.508906156604901
0.14596533173939
0.192707710699342
0.56664674237896
0.0304841601912732
0.206455469216975
0.143215780035864
0.0469814704124328
0.0222355050806934
0.352525403466826
0.0552301255230126
0.132217573221758
0.0552301255230126
0.510280932456665
0.101972504482965
0.396174536760311
0.280865212193664
0.00848774656306037
0.0359832635983264
0.132904961147639
0.121219366407651
0.200956365809922
0.176210400478183
0.052480573819486
0.178959952181709
0.155588762701734
0.0717274357441721
0.0992229527794383
0.000239091452480579
0.00573819485953378
0.300971309025702
0.0799760908547519
0.0126120741183503
0.0744769874476987
0.0882247459653317
0.052480573819486
0.225702331141662
0.066228332337119
0.151464435146444
0.0868499701135683
0.0139868499701136
0.052480573819486
0.407172743574417
0.0442319187089062
0.0139868499701136
0.16658696951584
0.0277346084877466
0.172086072922893
0.0579796772265391
0.0607292289300657
0.0359832635983264
0.224327555289899
0.0937238493723849
0.0937238493723849
0.0875373580394501
0.0414823670053796
0.000239091452480579
0.0193664076509265
0.0304841601912732
0.079976090854752
0.140466228332337
0.00298864315600717
0.104722056186491
0.0332337118947998
0.231201434548715
0.407172743574417
0.0937238493723849
0.126718469814704
0.0277346084877466
0.0552301255230126
0.0895995218170948
0.0827256425582785
0.181709503885236
0.150433353257621
0.175866706515241
0.0469814704124328
0.115720263000598
0.0222355050806934
0.118469814704124
0.0937238493723849
4.76521219366408
0.0992229527794382
0.143215780035863
0.165212193664077
