8.46060968320383
8.39187089061566
16.2335923490735
12.6481769276748
20.4541542139869
28.8567842199641
13.9679617453676
11.3146443514644
11.2981470412433
14.627854154214
11.4191273161984
8.98852361028093
6.62940824865511
11.8480573819486
19.0628810520024
12.7059175134489
10.4347878063359
9.62916915720263
7.083084279737
12.2481171548117
10.6520023909145
14.2236700537956
7.80621637776449
10.6575014943216
9.08475791990436
13.5802749551704
9.70340705319785
12.9836222355051
5.7495517035266
25.1613867304244
8.9335325762104
14.168679019725
0.066228332337119
7.63849372384937
16.7752540346683
10.3550508069337
8.49085475194262
9.03251643753736
7.00884638374178
8.14441123729827
6.92635983263598
7.45702331141662
22.3403466826061
9.55493126120741
13.5610280932457
48.604004781829
28.4883442916916
13.5362821279139
12.4749551703527
9.80514046622833
11.9085475194262
8.86754333532576
4.85319784817693
9.50818888224746
12.5464435146444
12.1120143454871
9.57967722653915
16.1401075911536
12.2549910340705
8.69157202630006
36.1156604901375
9.59342498505678
5.33436939629408
13.6270173341303
8.35062761506276
11.8673042438733
12.4007172743574
13.1018529587567
15.2410041841004
7.09958158995816
12.2412432755529
10.4485355648536
11.7813807531381
18.2875074716079
10.6272564255828
7.77872086072923
10.8802151823072
9.5741781231321
11.5703526598924
18.5157202630006
18.0977884040646
12.4227136879857
16.2638374178123
10.3275552898984
14.1466826060968
16.7367603108189
19.4670651524208
16.027375971309
8.96927674835625
14.831320980275
34.3586371787209
12.461207411835
9.18099222952779
7.42952779438135
10.3000597728631
10.7784817692767
13.4208009563658
8.06192468619247
11.5593544530783
8.11416616855947
10.4732815301853
19.8877465630604
10.8224745965332
16.6350268977884
12.1725044829647
27.7322175732218
4.86144650328751
17.6221159593545
8.70531978481769
9.59342498505678
16.6817692767484
12.048774656306
13.7644949193066
13.8827256425583
10.4155409444112
11.7160789001793
16.1098625224148
9.79414225941422
10.550268977884
9.6264196054991
8.68882247459653
11.369635385535
6.86312014345487
11.0726838015541
24.8231918708906
8.97202630005977
12.6261805140466
6.81912731619845
15.0540346682606
8.89778840406455
9.49994022713688
11.4108786610879
10.2670651524208
14.8973102211596
9.38170950388523
9.67316198445906
9.79964136282128
7.9931858936043
9.98661087866109
20.5283921099821
12.5876867901972
12.1890017931859
0.269695158398087
10.4760310818888
29.5964136282128
15.7991631799163
9.97836222355051
19.4203227734608
11.375134488942
11.5236102809325
12.3182307232516
17.8145845786013
27.2098027495517
12.7554094441124
6.70364614465033
7.92169754931261
11.7738194859534
10.5997609085475
8.42211595935445
10.0773460848775
14.7240884638374
9.76939629408248
11.265152420801
9.11500298864316
10.6877465630604
15.2575014943216
10.0031081888822
8.13891213389121
10.5832635983264
12.0845188284519
9.6264196054991
8.50460251046025
12.9753735803945
10.4705319784818
8.31213389121339
11.369635385535
11.9332934847579
10.962701733413
23.6958756724447
18.4799760908548
13.7892408846384
13.2228332337119
6.42044231918709
18.5872086072923
13.9487148834429
9.74739988045427
14.2126718469815
14.4848774656306
8.96652719665272
11.2898983861327
10.0443514644351
11.4026300059773
12.507949790795
9.69240884638374
19.7722653915123
10.7619844590556
9.25797967722654
14.4353855349671
12.5959354453078
13.3025702331142
8.7988045427376
8.4578601315003
6.90161386730424
8.48535564853556
9.40095636580992
15.7469216975493
12.8049013747759
21.8399282725643
14.2704124327555
12.0102809324567
10.5255230125523
17.7485953377167
9.0270173341303
17.36915720263
11.4328750747161
8.77955768081291
13.0716078900179
0.184459055588763
12.5904363419008
12.2962343096234
10.5942618051405
9.0682606096832
11.5593544530783
14.9275552898984
8.19390316796174
9.68416019127316
12.9671249252839
11.63084279737
17.7073520621638
14.4628810520024
12.4777047220562
10.0416019127316
12.8598924088464
14.4876270173341
12.2192468619247
9.49994022713688
6.89611476389719
11.6253436939629
14.1906754333533
1.3255230125523
18.4359832635983
7.40753138075314
14.2731619844591
14.0092050209205
19.175612671847
10.8994620442319
8.80430364614465
10.7592349073521
16.6542737597131
10.4210400478183
9.38720860729229
9.15349671249253
7.99593544530783
14.4078900179319
8.36987447698745
7.89145248057382
16.1813508667065
16.3710699342498
7.17381948595338
11.7683203825463
9.65391512253437
8.17190675433353
10.5007770472206
10.9901972504483
9.098505678422
10.085594739988
10.1075911536163
8.64482964734011
7.88045427375971
12.0597728631201
15.0320382546324
17.9025702331142
4.05032875074716
12.7939031679617
10.236820083682
6.51942618051405
9.12875074716079
8.67232516437537
13.7369994022714
10.8994620442319
6.69814704124327
9.67316198445906
12.2659892408846
12.7884040645547
8.7988045427376
10.7949790794979
6.61566049013748
0.140466228332337
13.4180514046623
15.6286909742977
7.5175134488942
7.00884638374178
27.5589958158996
14.2016736401674
4.91368798565451
8.59533771667663
10.1433353257621
54.7519426180514
8.26814106395696
8.06192468619247
10.6080095636581
10.4182904961148
8.82355050806934
17.1904363419008
9.71165570830843
5.83478780633592
17.0502092050209
9.86838015540944
12.4007172743574
10.9764494919307
12.560191273162
13.5170352659892
7.74847579199044
13.9707112970711
7.77872086072923
11.5098625224148
21.0425582785415
9.90687387925881
10.7289898386133
9.02976688583383
11.9717872086073
12.0405260011955
16.5085475194262
7.04459055588763
8.56784219964136
7.72098027495517
9.14524805738195
10.4485355648536
13.1843395098625
19.5550508069337
10.9352062163778
15.4967124925284
15.7744172145846
9.98936043036461
11.5236102809325
13.4840406455469
14.7048416019127
14.6883442916916
7.86120741183503
31.3643156007173
15.1997609085475
37.4766885833831
10.4842797369994
5.90352659892409
10.1158398087268
10.8554692169755
11.5181111775254
14.2869097429767
8.21315002988643
5.37286312014345
6.37644949193066
7.18481769276748
12.0047818290496
5.37836222355051
10.0031081888822
7.91344889420203
12.1780035863718
11.5126120741183
10.7372384937238
9.42020322773461
13.7205020920502
7.09958158995816
7.46252241482367
29.5936640765093
11.4961147638972
17.113448894202
9.32396891811118
12.1807531380753
13.3465630603706
8.39736999402271
18.6916915720263
10.9956963538553
15.6506873879259
28.3618649133293
24.6087268380155
12.351225343694
10.1928272564256
20.7373580394501
10.1763299462044
9.40645546921698
24.86168559474
7.99043634190078
10.4870292887029
12.670173341303
9.68690974297669
16.7037656903766
5.71105797967723
9.40095636580992
10.1405857740586
8.84279736999402
20.7401075911536
8.66957561267185
13.6325164375374
9.15212193664076
11.2376569037657
12.612432755529
9.13424985056784
9.62092050209205
6.82187686790197
6.60191273161984
16.1181111775254
10.8857142857143
10.0086072922893
15.301494321578
11.58410041841
10.7207411835027
9.78314405260012
10.8114763897191
12.0735206216378
10.597011356844
14.4931261207412
6.67065152420801
13.6902570233114
19.1453676031082
14.4793783622235
8.29013747758518
25.8735206216378
14.3831440526001
7.89145248057382
13.4208009563658
27.4187686790197
10.5475194261805
13.7315002988643
9.0270173341303
8.01243275552899
10.8719665271967
27.7487148834429
21.1607890017932
15.713927077107
20.9903167961745
18.9968918111178
15.3564853556485
12.7361625821877
17.7760908547519
6.03275552898984
5.13090257023311
15.7524208009564
11.9057979677227
13.0963538553497
12.8488942020323
9.73090257023311
12.1450089659295
7.49276748356246
8.88679019725045
8.74656306037059
12.1395098625224
14.6141063956964
10.550268977884
8.96102809324567
8.31488344291691
8.58433950986252
11.5428571428571
12.3484757919904
7.61924686192469
5.00992229527794
10.8224745965332
12.2
7.54225941422594
16.8054991034071
7.74022713687986
7.49826658696952
13.2558278541542
9.47519426180514
18.5102211595935
10.9599521817095
24.6114763897191
16.3958158995816
27.5424985056784
8.27913927077107
8.34787806335923
17.1354453078302
10.9187089061566
12.0762701733413
12.2
14.5206216377764
11.9497907949791
14.1906754333533
13.7397489539749
10.8747160789002
3.32169754931261
0.101972504482965
7.93819485953377
8.53209802749551
8.94178123132098
7.14907352062164
11.2321578003586
18.7191870890616
10.6080095636581
11.2871488344292
17.5753735803945
7.11332934847579
8.88953974895397
6.85212193664076
12.9148834429169
12.1505080693365
17.7595935445308
10.5997609085475
31.8344291691572
13.8469814704124
7.2068141063957
13.38505678422
18.2407650926479
6.566168559474
12.5629408248655
15.5489539748954
43.3084279736999
12.5739390316796
8.4688583383144
9.1919904363419
7.34979079497908
10.7729826658697
8.68332337118948
14.3583980872684
11.8535564853556
12.298983861327
8.94453078302451
10.5887627017334
10.3303048416019
18.3424985056784
9.23048416019127
10.4237895995218
17.8943215780036
7.8584578601315
9.72265391512253
10.1158398087268
13.4263000597729
12.5354453078302
7.47901972504483
11.8040645546922
6.10974297668858
15.8129109384339
13.6380155409444
9.57967722653915
17.0337118947998
7.24805738194859
13.4070531978482
14.7708308427974
13.9487148834429
13.9239689181112
8.39736999402271
14.8340705319785
6.92086072922893
6.88786610878661
10.4760310818888
13.5802749551704
10.2230723251644
12.8323968918111
12.0102809324567
20.4321578003586
10.4622833233712
18.5624626419605
12.6591751344889
7.3937836222355
11.3916317991632
6.17023311416617
13.7315002988643
17.3719067543335
10.0141063956964
14.3501494321578
13.0056186491333
17.5891213389121
14.3419007770472
11.3806335923491
15.9806335923491
12.6839210998207
8.53759713090257
17.1904363419008
7.93269575612672
23.258696951584
17.3526598924088
5.8017931858936
13.1788404064555
15.1172743574417
10.7289898386133
8.34237895995218
8.7163179916318
12.3924686192469
10.2010759115362
13.4922893006575
32.0325762104005
9.79414225941422
20.0197250448296
9.86013150029886
11.0864315600717
14.5261207411835
13.6160191273162
15.865152420801
10.1515839808727
10.5475194261805
18.5982068141064
10.852719665272
12.9533771667663
9.10400478182905
10.1928272564256
10.5805140466228
16.2858338314405
9.24423191870891
18.3562462641961
8.81255230125523
9.35971309025702
11.1276748356246
7.2178123132098
7.97393903167962
17.4598924088464
9.73915122534369
21.347758517633
6.99509862522415
7.58075313807531
11.0231918708906
12.5821876867902
7.65499103407053
11.7985654512851
13.2833233711895
9.150747160789
6.99234907352062
14.5838613269576
9.17274357441721
29.6734010759115
18.2572624028691
7.13807531380753
15.1007770472206
11.2211595935445
11.5071129707113
9.41745367603108
12.8708906156605
15.3784817692767
9.04626419605499
8.52109982068141
11.7078302450687
16.2390914524806
7.96294082486551
12.304482964734
9.87937836222355
10.5530185295876
13.8607292289301
10.6987447698745
6.43144052600119
11.0286909742977
9.06551105797968
9.01052002390914
10.4210400478183
12.3072325164375
7.2068141063957
14.6718469814704
7.90794979079498
20.4211595935445
10.800478182905
7.18206814106396
6.46168559473999
9.14249850567842
13.6325164375374
9.7501494321578
16.9099820681411
14.4876270173341
11.9030484160191
10.6794979079498
13.6325164375374
12.0707710699342
19.384578601315
7.81171548117155
6.92910938433951
9.37346084877466
11.5098625224148
15.458218768679
10.5860131500299
11.8700537955768
47.8093245666467
27.963179916318
8.62283323371189
9.09300657501494
10.0086072922893
7.32504482964734
25.2961147638972
7.48726838015541
10.1680812910938
15.8404064554692
10.9297071129707
9.83813508667065
9.8326359832636
8.08942020322773
9.7913927077107
17.4653915122534
12.7306634787806
7.93269575612672
15.1860131500299
9.39820681410639
22.7060370591751
15.0842797369994
10.1460848774656
13.7617453676031
7.83921099820681
14.8230723251644
7.45152420800956
9.68690974297669
16.1181111775254
30.8888224745965
13.4455469216975
0.143215780035864
13.5775254034668
14.5591153616258
9.98111177525403
14.7598326359833
13.2888224745965
13.5142857142857
14.9330543933054
9.14799760908548
11.7490735206216
9.61267184698147
12.7334130304842
19.2361028093246
16.4673042438733
18.3672444710102
12.9066347878063
11.3888822474597
10.9462044231919
7.36628810520024
10.2643156007173
9.08750747160789
8.3753735803945
13.4015540944411
16.9842199641363
10.3110579796772
18.449731022116
10.544769874477
10.3000597728631
10.0580992229528
10.6904961147639
5.53508667065152
9.59617453676031
11.7380753138075
10.2065750149432
8.83729826658697
10.1488344291692
28.4663478780634
8.35612671846981
9.10675433353257
14.9000597728631
10.2808129109384
9.17824267782427
16.3710699342498
13.1210998206814
8.26814106395696
13.2613269575613
7.41578003586372
9.70065750149432
15.2849970113568
9.16174536760311
16.5745367603108
10.5007770472206
16.3600717274357
21.1662881052002
5.26013150029886
11.8425582785415
11.8728033472803
9.52193664076509
11.5621040047818
16.4480573819486
9.96186491332935
8.73281530185296
14.6635983263598
12.7911536162582
8.57059175134489
10.0388523610281
10.7977286312014
11.7793185893604
13.6105200239091
8.93078302450687
11.0946802151823
11.7573221757322
9.14799760908548
16.7697549312612
16.2445905558876
21.916915720263
12.4254632396892
8.39187089061566
9.16449491930663
6.63765690376569
7.91894799760908
13.1430962343096
10.4072922893007
13.6820083682008
10.6547519426181
0.225702331141662
7.25080693365212
34.1963538553497
8.01243275552899
0.181709503885236
17.520382546324
14.0312014345487
14.7680812910938
14.1466826060968
18.6421996413628
16.1071129707113
10.5145248057382
29.1702331141662
7.30304841601913
9.90137477585176
12.6344291691572
27.4627615062762
9.56317991631799
21.347758517633
9.67591153616258
5.51858936043036
8.61733413030484
16.5580394500897
11.5291093843395
11.4136282127914
13.2173341303048
15.8871488344292
13.6380155409444
15.6011954572624
16.5002988643156
18.4332337118948
8.4991034070532
12.9341303048416
13.7122534369396
8.81530185295876
18.9968918111178
7.05558876270173
15.1062761506276
12.0350268977884
12.6344291691572
13.9432157800359
6.9181111775254
8.11141661685595
12.4832038254632
12.6041841004184
9.03251643753736
13.3108188882247
9.24698147041243
12.1202630005977
9.36521219366408
10.3687985654513
12.1725044829647
8.70257023311417
8.52384937238494
11.1249252839211
9.7913927077107
14.9138075313808
6.26096832038255
17.7128511655708
19.6375373580394
13.5197848176928
6.64040645546922
17.165690376569
12.8598924088464
8.13341303048416
11.7765690376569
13.4482964734011
9.51918708906157
12.7334130304842
13.5252839210998
12.5052002390915
14.1989240884638
14.9083084279737
15.6699342498506
18.8566646742379
21.5457262402869
9.96186491332935
11.1524208009564
10.5942618051405
6.56341900777047
10.1515839808727
10.3248057381949
6.566168559474
9.0572624028691
15.1942618051405
20.4486551105798
9.18924088463837
9.26622833233712
15.2932456664674
13.1320980274955
13.3410639569635
9.63191870890616
12.0570233114166
9.56867901972504
9.52193664076509
12.7389121338912
12.763658099223
7.99593544530783
13.5830245068739
8.35062761506276
8.87029288702929
8.42486551105798
15.1832635983264
12.9066347878063
15.400478182905
13.2695756126718
8.7685594739988
17.0254632396892
6.82737597130903
15.2849970113568
12.9423789599522
16.6817692767484
12.6921697549313
11.5428571428571
17.0254632396892
15.8486551105798
6.66240286909743
9.60442319187089
13.2173341303048
9.33496712492528
13.4510460251046
14.9550508069337
11.9057979677227
15.2684997011357
11.782068141064
12.9643753735804
12.3732217573222
0.02498505678422
7.20131500298864
18.9281530185296
11.3971309025702
10.3330543933054
11.7023311416617
8.03167961745368
9.12050209205021
9.40370591751345
7.98768679019725
7.04459055588763
12.3292289300658
9.72540346682606
12.4502092050209
11.7078302450687
9.49994022713688
17.932815301853
12.9533771667663
11.0066945606695
7.21506276150628
7.97668858338314
23.9598326359833
9.20573819485953
6.51942618051405
13.1485953377167
7.99043634190078
11.5621040047818
15.1915122534369
10.3138075313808
8.76580992229528
11.4521219366408
6.50292887029289
8.00143454871488
12.7059175134489
11.06168559474
10.8829647340108
7.11057979677226
20.3551703526599
17.5918708906157
7.15182307232516
14.8203227734608
8.8098027495517
13.8139868499701
8.78780633592349
17.9603108188882
12.4007172743574
8.58708906156605
10.4732815301853
11.1964136282128
15.098027495517
8.73556485355648
9.98661087866109
11.0231918708906
24.2155409444112
6.54142259414226
9.70615660490137
13.5170352659892
6.85212193664076
8.11416616855947
5.07591153616258
8.52659892408846
6.34070531978482
9.85463239689181
10.753735803945
9.9261207411835
11.1276748356246
8.81530185295876
16.3050806933652
9.80239091452481
10.5337716676629
8.06467423789599
12.252241482367
12.9148834429169
13.4510460251046
11.7408248655111
10.6657501494322
8.86204423191871
9.29922295277944
7.62749551703526
7.9821876867902
29.9731022115959
3.1237298266587
15.3949790794979
9.79414225941422
18.0400478182905
12.6619246861925
25.169635385535
0.0937238493723849
5.60657501494321
8.67232516437537
11.7188284518828
3.10723251643754
10.5392707710699
11.7435744172146
11.2953974895397
10.5117752540347
8.47435744172146
10.9022115959354
9.47794381350867
7.61374775851763
11.6253436939629
8.62833233711895
10.800478182905
8.94728033472803
15.870651524208
7.7237298266587
12.4584578601315
7.82821279139271
11.474118350269
17.4516437537358
11.6445905558876
15.2684997011357
9.65941422594142
13.8717274357442
11.8480573819486
9.9673640167364
9.66216377764495
10.0223550508069
5.37011356843993
7.56150627615063
10.8664674237896
12.9946204423192
16.2143454871488
11.3558876270173
14.3473998804543
8.54859533771668
10.4155409444112
24.2540346682606
13.8139868499701
35.1231320980275
8.35337716676629
17.2399282725643
17.1326957561267
6.49742976688583
12.5904363419008
17.1684399282726
15.4719665271967
16.9209802749552
8.53209802749551
12.7444112372983
8.79055588762702
13.332815301853
10.852719665272
11.2046622833234
9.64566646742379
10.6987447698745
21.301016138673
17.6001195457262
9.3569635385535
29.101494321578
15.2410041841004
19.3460848774656
8.29013747758518
9.95086670651524
17.0997011356844
15.4939629408249
16.6130304841602
8.40011954572624
15.4032277346085
8.52659892408846
7.97668858338314
20.6328750747161
8.633831440526
24.4190077704722
13.4785415421399
12.2577405857741
10.544769874477
8.65857740585774
13.3768081291094
12.0350268977884
10.0965929468022
6.68714883442917
8.65857740585774
14.3858936043036
15.6946802151823
11.7215780035864
10.4347878063359
20.5311416616856
13.7644949193066
9.97011356843993
16.1648535564854
13.802988643156
19.1371189479976
9.67316198445906
16.4975493126121
6.03000597728631
7.9409444112373
12.4694560669456
62.6213389121339
9.89587567244471
10.2753138075314
18.606455469217
0.0414823670053796
13.7919904363419
8.34787806335923
11.0121936640765
11.9085475194262
10.2615660490137
14.6965929468022
12.9148834429169
8.59533771667663
16.7257621040048
15.6534369396294
20.5311416616856
9.83813508667065
10.6327555289898
9.96461446503287
7.09958158995816
9.90137477585176
8.20765092647938
14.9797967722654
20.3936640765093
11.0369396294082
12.2549910340705
9.82163777644949
8.27089061566049
8.28738792588165
12.2494919306635
31.6832038254632
13.6297668858338
9.29097429766886
12.043275552899
16.8054991034071
19.2938433950986
9.16449491930663
15.7854154213987
16.0823670053796
11.3503885236103
8.5925881649731
8.0344291691572
12.4117154811715
8.30663478780634
8.79055588762702
10.8719665271967
10.0526001195457
7.54225941422594
20.1022115959354
14.4848774656306
8.65032875074716
11.5016138673042
9.17274357441721
22.0846383741781
18.8979079497908
11.8783024506874
11.1496712492528
16.2198445905559
11.7023311416617
16.5580394500897
7.64949193066348
13.7369994022714
18.1912731619845
9.3267184698147
9.20573819485953
13.547280334728
12.9478780633592
17.0447101016139
9.34871488344292
12.3897190675433
10.5090257023311
15.8624028690974
20.6026300059773
13.3300657501494
22.9315002988643
9.15899581589958
12.9011356843993
8.36162582187687
11.4686192468619
12.6344291691572
15.8321578003586
14.0669456066946
16.3738194859534
36.1787208607292
8.86754333532576
11.9772863120143
35.0708308427974
15.5187089061566
9.92337118947998
7.8584578601315
10.1350866706515
9.92062163777645
11.6143454871488
11.3146443514644
11.6170950388524
12.5546921697549
18.7576808129109
13.901972504483
6.64315600717274
15.4637178720861
10.6107591153616
10.0745965331739
13.8112372982666
19.2773460848775
9.20573819485953
16.1153616258219
9.07101016138673
10.2808129109384
8.98577405857741
10.6520023909145
11.0259414225941
9.87662881052002
6.79438135086672
14.8175732217573
9.40645546921698
16.8687387925882
12.1835026897788
10.1048416019127
16.6542737597131
13.9102211595935
9.30197250448296
15.8981470412433
15.8871488344292
6.55791990436342
10.0498505678422
9.42570233114166
13.5445307830245
7.72098027495517
9.74739988045427
14.9660490137478
11.8370591751345
11.212910938434
8.75481171548117
11.0506873879259
10.2753138075314
11.7573221757322
8.91428571428571
13.5225343693963
12.4337118947998
6.72014345487149
10.7207411835027
0.0222355050806934
11.4823670053796
14.6223550508069
8.85654512851166
13.7919904363419
13.8469814704124
9.29647340107591
14.2649133293485
5.7083084279737
11.6445905558876
15.9641362821279
11.8563060370592
15.1530185295876
31.4357441721458
6.85487148834429
12.7994022713688
13.5307830245069
14.47662881052
8.49360430364614
10.3550508069337
13.1733413030484
15.9558876270173
11.9195457262403
12.7196652719665
10.8114763897191
17.8970711297071
11.2514046622833
8.63658099222953
7.68798565451285
12.3402271368799
24.1990436341901
8.47985654512851
15.098027495517
8.5101016138673
13.0193664076509
14.9193066347878
9.81888822474597
6.74763897190675
14.9248057381949
11.7050806933652
17.8943215780036
8.17190675433353
12.6591751344889
22.6812910938434
9.59342498505678
6.57441721458458
10.0168559473999
11.8123132098027
14.993544530783
8.22414823670054
8.2516437537358
11.6638374178123
7.89145248057382
9.44494919306635
11.3668858338314
7.89695158398087
7.14632396891811
8.40011954572624
30.9988045427376
21.9224148236701
10.858218768679
4.91643753735804
10.753735803945
24.9111775254035
11.1056784219964
5.30687387925882
11.1936640765093
11.0231918708906
13.8057381948595
9.30197250448296
11.6555887627017
16.9759713090257
16.5112970711297
12.0212791392708
10.2148236700538
8.32038254632397
32.7585176329946
10.0471010161387
8.96377764494919
22.5603108188882
14.0531978481769
14.4738792588165
19.0133891213389
7.55050806933652
11.0836820083682
9.53018529587567
14.0696951583981
11.0424387328153
10.6822474596533
5.27937836222355
14.0971906754334
19.5330543933054
16.1621040047818
7.92169754931261
10.1900777047221
12.0762701733413
8.36987447698745
6.59091452480574
13.082606096832
7.34429169157203
12.8626419605499
5.90902570233114
11.4301255230126
9.43395098625224
12.095517035266
5.95026897788404
15.7276748356246
10.4237895995218
9.3569635385535
15.667184698147
10.027854154214
14.0476987447699
16.9539748953975
8.95552898983861
11.0396891811118
10.9214584578601
20.3496712492528
8.36712492528392
10.800478182905
11.3448894202032
9.10675433353257
14.3419007770472
13.3190675433353
36.9790794979079
12.0061566049014
14.267662881052
8.66132695756127
11.474118350269
11.9222952779438
10.0416019127316
7.06658696951584
5.75505080693365
12.5381948595338
5.08965929468021
9.26897788404064
10.5777644949193
9.72265391512253
13.541781231321
11.5868499701136
7.88595337716677
0.0277346084877466
8.2928870292887
10.393544530783
14.011954572624
23.9928272564256
17.9960549910341
7.45152420800956
19.3708308427974
13.9102211595935
10.3000597728631
9.97836222355051
12.8763897190675
13.4400478182905
47.240286909743
11.7078302450687
9.73090257023311
13.2310818888225
12.5464435146444
8.15265989240885
9.45869695158398
10.341303048416
11.2953974895397
15.9778840406455
19.6237895995218
11.4631201434549
15.2822474596533
0.159713090257023
15.3647340107591
9.89862522414824
15.8294082486551
13.1843395098625
8.16915720263001
12.7719067543335
7.92169754931261
10.5227734608488
38.3371189479976
8.22964734010759
14.889061566049
11.1854154213987
9.13424985056784
11.2953974895397
14.5096234309623
14.7790794979079
20.7621040047818
13.1265989240885
16.1593544530783
12.9038852361028
13.8249850567842
9.48344291691572
10.9297071129707
14.5948595337717
11.1469216975493
9.47519426180514
11.5813508667065
8.26539151225344
8.89503885236103
11.270651524208
8.13616258218769
11.8755528989839
7.14907352062164
13.5720263000598
13.0606096832038
6.4011954572624
8.72181709503885
6.04100418410042
9.08750747160789
6.26096832038255
7.70723251643754
16.3573221757322
10.8802151823072
8.18015540944411
8.41386730424387
8.96377764494919
11.1634190077705
12.7526598924088
11.3118947997609
14.2126718469815
15.8624028690974
8.72731619844591
6.48918111177525
12.9753735803945
6.27746563060371
6.57441721458458
9.57967722653915
9.7501494321578
15.870651524208
10.7179916317992
11.892050209205
8.52384937238494
10.498027495517
14.3034070531978
13.6545128511656
9.44219964136282
15.4719665271967
19.5138075313808
13.2393305439331
12.6234309623431
8.23789599521817
7.75397489539749
22.9424985056784
10.8802151823072
8.58158995815899
15.5022115959354
14.2126718469815
13.7479976090855
29.8191273161984
14.1356843992827
8.99127316198446
13.8387328153019
15.1640167364017
11.3146443514644
7.50926479378362
15.6506873879259
18.0840406455469
16.4480573819486
9.41745367603108
14.7268380155409
7.48726838015541
18.815421398685
22.0378959952182
9.70615660490137
8.14716078900179
9.74465032875075
8.29838613269576
10.7262402869097
12.1725044829647
13.9294680215182
15.7111775254035
16.236341900777
14.2209205020921
9.67591153616258
10.3000597728631
8.43036461446503
16.0383741781231
16.027375971309
21.9114166168559
9.73640167364017
17.4186491332935
11.1524208009564
5.90627615062761
13.0908547519426
4.99067543335326
19.5523012552301
12.0102809324567
15.7716676628811
9.02426778242678
11.3091452480574
9.9261207411835
9.32121936640765
6.98410041841004
12.6316796174537
9.73090257023311
8.34787806335923
14.4931261207412
11.4631201434549
16.8109982068141
10.2808129109384
13.1073520621638
11.7408248655111
12.6811715481172
9.50818888224746
19.1673640167364
13.0991034070532
13.4675433353258
11.8810520023909
18.3837417812313
7.5175134488942
5.76604901374776
6.18123132098027
6.48918111177525
18.042797369994
17.5753735803945
10.7289898386133
9.93161984459056
10.701494321578
16.8549910340705
10.5172743574417
18.2820083682008
11.4163777644949
13.1953377166766
9.15899581589958
18.7906754333533
14.1136879856545
8.2818888224746
8.78505678421996
26.5004184100418
9.07650926479378
14.9523012552301
11.7105797967723
6.87136879856545
12.4392109982068
4.61948595337717
6.99509862522415
12.5519426180514
12.4694560669456
13.6737597130903
8.58708906156605
26.2667065152421
5.18589360430365
28.8650328750747
9.65391512253437
11.8233114166169
14.9797967722654
8.2516437537358
17.0502092050209
10.8169754931261
15.5352062163778
13.8579796772265
9.37346084877466
8.74106395696354
12.5161984459056
12.617931858936
7.89695158398087
7.97393903167962
5.1089061566049
9.5329348475792
16.6982665869695
13.4510460251046
10.6712492528392
8.4688583383144
8.12241482367005
13.5005379557681
13.5142857142857
51.2519426180514
34.1852958756724
23.5446503287507
6.46718469814704
46.1733413030484
13.5582785415421
10.8664674237896
6.98410041841004
13.2310818888225
15.0595337716677
9.11775254034668
12.1175134488942
11.0424387328153
13.6655110579797
11.0946802151823
12.1835026897788
9.0682606096832
18.2820083682008
7.1765690376569
11.3201434548715
8.83179916317992
20.9930663478781
9.3679617453676
9.70340705319785
13.8139868499701
8.116915720263
19.7667662881052
24.4822474596533
14.1356843992827
8.8922893006575
11.8838015540944
10.080095636581
11.9525403466826
15.04578601315
9.14799760908548
10.6520023909145
7.52026300059773
11.1771667662881
11.0506873879259
19.227854154214
11.4246264196055
8.52109982068141
10.1075911536163
11.4328750747161
14.2704124327555
15.2437537358039
7.49551703526599
10.0526001195457
14.4876270173341
8.79605499103407
16.4453078302451
16.852241482367
12.6536760310819
12.6894202032277
9.53843395098625
10.1955768081291
28.2986252241482
10.6080095636581
12.408965929468
10.4347878063359
10.1268380155409
9.25248057381949
16.4233114166169
15.1530185295875
16.9237298266587
7.78971906754334
8.95002988643156
13.6820083682008
7.54500896592947
7.57250448296473
15.2904961147639
11.7050806933652
9.50268977884041
10.7949790794979
9.92337118947998
10.3275552898984
15.2355050806934
10.7124925283921
13.4235505080693
9.098505678422
23.1624626419606
10.0690974297669
10.6052600119546
14.0999402271369
12.2054991034071
12.8104004781829
11.3778840406455
12.8956365809922
11.3668858338314
19.8135086670652
0.258696951583981
10.7784817692767
13.5692767483562
10.7647340107591
7.67148834429169
16.7780035863718
14.0312014345487
9.08475791990436
9.64016736401673
18.4249850567842
7.75947399880454
11.2376569037657
14.5646144650329
6.40944411237298
13.1018529587567
13.6297668858338
10.49252839211
12.6234309623431
10.910460251046
11.3943813508667
14.8340705319785
7.95744172145846
14.4298864315601
12.8983861326958
11.0341900777047
6.39569635385535
13.7260011954573
18.2270173341303
7.64399282725642
12.8543933054393
13.2200836820084
26.0357441721458
7.34979079497908
10.2340705319785
8.51835026897788
12.1560071727436
23.0139868499701
9.85738194859534
7.52576210400478
12.1862522414824
7.15457262402869
9.0682606096832
10.9324566646742
7.82546323968918
12.5684399282726
16.7257621040048
12.0625224148237
23.6353855349671
9.76389719067543
9.81888822474597
20.5778840406455
10.6300059772863
27.5919904363419
13.3108188882247
22.7307830245069
7.27830245068739
13.1568439928273
7.36903765690376
12.1642558278542
10.3248057381949
12.9808726838016
12.8268977884041
8.46335923490735
17.8420800956366
10.8417214584579
12.5491930663479
7.17381948595338
12.3429766885834
14.5508667065152
7.44327555289898
12.0570233114166
18.2765092647938
14.7103407053198
12.4254632396892
17.0474596533174
9.02976688583383
10.1020920502092
12.8543933054393
10.8857142857143
17.3306634787806
13.0331141661686
10.9709503885236
13.5142857142857
8.39462044231919
23.6216377764495
8.62008368200837
0.052480573819486
5.81829049611476
9.79414225941422
8.90328750747161
8.69432157800358
11.1221757322176
15.3372384937238
8.04542737597131
9.60167364016736
15.4279736999402
13.6847579199044
14.6168559473999
9.7913927077107
8.36437537358039
6.88511655708308
10.4650328750747
11.9195457262403
12.1807531380753
8.44411237298267
16.7642558278542
9.42845188284519
9.15624626419605
19.4505678421996
9.615421398685
19.9152420800956
11.1799163179916
12.9231320980275
12.7719067543335
15.2739988045427
21.6419605499103
7.48176927674836
18.9941422594142
9.23873281530185
12.0707710699342
21.4879856545129
11.6143454871488
9.5439330543933
19.5468021518231
9.26897788404064
9.65666467423789
11.5813508667065
11.58410041841
11.6253436939629
11.8590555887627
10.8747160789002
16.4535564853556
12.2384937238494
12.8241482367005
12.5354453078302
22.4613269575613
6.48643156007173
8.60908547519426
9.43945008965929
10.3962940824866
11.5291093843395
5.82928870292887
7.43777644949193
17.0447101016139
17.0749551703527
9.73915122534369
7.22881052002391
12.9423789599522
6.49742976688583
11.7848176927675
11.0286909742977
17.8833233711895
37.7241482367005
9.30747160789002
7.22606096832038
8.26264196054991
8.71906754333533
10.085594739988
5.71655708308428
7.17106993424985
9.03801554094441
13.4345487148834
8.29838613269576
13.1403466826061
11.2843992827256
13.1705917513449
8.88953974895397
11.6775851763299
8.66132695756127
14.6223550508069
17.41589958159
12.7994022713688
18.3122534369396
12.7966527196653
18.8979079497908
14.7983263598326
13.1568439928273
12.0982665869695
10.1185893604304
10.4650328750747
3.75612671846981
5.13365212193664
9.4092050209205
10.649252839211
8.76031081888822
18.0620442319187
13.3465630603706
8.97202630005977
7.99043634190078
11.6390914524806
7.07208607292289
14.5838613269576
12.9038852361028
9.30747160789002
7.36903765690376
14.2209205020921
11.6583383144053
12.8873879258817
10.0251046025105
14.8725642558279
13.3575612671847
9.80239091452481
9.94811715481171
11.0424387328153
9.31846981470412
10.4292887029289
12.8653915122534
16.4178123132098
0.0167364016736402
6.11524208009564
9.10675433353257
10.033353257621
11.8178123132098
7.22606096832038
0.0992229527794381
8.00143454871488
10.2808129109384
9.88762701733413
9.32946802151823
8.35612671846981
13.2530783024507
13.9954572624029
0.764614465032875
10.5007770472206
12.2907352062164
18.7659294680215
13.3245666467424
20.3909145248057
10.7839808726838
12.6509264793784
13.6242677824268
17.0199641362821
6.11799163179916
10.8719665271967
4.56724447101016
4.94118350268978
11.0974297668858
12.5546921697549
13.9652121936641
11.3531380753138
10.9434548714883
5.87603108188882
9.47519426180514
8.50460251046025
9.87662881052002
13.2998206814106
8.08117154811715
25.7525403466826
8.14166168559474
10.2725642558279
10.8829647340108
7.99043634190078
6.43968918111177
8.5403466826061
10.0938433950986
11.4411237298267
12.8461446503288
14.6745965331739
10.649252839211
21.661207411835
10.2175732217573
17.2344291691572
11.3091452480574
6.61016138673042
12.2412432755529
13.9844590555888
18.2765092647938
12.408965929468
13.651763299462
7.96294082486551
8.35337716676629
9.62092050209205
11.2404064554692
13.5637776449492
9.16449491930663
12.9891213389121
21.5814704124328
16.7450089659295
7.63024506873879
8.3753735803945
9.67866108786611
10.0498505678422
16.0658696951584
14.6965929468022
14.4656306037059
9.93711894799761
12.0020322773461
11.0479378362224
11.3861326957561
11.0204423191871
10.4182904961148
0.112970711297071
10.1130902570233
10.3825463239689
15.301494321578
8.95277943813509
9.18649133293485
12.3539748953975
8.65857740585774
11.427375971309
9.74465032875075
10.6327555289898
12.0625224148237
7.53401075911536
17.880573819486
10.9654512851166
14.2126718469815
10.1268380155409
9.7913927077107
10.5282725642558
6.26096832038255
10.49252839211
21.0068141063957
8.84554692169755
15.6314405260012
11.7270771069934
7.95744172145846
16.0026300059773
12.1560071727436
12.6014345487149
9.85188284518828
11.009444112373
15.6314405260012
11.782068141064
18.5487148834429
38.7606096832038
16.9072325164375
14.2511655708308
15.2602510460251
10.8664674237896
7.06933652121937
9.48344291691572
13.2750747160789
16.7917513448894
9.86838015540944
8.72731619844591
17.4406455469217
11.8178123132098
27.5067543335326
11.3668858338314
8.05642558278541
13.233831440526
12.7224148236701
15.1585176329946
9.55768081291094
9.75289898386132
11.01494321578
16.492050209205
9.86013150029886
10.8664674237896
16.9374775851763
40.2316198445906
9.64291691572026
9.35971309025702
8.0756724447101
7.80346682606097
12.9368798565451
16.2720860729229
11.5153616258219
13.3933054393305
7.18481769276748
10.805977286312
9.93161984459056
11.1909145248057
10.7124925283921
10.5612671846981
8.76580992229528
9.50268977884041
10.0471010161387
11.7463239689181
8.56096832038254
12.1725044829647
13.6820083682008
6.03275552898984
9.47794381350867
6.65415421398685
18.6806933652122
12.6839210998207
14.3748953974895
10.1543335325762
29.4919306634788
9.65941422594142
9.26347878063359
18.3947399880454
8.58708906156605
13.1046025104602
8.68882247459653
7.53676031081889
8.81255230125523
13.1375971309026
9.05451285116557
9.29647340107591
5.58182904961148
20.3579199043634
5.13090257023311
10.5007770472206
16.4810520023909
7.56975493126121
18.1197848176928
10.2175732217573
15.2327555289898
14.8670651524208
10.1185893604304
11.7958158995816
6.70639569635386
10.027854154214
18.4524805738195
8.30113568439928
7.91069934249851
12.7086670651524
11.1029288702929
12.5711894799761
10.4870292887029
13.1375971309026
10.4292887029289
7.05008965929468
15.4389719067543
16.6817692767484
10.4072922893007
5.24638374178123
17.0914524805738
11.8810520023909
15.1365212193664
8.4991034070532
13.2365809922295
9.26622833233712
8.05092647937836
12.043275552899
9.8436341900777
23.3714285714286
8.4688583383144
10.2285714285714
4.60573819485953
15.2602510460251
9.68141063956963
76.7429766885834
20.3056784219964
19.8602510460251
7.94919306634788
9.44769874476987
9.78864315600717
12.7884040645547
12.9368798565451
7.88595337716677
12.1230125523013
7.96294082486551
9.52743574417214
6.85487148834429
8.23514644351464
12.4144650328751
11.3613867304244
16.5827854154214
12.7994022713688
8.42761506276151
18.0977884040646
9.44494919306635
11.8700537955768
4.7679617453676
14.4106395696354
8.0234309623431
15.8679019725045
11.7710699342498
9.70340705319785
18.3892408846384
12.3182307232516
13.8332337118948
8.89778840406455
8.32313209802749
8.3753735803945
21.0975493126121
9.8436341900777
7.76772265391512
9.03801554094441
10.3715481171548
8.18565451285117
7.91894799760908
11.3916317991632
9.98936043036461
14.3858936043036
5.01817095038852
6.11524208009564
7.21231320980275
10.8389719067543
13.6806335923491
13.4345487148834
15.8459055588763
0.052480573819486
16.7147638971907
7.32779438135087
10.5557680812911
17.9630603705918
12.4227136879857
9.46144650328751
8.07017334130305
9.93161984459056
13.4125523012552
17.0997011356844
9.47244471010161
18.2957561267185
11.9745367603108
14.6690974297669
10.1213389121339
7.0005977286312
8.2928870292887
17.3581589958159
15.2437537358039
14.9138075313808
9.37621040047818
11.4603705917513
22.1231320980275
14.8038254632397
0.101972504482965
9.01052002390914
6.70639569635386
9.90137477585176
11.4548714883443
32.1341900777047
20.7483562462642
16.6212791392708
14.5261207411835
24.652719665272
12.0515242080096
12.4639569635386
10.3165570830843
32.8135086670652
15.8953974895397
8.82355050806934
13.8139868499701
9.98661087866109
13.8717274357442
8.47710699342498
8.64757919904363
10.8609683203825
9.92062163777645
8.85654512851166
8.78780633592349
16.2610878661088
8.46335923490735
9.71990436341901
10.2230723251644
10.1433353257621
14.8643156007173
7.71548117154812
17.9273161984459
13.0386132695756
25.8597728631201
7.82271368798565
8.50185295875672
13.6737597130903
14.2236700537956
10.2945606694561
10.5667662881052
9.98661087866109
6.566168559474
17.9135684399283
12.9093843395099
13.6022713687986
9.15349671249253
16.8577405857741
9.77214584578601
14.9055588762702
15.3949790794979
13.0523610280932
11.9497907949791
5.65331739390317
12.6591751344889
7.83096234309623
6.8356246264196
8.88953974895397
9.79964136282128
13.8249850567842
12.5821876867902
13.1705917513449
10.6987447698745
7.56425582785415
15.7221757322176
6.90986252241482
14.581111775254
9.64016736401673
50.6306037059175
8.55684399282726
13.6820083682008
1.94142259414226
5.89252839210998
19.5028093245666
10.8664674237896
17.7265989240885
8.03992827256426
7.04734010759115
12.5216975493126
12.3677226539151
17.0969515839809
17.4901374775852
9.63466826060968
10.3055588762702
10.1653317393903
10.4017931858936
15.3592349073521
18.7961745367603
7.78147041243275
15.0292887029289
13.2310818888225
27.1135684399283
8.33962940824865
8.116915720263
27.0998206814106
10.852719665272
16.6350268977884
7.97118947997609
17.6743574417215
14.9578003586372
10.8142259414226
7.80896592946802
13.3960549910341
16.9677226539151
11.2541542139868
9.64016736401673
8.76031081888822
11.0946802151823
7.58350268977884
11.9360430364614
11.8535564853556
0.00573819485953378
13.7342498505678
15.301494321578
14.3528989838613
8.98577405857741
10.7702331141662
13.1128511655708
11.6500896592947
11.8178123132098
6.06575014943216
10.2478182904961
12.5326957561267
16.131858936043
11.0011954572624
12.8488942020323
11.8783024506874
8.33138075313807
9.50543933054393
9.54943215780036
10.550268977884
8.0234309623431
17.5616258218769
12.6289300657501
10.2148236700538
14.4353855349671
4.37202630005977
13.2475791990436
13.9762104004782
9.76939629408248
11.5181111775254
10.4540346682606
12.6811715481172
17.7925881649731
23.1129707112971
11.369635385535
12.2962343096234
4.60298864315601
11.4383741781231
10.3193066347878
17.6936043036461
8.16915720263001
26.1484757919904
8.22689778840406
9.51643753735804
22.2441123729827
12.76915720263
10.5750149432158
12.147758517633
12.9836222355051
10.6904961147639
10.2423191870891
11.3448894202032
8.82355050806934
10.1295875672445
10.2588164973102
10.7977286312014
38.9091452480574
17.5148834429169
9.20848774656306
8.48810520023909
17.421398684997
57.1936640765093
15.1942618051405
13.0743574417215
20.6631201434549
11.8563060370592
10.6575014943216
8.70806933652122
8.32588164973102
11.0506873879259
10.5750149432158
8.85654512851166
7.30579796772265
6.99234907352062
15.0430364614465
13.5060370591751
49.0687387925882
11.7435744172146
17.0282127913927
13.1678421996414
8.83179916317992
8.11966527196653
10.4952779438135
2.37310221159594
8.75206216377764
17.6468619246862
7.73197848176928
7.64949193066348
4.3335325762104
24.2292887029289
9.8848774656306
7.33604303646145
9.60992229527794
10.2670651524208
9.68965929468021
12.4502092050209
13.33831440526
14.2484160191273
9.92887029288703
10.5695158398087
12.0735206216378
12.6536760310819
8.6750747160789
7.22881052002391
13.8084877465631
8.88129109384339
15.8321578003586
6.05200239091452
8.01243275552899
10.3770472205619
8.49635385534967
14.7763299462044
7.31954572624029
15.452719665272
22.0406455469217
13.7260011954573
16.7917513448894
6.23897190675433
13.2063359234907
8.99402271368798
14.8698147041243
15.2245068738793
13.7754931261207
6.66790197250448
8.30388523610281
12.9973699940227
11.5895995218171
13.9652121936641
11.7573221757322
7.17931858936043
7.2178123132098
12.9093843395099
18.7549312612074
12.7086670651524
10.8197250448296
10.6052600119546
8.80705319784817
7.17931858936043
14.2979079497908
8.61183502689779
8.16640765092648
11.6720860729229
5.86778242677824
16.8082486551106
12.4667065152421
11.0589360430365
14.4546323968918
7.5587567244471
10.3770472205619
8.95552898983861
10.962701733413
7.54775851763299
13.6820083682008
11.7518230723252
7.39928272564256
7.64399282725642
8.633831440526
10.4512851165571
10.6382546323969
6.30221159593544
5.63682008368201
6.26096832038255
13.8057381948595
9.3569635385535
8.80430364614465
9.5741781231321
13.9679617453676
11.0781829049611
27.3170352659892
11.3201434548715
17.7156007172744
20.6521219366408
8.46335923490735
15.0430364614465
11.6528392109982
11.8453078302451
10.9324566646742
12.8131500298864
11.839808726838
9.5439330543933
10.2423191870891
11.7738194859534
8.43311416616856
14.7570830842797
5.76604901374776
10.1653317393903
8.45236102809324
18.8759115361626
10.1570830842797
11.0974297668858
12.2604901374776
20.9573221757322
12.4062163777645
10.6602510460251
15.0375373580395
15.8843992827256
17.2426778242678
6.30221159593544
9.38445905558876
19.8849970113568
12.043275552899
6.85212193664076
10.1405857740586
12.403466826061
24.5619844590556
14.116437537358
11.2101613867304
13.9377166766288
15.2767483562463
15.4829647340108
5.79904363419008
9.79689181111775
13.5967722653915
8.06192468619247
10.550268977884
9.13424985056784
10.1020920502092
9.44494919306635
11.7793185893604
11.8618051404662
7.12707710699342
12.1697549312612
8.77405857740586
9.55768081291094
12.1725044829647
6.12898983861327
19.9784817692767
11.2679019725045
17.4571428571429
10.6355050806934
7.14632396891811
10.9874476987448
6.27471607890018
11.9057979677227
10.3193066347878
10.5007770472206
10.4512851165571
13.2448296473401
10.9324566646742
9.63741781231321
11.5621040047818
18.3177525403467
20.5338912133891
16.3490735206216
16.8027495517035
12.2714883442917
7.45702331141662
5.92277346084877
9.02426778242678
7.57800358637179
12.0240286909743
11.1414225941423
14.5976090854752
12.5052002390915
10.5062761506276
12.3099820681411
9.50818888224746
8.90878661087866
44.6473401075911
11.2514046622833
16.2005977286312
10.2093245666467
14.2731619844591
8.82355050806934
8.59808726838016
26.2282127913927
9.27722653915122
12.4392109982068
33.7758517632995
14.732337118948
18.0565451285117
12.403466826061
18.6476987447699
16.6157800358637
17.6166168559474
10.9544530783024
22.8022713687986
9.36521219366408
13.8827256425583
11.2376569037657
7.11057979677226
9.46694560669456
13.4510460251046
17.9988045427376
12.9396294082487
13.7644949193066
14.0861924686192
12.0405260011955
12.9808726838016
21.0013150029886
13.6490137477585
48.4447101016139
11.9662881052002
13.6902570233114
20.3496712492528
11.8728033472803
8.21315002988643
8.66132695756127
13.1238493723849
13.2530783024507
7.78696951583981
7.23156007172743
27.6937238493724
12.0240286909743
12.5464435146444
15.5407053197848
9.32946802151823
30.4488942020323
11.6693365212194
16.3105797967723
13.1760908547519
28.0924088463837
9.46144650328751
5.93102211595935
17.9245666467424
6.74488942020323
7.55050806933652
15.3812313209803
13.489539748954
6.3599521817095
10.0113568439928
4.36102809324567
7.45702331141662
7.08583383144053
16.4755528989839
7.79246861924686
10.6052600119546
11.6143454871488
7.91619844590556
14.2181709503885
7.89145248057382
11.3063956963539
10.2698147041243
6.51117752540347
7.97668858338314
10.8307232516438
9.59892408846384
13.3740585774059
8.17740585774058
11.1606694560669
15.2684997011357
8.48535564853556
10.2093245666467
16.2638374178123
12.2192468619247
10.3440526001195
9.22498505678422
14.9468021518231
8.8510460251046
17.572624028691
9.56592946802152
11.7683203825463
14.575612671847
8.74381350866706
13.3163179916318
12.5904363419008
33.8774656306037
8.98577405857741
7.86945606694561
15.7056784219964
8.64482964734011
16.4480573819486
15.1310221159594
11.938792588165
7.44602510460251
6.85762104004782
12.7306634787806
13.0358637178721
17.5918708906157
11.1414225941423
7.88595337716677
0.0634787806335923
11.6253436939629
15.1777644949193
8.74656306037059
8.90328750747161
12.0157800358637
0.0304841601912732
26.156724447101
11.0836820083682
9.64291691572026
9.99210998206814
7.52301255230125
10.5722653915123
10.184578601315
17.0832038254632
18.3754931261207
13.6682606096832
6.89061566049014
17.8200836820084
13.233831440526
9.71715481171548
10.1515839808727
31.1471010161386
8.36437537358039
8.19390316796174
14.0916915720263
17.5891213389121
28.1006575014943
9.25523012552301
10.7564853556485
16.283084279737
9.83538553496713
19.1591153616258
13.3548117154812
14.8120741183503
16.5222952779438
9.40645546921698
6.97585176329946
9.53843395098625
9.29647340107591
4.36102809324567
8.116915720263
12.560191273162
8.99127316198446
10.1185893604304
12.0625224148237
8.19115361625822
11.0231918708906
10.701494321578
14.2346682606097
2.71129707112971
7.92444710101614
17.9080693365212
17.217931858936
9.79414225941422
8.76306037059175
9.59892408846384
14.9385534967125
14.0257023311417
17.160191273162
10.8087268380155
11.6445905558876
8.84829647340107
10.1020920502092
15.2052600119546
8.98852361028093
15.8211595935445
11.6858338314405
10.6300059772863
9.68416019127316
6.11249252839211
6.64590555887627
14.4628810520024
12.5216975493126
6.11524208009564
9.17824267782427
13.5445307830245
7.61099820681411
11.1771667662881
12.0157800358637
14.0504482964734
7.47352062163778
20.6851165570831
6.61566049013748
24.1797967722654
13.7727435744172
14.9990436341901
7.49276748356246
10.7124925283921
8.57334130304842
11.5758517632995
12.0625224148237
7.33329348475792
13.8662283323371
13.7919904363419
13.3108188882247
15.7689181111775
10.2010759115362
12.3429766885834
19.1343693962941
18.6696951583981
9.5439330543933
7.54225941422594
8.27364016736402
12.925881649731
6.57441721458458
34.182606096832
7.54225941422594
8.94728033472803
15.2959952181709
12.0047818290496
21.5622235505081
18.4414823670054
13.5225343693963
10.1543335325762
10.7289898386133
6.23347280334728
13.3548117154812
11.6088463837418
14.3226539151225
12.0240286909743
6.92910938433951
15.3152420800956
17.3416616855947
8.81805140466228
8.7988045427376
12.1395098625224
14.9660490137478
10.7922295277944
8.29838613269576
31.7576210400478
19.8657501494322
11.4383741781231
9.78314405260012
15.6781829049611
11.787567244471
17.0667065152421
11.8893006575015
16.5195457262403
46.9351464435146
18.6696951583981
10.4155409444112
14.0339509862522
16.4590555887627
14.9165570830843
9.20848774656306
14.3116557083084
7.71273161984459
14.4436341900777
11.58410041841
0.0689778840406455
10.910460251046
35.3813508667065
11.7325762104005
12.6756724447101
13.8799760908548
12.1312612074118
7.90794979079498
12.4062163777645
8.36437537358039
13.33831440526
14.7185893604304
7.56700537955768
10.7069934249851
12.8433950986252
17.8750747160789
10.3303048416019
13.5747758517633
11.1166766288105
10.7509862522415
9.01052002390914
12.4969515839809
11.1469216975493
12.0982665869695
15.7166766288105
29.9234907352062
6.566168559474
9.18649133293485
9.93711894799761
11.1854154213987
11.2926479378362
7.75397489539749
17.3031679617454
18.0730424387328
11.3586371787209
15.2575014943216
8.63658099222953
9.48619246861925
13.9899581589958
8.16090854751942
10.957202630006
9.71165570830843
12.4144650328751
10.7647340107591
11.5950986252241
15.66168559474
17.5588762701733
8.2406455469217
15.405977286312
0.0414823670053796
12.1422594142259
20.9848176927675
14.5261207411835
15.4774656306037
11.8205618649133
12.3979677226539
17.1106993424985
10.4292887029289
7.45977286312014
12.0047818290496
12.2604901374776
8.3753735803945
17.1464435146444
14.5866108786611
10.4155409444112
8.4578601315003
10.3825463239689
12.2109982068141
14.1824267782427
7.72922893006575
13.2640765092648
26.7231320980275
13.1760908547519
11.375134488942
8.98302450687388
13.2723251643754
3.97059175134489
6.90986252241482
7.88320382546324
8.07842199641363
7.9931858936043
1.17979677226539
12.4309623430962
7.83646144650329
25.3703526598924
18.246264196055
12.5876867901972
6.00251046025105
11.5153616258219
10.184578601315
11.7655708308428
11.9690376569038
14.0559473998805
43.3661087866109
7.69898386132696
10.2863120143455
6.78063359234907
13.6325164375374
14.1521817095039
7.79521817095039
11.1084279736999
7.31954572624029
6.75588762701733
12.3099820681411
8.0756724447101
13.33831440526
12.8378959952182
15.2052600119546
9.04076509264794
10.7179916317992
19.4203227734608
9.8436341900777
20.313927077107
13.3273161984459
18.5817095038852
12.2742378959952
22.53831440526
11.9057979677227
23.6463837417812
20.9490735206216
11.4081291093843
12.9478780633592
10.2780633592349
8.95827854154214
10.9434548714883
8.36712492528392
36.412432755529
29.3901972504483
13.5582785415421
16.027375971309
6.27196652719665
11.6225941422594
9.98111177525403
8.53484757919904
11.212910938434
13.2200836820084
9.06001195457262
8.98302450687388
13.2998206814106
8.65307830245069
15.2272564255828
13.0083682008368
11.6968320382546
9.72265391512253
11.9635385534967
16.6597728631201
19.750268977884
6.95385534967125
9.43945008965929
16.387567244471
10.6877465630604
11.1524208009564
13.5032875074716
7.12707710699342
8.69707112970711
10.3825463239689
10.5640167364017
8.36437537358039
13.8772265391512
16.4315600717274
11.9497907949791
7.29205020920502
8.63933054393305
9.24423191870891
8.40561864913329
16.3793185893604
12.2219964136282
7.80621637776449
14.1961745367603
7.64949193066348
9.80789001793186
10.0058577405858
7.47077106993425
9.75564853556485
8.13616258218769
10.4897788404065
12.043275552899
12.4474596533174
37.4683203825463
15.0870292887029
8.66132695756127
6.96485355648536
7.05283921099821
9.33221757322176
7.25630603705917
11.8123132098027
13.5060370591751
10.4595337716677
23.7948595337717
8.75481171548117
14.011954572624
12.7719067543335
12.7829049611476
9.15899581589958
13.8002390914525
7.11057979677226
6.52217573221757
17.8833233711895
9.56043036461447
13.5500298864316
10.5585176329946
12.5189479976091
9.76389719067543
17.1299462044232
11.8178123132098
13.6325164375374
11.1029288702929
7.67973699940227
7.70723251643754
64.1829049611476
9.62367005379558
0.038732815301853
7.31404662283323
21.6309623430962
10.0196054991034
12.8750149432158
20.929826658697
10.9379557680813
7.65499103407053
9.88212791392708
15.5407053197848
12.1670053795577
10.550268977884
12.6866706515242
7.5175134488942
7.58350268977884
14.1081888822475
10.8609683203825
9.7913927077107
9.73090257023311
11.5868499701136
25.1998804542738
20.412910938434
15.5791990436342
9.66491332934848
10.5227734608488
11.4658696951584
11.7270771069934
12.7389121338912
8.61458457860132
14.7928272564256
21.4
13.5032875074716
8.87854154213987
9.15349671249253
0.00848774656306037
13.4180514046623
7.76222355050807
25.7250448296473
13.1568439928273
11.683084279737
7.50101613867304
5.62857142857143
7.53401075911536
4.31428571428571
17.3444112372983
13.541781231321
8.39736999402271
15.6011954572624
10.3852958756724
15.0787806335924
13.7837417812313
8.67782426778243
11.6005977286312
10.2643156007173
10.3632994620442
8.11141661685595
11.7133293484758
9.76389719067543
13.1046025104602
7.89420203227735
6.89611476389719
11.2239091452481
16.5497907949791
14.2429169157203
12.5299462044232
13.5115361625822
9.8848774656306
12.8626419605499
11.9030484160191
8.95552898983861
14.6361028093246
14.471129707113
10.8114763897191
13.1210998206814
7.78147041243275
9.26072922893007
23.5583980872684
12.7334130304842
22.9315002988643
7.75122534369396
15.1090257023311
2.88451882845188
9.14799760908548
13.7589958158996
9.89037656903766
20.3056784219964
11.1359234907352
25.7525403466826
7.45977286312014
8.56509264793784
39.3380155409444
18.0592946802152
6.98135086670651
11.3806335923491
19.9509862522415
12.2797369994023
10.0690974297669
8.2818888224746
15.667184698147
9.93849372384937
37.4491930663479
13.9322175732218
27.9659294680215
19.7585176329946
9.97561267184698
15.9091452480574
8.80155409444112
10.5915122534369
12.670173341303
10.3220561864913
10.6272564255828
13.9267184698147
7.88595337716677
12.7884040645547
12.8956365809922
9.81063956963538
14.2264196054991
15.975134488942
15.9558876270173
15.8266586969516
14.7887029288703
25.2163777644949
23.6518828451883
11.0066945606695
8.82904961147639
8.42761506276151
11.3998804542738
11.7270771069934
14.2071727435744
8.00418410041841
12.3099820681411
8.80705319784817
22.5823072325164
8.44686192468619
16.7395098625224
13.7205020920502
14.6113568439928
9.45869695158398
10.5117752540347
11.1551703526599
9.72815301852959
15.4994620442319
12.8076509264794
10.4237895995218
15.3207411835027
0.110221159593545
15.0677824267782
17.0199641362821
9.78314405260012
11.5621040047818
9.68141063956963
8.58158995815899
9.0160191273162
10.7702331141662
9.81063956963538
13.3630603705918
15.1722653915123
14.4903765690377
15.0567842199641
8.80430364614465
9.44219964136282
15.8624028690974
11.7325762104005
15.5407053197848
15.6561864913329
10.4045427375971
13.5307830245069
12.5739390316796
12.9478780633592
7.91894799760908
9.57142857142857
18.3150029886432
8.40561864913329
16.3325762104005
12.8488942020323
16.8192468619247
15.6699342498506
11.2734010759115
16.3793185893604
10.8554692169755
