-4.0 0.0
-3.984 0.0
-3.968 0.0
-3.952 0.0
-3.936 0.0
-3.92 0.0
-3.904 0.0
-3.888 0.0
-3.872 0.0
-3.856 0.0
-3.84 0.0
-3.824 0.0
-3.808 0.0
-3.792 0.0
-3.776 0.0
-3.76 0.0
-3.7439999999999998 0.0
-3.7279999999999998 0.0
-3.7119999999999997 0.0
-3.696 0.0
-3.68 0.0
-3.664 0.0
-3.648 0.0
-3.632 0.0
-3.616 0.0
-3.6 0.0
-3.584 0.0
-3.568 0.0
-3.552 0.0
-3.536 0.0
-3.52 0.0
-3.504 0.0
-3.488 0.0
-3.472 0.0
-3.456 0.0
-3.44 0.0
-3.424 0.0
-3.408 1.0001000100010001E-4
-3.392 0.0
-3.376 1.0001000100010001E-4
-3.36 0.0
-3.344 0.0
-3.328 0.0
-3.312 0.0
-3.2960000000000003 0.0
-3.2800000000000002 0.0
-3.2640000000000002 0.0
-3.248 0.0
-3.232 0.0
-3.216 0.0
-3.2 0.0
-3.184 0.0
-3.168 0.0
-3.152 0.0
-3.136 0.0
-3.12 0.0
-3.104 0.0
-3.088 0.0
-3.072 0.0
-3.056 1.0001000100010001E-4
-3.04 0.0
-3.024 0.0
-3.008 0.0
-2.992 0.0
-2.976 0.0
-2.96 0.0
-2.944 2.0002000200020003E-4
-2.928 0.0
-2.912 0.0
-2.896 0.0
-2.88 0.0
-2.864 1.0001000100010001E-4
-2.848 0.0
-2.832 0.0
-2.816 1.0001000100010001E-4
-2.8 0.0
-2.784 0.0
-2.768 1.0001000100010001E-4
-2.752 1.0001000100010001E-4
-2.7359999999999998 0.0
-2.7199999999999998 0.0
-2.7039999999999997 0.0
-2.6879999999999997 0.0
-2.6719999999999997 0.0
-2.6559999999999997 0.0
-2.6399999999999997 1.0001000100010001E-4
-2.6239999999999997 0.0
-2.6079999999999997 0.0
-2.592 1.0001000100010001E-4
-2.576 1.0001000100010001E-4
-2.56 0.0
-2.544 2.0002000200020003E-4
-2.528 1.0001000100010001E-4
-2.512 1.0001000100010001E-4
-2.496 0.0
-2.48 1.0001000100010001E-4
-2.464 2.0002000200020003E-4
-2.448 1.0001000100010001E-4
-2.432 1.0001000100010001E-4
-2.416 1.0001000100010001E-4
-2.4 0.0
-2.384 0.0
-2.368 2.0002000200020003E-4
-2.352 0.0
-2.336 1.0001000100010001E-4
-2.3200000000000003 1.0001000100010001E-4
-2.3040000000000003 3.0003000300030005E-4
-2.2880000000000003 3.0003000300030005E-4
-2.2720000000000002 1.0001000100010001E-4
-2.2560000000000002 2.0002000200020003E-4
-2.24 1.0001000100010001E-4
-2.224 0.0
-2.208 1.0001000100010001E-4
-2.192 4.0004000400040005E-4
-2.176 0.0
-2.16 2.0002000200020003E-4
-2.144 2.0002000200020003E-4
-2.128 3.0003000300030005E-4
-2.112 4.0004000400040005E-4
-2.096 1.0001000100010001E-4
-2.08 1.0001000100010001E-4
-2.064 2.0002000200020003E-4
-2.048 4.0004000400040005E-4
-2.032 2.0002000200020003E-4
-2.016 6.000600060006001E-4
-2.0 7.000700070007E-4
-1.984 8.000800080008001E-4
-1.968 8.000800080008001E-4
-1.952 5.000500050005E-4
-1.936 4.0004000400040005E-4
-1.92 5.000500050005E-4
-1.904 3.0003000300030005E-4
-1.888 3.0003000300030005E-4
-1.8719999999999999 0.001000100010001
-1.8559999999999999 0.0012001200120012002
-1.8399999999999999 8.000800080008001E-4
-1.8239999999999998 0.0013001300130013002
-1.8079999999999998 9.000900090009E-4
-1.7919999999999998 9.000900090009E-4
-1.7759999999999998 0.0012001200120012002
-1.7599999999999998 8.000800080008001E-4
-1.7439999999999998 8.000800080008001E-4
-1.7279999999999998 0.0011001100110011
-1.7119999999999997 0.001000100010001
-1.6959999999999997 4.0004000400040005E-4
-1.6800000000000002 8.000800080008001E-4
-1.6640000000000001 0.0017001700170017002
-1.6480000000000001 0.0013001300130013002
-1.6320000000000001 0.0013001300130013002
-1.616 0.0012001200120012002
-1.6 0.0014001400140014
-1.584 0.0016001600160016002
-1.568 9.000900090009E-4
-1.552 0.0022002200220022
-1.536 0.0024002400240024004
-1.52 0.0014001400140014
-1.504 0.0014001400140014
-1.488 0.0025002500250025004
-1.472 0.0018001800180018
-1.456 0.0016001600160016002
-1.44 0.0016001600160016002
-1.424 0.0025002500250025004
-1.408 0.0014001400140014
-1.392 0.0021002100210021
-1.376 0.0021002100210021
-1.3599999999999999 0.0029002900290029
-1.3439999999999999 0.0027002700270027003
-1.3279999999999998 0.0034003400340034003
-1.3119999999999998 0.002000200020002
-1.2959999999999998 0.0027002700270027003
-1.2799999999999998 0.0031003100310031005
-1.2639999999999998 0.0037003700370037006
-1.2479999999999998 0.0031003100310031005
-1.2319999999999998 0.0038003800380038005
-1.2159999999999997 0.004500450045004501
-1.1999999999999997 0.0039003900390039005
-1.1840000000000002 0.0046004600460046
-1.1680000000000001 0.0042004200420042
-1.1520000000000001 0.004500450045004501
-1.1360000000000001 0.0054005400540054005
-1.12 0.0058005800580058
-1.104 0.0044004400440044
-1.088 0.006000600060006
-1.072 0.0046004600460046
-1.056 0.0051005100510051
-1.04 0.0053005300530053
-1.024 0.007500750075007501
-1.008 0.007400740074007401
-0.992 0.006900690069006901
-0.976 0.0065006500650065
-0.96 0.006900690069006901
-0.944 0.008000800080008
-0.9279999999999999 0.006000600060006
-0.9119999999999999 0.0056005600560056
-0.8959999999999999 0.0070007000700070005
-0.8799999999999999 0.008200820082008202
-0.8639999999999999 0.008000800080008
-0.8479999999999999 0.0089008900890089
-0.8319999999999999 0.007700770077007701
-0.8159999999999998 0.007100710071007101
-0.7999999999999998 0.0097009700970097
-0.7839999999999998 0.009100910091009102
-0.7679999999999998 0.0084008400840084
-0.7519999999999998 0.0102010201020102
-0.7359999999999998 0.009500950095009501
-0.7199999999999998 0.0092009200920092
-0.7039999999999997 0.011801180118011801
-0.6879999999999997 0.009900990099009901
-0.6719999999999997 0.010101010101010102
-0.6560000000000001 0.0098009800980098
-0.6400000000000001 0.008200820082008202
-0.6240000000000001 0.010801080108010801
-0.6080000000000001 0.0098009800980098
-0.5920000000000001 0.0106010601060106
-0.5760000000000001 0.0125012501250125
-0.56 0.0139013901390139
-0.544 0.009400940094009401
-0.528 0.0097009700970097
-0.512 0.011501150115011502
-0.496 0.0125012501250125
-0.48 0.010001000100010001
-0.46399999999999997 0.0111011101110111
-0.44799999999999995 0.010901090109010901
-0.43199999999999994 0.0111011101110111
-0.4159999999999999 0.011401140114011402
-0.3999999999999999 0.0107010701070107
-0.3839999999999999 0.011701170117011701
-0.3679999999999999 0.011801180118011801
-0.35199999999999987 0.011301130113011301
-0.33599999999999985 0.011401140114011402
-0.31999999999999984 0.0111011101110111
-0.3039999999999998 0.010101010101010102
-0.2879999999999998 0.010501050105010502
-0.2719999999999998 0.012201220122012201
-0.2559999999999998 0.011901190119011902
-0.23999999999999977 0.012201220122012201
-0.22399999999999975 0.0097009700970097
-0.20799999999999974 0.0112011201120112
-0.19199999999999973 0.0087008700870087
-0.1759999999999997 0.0097009700970097
-0.16000000000000014 0.0093009300930093
-0.14400000000000013 0.010101010101010102
-0.1280000000000001 0.010301030103010301
-0.1120000000000001 0.009100910091009102
-0.09600000000000009 0.009500950095009501
-0.08000000000000007 0.0089008900890089
-0.06400000000000006 0.009500950095009501
-0.04800000000000004 0.0093009300930093
-0.03200000000000003 0.008200820082008202
-0.016000000000000014 0.0097009700970097
0.0 0.007600760076007601
0.016000000000000014 0.007800780078007801
0.03200000000000003 0.006900690069006901
0.04800000000000004 0.007100710071007101
0.06400000000000006 0.005700570057005701
0.08000000000000007 0.0087008700870087
0.09600000000000009 0.007700770077007701
0.1120000000000001 0.006600660066006601
0.1280000000000001 0.005900590059005901
0.14400000000000013 0.005500550055005501
0.16000000000000014 0.007800780078007801
0.17600000000000016 0.005700570057005701
0.19200000000000017 0.0054005400540054005
0.20800000000000018 0.0056005600560056
0.2240000000000002 0.005900590059005901
0.2400000000000002 0.0063006300630063005
0.2560000000000002 0.004100410041004101
0.27200000000000024 0.0065006500650065
0.28800000000000026 0.0044004400440044
0.30400000000000027 0.004300430043004301
0.3200000000000003 0.005000500050005001
0.3360000000000003 0.0037003700370037006
0.3520000000000003 0.0047004700470047005
0.3680000000000003 0.004100410041004101
0.38400000000000034 0.0039003900390039005
0.40000000000000036 0.004100410041004101
0.41600000000000037 0.0031003100310031005
0.4320000000000004 0.0033003300330033004
0.4480000000000004 0.003000300030003
0.4640000000000004 0.003000300030003
0.4800000000000004 0.0024002400240024004
0.49600000000000044 0.0025002500250025004
0.5120000000000005 0.0027002700270027003
0.5280000000000005 0.0024002400240024004
0.5440000000000005 0.0027002700270027003
0.5600000000000005 0.0031003100310031005
0.5760000000000005 0.0026002600260026003
0.5920000000000005 0.002000200020002
0.6080000000000005 0.0022002200220022
0.6239999999999997 0.0026002600260026003
0.6399999999999997 0.0015001500150015
0.6559999999999997 0.0019001900190019003
0.6719999999999997 0.0024002400240024004
0.6879999999999997 0.0024002400240024004
0.7039999999999997 0.0016001600160016002
0.7199999999999998 7.000700070007E-4
0.7359999999999998 0.0013001300130013002
0.7519999999999998 0.0014001400140014
0.7679999999999998 7.000700070007E-4
0.7839999999999998 0.001000100010001
0.7999999999999998 0.002000200020002
0.8159999999999998 0.001000100010001
0.8319999999999999 0.0013001300130013002
0.8479999999999999 0.0013001300130013002
0.8639999999999999 0.0011001100110011
0.8799999999999999 2.0002000200020003E-4
0.8959999999999999 0.0011001100110011
0.9119999999999999 6.000600060006001E-4
0.9279999999999999 0.001000100010001
0.944 8.000800080008001E-4
0.96 0.0014001400140014
0.976 3.0003000300030005E-4
0.992 0.001000100010001
1.008 4.0004000400040005E-4
1.024 7.000700070007E-4
1.04 6.000600060006001E-4
1.056 3.0003000300030005E-4
1.072 4.0004000400040005E-4
1.088 9.000900090009E-4
1.104 5.000500050005E-4
1.12 5.000500050005E-4
1.1360000000000001 8.000800080008001E-4
1.1520000000000001 5.000500050005E-4
1.1680000000000001 6.000600060006001E-4
1.1840000000000002 4.0004000400040005E-4
1.2000000000000002 9.000900090009E-4
1.2160000000000002 3.0003000300030005E-4
1.2320000000000002 7.000700070007E-4
1.2480000000000002 3.0003000300030005E-4
1.2640000000000002 4.0004000400040005E-4
1.2800000000000002 5.000500050005E-4
1.2960000000000003 2.0002000200020003E-4
1.3120000000000003 4.0004000400040005E-4
1.3280000000000003 3.0003000300030005E-4
1.3440000000000003 5.000500050005E-4
1.3600000000000003 6.000600060006001E-4
1.3760000000000003 1.0001000100010001E-4
1.3920000000000003 2.0002000200020003E-4
1.4080000000000004 2.0002000200020003E-4
1.4240000000000004 2.0002000200020003E-4
1.4400000000000004 1.0001000100010001E-4
1.4560000000000004 0.0
1.4720000000000004 5.000500050005E-4
1.4880000000000004 2.0002000200020003E-4
1.5040000000000004 4.0004000400040005E-4
1.5200000000000005 0.0
1.5360000000000005 4.0004000400040005E-4
1.5520000000000005 2.0002000200020003E-4
1.5680000000000005 2.0002000200020003E-4
1.5840000000000005 1.0001000100010001E-4
1.6000000000000005 1.0001000100010001E-4
1.6160000000000005 2.0002000200020003E-4
1.6319999999999997 1.0001000100010001E-4
1.6479999999999997 0.0
1.6639999999999997 2.0002000200020003E-4
1.6799999999999997 4.0004000400040005E-4
1.6959999999999997 1.0001000100010001E-4
1.7119999999999997 1.0001000100010001E-4
1.7279999999999998 1.0001000100010001E-4
1.7439999999999998 0.0
1.7599999999999998 4.0004000400040005E-4
1.7759999999999998 2.0002000200020003E-4
1.7919999999999998 2.0002000200020003E-4
1.8079999999999998 1.0001000100010001E-4
1.8239999999999998 2.0002000200020003E-4
1.8399999999999999 2.0002000200020003E-4
1.8559999999999999 0.0
1.8719999999999999 1.0001000100010001E-4
1.888 0.0
1.904 1.0001000100010001E-4
1.92 0.0
1.936 2.0002000200020003E-4
1.952 0.0
1.968 0.0
1.984 1.0001000100010001E-4
2.0 1.0001000100010001E-4
2.016 0.0
2.032 1.0001000100010001E-4
2.048 0.0
2.064 1.0001000100010001E-4
2.08 0.0
2.096 0.0
2.112 2.0002000200020003E-4
2.128 0.0
2.144 0.0
2.16 1.0001000100010001E-4
2.176 0.0
2.192 1.0001000100010001E-4
2.208 0.0
2.224 0.0
2.24 0.0
2.2560000000000002 0.0
2.2720000000000002 0.0
2.2880000000000003 1.0001000100010001E-4
2.3040000000000003 1.0001000100010001E-4
2.3200000000000003 1.0001000100010001E-4
2.3360000000000003 0.0
2.3520000000000003 0.0
2.3680000000000003 0.0
2.3840000000000003 0.0
2.4000000000000004 0.0
2.4160000000000004 0.0
2.4320000000000004 0.0
2.4480000000000004 0.0
2.4640000000000004 0.0
2.4800000000000004 1.0001000100010001E-4
2.4960000000000004 1.0001000100010001E-4
2.5120000000000005 2.0002000200020003E-4
2.5280000000000005 0.0
2.5440000000000005 0.0
2.5600000000000005 1.0001000100010001E-4
2.5760000000000005 1.0001000100010001E-4
2.5920000000000005 0.0
2.6080000000000005 3.0003000300030005E-4
2.6240000000000006 0.0
2.6400000000000006 0.0
2.6560000000000006 1.0001000100010001E-4
2.6719999999999997 1.0001000100010001E-4
2.6879999999999997 1.0001000100010001E-4
2.7039999999999997 3.0003000300030005E-4
2.7199999999999998 0.0
2.7359999999999998 0.0
2.752 1.0001000100010001E-4
2.768 0.0
2.784 0.0
2.8 0.0
2.816 1.0001000100010001E-4
2.832 1.0001000100010001E-4
2.848 1.0001000100010001E-4
2.864 0.0
2.88 0.0
2.896 0.0
2.912 1.0001000100010001E-4
2.928 0.0
2.944 0.0
2.96 0.0
2.976 1.0001000100010001E-4
2.992 1.0001000100010001E-4
3.008 0.0
3.024 0.0
3.04 0.0
3.056 1.0001000100010001E-4
3.072 0.0
3.088 0.0
3.104 0.0
3.12 0.0
3.136 0.0
3.152 0.0
3.168 0.0
3.184 0.0
3.2 0.0
3.216 0.0
3.232 0.0
3.248 0.0
3.2640000000000002 0.0
3.2800000000000002 0.0
3.2960000000000003 0.0
3.3120000000000003 0.0
3.3280000000000003 0.0
3.3440000000000003 0.0
3.3600000000000003 0.0
3.3760000000000003 0.0
3.3920000000000003 0.0
3.4080000000000004 0.0
3.4240000000000004 0.0
3.4400000000000004 0.0
3.4560000000000004 0.0
3.4720000000000004 0.0
3.4880000000000004 0.0
3.5040000000000004 0.0
3.5200000000000005 0.0
3.5360000000000005 0.0
3.5520000000000005 0.0
3.5680000000000005 0.0
3.5840000000000005 0.0
3.6000000000000005 0.0
3.6160000000000005 0.0
3.6320000000000006 0.0
3.6480000000000006 0.0
3.6640000000000006 0.0
3.6799999999999997 0.0
3.6959999999999997 0.0
3.7119999999999997 0.0
3.7279999999999998 0.0
3.7439999999999998 0.0
3.76 0.0
3.776 0.0
3.792 0.0
3.808 0.0
3.824 0.0
3.84 0.0
3.856 0.0
3.872 0.0
3.888 0.0
3.904 0.0
3.92 0.0
3.936 1.0001000100010001E-4
3.952 0.0
3.968 0.0
3.984 0.0