0.0992229527794381
0.0799760908547519
0.126718469814704
0.011237298266587
0.089599521817095
0.0882247459653317
0.089599521817095
0.0497310221159593
0.0696652719665272
0.0944112372982666
0.0920053795576808
0.0799760908547519
0.0748206814106396
0.0359832635983264
0.107471607890018
0.0978481769276748
0.0871936640765092
0.104722056186491
0.0552301255230126
0.151464435146444
0.176210400478183
0.0846159593544531
0.112970711297071
0.0615884638374178
0.0909742976688584
0.0332337118947998
0.0872795875672444
0.0909742976688584
0.115720263000598
0.0552301255230126
0.00848774656306037
0.011237298266587
0.0556597429766885
0.0872795875672444
0.0810071727435744
0.0925638822474596
0.0884395546921697
0.0827256425582785
0.110221159593545
0.0456066945606695
0.02498505678422
0.0717274357441721
0.143215780035864
0.0304841601912732
0.0497310221159594
0.0883965929468021
0.0545427375971309
0.0414823670053796
0.222952779438135
0.0194859533771668
0.0621040047818289
0.184459055588763
0.0744769874476987
0.132324977585176
0.00573819485953378
0.0497310221159594
0.0277346084877466
0.00298864315600717
0.0304841601912732
0.0744769874476989
0.335684399282726
0.0497310221159594
0.280693365212194
0.00848774656306037
0.0222355050806934
0.101972504482965
0.107471607890018
0.0985355648535567
0.0736177525403467
0.00298864315600717
0.0139868499701136
0.0978481769276747
0.0799760908547519
0.107557531380753
0.192707710699343
0.107471607890018
0.000239091452480579
0.135869321578004
0.0359832635983264
0.0648535564853557
0.15421398684997
0.203705917513449
0.0810071727435744
0.038732815301853
0.211954572624029
0.0883106694560669
0.0634787806335923
0.0359832635983264
0.115720263000598
0.0566478631201435
0.151464435146444
0.0855181560071727
0.0978481769276748
0.115720263000598
0.225702331141662
0.159713090257023
0.0304841601912732
0.0744769874476987
0.0555738194859534
0.0428571428571429
0.09578601315003
0.0831767408846386
0.0414823670053796
0.0304841601912732
0.02498505678422
0.0902869097429768
0.126718469814704
0.0827256425582785
0.052480573819486
0.000239091452480579
0.108846383741781
0.0772265391512253
0.0634787806335923
0.0767969216975493
0.083756724447101
0.112970711297071
0.244949193066348
0.0689778840406455
0.0222355050806934
0.324686192468619
0.0590107591153617
0.572145845786013
0.189958158995816
0.0827256425582785
0.0607292289300657
0.151464435146444
0.189958158995816
0.222265391512253
0.0676031081888823
0.0717274357441722
0.165212193664077
0.0236102809324567
0.0937238493723852
0.162978182904961
0.0781287358039449
0.0911891063956962
0.0222355050806934
0.14596533173939
0.0634787806335923
0.0635217423789599
0.000239091452480579
0.0609547780932458
0.0277346084877466
0.143215780035864
0.119844590555888
0.632635983263598
0.0717274357441721
0.052480573819486
0.0800834952181709
0.209205020920502
0.0854751942618051
0.0270472205618649
0.0139868499701136
0.101285116557083
0.0879025328750747
0.1081589958159
0.0921127839210999
0.0497310221159594
0.0937238493723849
0.159713090257023
0.0497310221159594
0.0469814704124328
0.159713090257023
0.00298864315600717
0.00573819485953378
0.104722056186491
0.034608487746563
0.110221159593545
0.0139868499701136
0.0277346084877466
0.0717274357441721
0.140122534369396
0.0841433801554094
0.121219366407651
0.075207337118948
0.0634787806335923
0.126288852361028
0.121219366407651
0.227077106993425
0.00848774656306037
0.121219366407651
0.140466228332337
0.192707710699342
0.123968918111178
0.0497310221159594
0.222952779438135
0.0992229527794381
0.000239091452480579
0.200956365809922
0.107643454871488
0.0167364016736402
0.132217573221757
0.0442319187089062
0.129468021518231
0.141841004184101
0.0359832635983264
0.0799760908547518
0.0359832635983264
0.192707710699342
0.0411386730424387
0.0139868499701136
0.0490436341900778
0.195457262402869
0.209205020920502
0.233950986252241
0.0554556746861926
0.124656306037059
0.0937238493723849
0.00573819485953378
0.151464435146444
0.294441123729827
0.0634787806335923
0.199581589958159
0.0634787806335923
0.181709503885236
0.0401075911536162
0.0971607890017935
0.100597728631201
0.00298864315600717
0.0167364016736402
0.066228332337119
0.0332337118947998
0.176468170950388
0.118469814704124
0.123281530185296
0.0304841601912732
0.0332337118947998
0.16246264196055
0.0359832635983264
0.011237298266587
0.0607292289300657
0.0139868499701136
0.0781287358039449
0.000239091452480579
0.0744769874476987
0.13771667662881
0.100017745068739
0.0332337118947998
0.0689778840406455
0.107557531380753
0.0222355050806934
0.038732815301853
0.137716676628811
0.0882247459653317
0.0304841601912732
0.0304841601912732
0.0841004184100418
0.0724148236700541
0.0552301255230126
0.0578185706814106
0.133592349073521
0.0689778840406455
0.118469814704124
0.0882247459653317
0.110221159593545
0.165212193664077
0.222952779438135
0.066228332337119
0.02498505678422
0.0992229527794381
0.0469814704124328
0.0882247459653317
0.00573819485953378
0.0552301255230126
0.0194859533771668
0.302689778840406
0.00848774656306037
0.0469814704124328
0.0583233711894802
0.0194859533771668
1.35576808129109
0.0566049013747758
0.0332337118947998
0.126718469814704
1.94417214584579
0.0332337118947998
0.00298864315600717
0.0424275254034669
0.649133293484758
0.217453676031082
0.0301404662283324
0.110221159593545
0.228451882845188
0.0717274357441721
0.195457262402869
0.0552301255230126
0.110908547519426
0.0332337118947998
0.000239091452480579
0.0332337118947998
0.0167364016736402
0.0414823670053796
0.052480573819486
0.0543064479976091
0.337059175134489
0.02498505678422
0.0167364016736402
0.0304841601912732
0.00298864315600717
0.0939493985355647
0.0736714547220562
0.0717274357441721
0.11675134488942
0.107471607890018
0.181709503885236
0.0799760908547522
0.0222355050806934
0.0681186491332935
0.0442319187089062
0.052480573819486
0.352181709503885
0.118469814704124
0.178959952181709
0.011237298266587
0.107471607890018
0.0442319187089062
0.0442319187089062
0.0909742976688583
0.134967124925284
0.0703741407650927
0.0442319187089062
0.0827256425582787
0.0490436341900777
0.107235318290496
0.0689778840406455
0.136341900777047
0.105237597130903
0.123968918111178
0.000239091452480579
0.0359832635983264
0.00848774656306037
0.178959952181709
0.0854751942618052
0.2916915720263
0.0841004184100416
0.0689778840406455
0.100597728631201
0.00848774656306037
0.0717274357441721
0.038732815301853
0.200956365809922
0.00848774656306037
0.0497310221159594
0.110221159593545
0.038732815301853
0.0772265391512253
0.0978481769276748
0.02498505678422
0.123968918111178
0.165212193664077
0.0676031081888823
0.156963538553497
0.134967124925284
0.143215780035863
0.011237298266587
0.143215780035864
0.225702331141661
0.052480573819486
0.0634787806335923
0.0634787806335924
0.0717274357441724
0.70412432755529
0.08753735803945
0.129468021518231
0.415421398684997
0.123968918111178
0.17071129707113
0.093723849372385
0.115086577256425
0.126718469814704
0.111595935445308
0.0304841601912732
0.16246264196055
0.000239091452480579
0.0552301255230126
0.239450089659295
0.0937238493723849
0.011237298266587
2.89276748356246
0.107471607890018
0.236700537955768
0.110221159593545
0.0222355050806934
0.0497310221159594
0.176210400478183
0.200956365809922
0.0799760908547519
0.0359832635983263
0.0815656754333532
0.335684399282726
0.0500747160789003
0.126825874178123
0.00298864315600717
0.0469814704124328
0.0442319187089062
0.167961745367603
0.0607292289300657
1.41625821876868
0.178959952181709
0.0456603967423789
0.000239091452480579
0.105409444112373
0.0469814704124328
0.0786013150029885
0.0717811379258815
0.14596533173939
0.0689778840406455
0.165555887627017
0.135096010161387
0.0359832635983264
0.0703526598924088
0.0882247459653317
0.0442319187089061
0.052480573819486
0.0566049013747758
0.104722056186491
0.0451448557979677
0.129468021518231
0.143387627017334
0.228451882845188
0.181709503885236
0.101542887029289
0.0442319187089062
0.0882462268380158
0.176210400478183
0.0263598326359833
0.133807157800359
0.0332337118947998
0.148714883442917
0.156963538553497
0.00298864315600717
0.108674536760311
0.0973326359832635
0.0964734010759115
0.12934987671847
0.0653046548117154
0.137716676628811
0.0552301255230126
0.0767539599521816
0.0469814704124328
0.0548005080693365
2.20263000597729
0.143215780035864
0.0751643753735806
0.0462940824865511
0.0566049013747759
0.0827256425582786
0.0909742976688584
0.129468021518231
0.2916915720263
0.0497310221159594
0.0772265391512253
0.0277346084877466
0.052480573819486
0.011237298266587
0.194082486551106
0.0552301255230126
0.0407949790794978
0.0332337118947998
0.00573819485953378
0.02498505678422
0.052480573819486
0.0634787806335923
0.115720263000598
0.0996955319784819
0.115720263000598
0.0944112372982669
0.0236102809324566
0.0631350866706516
0.0304841601912732
0.206455469216976
0.0772265391512253
0.0139868499701136
0.0552301255230128
0.148714883442917
0.125
0.00298864315600717
0.0736714547220562
0.0421697549312612
0.627136879856545
0.133130510310819
0.052480573819486
0.0187985654512851
0.112970711297071
0.0964734010759115
0.0689778840406455
0.143215780035864
0.192707710699342
0.00848774656306037
0.0442319187089062
0.123968918111178
0.0689778840406455
0.0579796772265392
0.0634787806335923
0.0332337118947998
0.011237298266587
0.0167364016736402
0.14596533173939
0.0717274357441721
0.115720263000598
0.0854751942618051
0.0806634787806334
0.066228332337119
0.0277346084877466
0.0332337118947998
0.0566049013747758
0.107471607890018
0.140466228332337
0.255947399880454
0.052480573819486
0.0772265391512253
0.052480573819486
0.0803197848176928
0.16246264196055
0.0884825164375375
0.0414823670053796
0.151464435146444
0.15833831440526
0.115720263000598
0.0855181560071728
0.00298864315600717
0.0689778840406455
0.0854751942618051
0.132217573221757
0.038732815301853
0.0813508667065153
0.052480573819486
0.0923490735206215
0.0579796772265391
0.115720263000598
0.0428571428571429
0.0744769874476988
0.112970711297071
0.101972504482965
0.0827256425582785
0.0194859533771668
0.0291093843395099
0.11262701733413
0.0181111775254035
0.132217573221757
0.052480573819486
0.0414823670053796
0.101972504482965
0.0747132770472207
0.0847878063359235
0.0964734010759115
0.0595907426778243
0.011237298266587
0.0222355050806934
0.101972504482965
0.0607292289300657
0.0909742976688584
0.0277346084877466
0.0979555812910936
0.0772265391512253
0.0895995218170952
0.0889121338912136
0.112970711297071
0.00848774656306037
0.0779139270771071
0.0713730013448894
0.053452583308428
0.0277346084877466
0.220203227734608
0.112970711297071
0.104834830768081
0.116923191870891
0.0854751942618051
0.140466228332337
0.0277346084877466
0.159713090257023
0.0332337118947998
0.126718469814704
0.123968918111177
0.104722056186491
0.129468021518231
0.00298864315600717
0.0277346084877466
0.0689778840406455
0.155245068738792
0.066228332337119
0.0992229527794381
0.0380454273759714
0.0493873281530186
0.00848774656306037
0.228451882845188
1.01396443514645
0.000239091452480579
0.0497310221159594
0.107471607890018
0.0139868499701136
0.0332337118947998
0.121219366407651
0.0596981470412432
0.0799760908547519
0.0607292289300657
0.159713090257023
0.0717274357441721
0.176210400478183
0.0593544530783027
0.112970711297071
0.365929468021518
0.0909742976688584
0.0744769874476988
0.0332337118947998
0.0538553496712493
0.134279736999402
0.0799760908547519
0.0359832635983264
0.02498505678422
0.110221159593545
0.0433136114016737
0.0882247459653317
0.0497310221159594
0.233950986252241
0.111595935445308
0.14596533173939
0.140466228332337
0.144590555887627
0.159713090257023
0.132217573221757
0.167961745367603
0.253197848176928
0.0992229527794381
0.0744769874476987
0.011237298266587
0.104722056186491
0.198206814106396
0.101972504482965
0.00848774656306037
0.151464435146444
0.0139868499701136
0.0332337118947998
0.0799760908547519
0.0723289001793188
0.000239091452480579
1.61697549312612
0.0304841601912732
0.126718469814704
0.132217573221757
0.0926498057381949
0.000239091452480579
0.244949193066348
0.101972504482965
0.123968918111178
0.0717274357441721
0.129468021518231
0.011237298266587
0.10872823894202
0.02498505678422
0.0555738194859536
0.0139868499701136
0.102101389719067
0.0786013150029885
0.492408846383742
0.189958158995816
0.102369900627615
0.0964734010759115
0.233950986252241
0.123968918111178
0.112970711297071
0.0855396368798564
0.0937238493723849
0.112970711297071
0.0882247459653317
0.0634787806335923
0.0609010759115361
0.0139868499701136
0.0304841601912732
0.157221309025702
0.302689778840406
0.0689778840406455
0.233950986252241
0.0689778840406455
0.261446503287507
0.112970711297071
0.563467573221761
0.00573819485953378
0.0593544530783027
0.0332337118947998
0.0744769874476987
0.0786013150029888
0.0469814704124328
0.0937238493723849
0.101285116557083
0.0758517632994622
0.0566049013747758
0.0937238493723849
0.0731236924686192
0.02498505678422
0.0277346084877466
0.0167364016736402
0.0786013150029887
0.0579796772265391
0.153467526524208
0.00573819485953378
0.0552301255230126
0.110221159593545
0.10437836222355
0.038732815301853
0.0579796772265393
0.048699940227137
0.115548416019127
0.156963538553497
0.0827256425582788
0.167961745367603
0.18354074828153
0.0139868499701136
0.199581589958159
0.0236102809324567
0.144590555887627
0.0992229527794381
0.0607292289300657
0.132217573221757
0.0900076583980873
0.0236102809324567
0.0277346084877466
0.0139868499701136
0.0772265391512253
0.0909742976688584
0.066228332337119
0.0854751942618051
0.0139868499701136
0.038732815301853
0.222952779438135
0.0153616258218769
0.0963874775851765
0.0870218170950387
0.14596533173939
0.0194859533771668
0.0304841601912732
0.124312612074119
0.121219366407651
0.111136781791691
0.393424985056784
0.0827256425582785
0.0978481769276749
0.107471607890018
0.0304841601912732
0.0304841601912732
0.167961745367603
0.137716676628811
0.049559175134489
0.0717274357441723
0.0497310221159594
0.0414823670053796
0.0194859533771668
0.0476688583383144
0.0304841601912732
0.0676031081888823
0.0841541205917512
0.0194859533771668
0.0332337118947998
0.00573819485953378
0.235325762104005
0.00298864315600717
0.178959952181709
0.0748206814106397
0.0992229527794381
0.44566646742379
0.0956141661685594
0.00573819485953378
0.0662283323371189
0.0799760908547522
0.0854751942618051
0.0827256425582785
0.075851763299462
0.0579796772265391
0.17071129707113
0.0882247459653317
0.0524805738194859
0.0194859533771668
0.17071129707113
0.172773460848774
0.0710400478182905
0.0717274357441723
0.0827256425582785
0.110221159593545
0.0731022115959353
0.13384206421847
0.0772265391512253
0.0359832635983264
0.107471607890018
0.126718469814704
0.0607292289300657
0.130842797369994
0.150605200239092
0.0222355050806934
0.0414823670053796
0.100168111177526
0.0789718600567839
0.0139868499701136
0.038732815301853
0.0744769874476987
0.0222355050806934
0.0553429001046026
0.0933801554094442
0.137716676628811
0.0861625821876865
0.0744769874476987
0.115720263000598
0.0359832635983264
0.00298864315600717
0.178959952181709
0.011237298266587
0.0194859533771668
0.052480573819486
0.107471607890018
0.0566049013747758
0.110908547519426
0.034608487746563
0.169336521219366
0.0634787806335925
0.115720263000598
0.0895995218170953
0.132217573221757
0.0579796772265391
0.0442319187089062
0.352181709503885
0.0387328153018529
0.203705917513449
0.0634787806335923
0.0854751942618051
0.379677226539151
0.176210400478183
0.0648535564853559
0.109533771667663
0.0813508667065152
0.0744769874476987
0.0469814704124328
0.0992229527794381
0.0194859533771668
0.137716676628811
0.0847878063359234
0.011237298266587
0.0878810520023911
0.184459055588763
0.196488344291691
0.178959952181709
0.0222355050806934
0.038732815301853
0.0332337118947998
0.115720263000598
0.00298864315600717
0.137716676628811
0.0682904961147639
0.17071129707113
0.0788268641661687
0.0772265391512253
0.157017240735206
0.0909742976688584
0.0917798303945011
0.137716676628811
0.0139868499701136
0.02498505678422
0.118469814704124
0.0617603108188882
0.0332337118947998
0.00573819485953378
0.246323968918111
0.112970711297071
0.0919194560669459
0.0146742378959952
0.14596533173939
0.0332337118947998
0.167961745367603
0.00298864315600717
0.225702331141662
0.038732815301853
0.138404064554692
0.0799760908547519
0.02498505678422
0.0678608786610881
0.14596533173939
0.0442319187089062
0.338433950986252
0.0622463155633593
0.0414823670053796
0.24976090854752
0.0552301255230126
0.0751643753735802
0.0937238493723849
0.052480573819486
0.0827256425582786
0.0634787806335923
0.132217573221757
0.038732815301853
0.0304841601912732
0.16246264196055
0.149144500896593
0.0304841601912732
0.17071129707113
0.0992229527794381
0.126718469814704
0.048356246264196
0.0717274357441721
0.497907949790795
0.0854751942618051
0.0222355050806934
0.0277346084877466
0.0621147452181711
0.0139868499701136
0.368679019725045
0.066228332337119
0.0717274357441721
0.0634787806335923
0.101972504482965
0.165212193664077
0.123968918111178
0.121906754333532
0.0580226389719067
0.0194859533771668
0.0442319187089062
0.0332337118947998
0.0576359832635983
0.167961745367603
0.0291093843395099
0.0387328153018529
0.159713090257023
0.176210400478183
0.0469814704124328
0.112970711297071
0.00573819485953378
0.115720263000598
0.207830245068739
0.0937238493723849
0.052480573819486
0.00848774656306037
0.0909742976688584
0.159713090257023
0.0414823670053796
0.0827256425582785
0.0366706515242081
0.0442319187089062
0.124656306037059
0.827854154213986
0.196488344291691
0.0854751942618051
0.0710400478182906
0.0909742976688584
0.0600418410041842
0.0799760908547521
0.0511057979677227
0.0332337118947998
0.0621040047818291
0.02498505678422
0.0882247459653317
0.0435445307830245
0.00298864315600717
0.0732740585774059
0.137716676628811
0.0277346084877466
0.0414823670053796
0.0579796772265391
0.0222355050806934
0.0895995218170953
0.101972504482965
0.0607292289300657
0.262133891213389
0.0854751942618051
0.038732815301853
0.0579796772265391
0.0407949790794979
0.0689778840406455
0.10025403466826
0.0710400478182905
0.242199641362821
0.0882247459653317
0.052480573819486
0.0520509563658099
0.0758517632994623
0.00848774656306037
0.0854751942618051
0.0442319187089062
0.144590555887627
0.02498505678422
0.132217573221757
0.0469814704124328
0.14596533173939
0.119157202630006
0.0772265391512253
0.107471607890018
0.0689778840406455
0.0469814704124328
0.0613575444560668
0.16246264196055
0.0876877241482368
0.126057932979677
0.0882677077106993
0.0552301255230126
0.0648535564853557
0.114345487148834
0.0607292289300657
0.00298864315600717
0.0799760908547519
0.148714883442917
0.092402775702331
0.143215780035864
0.222952779438135
0.115720263000598
0.02498505678422
0.0194859533771668
0.151464435146444
0.352181709503885
0.132217573221758
0.0579796772265391
0.0497310221159594
0.0882247459653318
0.00848774656306037
0.0332337118947998
0.176210400478183
0.115720263000598
0.0139868499701136
0.0332337118947998
0.0704385833831441
0.101972504482965
0.115720263000598
0.0744769874476987
0.0139868499701136
0.00436341900777047
0.115720263000598
0.0872473662582189
0.0689778840406454
0.0799760908547519
0.044990462025553
0.0744769874476987
0.0590107591153616
0.104722056186491
0.066228332337119
0.104219940787507
0.0882247459653317
0.0139868499701136
0.123968918111178
0.0304841601912732
0.0882247459653317
0.0194859533771668
0.14596533173939
0.0651918802301256
0.123968918111178
0.0772265391512253
0.0689778840406453
0.159713090257023
0.151464435146444
0.00848774656306037
0.0644507901225344
0.0799760908547519
0.0920268604303646
0.0676031081888823
0.00848774656306037
0.0689778840406455
0.0579796772265392
0.0497310221159594
0.15421398684997
0.0511057979677227
0.184459055588763
0.066228332337119
0.0992229527794381
0.123968918111178
0.0332337118947998
0.305439330543933
0.00298864315600717
0.0717274357441721
0.0332337118947998
0.00298864315600717
0.100597728631201
0.0194859533771668
0.137716676628811
0.0964734010759116
0.103347280334728
0.0624476987447699
0.151464435146443
0.0304841601912732
0.103862821279139
0.0634787806335923
0.17071129707113
0.0717274357441721
0.191332934847579
0.14596533173939
0.0688973307680812
0.0607292289300657
0.0428571428571429
0.233950986252241
0.107471607890018
0.155588762701733
0.104722056186491
0.106440526001195
0.108846383741781
0.0799760908547519
0.0593544530783027
0.0194859533771668
0.13771667662881
0.0813508667065152
0.0277346084877466
0.0236102809324567
0.0488717872086073
0.0552301255230126
0.0772265391512253
0.066228332337119
0.108975268977884
0.0813508667065151
0.0634787806335923
0.0414823670053796
0.0689778840406455
0.0476688583383144
0.052480573819486
0.0552730872683801
0.200956365809922
0.118469814704124
0.134967124925284
0.0772265391512253
0.0366706515242081
0.109190077704722
0.0480877353556486
0.104722056186491
0.0648535564853558
0.066228332337119
0.0909742976688584
0.0539734944710102
0.066228332337119
0.167274357441721
0.000239091452480579
0.000239091452480579
0.189958158995816
0.0566049013747758
0.0359832635983264
0.0992229527794381
0.0222355050806934
0.00573819485953378
0.0841004184100418
0.0277346084877466
0.110221159593545
0.0978481769276749
0.0707500560370593
0.0222355050806934
0.08341303048416
0.0497310221159594
0.0689778840406455
0.227077106993425
0.0909742976688584
0.0242976688583383
0.0382172743574418
0.128093245666468
0.212427151823073
0.165212193664077
0.0484153186640765
0.121219366407651
0.251135684399283
0.0985355648535565
0.0992229527794381
0.0937238493723849
0.0854751942618053
0.0548864315600717
0.121219366407651
0.038732815301853
0.258696951583981
0.0730162881052002
0.0222355050806934
0.0414823670053796
0.088224745965332
0.101285116557083
0.0222355050806934
0.0721067074024956
0.198206814106396
0.0194859533771668
0.0194859533771668
0.00298864315600717
0.107815301852959
0.0682314237148835
0.000239091452480579
0.0167364016736402
0.484160191273162
0.0588523376793185
0.0689778840406455
0.0689778840406455
0.115720263000598
0.173460848774656
0.14596533173939
0.0411386730424387
0.255947399880454
0.0909742976688584
0.0332337118947998
0.0882247459653317
0.0897982198894201
0.144826845487149
0.0469814704124328
0.0607292289300657
0.0277346084877466
0.0747347579199045
0.104722056186491
0.0992229527794381
0.066228332337119
0.0304841601912732
0.123968918111178
0.0476957094291691
0.0882677077106993
0.220203227734608
0.0559175134488942
0.239450089659295
0.0607292289300657
0.187208607292289
0.0937238493723849
0.000239091452480579
0.244949193066348
0.038732815301853
0.052480573819486
0.0689778840406455
0.103347280334728
0.0896639644351462
0.115720263000598
0.126718469814704
0.0841004184100418
0.0304841601912732
0.104722056186491
0.0799760908547519
0.0909742976688585
0.0937238493723849
0.104722056186491
0.115720263000598
0.0497310221159594
0.0277346084877466
0.000239091452480579
0.0799760908547519
0.0859907352062163
0.011237298266587
0.0786013150029884
0.0552301255230126
0.115720263000598
0.0786013150029885
0.066228332337119
0.402704722056186
0.0572922893006576
0.066228332337119
0.126718469814704
0.106096832038255
0.0756007055999699
0.0909742976688584
0.0414823670053796
0.173460848774656
0.106096832038255
0.0739721869396294
0.0332337118947998
0.101972504482965
0.0827256425582784
0.0827256425582785
0.00848774656306037
0.16246264196055
0.137716676628811
0.038732815301853
0.0634787806335923
0.0655409444112375
0.052480573819486
0.0222355050806934
0.0889121338912132
0.0607292289300657
0.129468021518231
0.132217573221757
0.0442319187089062
0.131530185295876
0.00298864315600717
0.0457785415421399
0.0772829264420204
0.0552301255230126
0.14596533173939
0.13359234907352
0.0944112372982667
0.0772265391512253
0.0978481769276751
0.0451770771069935
0.0964734010759115
0.104722056186491
0.0868499701135686
0.0717274357441721
0.0909742976688584
0.0414823670053796
0.108846383741781
0.0937238493723849
0.0304841601912732
0.0758517632994621
0.130842797369994
0.0889121338912136
0.0442319187089062
0.085475194261805
0.140466228332337
0.112970711297071
0.104722056186491
0.214704124327555
0.130842797369994
0.052480573819486
0.110221159593545
0.14596533173939
0.0687201135684399
0.0414823670053796
0.0607292289300657
0.0277346084877466
0.0538553496712492
0.165212193664077
1.01207411835027
0.0772265391512253
0.0167364016736402
0.00573819485953378
0.011237298266587
0.0744769874476987
0.220203227734608
0.227764494919307
0.0655409444112374
0.0445756126718469
0.0222355050806934
0.0744769874476987
0.0139868499701136
0.104722056186491
0.0524805738194859
0.137716676628811
0.239450089659295
0.061244769874477
0.0167364016736402
0.198206814106396
0.097848176927675
0.0964734010759115
0.066228332337119
0.140466228332337
0.0717274357441721
0.110908547519426
0.0648535564853556
0.100254034668261
0.121219366407651
0.107471607890018
0.00573819485953378
0.0469814704124328
0.0758517632994622
0.183084279736999
0.0669157202630005
0.0414823670053796
0.0414823670053796
0.0414823670053796
0.110221159593545
0.106096832038255
0.100597728631201
0.0689778840406455
0.038732815301853
0.0497310221159594
0.17071129707113
0.062318813508667
0.02498505678422
0.0469814704124327
0.100060706814106
0.0852389046622836
0.00986252241482368
0.115720263000598
0.00848774656306037
0.115720263000598
0.140466228332337
0.140466228332337
0.0579796772265392
0.0634787806335923
0.0497525029886432
0.0579796772265391
0.0717274357441721
0.143215780035864
0.228451882845188
0.0937238493723849
0.0222355050806933
0.101741585101614
0.0717274357441721
0.00573819485953378
0.0992229527794379
0.0579796772265391
0.123968918111178
0.0662283323371189
0.195457262402869
0.0304841601912732
0.418170950388524
0.0359832635983264
0.225702331141662
0.0964734010759115
0.13771667662881
0.0717274357441721
0.258696951583981
0.137716676628811
0.123968918111177
0.0511057979677226
0.131787955768081
0.0566049013747759
0.0744769874476987
0.134967124925284
0.126718469814704
0.00573819485953378
0.134967124925284
0.0992229527794381
0.0442319187089062
0.178959952181709
0.110221159593545
0.346682606096832
0.0194859533771668
0.0442319187089062
0.214704124327555
0.651882845188285
0.0332337118947998
0.195457262402869
0.0139868499701136
0.0373580394500897
0.104722056186491
0.0689778840406454
0.0194859533771668
0.0882247459653317
0.011237298266587
0.137158173939032
0.0483562462641961
0.115720263000598
0.0909742976688584
0.16246264196055
0.17895995218171
0.0834130304841604
0.120588365772564
0.231201434548715
0.066228332337119
0.0139868499701136
0.0634787806335923
0.0617603108188882
0.0222355050806934
0.0263598326359833
0.129468021518231
0.100028485505081
0.104056149133294
0.0902869097429768
0.0442319187089062
0.0799760908547519
0.0937238493723849
0.120360131500299
0.14596533173939
0.178959952181709
0.0552301255230126
0.038732815301853
0.0541990436341901
0.0885818654737
0.0263598326359833
0.0909742976688585
0.14596533173939
0.148714883442917
0.0414823670053796
0.115720263000598
0.0799760908547522
0.123968918111178
0.130155409444112
0.00573819485953378
0.0194859533771668
0.173460848774656
0.0497310221159594
0.112970711297071
0.129468021518231
0.011237298266587
0.0413105200239091
0.137716676628811
0.134967124925284
0.178959952181709
0.181709503885236
0.089169904363419
0.124033360729228
0.0469814704124328
0.0799760908547519
0.0799760908547519
0.100597728631202
0.0689778840406455
0.0414823670053796
0.0428571428571428
0.0222355050806934
0.0493873281530186
0.159713090257023
0.0414823670053796
0.0744769874476987
0.00298864315600717
0.0634787806335925
0.0541990436341901
0.066228332337119
0.060385534967125
0.031687089061566
0.0442319187089062
0.0834130304841604
0.253197848176928
0.0497310221159594
0.152839210998207
0.0469814704124328
0.0497310221159594
0.00298864315600717
0.0909742976688586
0.0222355050806934
0.0477682073744769
0.0222355050806934
0.02498505678422
0.0593544530783024
0.064166168559474
0.16246264196055
0.104722056186491
0.122594142259414
0.339808726838015
0.140466228332337
0.726120741183503
0.0607292289300657
0.02498505678422
0.189958158995816
0.0442319187089062
0.0937238493723849
0.14596533173939
0.052480573819486
0.233950986252241
0.0861625821876866
0.0799760908547519
0.052480573819486
0.0799760908547521
0.0194859533771668
0.0626195457262403
0.0786013150029886
0.151292588164973
0.110221159593545
0.217453676031082
0.00298864315600717
0.0751643753735802
0.052480573819486
0.0194859533771668
0.0222355050806934
0.0882247459653317
0.0414823670053796
0.195457262402869
0.0146742378959952
0.0194859533771668
0.327435744172146
0.209205020920502
0.0868499701135682
0.108518800433353
0.0814367901972504
1.45200239091452
0.541900777047221
0.130842797369994
0.165212193664076
0.140466228332337
0.275194261805141
0.0711649053907652
0.0964734010759115
0.0492154811715481
0.134967124925284
0.0414823670053796
0.159713090257023
0.0332337118947998
0.0442319187089062
0.0772265391512253
0.244949193066348
0.189958158995816
0.00298864315600717
0.0930364614465031
0.0248991332934847
0.0744769874476987
0.213329348475792
0.066228332337119
0.0854751942618051
0.0483777271368798
0.0854751942618051
0.038732815301853
0.0428571428571429
0.137716676628811
0.106784219964136
0.528195980274959
0.129468021518231
0.115720263000598
0.104722056186491
0.0827256425582786
0.0469814704124328
0.129468021518231
0.0944112372982669
0.0194859533771668
0.231201434548715
0.0956141661685597
0.0414823670053796
0.184459055588763
0.115720263000598
0.0882247459653317
0.0552301255230126
0.140466228332337
0.0889121338912135
0.0318589360430365
0.0277346084877466
0.0430289898386133
0.126718469814704
0.244949193066348
0.0277346084877466
0.0607292289300657
0.104722056186491
0.173117154811715
0.117095038852361
0.184459055588763
0.011237298266587
0.0849126639083982
0.000239091452480579
0.102659892408847
0.0456066945606695
0.0586670651524208
0.117095038852361
0.129468021518231
0.211954572624029
0.110221159593545
0.261446503287507
0.151464435146443
0.052480573819486
0.0531679617453675
0.0474540496114765
0.0332337118947998
0.137716676628811
0.0717274357441721
0.0634787806335923
0.104558264532277
0.0923490735206215
0.137716676628811
0.0717274357441722
0.000239091452480579
0.159713090257023
0.0992229527794381
0.0607292289300657
0.0772265391512253
0.0797612821279139
0.0579796772265393
0.0909742976688584
0.0865062761506274
0.0634787806335923
0.200956365809922
0.0937238493723849
0.0992229527794381
0.129468021518231
0.0442319187089062
0.0813508667065153
0.0421697549312612
0.118469814704124
0.106096832038255
0.0688060370591751
0.0499028690974297
0.217453676031082
0.0717274357441721
0.132217573221757
0.02498505678422
0.228451882845188
0.0772265391512253
0.187208607292289
0.0469814704124328
0.0167364016736402
0.0746488344291693
0.0304841601912732
0.02498505678422
0.00848774656306037
0.0634787806335923
0.126546622833234
0.046519631649731
0.285311752839213
0.140466228332337
0.665630603705917
0.0334700014943217
0.114345487148834
0.178959952181709
0.0401075911536163
0.385176329946204
0.0758517632994622
0.0311715481171547
0.195457262402869
0.217453676031082
0.164309997011357
0.0181111775254035
0.00573819485953378
0.0139868499701136
0.130842797369994
0.011237298266587
0.0139868499701136
0.112970711297071
0.205768081291094
0.052480573819486
0.109447848176928
0.280693365212194
0.0909742976688584
0.346682606096832
0.0868499701135682
0.0607292289300657
0.0497310221159594
0.00848774656306037
0.117095038852361
0.148714883442917
0.0827256425582785
0.0304841601912732
0.0992229527794381
0.0579796772265391
0.136341900777047
0.0139868499701136
0.0772265391512253
0.0263598326359833
0.0194859533771668
0.0593759339509863
0.115720263000598
0.111595935445308
0.0497310221159594
0.0717274357441722
0.0964734010759115
0.0304841601912732
0.0799760908547521
0.132217573221757
0.0964734010759115
0.0555738194859534
0.0194859533771668
0.0359832635983264
0.0579796772265391
0.0497310221159594
0.0992229527794381
0.0992229527794381
0.121219366407651
2.16413628212791
0.0744769874476987
0.0909742976688584
0.0724148236700541
0.123968918111178
0.106096832038254
0.106096832038255
0.0985355648535565
0.0167364016736402
0.100597728631201
0.0579796772265391
0.0632639719067545
0.189958158995816
0.137716676628811
0.15421398684997
0.0139868499701136
0.101972504482965
0.166643356806635
0.00573819485953378
0.0648535564853557
0.0992229527794381
0.0277346084877466
0.0277346084877466
0.0610729228930068
0.0311715481171548
0.0744769874476987
0.2916915720263
0.121563060370592
0.492408846383742
0.0772265391512253
0.17071129707113
0.0277346084877466
0.0552301255230126
0.0277346084877466
0.0277346084877466
0.151464435146444
0.00298864315600717
0.0579796772265391
0.136011632359534
0.112970711297071
0.000239091452480579
0.148714883442917
0.0277346084877466
0.11228332337119
0.0236102809324567
0.011237298266587
0.187208607292289
0.0799760908547519
0.0414823670053796
0.107471607890018
0.107471607890018
0.195457262402869
0.148714883442917
0.187208607292289
0.239450089659295
0.0854751942618051
0.110221159593545
0.0167364016736402
0.0263598326359833
0.0469814704124328
0.0483562462641961
0.0909742976688584
0.0909742976688584
0.0868499701135682
0.0992229527794381
0.0701808129109384
0.0696652719665272
0.0854751942618051
0.052480573819486
0.0772265391512253
0.143215780035864
0.0612018081291094
0.0678018062612074
0.0988497226165573
0.118469814704124
0.0662283323371189
0.178959952181709
0.0689778840406455
0.148714883442917
0.0332337118947998
0.0717274357441721
0.0892692533995815
0.107471607890018
0.145649831421847
0.0703526598924088
0.0277346084877466
0.0805775552898984
0.0909742976688581
0.0277346084877466
0.184459055588763
0.132217573221757
0.228451882845188
0.187208607292289
0.000239091452480579
0.0607292289300657
0.159025702331141
0.0593544530783025
0.0139868499701136
0.0634787806335922
0.115720263000598
0.011237298266587
0.0332337118947998
0.118469814704124
0.0964734010759115
0.253197848176928
0.211954572624029
0.0222355050806934
0.0490436341900777
0.0270472205618649
0.0660564853556485
0.034608487746563
0.0596122235505081
0.011237298266587
0.272444710101614
0.0854751942618051
0.0318589360430364
0.011237298266587
0.299080992229527
0.066228332337119
0.0139868499701136
0.0827256425582785
0.134967124925284
0.0861625821876868
0.0948408547519425
0.066228332337119
0.0139868499701136
0.107098377727137
0.0992229527794381
0.038732815301853
0.0579796772265391
0.590017931858935
0.0804983445718768
0.203705917513449
0.0734459055588765
0.0194859533771668
0.0717274357441721
0.0579796772265391
0.134967124925284
0.052480573819486
0.0744769874476989
0.0277346084877466
0.0339318402570233
0.104722056186491
0.0634787806335923
0.0442319187089062
0.0483562462641961
0.0731022115959354
0.200956365809922
0.148714883442917
0.0456066945606695
0.0222355050806934
0.15421398684997
0.110221159593545
0.0992229527794381
0.129468021518231
0.0827256425582785
0.118469814704124
0.0882247459653317
0.0497310221159594
0.187208607292289
0.211954572624029
0.107471607890018
0.066228332337119
0.0689778840406456
0.157070942916916
0.121219366407651
0.052480573819486
0.0634787806335923
0.0845729976090856
0.02498505678422
0.195457262402869
0.0359832635983264
0.126031081888823
0.217453676031082
0.00573819485953378
0.0689778840406455
0.0517931858936043
0.0497310221159594
0.111595935445308
0.0511057979677226
0.129468021518231
0.101972504482965
0.110221159593545
0.00298864315600717
0.02498505678422
0.115720263000597
0.011237298266587
0.0566049013747758
0.0552301255230126
0.0717274357441721
0.0950986252241481
0.0744769874476987
0.176210400478183
0.112970711297071
0.104722056186491
0.078343544530783
0.0772265391512253
0.066228332337119
0.00573819485953378
0.0717274357441721
0.110221159593545
0.000239091452480579
0.0930364614465033
0.139091452480574
0.00298864315600718
0.115720263000598
0.02498505678422
0.107471607890018
0.12121936640765
0.00848774656306037
0.12912432755529
0.10437836222355
0.209205020920502
0.0590376102062161
0.0607292289300657
0.00573819485953378
0.02498505678422
0.0634787806335923
0.14596533173939
0.239450089659295
0.178959952181709
0.0786013150029885
0.027047220561865
0.0167364016736402
0.0442319187089062
0.00573819485953378
0.0964734010759117
0.233950986252241
0.112283323371189
0.0222355050806934
0.02498505678422
0.0497310221159594
0.0882247459653319
0.159713090257023
0.15421398684997
0.0332337118947998
0.0799760908547519
0.173460848774656
0.112154438135087
0.0676031081888825
0.115032875074716
0.269695158398087
0.0827256425582785
0.0977622534369398
0.14596533173939
0.283464397788406
0.00573819485953378
0.109877465630603
0.117438732815302
0.0889121338912133
0.052480573819486
0.134967124925284
0.0552301255230126
0.132217573221757
0.116407650926479
0.119184053720861
0.148714883442917
0.0882247459653315
0.0277346084877466
0.0442319187089062
0.0304841601912732
0.0359832635983264
0.195457262402869
0.0854751942618051
0.109190077704722
0.110178197848177
0.110221159593545
0.22089061566049
0.0497310221159594
0.143215780035864
0.232135852510461
0.0847878063359233
0.0414823670053796
0.247698744769874
0.178959952181709
0.118469814704124
0.0937238493723849
0.123968918111178
0.02498505678422
0.0469814704124328
0.173460848774656
0.0882247459653316
0.112970711297071
0.0552301255230126
0.0497310221159594
0.0304841601912732
0.110221159593545
0.0937238493723852
0.0469814704124328
0.108373804542738
0.0263598326359833
0.066228332337119
0.00848774656306037
0.0806634787806339
0.126718469814704
0.0744769874476987
0.0139868499701136
0.121219366407651
0.00298864315600717
0.0139868499701136
0.0937238493723849
0.0978481769276749
0.0291093843395099
0.0744769874476987
0.0607292289300657
0.178959952181709
0.176210400478182
0.0717274357441721
0.0744769874476987
0.0902869097429766
0.0497310221159594
0.187208607292289
0.02498505678422
0.101972504482965
0.0359832635983264
0.167961745367603
0.048356246264196
0.161087866108787
0.0717274357441721
0.0902869097429769
0.220203227734608
0.208517632994621
0.0724148236700538
0.0909742976688584
0.0895995218170949
0.0387328153018529
0.0332337118947998
0.0903083906156605
0.0689778840406455
0.0909742976688584
0.0497310221159594
0.0941964285714285
0.0937238493723849
0.0194859533771668
0.02498505678422
0.00848774656306037
0.0497310221159594
0.511226090854755
0.0414823670053796
0.0909742976688584
0.0854751942618051
0.0689778840406455
0.0579796772265391
0.129468021518231
0.0806634787806335
0.134967124925284
0.134967124925284
0.101972504482965
0.066228332337119
0.0139868499701136
0.0194859533771668
0.0332337118947998
0.104722056186491
0.052480573819486
0.000239091452480579
0.0167364016736402
0.0634787806335923
0.0139868499701136
0.0414823670053796
0.0194859533771668
0.0689778840406455
0.0837567244471007
0.0236102809324567
0.0579796772265392
0.0744769874476987
0.00848774656306037
0.105409444112373
0.0827256425582785
0.038732815301853
0.106784219964136
0.0167364016736402
0.0552301255230126
0.0414823670053796
0.140466228332337
0.0909742976688584
0.0786013150029887
0.00573819485953378
0.0992229527794381
0.0827256425582788
0.0390765092647938
0.0579796772265391
0.121219366407651
0.104722056186491
0.038732815301853
0.075851763299462
0.495158398087268
0.0975044829647339
0.165212193664076
0.119382751793186
0.286192468619247
0.0552301255230126
0.0511057979677228
0.066228332337119
0.123968918111178
0.0486999402271368
0.0304841601912732
0.0841004184100418
0.0827256425582785
0.011237298266587
0.121219366407651
0.104722056186491
0.0359832635983264
0.200956365809922
0.0139868499701136
0.0359832635983264
0.101285116557083
0.0964734010759114
0.0854751942618051
0.195457262402869
0.0854751942618051
0.0607292289300657
0.0717274357441721
0.0222355050806934
0.0963874775851766
0.0689778840406455
0.110221159593545
0.0167364016736402
0.57489539748954
0.066228332337119
0.0359832635983264
0.0583233711894799
0.0442319187089062
0.00848774656306037
0.142528392109982
0.114345487148835
0.00573819485953378
0.0813508667065152
0.0500800862970712
0.0909742976688585
0.0799760908547519
0.0651972504482966
0.011237298266587
0.0827256425582785
0.107503829199043
0.123968918111177
0.046637776449492
0.00298864315600717
0.0930364614465034
0.0882247459653317
0.0167364016736402
0.0634787806335923
0.0304841601912732
0.0194859533771668
0.0583233711894801
0.0600418410041841
0.126718469814704
0.0689778840406455
0.0792887029288704
0.117095038852361
0.0717274357441721
0.110221159593545
0.052480573819486
0.0450374514345488
0.119844590555888
0.0497310221159594
0.0709219030185295
0.0584374883256124
0.0648535564853556
0.239450089659295
0.16065824865511
0.0332337118947998
0.0633069336521219
0.0964734010759115
0.0854751942618051
0.0552301255230126
0.0414823670053796
0.0497310221159594
0.0304841601912732
0.1081589958159
0.0731022115959355
0.118469814704124
0.0320878415925731
0.0882247459653317
0.104722056186491
0.0964734010759115
0.0374761842498506
0.158682008368201
0.0277346084877466
0.0689778840406457
0.0909742976688585
0.143215780035864
0.0964734010759115
0.0638224745965334
0.0422127166766288
0.0868499701135684
0.140466228332337
0.0886543634190079
0.0717274357441721
0.02498505678422
0.0552301255230126
0.0511057979677226
0.107471607890018
0.011237298266587
0.0992229527794381
0.101972504482965
0.118469814704124
0.0579796772265391
0.011237298266587
0.195457262402869
0.0497310221159594
0.110736700537956
0.077913927077107
0.0964734010759115
1.14912208607292
0.144934249850568
0.0854751942618051
0.0480125523012553
0.198206814106396
0.0497310221159594
0.147340107591154
0.0643380155409444
0.0126120741183503
0.00298864315600717
0.052480573819486
0.200956365809922
0.0462940824865511
0.165212193664077
0.0634787806335923
0.0882247459653317
0.0827256425582785
0.0689778840406455
0.011237298266587
0.0660564853556486
0.151464435146444
0.112970711297071
0.011237298266587
0.152839210998207
0.0194859533771668
0.0689778840406455
0.107471607890018
0.0446615361625822
0.038732815301853
0.102187313209803
0.0992229527794381
0.0957860131500299
0.045338183652122
0.16246264196055
0.27106993424985
0.00436341900777048
0.0634787806335923
0.255947399880454
0.0950751305196506
0.0469814704124328
0.0634787806335923
0.0497310221159594
0.0607292289300657
0.0414823670053796
0.129468021518231
0.0579796772265392
0.129468021518231
0.206455469216976
0.115720263000598
0.195457262402869
0.0689778840406455
0.126718469814704
0.0139868499701136
0.0332337118947998
0.00573819485953378
0.0751643753735804
0.0805990361625823
0.104722056186491
0.064166168559474
0.0277346084877466
0.0359832635983264
0.131530185295876
0.114689181111775
0.0623329103313657
0.0689778840406455
0.0938956963538551
0.0797223480461743
0.156963538553497
0.000239091452480579
0.126718469814704
0.126718469814704
0.115720263000598
0.0786013150029888
0.114689181111775
0.0655409444112372
0.16246264196055
0.0622328900179318
0.0469814704124328
0.0689778840406455
0.0923490735206217
0.585893604303646
0.181709503885236
0.209205020920502
0.0579796772265391
0.103347280334728
0.0304841601912732
0.0634787806335923
0.102939143753736
0.0442319187089062
0.0193141063956964
0.200956365809922
0.0782576210400479
0.332934847579199
0.052480573819486
0.0607292289300657
0.0882247459653317
0.0950986252241481
0.14705884241445
0.0964734010759115
0.00573819485953378
0.0139868499701136
0.0854751942618052
0.0359832635983264
0.104722056186491
0.0923490735206215
0.0377017334130305
0.0552301255230126
0.0717274357441721
0.00298864315600717
0.14596533173939
0.052480573819486
0.0975313340555888
0.0717274357441723
0.104722056186491
0.00848774656306037
0.0744769874476987
0.121219366407651
0.0854751942618051
0.038732815301853
0.0139868499701136
0.147340107591154
0.302689778840406
0.0689778840406455
0.00848774656306037
0.0332337118947998
0.258696951583981
0.038732815301853
0.110221159593545
0.101972504482965
0.275194261805141
0.374178123132098
0.125945158398088
0.0772265391512253
0.117782426778243
0.0615884638374178
0.0854751942618051
0.151464435146444
0.139091452480573
0.231201434548715
0.0304841601912732
0.173460848774656
0.0402794381350867
0.140466228332337
0.181709503885236
0.0167364016736402
0.048356246264196
0.00298864315600717
0.132217573221757
0.0552301255230126
0.0469814704124328
0.140466228332337
0.066228332337119
0.000239091452480579
0.123968918111178
0.264196054991034
0.0792887029288702
0.137716676628811
0.100597728631202
0.0349521817095039
0.0909742976688584
0.052480573819486
0.02498505678422
0.232576210400478
0.038732815301853
0.140466228332337
0.165212193664076
0.199581589958159
0.519904363419008
0.0725007471607888
0.000239091452480579
0.132217573221757
0.15421398684997
0.0882247459653317
0.118469814704124
0.052480573819486
0.0566049013747758
0.0363269575612672
0.107471607890018
0.0703526598924089
0.1127988643156
0.112970711297071
0.0799760908547519
0.0827256425582785
0.0469814704124328
0.15421398684997
0.211954572624029
0.0732310968320384
0.143215780035864
0.089599521817095
0.240137477585176
0.0964948819485953
0.0744769874476987
0.155588762701733
0.173460848774656
0.236700537955768
0.141841004184101
0.0992229527794382
0.0277346084877466
0.0799760908547521
0.0758517632994619
0.105753138075314
0.00573819485953378
0.184459055588763
0.14596533173939
0.0194859533771668
0.0799760908547519
0.151464435146444
0.0359832635983264
0.0456066945606695
0.0648535564853557
0.0139868499701136
0.139091452480574
0.100517175358637
0.0662283323371189
0.121219366407651
0.0194859533771668
0.0854751942618051
0.0992229527794381
0.230514046622833
0.129468021518231
0.0304841601912732
0.0277346084877466
0.0304841601912732
0.115032875074716
0.0442319187089062
0.0139868499701136
0.00298864315600717
0.118469814704124
0.344620442319187
0.0414823670053796
0.200956365809922
0.261446503287507
0.00298864315600717
0.0497525029886432
0.00573819485953378
0.116407650926479
0.0539412731619844
0.00573819485953378
0.764614465032873
0.17071129707113
0.127749551703527
0.0770117304243873
0.180678421996414
0.109190077704722
0.112970711297071
0.0414823670053796
0.0132994620442319
0.152839210998207
0.155717647937836
0.195457262402869
0.16246264196055
0.0139868499701136
0.0950986252241481
0.0731022115959357
0.209205020920502
0.038732815301853
0.222952779438135
0.104722056186491
0.106096832038255
0.121391213389121
0.187208607292289
0.154901374775851
0.0957860131500297
0.02498505678422
0.129468021518231
0.0552301255230126
0.103347280334728
0.0538553496712493
0.119844590555887
0.115720263000598
0.000239091452480579
0.0964734010759115
0.00573819485953378
0.382426778242678
0.052480573819486
0.0992229527794381
0.14596533173939
0.266945606694561
0.222952779438135
0.148714883442917
0.000239091452480579
0.0689778840406455
0.0318589360430365
0.107471607890018
0.0579796772265391
0.104722056186491
0.178959952181709
0.0992498038702925
0.0304841601912732
0.0538553496712492
0.0497310221159594
0.0717274357441721
0.126718469814704
0.0696652719665268
0.00298864315600717
0.5501494321578
0.0167364016736402
0.0772265391512253
0.140466228332337
0.0483777271368799
0.2167662881052
0.011237298266587
0.198206814106396
0.0786013150029886
0.0669157202630005
0.0744769874476987
0.151464435146444
0.0605573819485953
0.104722056186491
0.00573819485953378
0.0263598326359833
0.0442319187089062
0.0167364016736402
0.0739748720487147
0.233950986252241
0.02498505678422
0.121219366407651
0.129468021518231
0.0772265391512256
0.0277346084877466
0.0779139270771072
0.341183502689779
0.132217573221757
0.107471607890018
0.0689778840406455
0.00298864315600717
0.128780633592349
0.030827854154214
0.038732815301853
0.0359832635983264
0.142829124327556
0.0603855349671249
0.0497310221159594
0.19133293484758
0.105815566861551
0.203705917513449
0.052480573819486
0.0744769874476987
0.167961745367603
0.0634787806335923
0.374178123132098
0.0634787806335923
0.253197848176928
0.0612877316198446
0.0222355050806934
0.0634787806335923
0.00298864315600717
0.173460848774656
0.0281910770322774
0.145119522377465
0.0139868499701136
0.0744769874476987
0.0784670595487147
0.0992229527794381
0.0304841601912732
0.0744769874476987
0.129468021518231
0.0497310221159594
0.139091452480574
0.0359832635983264
0.0332337118947998
0.0497310221159593
0.0658846383741781
0.038732815301853
0.0359832635983264
0.0359832635983264
0.137716676628811
0.0634787806335923
0.365929468021518
0.011237298266587
0.401673640167364
0.0332337118947998
1.47706251400926
0.0744769874476987
0.106784219964136
0.0359832635983264
0.156963538553497
0.116622459653317
0.011237298266587
0.0607292289300657
0.09578601315003
0.038732815301853
0.0497310221159594
0.0359832635983264
0.0744769874476988
0.052480573819486
0.02498505678422
0.0869063574043633
0.0854751942618051
0.052480573819486
0.187208607292289
0.0248132098027496
0.104636132695756
0.242199641362821
0.0469814704124328
0.0889107913366706
0.02498505678422
0.176210400478183
0.0688060370591752
0.0332337118947998
0.0497310221159595
0.0552301255230126
0.0304841601912732
0.0648535564853556
0.121219366407651
0.0469814704124328
0.0469814704124328
0.0999210811416618
0.24908426105798
0.0689778840406455
0.0799760908547522
0.253197848176928
0.038732815301853
0.107471607890018
0.118469814704125
0.0359832635983264
0.00848774656306037
0.130499103407053
0.112970711297071
0.0786335363120143
0.453915122534369
0.107471607890018
0.0717274357441721
0.115720263000598
0.0827256425582785
0.220203227734608
0.0552301255230126
0.101972504482965
0.066228332337119
0.118469814704124
0.0435445307830246
0.052480573819486
0.214704124327555
0.178959952181709
0.066228332337119
0.115032875074716
0.167961745367603
0.121219366407651
0.137716676628811
0.0414823670053796
0.0263598326359833
0.0497310221159594
0.109061192468619
0.00573819485953378
0.083756724447101
0.137716676628811
0.0428571428571429
0.0486999402271369
0.101972504482965
0.104722056186491
0.0918335325762102
0.00573819485953377
0.176210400478183
0.038732815301853
0.0827256425582788
0.0717274357441721
0.0992229527794381
0.0246413628212791
0.052480573819486
0.0332337118947998
0.0736177525403467
0.0408594216975493
0.0634787806335923
0.107471607890018
0.286192468619247
0.0469814704124328
0.0895995218170952
0.211954572624029
0.082038254632397
0.0167364016736402
0.134967124925284
0.0222355050806934
0.0208607292289301
0.00848774656306037
0.0741332934847581
0.0291093843395099
0.0552301255230126
0.0194859533771668
0.0442319187089062
0.0607292289300658
0.00298864315600717
0.104722056186491
0.0594108403690973
0.0476688583383144
0.107471607890018
0.0950986252241483
0.126718469814704
0.148714883442917
0.173460848774656
0.0782576210400478
0.0607292289300659
0.0497310221159594
0.123968918111178
0.0961297071129707
0.0332337118947998
0.0552301255230126
0.0813508667065153
0.0717274357441721
0.0772265391512253
0.0744769874476989
0.095098625224148
0.12878063359235
0.0208607292289301
0.066228332337119
0.0139868499701136
0.122594142259414
4.98242677824268
0.0787731619844591
0.123968918111178
0.00848774656306037
0.0835419157202631
0.118469814704124
0.173460848774656
0.0607292289300657
0.0516213389121339
0.129468021518231
0.197519426180514
0.0304841601912732
0.0634787806335923
0.192707710699342
0.0717274357441721
0.0655409444112373
0.112970711297071
0.115720263000598
0.011237298266587
0.0552301255230126
0.0607292289300657
0.134967124925284
0.195457262402869
0.00848774656306037
0.11228332337119
0.115720263000598
0.02498505678422
0.0332337118947998
0.313687985654513
0.0789450089659293
0.0799760908547519
0.0552301255230126
0.0964734010759115
0.121219366407651
0.290316796174537
0.0796323968918111
0.0428571428571429
0.124967778690974
0.0689778840406455
0.038732815301853
0.0607292289300657
0.0579796772265391
0.0497310221159594
0.178959952181709
0.0799760908547519
0.176210400478183
0.0167364016736402
0.128436939629408
0.0194859533771668
2.96150627615063
0.0882247459653317
0.0827256425582785
0.143215780035864
0.0442319187089062
0.0277346084877465
0.011237298266587
0.117095038852361
0.0552301255230126
0.0579796772265391
0.0717274357441721
0.0277346084877466
0.222952779438135
0.0882247459653317
0.038732815301853
0.0469814704124328
0.220203227734608
0.155126923939032
0.0277346084877466
0.0717274357441722
0.159713090257023
0.112970711297071
0.173460848774656
0.00298864315600717
0.0552301255230126
0.00573819485953378
0.0401075911536162
0.0593544530783024
0.110221159593545
0.111252241482367
0.0277346084877466
0.0772265391512253
0.0579796772265391
0.143215780035864
0.0689778840406455
0.196832038254632
0.0442319187089062
0.00848774656306037
0.107471607890018
0.0359832635983264
0.0607292289300657
0.0311715481171548
0.261446503287507
0.104722056186491
0.011237298266587
0.0139868499701136
0.107471607890018
0.0711259713090257
0.161603407053197
0.0579796772265391
0.228451882845188
0.052480573819486
0.0194859533771668
0.0841004184100417
0.156963538553497
0.184459055588763
0.0882247459653317
0.0964734010759115
0.0531679617453676
0.159713090257023
0.0167364016736402
0.0277346084877466
0.242199641362821
0.0765391512253437
0.0469814704124328
0.0132994620442319
0.0593544530783024
0.065567795502092
0.0610729228930066
0.0304841601912732
0.00848774656306037
0.147340107591154
0.00298864315600717
0.0909742976688584
0.038732815301853
0.137029288702929
0.0414823670053796
0.0352958756724447
0.206455469216976
0.0277346084877466
0.187208607292289
0.0607292289300657
0.0253341209653318
0.0517931858936043
0.00848774656306037
0.0607292289300657
0.0167364016736402
0.187208607292289
0.0511057979677226
0.0579796772265391
0.121219366407651
0.101972504482965
0.225014943215779
0.066228332337119
0.0304841601912732
0.211954572624029
0.052480573819486
0.316437537358039
0.0579796772265391
0.0799760908547519
0.00573819485953378
0.0689778840406455
0.0139868499701136
0.0772265391512253
0.187208607292289
0.0311715481171548
0.263852361028093
0.0772265391512253
0.0805486903672295
0.066228332337119
0.0937238493723849
0.105924985056784
0.00573819485953378
0.0332337118947998
0.00298864315600717
0.0717274357441721
0.0883965929468024
0.107471607890018
0.393424985056784
0.198206814106396
0.0854751942618051
0.156963538553496
0.0497310221159593
0.0950986252241482
0.0909742976688584
0.0971607890017929
0.0332337118947998
0.101972504482965
0.0222355050806934
0.0827256425582785
0.0394698777458158
0.0414823670053796
0.118469814704124
0.104722056186491
0.066228332337119
0.155588762701733
0.0428571428571429
0.0731022115959354
0.0992229527794381
0.0744769874476987
0.15421398684997
0.0827256425582785
0.0827256425582785
0.492408846383742
0.286192468619247
0.0497310221159594
0.0194859533771668
0.038732815301853
0.00298864315600717
0.0875373580394501
0.0882247459653317
0.192707710699342
0.110221159593545
0.0291093843395099
0.0442319187089062
0.079976090854752
0.0813508667065153
0.187208607292289
0.052480573819486
0.173460848774656
0.115204722056187
0.148714883442917
0.0194859533771668
0.134967124925284
0.22913927077107
0.189958158995816
0.209205020920502
0.904841601912731
0.0634787806335923
0.00986252241482369
0.121219366407651
0.0359832635983264
0.0332337118947998
0.17071129707113
0.123968918111178
0.275194261805141
0.0672003418260609
0.0277346084877466
0.0634787806335923
0.011237298266587
0.184459055588763
0.132217573221757
0.000239091452480579
0.0552301255230126
0.0277346084877466
0.0854751942618051
0.173460848774656
0.121219366407651
0.0442319187089062
0.0937238493723849
0.038732815301853
0.255947399880454
0.0301404662283324
0.0964734010759115
0.0978481769276748
0.0563739819934251
0.0304841601912732
0.121219366407651
0.0992229527794381
0.147340107591153
0.00573819485953378
0.0731022115959357
0.128351016138673
0.144590555887628
0.038732815301853
0.0511057979677227
0.0194859533771668
0.0964734010759115
0.02498505678422
0.14596533173939
0.0854751942618051
0.0407949790794979
0.187208607292289
0.293066347878063
0.0222355050806934
0.153325215742678
0.0593544530783025
0.011237298266587
0.107299760908547
0.0633069336521216
0.132217573221757
0.0703526598924089
0.02498505678422
0.313687985654513
0.0139868499701136
0.255947399880454
0.156963538553497
0.0964734010759115
0.0194859533771668
0.310938433950986
0.0854751942618051
0.14596533173939
0.0414823670053796
0.176210400478183
0.038732815301853
0.253197848176928
0.0827256425582788
0.0662283323371192
0.0882247459653317
0.0277346084877466
0.0992229527794381
0.0923490735206217
0.0359832635983264
0.038732815301853
0.176210400478183
0.038732815301853
0.0497310221159594
0.0907380080693367
0.0628236140167363
0.0607292289300657
0.05832337118948
0.156974278989839
0.198206814106396
0.134967124925284
0.143215780035864
0.173460848774656
0.0703526598924087
0.41267184698147
0.0442319187089062
0.101972504482965
0.0442319187089062
0.0469814704124328
0.0222355050806934
0.0194859533771668
0.14596533173939
0.128146947848177
0.0607292289300657
0.0167364016736402
0.104722056186491
0.0194859533771668
2.16138673042439
0.0332337118947998
0.492408846383742
0.107471607890018
0.0744769874476987
0.0579796772265391
0.0634787806335923
0.0717274357441721
0.0689778840406455
0.0923490735206217
0.0648535564853557
0.0744769874476987
0.0359832635983264
0.0909742976688584
0.0428571428571429
0.0566049013747758
0.0717274357441721
0.0689778840406455
0.0277346084877466
0.0139868499701136
0.112970711297071
0.159713090257023
0.0304841601912732
0.129468021518231
0.123968918111178
0.0859907352062164
0.187208607292289
0.0710400478182904
0.111595935445308
0.118469814704124
0.143215780035864
0.00298864315600717
0.0882247459653317
0.052480573819486
0.0964734010759115
0.189958158995816
0.0483562462641961
0.00573819485953378
0.0194859533771668
0.00298864315600717
0.467662881052002
0.0820382546323966
0.0277346084877466
0.0806634787806338
0.00848774656306037
0.171398684997011
0.0277346084877466
0.104722056186491
0.00573819485953378
0.0854751942618051
0.0607292289300657
0.126718469814704
0.16658696951584
0.107471607890018
0.0579796772265391
0.0236102809324567
0.0634787806335923
0.140466228332337
0.137716676628811
0.0854751942618051
0.00573819485953378
0.0717274357441721
0.0304841601912732
0.0414823670053796
0.151464435146444
0.126718469814704
0.187208607292289
0.247698744769874
0.0758517632994623
0.151464435146444
0.0937238493723849
0.0983637178720862
0.178959952181709
0.0985570457262402
0.0717274357441721
0.0552301255230126
0.00848774656306037
0.117095038852361
0.0304841601912732
0.178959952181709
0.0469814704124328
0.107944187089062
0.0167364016736402
0.0222355050806934
0.0909742976688584
0.0442319187089062
0.0717274357441721
0.0469814704124328
0.156963538553497
0.121219366407651
0.114345487148834
0.00298864315600717
0.0799760908547519
0.17071129707113
0.0689778840406455
0.319187089061566
0.108502689778841
0.118469814704124
0.14596533173939
0.0449193066347879
0.206455469216975
0.17071129707113
0.100597728631201
0.0167364016736402
0.247698744769874
0.0417830992229529
0.0139868499701136
0.103003586371787
0.0552301255230126
0.0765391512253438
0.011237298266587
0.000239091452480579
0.125
0.0139868499701136
0.101972504482965
0.0799760908547519
0.0167364016736402
0.165212193664076
0.0717274357441721
0.0854751942618051
0.0607507098027495
0.052480573819486
0.161087866108787
0.0277346084877466
0.112970711297071
0.0194859533771668
0.0744769874476987
0.0552301255230126
0.0854751942618051
0.0607292289300657
0.011237298266587
0.0992229527794381
0.143215780035864
0.264196054991034
0.111222705282427
0.0442319187089062
0.0832948856843993
0.0167364016736402
0.107471607890018
0.052480573819486
0.130971682606096
0.0964734010759115
0.0992229527794381
0.02498505678422
0.02498505678422
0.103347280334728
0.0610729228930065
0.050418410041841
0.0689778840406455
0.121219366407651
0.132904961147639
0.128093245666468
0.140466228332337
0.052480573819486
0.0277346084877466
0.217453676031082
0.0648535564853557
0.140466228332337
0.0882247459653317
0.0717274357441721
0.360430364614465
0.0497310221159594
0.0194859533771668
0.0691497310221161
0.0332337118947998
0.0139868499701136
0.106956066945607
0.0717274357441721
0.052480573819486
0.0772265391512253
0.107471607890018
0.324686192468619
0.0294530783024507
0.0497310221159594
0.0139868499701136
0.134967124925284
0.0689778840406455
0.11183222504483
0.222952779438135
0.0827256425582785
0.148714883442917
0.132904961147639
0.0414823670053796
0.107127913927077
0.0497310221159594
0.0373580394500897
0.00298864315600717
0.0469814704124328
0.038732815301853
0.00573819485953378
0.0758517632994621
0.0552301255230126
0.0194859533771668
0.143215780035864
0.2397078601315
0.0552301255230126
0.209205020920502
0.0744769874476987
0.0579796772265391
0.101972504482965
0.408547519426181
0.261446503287507
0.0634787806335924
0.0304841601912732
0.000239091452480579
0.11262701733413
0.511655708308428
0.17895995218171
0.0804057083084279
0.0689778840406455
1.34751942618051
0.112970711297071
0.000239091452480579
0.0359832635983264
0.0464659294680215
0.00298864315600717
0.0511057979677226
0.129468021518231
0.0414823670053796
0.17071129707113
0.139091452480574
0.0717274357441721
0.0304841601912732
0.15421398684997
0.00848774656306037
0.125
0.0332337118947998
0.145106096832038
0.0346084877465631
0.0552301255230126
0.121219366407651
0.112970711297071
0.0799760908547519
0.0854751942618051
0.0906306037059177
0.222952779438135
0.100597728631202
0.0909742976688585
0.187208607292289
0.0854751942618054
0.112970711297071
0.0332337118947998
0.0607292289300657
0.118562450967573
0.02498505678422
0.0359832635983264
0.112970711297071
0.100597728631202
0.0744769874476988
0.189958158995816
0.0552301255230125
0.0909742976688584
0.139488848625224
0.0682904961147639
0.136341900777047
0.0744769874476987
0.148714883442917
0.0772265391512253
0.0139868499701136
0.0614166168559476
0.151464435146444
0.0882247459653317
0.128093245666467
0.0772265391512253
0.189958158995816
0.0607292289300657
0.14596533173939
0.0641661685594739
0.132177296585475
0.0566049013747758
0.0840185225829347
0.0332337118947998
0.0889121338912136
0.0222355050806934
0.0854751942618051
0.00573819485953378
0.0607292289300657
0.16246264196055
0.0744769874476987
0.140466228332337
0.00848774656306037
0.16246264196055
0.102659892408846
0.110221159593545
0.0882247459653317
0.112970711297071
0.085475194261805
0.15421398684997
0.11262701733413
0.0634787806335923
0.0564330543933055
0.0939849762309474
0.02498505678422
0.0744769874476987
0.0689778840406455
0.0456066945606695
0.129468021518231
0.125343693962941
0.0277346084877466
0.0703526598924088
0.0194859533771668
0.0222355050806934
0.0332337118947998
0.106784219964136
0.0634787806335923
0.0930364614465032
0.0318589360430364
0.00848774656306037
0.126718469814704
0.0676031081888821
0.148714883442917
0.107471607890018
0.0909742976688584
0.115720263000598
0.176210400478183
0.02498505678422
0.0359832635983264
0.118469814704124
0.129468021518231
0.159713090257023
0.0566049013747758
0.118469814704124
0.165212193664077
0.0579796772265391
0.0772265391512253
0.0497310221159595
0.0882247459653317
0.112111476389719
0.0566263822474596
0.0414823670053796
0.124484459055588
0.112970711297071
0.0768828451882844
0.118469814704124
0.133592349073521
0.213796557456665
0.0854751942618051
0.0689778840406455
0.0763753595711296
0.17071129707113
0.076823772788404
0.14596533173939
0.0586670651524207
0.038732815301853
0.0222355050806934
0.134967124925284
0.0442319187089062
0.209205020920502
0.140466228332337
0.011237298266587
0.134967124925284
0.0194859533771668
0.0689778840406455
0.297190675433353
0.206455469216976
0.0943521648983864
0.0786013150029886
0.159713090257023
0.0579796772265391
0.0963015540944413
0.0497310221159594
0.165212193664077
0.107471607890018
0.165212193664077
0.173460848774656
0.011237298266587
0.027047220561865
0.00298864315600717
0.00848774656306037
0.104722056186491
0.17071129707113
0.103239875971309
0.0414823670053796
0.0571204423191871
0.0476688583383144
0.0572922893006575
0.165212193664077
0.121219366407651
0.107471607890018
0.093723849372385
0.011237298266587
0.0676031081888822
0.0717274357441721
0.0497310221159594
0.0985355648535562
0.110221159593545
0.0847878063359233
0.0428571428571428
0.168305439330544
0.02498505678422
0.346682606096832
0.0566049013747758
0.00573819485953378
0.0724577854154214
0.0469814704124328
0.148714883442917
0.00298864315600717
0.0902869097429766
0.103690974297669
0.139091452480574
0.0902869097429768
0.038732815301853
0.0813508667065151
0.121219366407651
0.189958158995816
0.0854751942618052
0.129468021518231
0.0923490735206217
0.0634787806335925
0.0538553496712493
0.280693365212194
0.0277346084877466
0.052480573819486
0.156963538553496
0.0304841601912732
0.0717274357441721
0.13771667662881
0.0923490735206219
0.0332337118947998
0.0208607292289301
0.0578078302450688
0.0414823670053796
0.242199641362821
0.0772265391512251
0.342558278541543
0.128694710101614
0.10713865436342
0.0980911792999104
0.238075313807531
0.00161386730424387
0.0208607292289301
0.0442319187089062
0.074476987447699
0.263508667065153
0.101972504482965
0.159713090257023
0.0607292289300657
0.11640765092648
0.15421398684997
0.0469814704124328
0.0222355050806934
0.0639083980872684
0.107471607890018
0.0593544530783027
0.0799760908547519
0.112970711297071
0.126718469814704
0.0937238493723851
0.0607292289300657
0.115720263000598
0.288942020322773
0.0882247459653318
0.143215780035864
0.0937238493723849
0.0359832635983264
0.0607292289300657
0.0139868499701136
0.0167364016736402
0.0194859533771668
0.0895995218170952
0.121853052151823
0.123968918111178
0.0332337118947998
0.0514494919306634
0.02498505678422
0.0634787806335923
0.0731022115959355
0.00573819485953378
0.189958158995816
0.0937238493723849
0.0332337118947998
0.038732815301853
0.15008965929468
0.0799760908547519
0.0306345263000599
0.0332337118947998
0.00298864315600717
0.176210400478183
0.0634787806335923
0.998326359832636
0.0697364273572923
0.0552301255230126
0.0717274357441721
0.128093245666468
0.0332337118947998
0.0744769874476987
0.0414823670053796
0.137716676628811
0.074476987447699
0.0497310221159594
0.0167364016736402
0.0194859533771668
0.123968918111178
0.066228332337119
0.0497310221159594
0.0834130304841603
0.110221159593545
0.0964734010759115
0.247698744769874
0.0744769874476987
0.0194859533771668
0.0799760908547519
0.000239091452480579
0.0827256425582785
0.0827256425582785
0.0686610411685592
0.0909742976688584
0.0607292289300657
0.0414823670053796
0.109254520322774
0.17071129707113
0.0854751942618051
0.0222355050806934
0.0579796772265391
0.126718469814704
0.0648535564853558
0.0607292289300657
0.0487214210998207
0.00848774656306037
0.052480573819486
0.137944910901076
0.000239091452480579
0.108846383741781
0.0786013150029884
0.0950986252241482
0.0552301255230126
0.0277346084877466
0.1418410041841
0.103347280334728
0.0854751942618049
0.110221159593545
0.203705917513449
0.0659276001195458
0.0442319187089062
0.00848774656306037
0.0497310221159594
0.000239091452480579
0.126554678160491
0.0992229527794381
0.112970711297071
0.119844590555888
0.113658099222953
0.149284126569038
0.123968918111178
0.0469814704124328
0.176210400478183
0.0359832635983264
0.0332337118947998
0.0277346084877466
0.123968918111178
0.052695382546324
0.0332337118947998
0.0277346084877466
0.110908547519426
0.112970711297071
0.264196054991034
0.0744769874476987
0.173460848774656
0.112970711297071
0.151464435146444
0.12912432755529
0.0414823670053796
0.0648535564853557
0.0868499701135683
0.0799760908547519
0.0359832635983264
0.121219366407651
0.145277943813509
0.14596533173939
0.106784219964136
0.0607292289300657
0.0442319187089062
0.134107890017932
0.0662283323371189
0.0483562462641961
0.0222355050806934
0.0579796772265391
0.110221159593545
0.244949193066348
0.0992229527794381
0.0552301255230126
0.0304841601912732
0.107471607890018
0.0854751942618051
0.0167364016736402
0.222952779438135
0.0885389037283324
0.115720263000598
0.0318589360430364
0.115032875074716
0.0937238493723848
0.011237298266587
0.165212193664077
0.198206814106396
0.115720263000598
0.00848774656306037
0.118469814704124
0.02498505678422
0.02498505678422
0.0139868499701136
0.00573819485953378
0.0469814704124328
0.000239091452480579
0.0530273291570158
0.0359832635983264
0.0277346084877466
0.0442319187089062
0.0772265391512253
0.0277346084877466
0.110221159593545
0.0717274357441721
0.198206814106396
0.228451882845188
0.0757363036087867
0.00573819485953378
0.0696652719665275
0.0607292289300657
0.011237298266587
0.0222355050806934
0.152452555289899
0.0772265391512255
0.0436589835577929
0.0373580394500897
0.0524805738194861
0.0359832635983264
0.087322549312612
0.0909742976688584
0.00573819485953378
0.121219366407651
0.0772265391512253
0.0858349988792587
0.0772265391512253
0.115720263000598
0.0839285714285714
0.0689778840406455
0.16246264196055
0.0937238493723852
0.00986252241482368
0.107471607890018
0.0552301255230126
0.200956365809922
0.0634787806335924
0.156963538553497
0.0744769874476988
0.011237298266587
0.0153616258218769
0.0772265391512253
0.0497310221159594
0.256892558278542
0.152151823072325
0.0799760908547519
0.0868499701135687
0.0803197848176926
0.09793410041841
0.02498505678422
0.247698744769874
0.0497310221159593
0.222029101912731
0.114345487148834
0.052480573819486
0.0772265391512253
0.0555738194859535
0.206455469216976
0.0978481769276751
0.110221159593545
0.0573245106096831
0.288942020322773
0.0854751942618051
0.198206814106396
0.209205020920502
0.0583233711894801
0.038732815301853
0.0717274357441721
0.0167364016736402
0.136341900777047
0.0167364016736402
0.250448296473401
0.000239091452480579
0.17071129707113
0.0414823670053796
0.0222355050806934
0.14596533173939
0.198206814106396
0.0332337118947998
0.0579796772265391
0.118469814704125
0.0304841601912732
0.011237298266587
0.104722056186491
0.0695793484757921
0.110221159593545
0.0744769874476987
0.134967124925284
0.118469814704124
0.189958158995816
0.266945606694561
0.0834130304841603
0.011237298266587
0.0194859533771668
0.0414823670053795
0.134967124925284
0.0550582785415421
0.0552301255230126
0.0414823670053796
0.085475194261805
0.0590107591153617
0.0304841601912732
0.00848774656306037
0.0744769874476987
0.0497310221159594
0.0868499701135684
0.0167364016736402
0.0332337118947998
0.052480573819486
0.17071129707113
0.0964734010759115
0.127749551703527
0.0552301255230126
0.0799760908547519
0.0731022115959355
0.0744769874476987
0.0950986252241483
0.104893903167962
0.0882247459653317
0.0828760086670653
0.0304841601912732
0.0456066945606695
0.0497310221159594
0.0909742976688584
0.357680812910938
0.184459055588763
0.134967124925284
0.00848774656306037
0.02498505678422
0.112970711297071
0.0689778840406455
0.144590555887627
0.0950986252241483
0.123968918111178
0.0828400953330468
0.0929505379557679
0.0194859533771668
0.0662283323371189
0.0359832635983264
0.130842797369994
0.123968918111177
0.0634787806335923
0.0689778840406455
0.0777420800956365
0.0497310221159594
0.285505080693365
0.111595935445308
0.0332337118947998
0.0304841601912732
0.0748206814106396
0.0359832635983264
0.171634974596533
0.0304841601912732
0.0194859533771668
0.0937238493723847
0.00848774656306037
0.00848774656306037
0.189958158995816
0.0304841601912732
0.305439330543933
0.052480573819486
0.0139868499701136
0.127405857740586
0.196832038254633
0.0641661685594739
0.109157856395697
0.17071129707113
0.0376158099222952
0.0993088762701733
0.011237298266587
0.00298864315600717
0.0139868499701136
0.0758517632994622
0.195457262402869
0.0222355050806934
0.0552301255230126
0.127470300358637
0.0564330543933055
0.222952779438135
0.0442319187089062
0.181709503885236
0.231201434548715
0.0990215695980275
0.115720263000598
0.0607292289300657
0.0579796772265391
0.0593544530783023
0.198206814106396
0.00573819485953378
0.0882247459653317
0.110221159593545
0.0359832635983264
0.0725329684698149
0.0332337118947998
0.0607292289300657
0.159713090257023
0.106612372982666
0.00848774656306037
0.00848774656306037
0.0167364016736402
0.151464435146444
0.0194859533771668
0.038732815301853
0.126718469814704
0.0607292289300657
0.205080693365213
0.140809922295278
0.0579796772265392
0.0222355050806934
0.0139868499701136
0.0693215780035863
0.0552301255230126
0.011237298266587
0.0634787806335923
0.0920161199940226
0.0731022115959353
0.066228332337119
0.14596533173939
0.192707710699343
0.16246264196055
0.0992229527794381
0.173460848774656
0.00573819485953378
0.0469814704124328
0.0964734010759115
0.0964734010759115
0.0545427375971309
0.0332337118947997
0.0359832635983264
0.0267035265989241
0.434668260609683
0.134967124925284
0.134967124925284
0.543275552898984
0.0577648684997012
0.052480573819486
0.0937238493723851
0.110221159593545
0.0579796772265391
0.0435874925283921
0.327435744172146
0.0139868499701136
0.0813508667065155
0.0827256425582785
0.0414823670053796
0.244949193066348
0.187670446054991
0.134967124925284
0.112970711297071
0.0882247459653317
0.0146742378959952
0.0621040047818291
0.0579796772265392
0.0552301255230126
0.130885759115361
0.115720263000598
0.242199641362821
0.0937238493723849
0.0799760908547519
0.129468021518231
0.101972504482965
0.0304841601912732
0.0449193066347877
0.270382546323969
0.0724148236700538
0.0779139270771068
0.0830693365212194
0.0332337118947998
0.187208607292289
0.173460848774656
0.0772265391512253
0.0937238493723849
0.0992229527794381
0.231201434548715
0.167961745367603
0.107471607890018
0.148714883442917
0.00848774656306037
0.195457262402869
0.13737298266587
0.0945360948707413
0.0580078708719367
0.101285116557083
0.127749551703526
0.0882247459653317
0.0167364016736402
0.14596533173939
0.15008965929468
0.10223027495517
0.0854751942618051
0.333407426778244
0.0469814704124328
0.00298864315600717
0.0634787806335923
0.0950986252241481
0.00573819485953378
0.137716676628811
0.206455469216976
0.173460848774656
0.112970711297071
0.0332337118947998
0.0222355050806934
0.142528392109982
0.0414823670053796
0.101972504482965
0.0689778840406455
0.00298864315600717
0.101972504482965
0.118469814704124
0.0621040047818291
0.0937238493723848
0.0579796772265391
0.0576359832635983
0.112970711297071
0.169680215182307
0.0607292289300658
0.107471607890018
0.126718469814704
0.0882247459653317
0.0657127913927077
0.189958158995816
0.038732815301853
0.16246264196055
0.0916616855947398
0.0744769874476987
0.0579796772265391
0.0718348401075912
0.0882247459653317
0.0867640466228334
0.14596533173939
0.0882247459653317
0.0786013150029887
0.0194859533771668
0.10850268977884
0.135310818888225
0.0813508667065155
0.0524805738194859
0.129468021518231
0.066228332337119
0.078655017184698
0.173460848774656
0.0799760908547519
0.0497310221159594
0.0552301255230126
0.0139868499701136
0.0167364016736402
0.148714883442917
0.280693365212194
0.0885684399282727
0.0566049013747758
0.0717274357441721
0.0277346084877466
0.256301834279738
0.141841004184101
0.0414823670053796
0.000239091452480579
0.0799760908547519
0.087322549312612
0.132217573221757
0.0827256425582785
0.0607292289300657
0.0937238493723849
0.167961745367603
0.151464435146444
0.0256724447101016
0.0304841601912732
0.0799760908547519
0.0686341900777046
0.0566049013747759
0.228451882845188
0.0552301255230126
0.0731022115959357
0.112970711297071
0.0552301255230126
0.0799760908547519
0.0689778840406455
0.0579796772265391
0.140466228332337
0.0139868499701136
0.0139868499701136
0.0540271966527197
0.1418410041841
0.00848774656306037
0.0937238493723849
0.0139868499701136
0.116923191870891
0.0937238493723849
0.0607292289300657
0.052480573819486
0.28344291691572
0.0194859533771668
0.108846383741781
0.0277346084877466
0.0222355050806934
0.0744769874476987
0.0414823670053796
0.0827256425582785
0.206455469216976
0.0263598326359833
0.0937238493723849
0.0487053104453078
0.0717274357441721
0.0820436248505681
0.038732815301853
0.0909742976688584
0.011237298266587
0.00298864315600717
0.0167364016736402
0.134967124925284
0.0854751942618051
0.290316796174537
0.121219366407651
0.330185295875672
0.0634787806335926
0.132217573221757
0.052480573819486
0.0528296380005977
0.121219366407651
0.000239091452480579
0.0910763318141062
0.159713090257024
0.00848774656306037
0.321936640765093
0.0699015615660491
0.156963538553497
0.0442319187089061
0.0964734010759115
0.244949193066348
0.0497310221159594
0.052480573819486
0.00298864315600717
0.0662283323371189
0.089599521817095
0.112519612970711
0.0497310221159594
0.112970711297071
0.0772265391512253
0.246350820008966
0.0712441161087869
0.0779139270771069
0.0359832635983264
0.0772265391512253
0.132217573221757
0.225702331141662
0.228451882845188
0.0717274357441721
0.042857142857143
0.0744769874476987
0.052480573819486
0.112970711297071
0.184459055588763
0.0552301255230126
0.0583233711894799
0.0304841601912732
0.0882247459653317
0.0194859533771668
0.00848774656306037
0.0371861924686192
0.0854751942618051
0.00848774656306037
0.118469814704124
0.104722056186491
0.137716676628811
0.0339210998206814
0.110221159593545
0.011237298266587
0.176210400478183
0.0875373580394501
0.038732815301853
0.0854751942618051
0.101585848774656
0.0923490735206219
0.165212193664077
0.0708682008368203
0.0717274357441721
0.0469814704124328
0.140466228332337
0.0139868499701136
0.0882247459653317
0.0952973232964733
0.0332337118947998
0.118469814704124
0.0277346084877466
0.038732815301853
0.000239091452480579
0.0414823670053796
0.0304841601912732
0.0717274357441721
0.0167364016736402
0.102573968918111
0.0744769874476987
0.0772265391512253
0.052480573819486
0.0194859533771668
0.0842185632098029
0.052480573819486
0.0483562462641961
0.0992229527794381
0.167961745367603
0.100168111177525
0.17071129707113
0.0744769874476987
0.0593544530783024
0.176210400478183
0.0304841601912732
0.0622758517632993
0.0854751942618052
0.104722056186491
0.00298864315600717
0.00848774656306037
0.16246264196055
0.129468021518231
0.0414823670053796
0.0514494919306635
0.0992229527794381
0.0167364016736402
0.173460848774656
0.0717274357441721
0.0827256425582785
0.0607292289300657
0.0799760908547519
0.0828974895397489
0.228451882845188
0.0222355050806934
0.0909742976688585
0.15421398684997
0.0167364016736402
0.0139868499701136
0.0490436341900777
0.0462940824865511
0.00573819485953378
0.011237298266587
0.101972504482965
0.107493088762702
0.427450687387926
0.0909742976688585
0.0167364016736402
0.0167364016736402
0.0139868499701136
0.0442319187089062
0.0469814704124328
0.101972504482965
0.0194859533771668
0.0566049013747758
0.038732815301853
0.101972504482965
0.140466228332337
0.075765839808727
0.69587567244471
0.11675134488942
0.096194149731022
0.0332337118947998
0.0634787806335923
0.0882247459653317
0.0992229527794381
0.0401075911536163
0.0664001793185895
0.106784219964136
0.0208607292289301
0.0964734010759115
0.0909742976688584
0.038732815301853
0.0731022115959357
0.129468021518231
0.0222355050806934
0.00298864315600717
0.368679019725045
0.011237298266587
0.011237298266587
0.0682904961147639
0.168305439330544
0.0304841601912732
0.0634787806335924
0.0653771527570232
0.251823072325164
0.0634787806335923
0.0552301255230126
0.0442319187089062
0.0272217526524208
0.0277346084877466
0.0167364016736402
0.0538553496712494
0.172773460848774
0.0607292289300657
0.225702331141662
0.148714883442917
0.17071129707113
0.203705917513449
0.011237298266587
0.0634787806335923
0.00298864315600717
0.0552301255230126
0.00848774656306037
0.0442319187089061
0.0964734010759115
0.081350866706515
0.368679019725045
0.064166168559474
0.0469814704124328
0.16246264196055
0.166828629333533
0.0194859533771668
0.159713090257023
0.167961745367603
0.115720263000598
0.038732815301853
0.0390765092647938
0.107471607890018
0.123968918111177
0.0332337118947998
0.181709503885236
0.0717274357441721
0.038732815301853
0.0645098625224147
0.115720263000598
0.121219366407651
0.00573819485953378
0.052480573819486
0.0689778840406455
0.0222355050806934
0.107471607890018
0.891093843395099
0.0194859533771668
0.22913927077107
0.081350866706515
0.0758517632994623
0.0538553496712491
0.132904961147639
0.0579796772265391
0.0552301255230126
0.038732815301853
0.00298864315600717
0.0854751942618051
0.0222355050806934
0.213329348475792
0.181709503885236
0.0909742976688584
0.132217573221757
0.0676031081888825
0.0414823670053796
0.125859234907352
0.256634787806336
0.0139868499701136
0.173460848774656
0.000239091452480579
0.0854751942618051
0.123968918111178
0.0304841601912732
0.038732815301853
0.0332337118947998
0.0641876494321578
0.0895995218170949
0.16246264196055
0.0937238493723849
0.0414823670053796
0.489659294680215
0.16246264196055
0.0566049013747758
0.129468021518231
0.16246264196055
0.0916187238493724
0.00298864315600717
0.0689778840406455
0.0937238493723849
0.0287656903765691
0.0964734010759115
0.0572922893006574
0.00848774656306037
0.104722056186491
0.0167364016736402
0.134881201434549
0.236700537955768
0.123968918111178
0.0222355050806934
0.101972504482965
0.0208607292289301
0.0744769874476987
0.178959952181709
0.0318589360430365
0.220203227734608
0.0966452480573822
0.0332337118947998
0.0277346084877466
0.0957860131500299
0.0744769874476987
0.0414823670053796
0.0689778840406455
0.101972504482965
0.0552301255230126
0.167961745367603
0.478661087866109
0.107471607890018
0.0490436341900778
0.145449790794979
0.00848774656306037
0.0263598326359833
0.128093245666467
2.0074118350269
0.052480573819486
0.0744769874476987
0.0799760908547519
0.151464435146444
0.965331739390317
0.143215780035864
0.123968918111178
0.135310818888224
0.16658696951584
0.064509862522415
0.195457262402869
0.111595935445308
0.165212193664077
0.0607292289300657
0.104722056186491
0.0689778840406455
0.165212193664077
0.0744769874476987
0.00298864315600717
0.0414823670053796
0.332934847579199
0.165212193664077
0.011237298266587
0.220203227734608
0.02498505678422
0.107471607890018
0.110221159593545
0.213329348475792
0.02498505678422
0.0414823670053796
0.0318589360430365
0.0690638075313807
0.0525879781829049
0.0854751942618051
0.0827256425582785
0.0882247459653317
0.0710400478182905
0.0339210998206814
0.0952113998057381
0.00298864315600717
0.02498505678422
0.0414823670053796
0.0359832635983264
0.052480573819486
0.110221159593545
0.0194859533771668
0.0731236924686192
0.0194859533771668
0.15421398684997
0.0985463052898985
0.0360584466527197
0.0895995218170951
0.0456066945606694
0.0277346084877466
0.0607292289300657
0.127062163777645
0.112970711297071
0.121219366407651
0.131186491332935
0.192707710699342
0.176210400478183
0.0194859533771668
0.0346084877465631
0.0689778840406455
0.0720711297071127
0.0978481769276749
0.0854751942618051
0.15008965929468
0.0614166168559473
0.0827256425582785
0.0497310221159594
0.155588762701733
0.104722056186491
0.239450089659295
0.000239091452480579
0.0414823670053796
0.114345487148834
0.316437537358039
0.087732028448147
0.127062163777645
0.305439330543933
0.115376569037657
0.02498505678422
0.0222355050806934
0.220203227734608
0.110521891811118
0.266945606694561
0.250448296473401
0.0837567244471011
0.109190077704722
0.108846383741782
0.148714883442917
0.101972504482965
0.0703526598924089
0.365929468021518
0.0744769874476987
0.0689778840406455
0.134967124925284
0.00573819485953378
0.116407650926479
0.000239091452480579
0.231201434548715
0.00573819485953378
0.134967124925284
0.0937238493723849
0.181709503885236
0.0277346084877466
0.14596533173939
0.0139868499701136
0.126718469814704
0.143215780035864
0.122873393604303
0.0964734010759115
0.0882247459653317
0.139091452480574
0.038732815301853
0.011237298266587
0.0992229527794381
0.0634787806335923
0.123968918111178
0.126718469814704
0.0734459055588763
0.228451882845188
0.189958158995816
0.000239091452480579
0.123968918111178
0.0786013150029886
0.0717274357441721
0.115720263000598
0.0139868499701136
0.140466228332337
0.115720263000598
0.242199641362821
0.223897937836222
0.107471607890018
0.0414823670053796
0.0950986252241482
0.0593544530783026
0.052480573819486
0.0579796772265391
0.00573819485953378
0.148462483188882
0.0662283323371189
0.0634787806335923
0.101886580992229
0.0799760908547519
0.173460848774656
0.00573819485953378
0.0607292289300657
0.324686192468619
0.0607292289300657
0.155588762701733
0.038732815301853
0.231888822474597
0.103347280334728
0.0827256425582785
0.0449622683801554
0.0497310221159594
0.0827256425582785
0.146880953937538
0.132217573221757
0.066228332337119
0.0359832635983264
0.00573819485953378
0.0689778840406455
0.0359832635983264
0.104722056186491
0.195457262402869
0.0634787806335923
0.187208607292289
0.0304841601912732
0.0744769874476989
0.00573819485953378
0.0792887029288702
0.0304841601912732
0.0552301255230126
0.0717274357441721
0.140466228332337
0.0442319187089062
0.0517931858936043
0.095016729397041
0.0469814704124328
0.0703526598924089
0.0827256425582785
0.0442319187089062
0.165212193664077
