2.5243275552899
1.54548714883443
1.52624028690974
2.02390914524806
2.92576210400478
2.24112372982666
2.4005977286312
2.4005977286312
1.26778242677824
1.61697549312612
2.82677824267782
2.19163179916318
1.22104004781829
2.15313807531381
2.05140466228332
1.60597728631201
2.0898983861327
1.74345487148834
3.79736999402271
2.01291093843395
1.93592349073521
3.00274955170353
1.82319187089062
1.80944411237298
2.96425582785415
1.74345487148834
2.15313807531381
1.59497907949791
1.68296473401076
2.72504482964734
2.57931858936043
1.69671249252839
1.29802749551704
1.92767483562463
1.7077106993425
1.80394500896593
2.52707710699343
1.61147638971907
1.65821876867902
1.91117752540347
1.39426180514047
1.77644949193066
2.0898983861327
2.01566049013748
13.7452480573819
1.7187089061566
2.14763897190675
2.5243275552899
1.28153018529588
1.99366407650926
2.60406455469217
4.99067543335326
0.83335325762104
1.63072325164375
1.64997011356844
2.20537955768081
2.6480573819486
1.99091452480574
2.54357441721458
4.33903167961745
2.44459055588763
3.31344889420203
2.99725044829647
2.20537955768081
2.5243275552899
3.58290496114764
2.0074118350269
1.82044231918709
1.63347280334728
2.26037059175134
1.85893604303646
1.67196652719665
1.26778242677824
1.91117752540347
2.26312014345487
1.72695756126718
2.12014345487149
1.80669456066946
1.70496114763897
1.60597728631201
1.27878063359235
3.2584578601315
1.07256425582785
2.41984459055589
1.7901972504483
2.41434548714883
1.89193066347878
2.9587567244471
1.99366407650926
2.21362821279139
1.49599521817095
1.03132098027496
1.7599521817095
1.8424387328153
1.67746563060371
0.871846981470413
2.02390914524806
1.30627615062762
3.24471010161387
1.63897190675433
2.37860131500299
2.46658696951584
3.11823072325164
2.13114166168559
2.10914524805738
2.09539748953975
0.888344291691572
3.15947399880454
2.64255827854154
0.907591153616258
2.20263000597729
1.85068738792588
4.53699940227137
1.97029288702929
1.0670651524208
2.69479976090855
1.47674835624626
2.24112372982666
7.53950986252241
1.33927077106993
2.15038852361028
1.34476987447699
1.70496114763897
2.62331141661686
2.10639569635386
2.29336521219366
2.05140466228332
1.8011954572624
2.15038852361028
3.21446503287507
2.88176927674836
1.47674835624626
7.44877465630604
1.60597728631201
2.02115959354453
3.85236102809325
1.52349073520622
1.86443514644351
1.76820083682008
0.786610878661088
1.97441721458458
1.52898983861327
9.22773460848775
1.17154811715481
3.11273161984459
2.00466228332337
1.92767483562463
3.21171548117155
2.31261207411835
1.63622235505081
2.58481769276748
1.69946204423192
2.19163179916318
2.97800358637179
3.44542737597131
2.30436341900777
1.80394500896593
2.88726838015541
1.33377166766288
3.62689778840406
1.37776449491931
3.26670651524208
2.95600717274357
2.5243275552899
2.82127913927077
1.82044231918709
1.23478780633592
2.34285714285714
2.23562462641961
1.68021518230723
1.06156604901375
2.09539748953975
6.59916317991632
1.67746563060371
1.7599521817095
2.32361028093246
2.12564255827854
3.74512851165571
1.72695756126718
2.02940824865511
2.09264793783622
1.41900777047221
2.45833831440526
2.19163179916318
1.97166766288105
5.96126718469815
1.47674835624626
5.38661087866109
4.12731619844591
1.64172145845786
3.30794979079498
1.34751942618051
1.31727435744172
2.64255827854154
2.07065152420801
1.0148236700538
4.99342498505678
1.57573221757322
3.1347280334728
2.51882845188285
3.21446503287507
2.04040645546922
2.46933652121937
3.01099820681411
2.10364614465033
1.49874476987448
1.60597728631201
2.07340107591154
5.10065750149432
1.65821876867902
1.46300059772863
3.5994022713688
2.79928272564256
2.73604303646145
1.03132098027496
3.1649731022116
2.06515242080096
2.02390914524806
2.02665869695158
2.45283921099821
2.12289300657502
1.75720263000598
1.501494321578
1.13305439330544
1.39151225343694
2.19713090257023
1.58123132098028
2.59306634787806
3.49766885833831
2.5765690376569
2.37860131500299
1.88093245666467
1.27603108188882
2.49408248655111
1.4080095636581
2.28786610878661
1.51249252839211
2.79378362223551
5.93377166766288
1.75445307830245
1.63347280334728
1.65821876867902
2.08439928272564
2.39509862522415
2.56832038254632
2.58481769276748
1.57573221757322
2.55182307232516
2.72779438135087
1.34202032277346
2.56007172743574
6.06300059772863
2.23837417812313
1.97441721458458
2.53807531380753
2.02390914524806
1.41075911536163
1.60322773460849
1.39701135684399
2.24112372982666
2.21087866108787
3.59390316796175
1.91117752540347
1.64997011356844
2.76628810520024
1.74620442319187
2.05415421398685
1.58947997609085
1.40251046025105
3.23096234309623
1.48499701135684
2.41984459055589
2.00191273161984
3.46192468619247
2.83777644949193
0.0744769874476987
1.56748356246264
1.501494321578
2.77178720860729
1.67471607890018
1.55923490735206
2.46383741781231
3.83036461446503
1.67746563060371
5.2738792588165
2.63980872683802
9.41195457262403
1.78744769874477
1.05606694560669
3.05774058577406
2.50508069336521
1.43825463239689
1.60322773460849
2.0898983861327
2.66180514046623
2.3181111775254
1.96066945606695
1.35301852958757
2.68930065750149
1.03407053197848
1.75445307830245
2.61231320980275
5.85403466826061
2.12839210998207
2.69205020920502
1.90017931858936
6.02450687387926
1.8836820083682
2.27411835026898
2.28236700537956
1.73245666467424
1.67471607890018
2.05690376569038
1.64447101016139
2.72229527794381
2.24937238493724
2.67280334728033
1.69671249252839
2.16413628212791
2.24937238493724
0.896592946802152
1.77644949193066
1.10280932456665
1.59497907949791
2.71129707112971
10.1983263598326
2.48858338314405
1.91117752540347
1.58673042438733
1.86168559473999
3.22546323968918
2.82677824267782
2.40609683203825
3.22271368798565
1.77644949193066
1.92217573221757
3.66264196054991
5.51309025702331
1.22104004781829
1.81494321578004
2.38410041841004
2.16963538553497
1.63347280334728
2.99175134488942
2.4005977286312
1.55373580394501
1.57848176927675
2.42259414225941
2.89276748356246
2.1421398684997
1.16329946204423
2.72504482964734
2.04040645546922
2.07065152420801
2.38410041841004
2.27411835026898
1.75170352659892
1.06431560071727
3.36019127316198
1.21829049611476
2.018410041841
2.10364614465033
2.71954572624029
1.27878063359235
6.84937238493724
3.24471010161387
1.95517035265989
1.52624028690974
2.97800358637179
5.09515839808727
3.01649731022116
1.73245666467424
0.198206814106396
2.8652719665272
1.18254632396892
2.50508069336521
1.31177525403467
1.23753735803945
3.32994620442319
3.04674237895995
1.15230125523013
1.36126718469815
2.35385534967125
1.76270173341303
2.05140466228332
1.12480573819486
1.68021518230723
3.00824865511058
1.37226539151225
2.57931858936043
1.91117752540347
1.94142259414226
2.5655708308428
2.91201434548715
2.74704124327555
2.42534369396294
1.83968918111178
1.17979677226539
2.14763897190675
1.81494321578004
1.60047818290496
1.61972504482965
1.34751942618051
2.6178123132098
1.42175732217573
3.83311416616856
1.16054991034071
2.80203227734608
2.24937238493724
2.2768679019725
2.48583383144053
4.04482964734011
2.86802151823072
1.52898983861327
1.38051404662283
1.3667662881052
2.62881052002391
1.78194859533772
1.2430364614465
2.90101613867304
1.64722056186491
4.30878661087866
4.71022115959354
1.5729826658697
0.976329946204423
1.68296473401076
1.40526001195457
1.34202032277346
2.28511655708308
1.86168559473999
1.89742976688583
2.73054393305439
3.47017334130305
2.94500896592947
2.1833831440526
1.13855349671249
2.483084279737
2.85702331141662
1.53723849372385
1.64447101016139
2.52982665869695
1.22104004781829
1.99641362821279
2.51882845188285
1.72145845786013
2.20537955768081
2.93676031081889
2.07615062761506
2.19713090257023
1.67746563060371
2.29886431560072
1.79294680215182
3.1237298266587
1.61972504482965
2.22187686790197
0.0497310221159594
11.735325762104
1.25128511655708
2.45558876270173
2.28786610878661
2.19988045427376
2.04040645546922
1.80394500896593
1.48774656306037
1.50424387328153
1.33102211595935
1.81494321578004
2.06790197250448
1.21829049611476
1.51524208009564
3.12098027495517
1.4602510460251
2.17513448894202
1.39976090854752
1.99641362821279
1.47949790794979
1.62247459653317
5.72755528989839
1.71046025104603
1.93592349073521
3.2584578601315
2.23837417812313
1.47124925283921
2.0074118350269
2.19988045427376
1.86443514644351
3.03024506873879
1.85068738792588
0.814106395696354
3.03299462044232
1.83968918111178
2.07615062761506
1.90017931858936
1.54548714883443
2.1008965929468
5.71105797967723
2.16963538553497
1.21554094441124
3.52241482367005
1.86443514644351
1.34476987447699
1.99091452480574
1.80394500896593
1.39701135684399
1.32002390914525
2.49408248655111
1.00932456664674
2.29886431560072
1.48774656306037
1.49599521817095
1.95242080095637
2.49408248655111
1.28977884040646
2.37585176329946
1.52624028690974
1.63622235505081
2.16413628212791
1.53998804542738
0.742618051404662
2.20263000597729
1.50424387328153
1.73245666467424
2.24937238493724
1.36401673640167
1.20454273759713
2.39509862522415
1.94692169754931
2.67555289898386
2.43909145248057
2.76078900179319
1.64997011356844
2.02115959354453
1.82044231918709
1.37226539151225
2.26312014345487
1.73245666467424
1.61422594142259
6.62115959354453
1.35026897788404
1.92767483562463
1.72420800956366
2.00466228332337
1.64997011356844
1.7077106993425
2.7002988643156
2.40609683203825
1.20454273759713
2.84602510460251
2.21912731619845
5.46634787806336
6.32695756126718
1.82044231918709
2.48033472803347
1.2732815301853
1.72145845786013
1.68571428571429
1.63622235505081
2.16138673042439
1.8836820083682
3.74787806335923
1.48499701135684
1.45475194261805
2.2658696951584
2.62056186491333
1.9249252839211
2.25212193664077
3.07423789599522
2.89826658696952
1.61972504482965
1.27603108188882
1.24028690974298
1.82594142259414
3.52516437537358
4.99342498505678
1.74620442319187
2.28786610878661
2.61506276150628
2.05415421398685
0.0607292289300657
1.48774656306037
2.45008965929468
2.30436341900777
5.23538553496712
1.98541542139868
6.81637776449492
1.76270173341303
1.81494321578004
1.95517035265989
2.34010759115362
1.60322773460849
2.52157800358637
1.77095038852361
1.49599521817095
2.18888224745965
4.27304243873281
1.86168559473999
3.06873879258816
1.56748356246264
1.2732815301853
1.69671249252839
2.94225941422594
1.66096832038255
1.29802749551704
1.41350866706515
1.28702928870293
2.51607890017932
1.6664674237896
1.43000597728631
2.34285714285714
1.76820083682008
3.4756724447101
2.20537955768081
1.05881649731022
3.02199641362821
3.65439330543933
2.45833831440526
5.57083084279737
1.74070531978482
1.22104004781829
2.535325762104
5.70005977286312
2.0074118350269
2.79103407053198
2.22187686790197
1.83419007770472
2.24112372982666
1.2430364614465
1.23753735803945
1.83419007770472
1.6664674237896
1.5839808726838
2.57931858936043
1.77644949193066
1.76270173341303
2.13389121338912
3.05224148236701
1.45475194261805
1.74070531978482
1.49874476987448
1.82869097429767
1.92217573221757
0.605140466228332
2.11189479976091
1.81494321578004
1.50974297668858
1.43000597728631
4.4160191273162
8.09766885833831
1.67746563060371
1.81219366407651
2.14763897190675
1.79569635385535
2.93126120741183
3.7341303048416
1.76820083682008
2.0074118350269
2.22737597130903
1.25128511655708
2.64530783024507
1.68846383741781
1.52074118350269
3.9101016138673
2.20537955768082
2.4418410041841
2.05415421398685
4.00083682008368
1.65546921697549
2.62331141661686
2.55732217573222
2.56282127913927
1.32827256425583
1.78194859533772
1.61147638971907
0.968081291093843
1.28977884040646
1.77369994022714
1.35026897788404
1.62797369994023
1.30902570233114
1.5427375971309
9.06276150627615
0.896592946802152
3.14572624028691
2.5655708308428
1.63897190675433
1.83693962940825
2.25762104004782
4.74046622833234
1.89468021518231
1.32277346084877
1.47124925283921
1.51249252839211
1.46849970113568
1.33927077106993
1.43825463239689
1.63072325164375
1.81219366407651
1.79844590555888
2.59031679617454
1.74620442319187
1.11655708308428
1.91392707710699
2.26312014345487
1.97716676628811
2.71679617453676
4.34453078302451
2.02940824865511
2.23837417812313
1.77095038852361
1.91942618051405
1.76545128511656
1.98541542139868
2.25487148834429
2.09814704124328
1.68571428571429
0.0277346084877466
1.29527794381351
1.93867304243873
1.69396294082487
2.12564255827854
2.73879258816497
2.50233114166169
3.1759713090257
1.68571428571429
8.92528392109982
1.47124925283921
1.69946204423192
2.14763897190675
2.6590555887627
1.28153018529588
2.08439928272564
2.08439928272564
1.34202032277346
2.20537955768081
2.31261207411835
2.56007172743574
1.50974297668858
1.86168559473999
1.97441721458458
1.43825463239689
2.30436341900777
1.33652121936641
2.0596533173939
1.31177525403467
1.21554094441124
2.87352062163778
1.16329946204423
2.66455469216975
2.01566049013748
2.0486551105798
1.54823670053796
2.3483562462642
1.94417214584579
2.87077106993425
1.51249252839211
1.51799163179916
2.64530783024507
2.85977286312014
1.60597728631201
1.58123132098028
1.40526001195457
1.19904363419008
1.30352659892409
2.45558876270173
2.62056186491333
1.83968918111178
1.6252241482367
5.22438732815302
2.80203227734608
1.33377166766288
1.37776449491931
2.92576210400478
2.41709503885236
3.08798565451285
2.21087866108787
1.51249252839211
1.64722056186491
4.17680812910938
1.53998804542738
2.84602510460251
1.4080095636581
1.00382546323969
1.87543335325762
1.52074118350269
1.91667662881052
5.89527794381351
1.99366407650926
1.53723849372385
3.5994022713688
2.94500896592947
2.52982665869695
1.49324566646742
1.20454273759713
1.57573221757322
1.52074118350269
1.51799163179916
2.94775851763299
3.36843992827256
1.28702928870293
1.75170352659892
2.33460848774656
1.57573221757322
2.19713090257023
1.63347280334728
1.69946204423192
1.24578601315003
1.47399880454274
2.46658696951584
2.43359234907352
2.12839210998207
1.18804542737597
1.41350866706515
2.2658696951584
1.59222952779438
1.88918111177525
1.3255230125523
2.15313807531381
2.60131500298864
1.89468021518231
2.07340107591154
2.69205020920502
2.78553496712493
2.68655110579797
1.97166766288105
1.82594142259414
1.65271966527197
1.66921697549313
1.63897190675433
1.79844590555888
1.85618649133293
5.33986849970113
3.69013747758518
1.35301852958757
2.63980872683802
2.02665869695158
1.74070531978482
1.71595935445308
3.24196054991034
6.16198445905559
1.69946204423192
1.35851763299462
1.27603108188882
4.13831440526001
1.70496114763897
2.41709503885236
1.45200239091452
1.95791990436342
2.59581589958159
2.54632396891811
1.7599521817095
1.68846383741781
1.78194859533772
2.04040645546922
2.2768679019725
1.59222952779438
1.99091452480574
2.10914524805738
6.7833831440526
2.95050806933652
5.42510460251046
1.7901972504483
2.24112372982666
2.58481769276748
1.61422594142259
2.44459055588763
1.60872683801554
1.50424387328153
4.56724447101016
3.24745965331739
1.20729228930066
1.44650328750747
2.91201434548715
2.45008965929468
1.62797369994023
1.49599521817095
3.47842199641363
1.38601315002989
2.11739390316796
2.05690376569038
1.92217573221757
2.49683203825463
1.52074118350269
2.51882845188285
5.76054991034071
1.5729826658697
2.47758517632995
1.24853556485356
3.2172145845786
2.55732217573222
2.31261207411835
2.09814704124328
2.40609683203825
1.13855349671249
1.70496114763897
1.78194859533772
1.33927077106993
2.52157800358637
2.37860131500299
2.38959952181709
1.54823670053796
2.8240286909743
1.18254632396892
1.41075911536163
3.62414823670054
1.92217573221757
1.5729826658697
1.38601315002989
1.31452480573819
1.52624028690974
2.00191273161984
1.68571428571429
1.58123132098028
2.09264793783622
2.19163179916318
2.62331141661686
1.78469814704124
11.2514046622833
2.92576210400478
1.88918111177525
2.65080693365212
2.05415421398685
1.68021518230723
2.04590555887627
2.1008965929468
3.95409444112373
1.90567842199641
1.05881649731022
2.04040645546922
2.83777644949193
1.88093245666467
2.21637776449492
2.61506276150628
2.38410041841004
1.75445307830245
1.30077704722056
1.24028690974298
2.84327555289898
1.58947997609085
1.66096832038255
3.43717872086073
1.69121338912134
1.76270173341303
1.79294680215182
1.96066945606695
1.72145845786013
2.15863717872086
2.29061566049014
3.22271368798565
2.25487148834429
1.98541542139868
8.11141661685595
3.52516437537358
1.72420800956366
2.11739390316796
1.52074118350269
1.36401673640167
2.04040645546922
2.54082486551106
1.57023311416617
1.05056784219964
1.39151225343694
2.08439928272564
2.60131500298864
4.77621040047818
1.22653915122534
2.3071129707113
2.08439928272564
2.37860131500299
3.35744172145846
1.44650328750747
1.74620442319187
2.75528989838613
1.4080095636581
2.3483562462642
2.16413628212791
1.65271966527197
1.7599521817095
1.72970711297071
1.6664674237896
1.47124925283921
1.50699342498506
1.64172145845786
1.63072325164375
1.30077704722056
2.13389121338912
3.36019127316198
2.12839210998207
2.12839210998207
1.14680215182307
5.18864315600717
1.47674835624626
2.54357441721458
6.97035265989241
3.89085475194262
1.28977884040646
2.0074118350269
3.52516437537358
1.80394500896593
1.88093245666467
2.16963538553497
2.14763897190675
1.67746563060371
1.60872683801554
5.34536760310819
1.25953377166766
1.66921697549313
1.30627615062762
1.99091452480574
1.33102211595935
2.15038852361028
2.24662283323371
2.98350268977884
1.56198445905559
2.56832038254632
2.535325762104
1.90292887029289
4.0750747160789
2.53807531380753
1.72145845786013
2.56282127913927
1.11930663478781
2.29611476389719
2.42534369396294
1.5317393903168
1.68296473401076
1.16604901374776
4.44626419605499
2.08439928272564
1.42450687387926
2.34285714285714
2.6590555887627
1.59772863120143
1.83419007770472
2.53807531380753
1.5427375971309
2.79378362223551
1.87543335325762
1.71046025104603
1.4904961147639
2.018410041841
0.97907949790795
1.61147638971907
2.55732217573222
8.45236102809324
8.14166168559474
1.21554094441124
1.09456066945607
1.82869097429767
1.64447101016139
1.65271966527197
2.2768679019725
2.3483562462642
2.25762104004782
1.77919904363419
4.74321578003586
1.8424387328153
2.19438135086671
1.6252241482367
3.40693365212194
2.77728631201435
3.48392109982068
2.33735803945009
2.34010759115362
1.66371787208607
2.66180514046623
1.82044231918709
1.21279139270771
2.67830245068739
1.48224745965332
2.41159593544531
1.40251046025105
1.43550508069337
2.85427375971309
2.57931858936043
1.88093245666467
2.37035265989241
2.22737597130903
1.64172145845786
1.12205618649133
3.2584578601315
2.86252241482367
1.5427375971309
1.5427375971309
1.2017931858936
2.23012552301255
4.11356843992827
1.15780035863718
2.9587567244471
1.64172145845786
2.69754931261207
1.96341900777047
2.37585176329946
1.34202032277346
1.27603108188882
2.12839210998207
1.00932456664674
1.7187089061566
2.18888224745965
2.21912731619845
2.0596533173939
1.36126718469815
2.06240286909743
1.31452480573819
3.30794979079498
1.25128511655708
1.16604901374776
1.46575014943216
5.62857142857143
1.57848176927675
2.49408248655111
2.33460848774656
1.84793783622236
7.46802151823072
2.94775851763299
1.49599521817095
2.56007172743574
1.33377166766288
2.30436341900777
2.66730424387328
1.7599521817095
1.56198445905559
1.45475194261805
2.48033472803347
1.99366407650926
1.49874476987448
2.06790197250448
2.59306634787806
2.90376569037657
1.87818290496115
2.51057979677227
2.21637776449492
2.16963538553497
1.68846383741781
2.0486551105798
1.93042438732815
4.39677226539151
2.44734010759115
1.17154811715481
4.71846981470412
3.12098027495517
1.99366407650926
2.0074118350269
3.16222355050807
3.35469216975493
1.39701135684399
1.52898983861327
1.41350866706515
1.8836820083682
2.35385534967125
2.55457262402869
4.34178123132098
2.0074118350269
1.25403466826061
1.68296473401076
1.49599521817095
2.47483562462642
1.77369994022714
2.018410041841
1.63072325164375
2.08164973102212
1.25128511655708
2.2768679019725
2.61231320980275
2.39784817692767
4.69647340107591
0.00573819485953378
2.25212193664077
2.11464435146444
1.45200239091452
2.12289300657502
1.71595935445308
1.33927077106993
3.3821876867902
1.31177525403467
2.21637776449492
1.95791990436342
2.02115959354453
1.68846383741781
1.92767483562463
3.31619844590556
1.34476987447699
1.72145845786013
2.33185893604304
3
2.41434548714883
2.39234907352062
1.55098625224148
2.91201434548715
2.03215780035864
4.47375971309026
4.52600119545726
2.47208607292289
2.19163179916318
2.68930065750149
3.55540944411237
3.49766885833831
4.03658099222953
4.06132695756127
1.80394500896593
1.60322773460849
21.3257621040048
1.86993424985057
4.53424985056784
1.81219366407651
3.6104004781829
1.62797369994023
1.04781829049611
1.77644949193066
1.42450687387926
1.46849970113568
1.75445307830245
2.74704124327555
6.27471607890018
2.28236700537956
1.38051404662283
1.4602510460251
1.01207411835027
1.28977884040646
0.800358637178721
2.1421398684997
2.0074118350269
3.45367603108189
2.69479976090855
1.55648535564854
1.84518828451883
4.86969515839809
3.2997011356844
1.87268380155409
1.58123132098028
2.19163179916318
1.27878063359235
4.45451285116557
1.44650328750747
2.85977286312014
2.82952779438135
1.49599521817095
2.24937238493724
1.449252839211
2.27136879856545
2.51607890017932
3.22271368798565
2.38684997011357
1.52624028690974
2.5655708308428
3.11823072325164
2.33460848774656
1.13305439330544
6.55242080095637
1.52349073520622
3.1347280334728
2.14488942020323
1.4080095636581
1.89742976688583
1.3255230125523
1.49599521817095
1.63347280334728
1.5317393903168
1.87818290496115
1.89468021518231
2.6590555887627
2.04590555887627
1.84793783622236
1.88918111177525
1.50424387328153
5.31787208607292
1.04781829049611
1.77369994022714
2.67280334728033
1.65821876867902
1.71595935445308
1.59497907949791
1.38326359832636
2.45008965929468
1.50424387328153
1.9249252839211
3.93209802749552
1.78744769874477
1.41900777047221
1.49874476987448
2.28511655708308
2.32086072922893
2.40334728033473
1.50699342498506
1.57023311416617
1.80394500896593
2.05140466228332
1.61422594142259
2.14763897190675
2.38135086670652
2.58206814106396
3.33819485953377
1.90842797369994
2.07065152420801
1.46849970113568
2.45833831440526
2.25212193664077
1.74070531978482
1.73245666467424
1.80394500896593
1.04781829049611
1.7489539748954
1.88643156007173
2.01016138673042
2.66730424387328
2.28511655708308
1.21279139270771
2.20537955768081
2.5655708308428
2.55732217573222
1.47674835624626
2.46108786610879
1.31177525403467
2.41159593544531
2.30436341900777
1.21829049611476
2.07615062761506
2.17513448894202
1.37226539151225
1.63072325164375
1.71046025104603
2.01291093843395
1.95791990436342
1.28977884040646
2.8240286909743
2.2768679019725
5.62857142857143
2.02115959354453
3.53341303048416
1.69396294082487
1.5729826658697
1.81494321578004
3.18971906754334
3.42618051404662
1.93317393903168
1.64447101016139
2.32086072922893
1.70221159593545
2.04590555887627
1.86993424985057
2.1008965929468
2.92851165570831
1.66921697549313
3.32719665271966
1.67196652719665
2.18063359234907
2.63430962343096
1.94967124925284
3.32719665271966
2.24387328153019
1.35026897788404
1.70221159593545
3.00824865511058
2.19438135086671
1.87543335325762
2.16138673042439
1.3255230125523
2.48583383144053
2.9587567244471
2.23012552301255
2.39234907352062
1.02032277346085
1.97166766288105
1.67196652719665
1.94692169754931
2.33735803945009
3.28045427375971
5.50759115361626
2.10914524805738
2.07615062761506
2.49958158995816
1.49599521817095
1.81769276748356
3.19246861924686
2.54082486551106
7.29754931261207
2.32086072922893
0.990077704722056
2.81578003586372
2.14763897190675
1.64447101016139
11.4466228332337
2.31536162582188
4.50125523012552
1.2320382546324
1.98541542139868
1.26778242677824
2.92026300059773
1.11105797967723
1.60597728631201
2.84052600119546
1.63897190675433
2.16963538553497
2.46658696951584
6.89061566049014
1.39426180514047
2.23012552301255
1.83693962940825
2.66455469216975
3.48942020322773
2.16688583383144
1.85068738792588
2.62606096832038
3.18971906754334
2.16413628212791
1.36951583980873
2.45558876270173
2.23562462641961
2.44734010759115
2.23287507471608
1.83419007770472
2.02390914524806
2.35385534967125
1.22378959952182
3.23646144650329
5.04566646742379
3.45642558278542
1.86718469814704
2.07065152420801
1.39976090854752
1.86718469814704
1.73520621637776
2.6590555887627
1.37226539151225
2.42259414225941
1.97166766288105
2.13664076509265
5.90077704722056
3.46742378959952
3.41518230723252
1.27878063359235
2.98900179318589
2.07890017931859
2.28236700537956
2.03490735206216
3.11823072325164
2.15038852361028
1.90842797369994
2.42259414225941
1.88643156007173
4.74596533173939
0.165212193664077
1.72970711297071
1.55648535564854
1.35026897788404
1.85068738792588
2.90926479378362
1.36401673640167
1.21829049611476
1.58123132098028
1.78194859533772
1.13305439330544
1.41900777047221
1.65821876867902
2.35385534967125
2.33735803945009
3.6928870292887
1.22378959952182
2.02390914524806
1.98266586969516
1.28702928870293
1.89742976688583
1.9249252839211
3.47292289300657
1.7901972504483
1.69121338912134
1.58673042438733
1.8836820083682
2.90376569037657
4.17955768081291
1.56748356246264
1.86718469814704
1.9249252839211
2.50233114166169
3.21171548117155
1.89742976688583
2.23837417812313
0.921338912133891
1.43275552898984
3.05499103407053
2.14763897190675
2.25212193664077
2.50783024506874
1.84793783622236
1.47124925283921
1.29252839210998
1.9249252839211
1.50699342498506
2.61506276150628
1.50974297668858
0.918589360430365
1.67471607890018
1.29802749551704
1.60047818290496
2.24662283323371
5.23813508667065
1.4602510460251
2.2246264196055
2.56832038254632
2.5243275552899
1.08356246264196
1.34476987447699
4.09982068141064
2.08714883442917
1.73795576808129
2.41434548714883
2.27411835026898
2.85152420800956
2.4418410041841
2.7415421398685
2.15038852361028
2.40609683203825
1.40251046025105
2.21637776449492
1.96341900777047
1.57848176927675
3.02749551703527
1.13305439330544
1.04231918708906
1.41075911536163
2.33460848774656
2.72229527794381
2.45833831440526
1.91117752540347
2.54357441721458
1.62247459653317
1.10555887627017
3.75887627017334
1.34202032277346
1.5317393903168
1.51249252839211
1.68571428571429
2.48583383144053
2.08439928272564
17.1546921697549
12.1340107591154
2.72229527794381
1.19629408248655
2.28236700537956
1.7489539748954
3.78637178720861
1.93867304243873
2.51882845188285
7.98493723849372
4.31703526598924
1.73795576808129
1.72420800956366
2.13389121338912
3.26670651524208
1.51799163179916
1.25953377166766
5.82653915122534
1.99641362821279
1.96341900777047
1.94142259414226
2.48858338314405
1.96341900777047
1.93867304243873
1.70496114763897
2.2658696951584
0.0332337118947998
1.88643156007173
1.98266586969516
2.25212193664077
2.69479976090855
2.77728631201435
10.5557680812911
2.2768679019725
2.6590555887627
2.46933652121937
2.85152420800956
2.16688583383144
1.37776449491931
2.21087866108787
1.83968918111178
1.49874476987448
0.038732815301853
1.42725642558279
6.31320980274955
1.97166766288105
2.35660490137478
1.20454273759713
1.81769276748356
1.52349073520622
1.16604901374776
1.7077106993425
1.61422594142259
1.1907949790795
11.5538553496712
1.60047818290496
1.83693962940825
3.92384937238494
2.35660490137478
1.95242080095637
1.82594142259414
2.12014345487149
3.15122534369396
2.13389121338912
2.9175134488942
2.51607890017932
2.02390914524806
2.17238493723849
2.10639569635386
1.75170352659892
1.50974297668858
1.81769276748356
1.33102211595935
1.34751942618051
1.08631201434549
1.74070531978482
2.48583383144053
1.1495517035266
2.19163179916318
2.10364614465033
1.27878063359235
2.87077106993425
2.46658696951584
2.59306634787806
1.77095038852361
2.63980872683802
1.72970711297071
1.79294680215182
1.59772863120143
2.41709503885236
1.38051404662283
1.45475194261805
2.16413628212791
1.86718469814704
2.16413628212791
1.67471607890018
1.13305439330544
2.8652719665272
2.54632396891811
1.50424387328153
2.16413628212791
1.36401673640167
3.58290496114764
0.995576808129109
1.82594142259414
1.44375373580394
2.32086072922893
2.05140466228332
1.83693962940825
3.04674237895995
2.35660490137478
2.70304841601913
1.63072325164375
2.79103407053198
1.96891811117753
1.58123132098028
1.90567842199641
1.53723849372385
1.19904363419008
3.39868499701136
3.98983861326958
3.39043634190078
1.60322773460849
2.41984459055589
1.38051404662283
2.17788404064555
2.40334728033473
2.46383741781231
1.99916317991632
2.0898983861327
2.31536162582188
1.89468021518231
1.7599521817095
2.28786610878661
2.56007172743574
1.11105797967723
2.89551703526599
1.69671249252839
2.05140466228332
1.71595935445308
2.63430962343096
0.98732815301853
2.09539748953975
3.12922893006575
1.25678421996414
2.37035265989241
2.61231320980275
2.19988045427376
1.24853556485356
2.41709503885236
2.48858338314405
1.04231918708906
2.92026300059773
2.43359234907352
2.46108786610879
2.04590555887627
2.67830245068739
2.40609683203825
1.67196652719665
2.01016138673042
2.0074118350269
1.22928870292887
1.85893604303646
2.43634190077705
2.26037059175134
1.92217573221757
1.3255230125523
2.63705917513449
1.70496114763897
1.99916317991632
2.36210400478183
2.23012552301255
1.88918111177525
2.2246264196055
1.8836820083682
1.22653915122534
1.54548714883443
1.97441721458458
1.61147638971907
1.31727435744172
0.860848774656306
2.15038852361028
2.60406455469217
1.72420800956366
1.5729826658697
2.20263000597729
3.32994620442319
1.57848176927675
2.52707710699343
3.34369396294082
1.78469814704124
2.27411835026898
2.18063359234907
1.81494321578004
1.55923490735206
1.85893604303646
2.17788404064555
3.66539151225344
1.86993424985057
2.37310221159594
3.47842199641363
2.61506276150628
4.30328750747161
2.39509862522415
2.52707710699343
1.63897190675433
1.5317393903168
2.92851165570831
2.535325762104
1.97166766288105
2.83227734608488
3.73687985654513
2.41159593544531
4.3747758517633
1.8424387328153
2.61506276150628
4.52050209205021
1.8836820083682
2.10914524805738
1.98816497310221
2.65630603705918
1.17979677226539
1.49874476987448
2.25212193664077
7.83096234309623
1.85618649133293
1.7901972504483
4.21255230125523
1.76820083682008
1.60872683801554
4.74046622833234
1.17429766885834
2.94500896592947
2.25212193664077
2.05140466228332
2.25487148834429
5.30962343096234
5.52408846383742
3.11548117154812
1.45200239091452
1.11105797967723
1.62797369994023
2.3181111775254
3.35469216975493
1.94142259414226
1.27603108188882
1.90017931858936
13.2090854751943
3.02199641362821
2.06515242080096
1.29802749551704
1.94967124925284
1.7489539748954
2.26037059175134
3.6928870292887
1.90292887029289
1.88643156007173
4.48750747160789
2.38684997011357
1.39976090854752
1.22378959952182
2.59581589958159
1.83693962940825
1.8836820083682
2.29886431560072
3.94584578601315
1.68571428571429
2.02390914524806
1.99916317991632
1.70221159593545
1.96341900777047
5.20789001793186
2.38410041841004
2.13664076509265
6.73389121338912
7.83646144650329
2.89276748356246
1.966168559474
2.87901972504483
2.56832038254632
2.56832038254632
2.37310221159594
1.52898983861327
1.50974297668858
0.968081291093843
1.26778242677824
1.33377166766288
1.64997011356844
1.94692169754931
1.14680215182307
2.0596533173939
1.81219366407651
1.90842797369994
1.1083084279737
2.15863717872086
2.08439928272564
1.97441721458458
2.36485355648536
1.94417214584579
2.61506276150628
2.06515242080096
2.50233114166169
2.12014345487149
2.49408248655111
3.02474596533174
4.05857740585774
2.32361028093246
1.8836820083682
1.65821876867902
8.54859533771668
0.915839808726838
5.18864315600717
1.75170352659892
1.06431560071727
2.38684997011357
2.92301255230126
1.77919904363419
1.25678421996414
3.14022713687986
1.69671249252839
7.01159593544531
3.09073520621638
1.40526001195457
2.76628810520024
2.61506276150628
1.19904363419008
3.15672444710102
1.87818290496115
2.35385534967125
1.80394500896593
2.47483562462642
1.60872683801554
2.64255827854154
2.35385534967125
2.20537955768081
1.83968918111178
2.27136879856545
1.38326359832636
1.47674835624626
1.27603108188882
1.65821876867902
1.64722056186491
1.7489539748954
3.00274955170353
1.44375373580394
3.74787806335923
1.86718469814704
1.58673042438733
2.65080693365212
1.82869097429767
1.56473401075912
1.7489539748954
2.28236700537956
3.37943813508667
1.46849970113568
1.91942618051405
1.88643156007173
8.14716078900179
2.24662283323371
2.68380155409444
1.17704722056186
1.69671249252839
1.48774656306037
3.07698744769874
1.90017931858936
1.47674835624626
2.12839210998207
0.97907949790795
1.65271966527197
1.66921697549313
1.01757322175732
2.55732217573222
1.48499701135684
2.01016138673042
1.34476987447699
1.96891811117753
2.04590555887627
1.91392707710699
1.19904363419008
1.82044231918709
1.67746563060371
1.26228332337119
1.80669456066946
2.85702331141662
2.47208607292289
1.12205618649133
2.40884638374178
5.12265391512253
1.44100418410042
1.83968918111178
3.69838613269576
1.73795576808129
1.83419007770472
1.4904961147639
2.73879258816497
2.50783024506874
2.23287507471608
2.53257621040048
2.018410041841
1.966168559474
1.63072325164375
2.17513448894202
1.13580394500897
2.73604303646145
3.14847579199044
2.0898983861327
1.5427375971309
0.913090257023311
2.54907352062164
3.49491930663479
1.29252839210998
2.58481769276748
2.57381948595338
2.3071129707113
2.02940824865511
1.62797369994023
2.24937238493724
1.77644949193066
1.94692169754931
1.49599521817095
1.31727435744172
2.12289300657502
5.2436341900777
1.34751942618051
1.72970711297071
1.83693962940825
2.16413628212791
1.29802749551704
1.54548714883443
2.51332934847579
0.585893604303646
2.12839210998207
2.69754931261207
1.93042438732815
1.49599521817095
5.2738792588165
1.1907949790795
2.535325762104
1.97716676628811
1.99641362821279
1.87543335325762
0.101972504482965
3.75062761506276
1.21554094441124
2.76903765690377
2.23562462641961
1.38326359832636
1.74345487148834
2.06790197250448
1.73245666467424
1.16329946204423
9.85738194859534
1.91117752540347
1.11655708308428
2.34560669456067
2.7002988643156
1.29527794381351
1.74620442319187
1.56473401075912
2.16963538553497
2.88451882845188
1.83968918111178
1.78194859533772
1.61147638971907
2.37035265989241
1.12755528989839
3.54166168559474
2.11189479976091
1.99366407650926
1.68571428571429
1.27053197848177
1.71595935445308
3.79462044231919
3.22271368798565
3.70663478780634
1.74070531978482
6.17848176927675
1.4602510460251
1.83968918111178
1.34751942618051
2.19988045427376
2.20263000597729
2.79653317393903
1.32827256425583
2.0596533173939
3.28045427375971
1.60597728631201
2.05690376569038
1.32827256425583
2.39509862522415
2.52157800358637
1.57023311416617
1.4602510460251
4.56999402271369
2.16413628212791
1.73795576808129
2.76078900179319
2.02665869695158
1.96891811117753
4.94668260609683
1.73245666467424
2.37585176329946
1.8011954572624
2.65080693365212
2.03215780035864
2.06515242080096
1.48224745965332
1.501494321578
1.93592349073521
1.41350866706515
1.72695756126718
1.5427375971309
2.12289300657502
1.55648535564854
3.15947399880454
1.46849970113568
2.59856545128512
4.550747160789
2.21637776449492
2.67280334728033
2.1833831440526
1.45200239091452
0.000239091452480579
2.04315600717274
2.37035265989241
1.39151225343694
3.08523610280932
2.32910938433951
6.54692169754931
2.13389121338912
2.26037059175134
1.7077106993425
2.21362821279139
2.84052600119546
1.84518828451883
4.64148236700538
2.15588762701733
2.73879258816497
1.47399880454274
2.63156007172744
1.31177525403467
1.74345487148834
4.70472205618649
2.6178123132098
3.41243275552899
2.68380155409444
1.52074118350269
2.40609683203825
4.34178123132098
1.38601315002989
6.98959952181709
0.968081291093843
1.43000597728631
2.03215780035864
2.01016138673042
1.79569635385535
1.24853556485356
1.78744769874477
3.35469216975493
2.67005379557681
3.92384937238494
2.39784817692767
2.75254034668261
2.10364614465033
1.99641362821279
1.81769276748356
2.45833831440526
16.4370591751345
1.4602510460251
1.69121338912134
1.05606694560669
0.943335325762104
1.97716676628811
1.61422594142259
1.77919904363419
1.99641362821279
1.90567842199641
2.78828451882845
1.19629408248655
1.61422594142259
1.96891811117753
2.27961745367603
3.88810520023909
1.57573221757322
2.77178720860729
2.45008965929468
1.75720263000598
2.39234907352062
1.30352659892409
2.24937238493724
1.83693962940825
2.0074118350269
2.62331141661686
1.56473401075912
1.7901972504483
3.14847579199044
2.82952779438135
2.40609683203825
2.96425582785415
2.35385534967125
2.11464435146444
1.87543335325762
2.21637776449492
2.29336521219366
1.84793783622236
2.80478182904961
1.23753735803945
3.2997011356844
1.65546921697549
1.37226539151225
4.30878661087866
2.20812910938434
1.74620442319187
1.36401673640167
2.31536162582188
1.17979677226539
2.20263000597729
2.52982665869695
2.05690376569038
1.02032277346085
2.16963538553497
2.43909145248057
1.93867304243873
2.18888224745965
2.31261207411835
2.67280334728033
1.66371787208607
1.87543335325762
2.29886431560072
2.30436341900777
2.96150627615063
3.10998206814106
3.58840406455469
1.24028690974298
1.82594142259414
1.85618649133293
3.52241482367005
3.24196054991034
0.874596533173939
2.96700537955768
3.8991034070532
2.14488942020323
1.27053197848177
1.31177525403467
4.550747160789
2.30986252241482
3.65989240884638
1.37501494321578
1.99916317991632
2.33185893604304
2.90376569037657
1.34476987447699
2.18613269575613
2.06515242080096
1.81769276748356
0.932337118947998
1.44650328750747
2.03215780035864
2.52707710699343
2.82952779438135
2.67005379557681
1.72145845786013
0.896592946802152
2.42809324566647
1.32002390914525
1.37226539151225
1.56198445905559
3.38768679019725
2.95600717274357
1.7901972504483
2.24937238493724
1.75170352659892
2.90376569037657
2.73054393305439
1.54548714883443
2.24387328153019
2.65355648535565
0.998326359832636
2.79653317393903
1.9249252839211
2.34560669456067
3.09898386132696
2.19438135086671
1.64447101016139
2.54907352062164
2.0486551105798
2.63430962343096
1.24853556485356
2.28511655708308
1.66921697549313
1.81769276748356
2.0074118350269
4.81745367603108
2.42259414225941
2.03215780035864
1.53998804542738
1.89468021518231
1.70496114763897
3.07148834429169
1.38051404662283
2.89551703526599
2.58481769276748
4.53150029886431
8.26814106395696
2.51057979677227
1.90017931858936
2.17788404064555
4.00633592349073
1.24853556485356
1.99916317991632
0.409922295277944
1.35026897788404
1.96891811117753
1.97991631799163
1.39151225343694
2.81852958756724
2.57381948595338
3.79736999402271
3.22821279139271
3.34369396294082
1.71046025104603
2.19438135086671
2.55457262402869
1.80669456066946
1.49599521817095
2.69205020920502
2.15863717872086
8.90603705917513
1.96066945606695
2.72504482964734
1.73245666467424
0.855349671249253
3.33544530783024
2.72779438135087
1.63897190675433
2.16963538553497
2.99175134488942
3.09073520621638
2.2246264196055
1.55373580394501
2.25212193664077
2.65355648535565
0.764614465032875
2.46933652121937
9.26072922893007
1.18529587567244
2.11464435146444
2.93676031081889
0.976329946204423
1.21004184100418
1.63072325164375
1.45200239091452
2.41709503885236
1.5317393903168
1.28153018529588
2.18063359234907
2.81028093245666
2.38684997011357
2.8240286909743
2.4418410041841
1.15780035863718
1.54823670053796
2.17513448894202
1.81769276748356
2.14763897190675
1.12755528989839
2.47483562462642
2.41159593544531
1.91942618051405
3.32994620442319
1.06981470412433
2.08164973102212
1.16054991034071
2.41984459055589
1.90842797369994
3.22546323968918
1.44100418410042
1.63072325164375
2.98350268977884
1.91942618051405
1.51524208009564
1.61697549312612
1.45750149432158
2.07890017931859
1.91392707710699
1.17429766885834
1.76820083682008
1.65821876867902
1.12480573819486
1.30352659892409
3.20071727435744
1.79569635385535
4.53424985056784
2.34560669456067
1.79294680215182
3.02474596533174
2.29336521219366
2.29886431560072
1.98816497310221
2.27961745367603
1.87818290496115
1.26778242677824
2.25212193664077
1.89193066347878
1.63072325164375
2.95325762104005
2.25212193664077
1.30352659892409
2.75803945008966
3.06873879258816
2.17513448894202
2.76628810520024
1.72695756126718
2.8240286909743
1.41075911536163
1.93042438732815
2.33735803945009
1.84518828451883
1.61972504482965
1.79844590555888
1.34751942618051
2.3483562462642
2.28236700537956
1.57023311416617
1.48499701135684
1.79569635385535
1.61422594142259
1.72420800956366
3.46467423789599
2.56007172743574
5.17489539748954
1.22653915122534
6.93460848774656
2.41434548714883
3.06049013747759
7.7237298266587
1.46849970113568
2.69754931261207
3.70938433950986
1.29802749551704
1.60872683801554
1.94967124925284
2.35385534967125
2.35385534967125
2.0898983861327
2.1833831440526
11.1964136282128
1.39701135684399
2.63156007172744
1.70496114763897
1.38051404662283
1.39426180514047
4.20705319784818
1.66921697549313
6.95110579796772
1.97991631799163
1.94142259414226
2.2246264196055
4.24829647340108
2.28786610878661
2.14763897190675
2.02115959354453
2.06790197250448
2.79378362223551
2.20812910938434
0.00298864315600717
2.76628810520024
2.59031679617454
1.55648535564854
2.15588762701733
1.7489539748954
2.13664076509265
1.35301852958757
2.24387328153019
1.70496114763897
1.15505080693365
2.51607890017932
3.77262402869097
1.47674835624626
2.31261207411835
2.42259414225941
3.62964734010759
1.81769276748356
2.9065152420801
2.32086072922893
3.02474596533174
2.47758517632995
1.62247459653317
1.96341900777047
1.83968918111178
1.69946204423192
4.06407650926479
1.24028690974298
4.60023909145248
1.59772863120143
2.34285714285714
2.07340107591154
2.22187686790197
2.39509862522415
3.56915720263001
1.83968918111178
2.19988045427376
3.37943813508667
1.5839808726838
1.42725642558279
2.07340107591154
1.18529587567244
1.36126718469815
2.06240286909743
2.76078900179319
1.90842797369994
2.38959952181709
1.96341900777047
0.965331739390317
1.46849970113568
3.0412432755529
2.20812910938434
1.55098625224148
2.13389121338912
4.60298864315601
5.3151225343694
1.73520621637776
2.3593544530783
1.20454273759713
2.88176927674836
1.99091452480574
1.42725642558279
2.21087866108787
1.92217573221757
1.12480573819486
2.74429169157203
3.10173341303048
1.69946204423192
1.51799163179916
3.1347280334728
1.19904363419008
1.45200239091452
2.67830245068739
2.27136879856545
1.86168559473999
2.87352062163778
2.44734010759115
2.48583383144053
1.30627615062762
2.53807531380753
2.0074118350269
2.56282127913927
2.24112372982666
2.52707710699343
2.0074118350269
1.89193066347878
1.72695756126718
1.34476987447699
2.22737597130903
1.05056784219964
2.13389121338912
1.71595935445308
1.86443514644351
1.57848176927675
3.20621637776449
3.26395696353855
1.72970711297071
1.32277346084877
2.46108786610879
1.29252839210998
3.79187089061566
1.66921697549313
2.25762104004782
2.69479976090855
1.17979677226539
2.82127913927077
1.501494321578
1.75445307830245
1.31727435744172
1.04781829049611
2.76903765690377
2.10914524805738
1.94417214584579
1.17429766885834
1.94142259414226
0.951583980872684
2.03490735206216
1.44100418410042
1.52624028690974
2.78003586371787
1.75170352659892
1.3255230125523
1.69671249252839
2.0074118350269
2.73329348475792
3.17872086072923
2.12564255827854
2.71129707112971
1.88093245666467
2.93401075911536
0.709623430962343
2.16688583383144
4.00358637178721
3.54441123729827
3.47017334130305
2.33735803945009
2.61231320980275
2.89001793185894
1.72145845786013
2.94225941422594
2.40884638374178
1.05606694560669
2.51607890017932
1.89468021518231
2.49958158995816
3.17322175732218
1.78744769874477
3.44267782426778
2.99175134488942
2.60406455469217
5.36186491332935
3.27770472205619
1.97991631799163
1.50424387328153
2.71679617453676
2.72504482964734
2.22187686790197
2.8350268977884
1.89468021518231
2.29611476389719
2.33460848774656
1.85618649133293
2.27411835026898
3.03849372384937
2.55457262402869
2.64255827854154
1.55098625224148
1.48224745965332
1.33927077106993
3.30520023909145
1.85618649133293
1.51799163179916
2.50783024506874
1.77644949193066
1.82044231918709
1.77919904363419
3.92109982068141
1.93042438732815
2.78553496712493
2.42809324566647
1.51249252839211
1.88918111177525
1.8314405260012
1.43550508069337
1.4904961147639
1.28153018529588
2.27136879856545
2.49133293484758
1.4080095636581
1.6252241482367
2.11739390316796
10.0553496712493
1.24028690974298
3.13197848176928
2.83777644949193
1.44375373580394
2.4005977286312
2.46383741781231
1.28702928870293
1.31452480573819
3.31619844590556
2.27961745367603
1.07806335923491
1.59497907949791
1.74620442319187
2.2768679019725
5.40035863717872
1.56473401075912
4.4682606096832
1.40526001195457
2.10364614465033
1.6252241482367
1.74620442319187
1.70496114763897
2.32635983263598
2.53257621040048
4.16580992229528
2.43359234907352
6.68439928272564
1.75720263000598
1.43550508069337
2.1008965929468
1.99366407650926
1.52898983861327
1.95517035265989
2.99175134488942
1.88643156007173
0.998326359832636
3.19796772265391
1.77644949193066
2.7002988643156
1.09731022115959
4.42151823072325
1.14405260011955
3.83586371787209
1.57848176927675
1.68571428571429
1.34202032277346
2.89276748356246
1.90567842199641
2.65355648535565
2.92576210400478
4.35277943813509
2.39509862522415
2.47758517632995
1.5427375971309
0.97907949790795
1.98816497310221
1.6664674237896
1.80944411237298
1.94967124925284
2.13664076509265
1.30902570233114
2.15863717872086
1.63347280334728
1.99641362821279
2.88451882845188
1.91392707710699
2.77453676031082
2.21362821279139
2.93126120741183
1.94692169754931
1.90567842199641
1.40251046025105
2.42259414225941
4.44076509264794
1.86718469814704
1.48774656306037
2.29061566049014
3.49491930663479
2.20812910938434
2.41434548714883
1.58947997609085
4.19055588762702
1.96341900777047
1.31727435744172
0.959832635983264
6.54692169754931
2.38684997011357
1.77644949193066
2.08714883442917
1.4904961147639
3.46467423789599
1.14680215182307
1.68021518230723
1.52898983861327
9.64291691572026
1.88643156007173
1.44375373580394
1.93317393903168
1.54548714883443
2.65080693365212
2.05690376569038
2.30986252241482
1.86718469814704
2.25212193664077
1.59222952779438
2.79103407053198
1.2320382546324
1.42725642558279
2.06240286909743
3.15122534369396
3.25020920502092
2.95050806933652
2.45833831440526
1.60047818290496
2.05140466228332
1.71046025104603
8.71356843992827
1.58123132098028
1.00107591153616
2.13389121338912
1.53723849372385
2.79928272564256
2.12014345487149
2.17238493723849
2.89826658696952
1.64172145845786
2.83227734608488
2.86252241482367
1.18529587567244
2.78003586371787
0.343933054393305
1.43275552898984
2.61506276150628
1.51799163179916
3.62414823670054
1.75720263000598
7.90245068738793
2.15038852361028
3.28595337716677
2.33460848774656
1.04781829049611
1.04231918708906
2.38135086670652
2.85427375971309
2.84602510460251
1.81219366407651
2.57381948595338
2.35660490137478
2.21087866108787
2.44459055588763
1.74345487148834
1.19904363419008
2.17788404064555
1.75170352659892
2.63705917513449
2.87901972504483
4.5919904363419
1.7077106993425
4.033831440526
2.58481769276748
1.67196652719665
1.99916317991632
2.92026300059773
1.78469814704124
2.76628810520024
1.32277346084877
1.99641362821279
1.62797369994023
1.40251046025105
2.50233114166169
1.5427375971309
2.10914524805738
2.57931858936043
1.79294680215182
1.46300059772863
2.6068141063957
1.53723849372385
4.5095038852361
2.62331141661686
2.75803945008966
1.35301852958757
1.80394500896593
1.8836820083682
1.22104004781829
1.81769276748356
2.17788404064555
1.82594142259414
4.64698147041243
1.76270173341303
2.71679617453676
1.42725642558279
2.71954572624029
1.81219366407651
1.53448894202032
2.12839210998207
1.57573221757322
2.01291093843395
1.63897190675433
2.62606096832038
1.59497907949791
3.66539151225344
2.34285714285714
1.98266586969516
1.96066945606695
2.81028093245666
1.54823670053796
2.43359234907352
2.71404662283323
1.96066945606695
2.30986252241482
2.32086072922893
1.86993424985057
2.12564255827854
1.30627615062762
1.89742976688583
1.38876270173341
2.65080693365212
2.74704124327555
2.31261207411835
1.4904961147639
2.02665869695158
4.00633592349073
2.34285714285714
4.09982068141064
2.13389121338912
1.91392707710699
2.32086072922893
1.98266586969516
1.68021518230723
1.49324566646742
2.24387328153019
1.25678421996414
5.8430364614465
1.84793783622236
2.05415421398685
1.89193066347878
1.47674835624626
1.84518828451883
6.86861924686192
1.35851763299462
2.58756724447101
2.54082486551106
2.05415421398685
1.67746563060371
2.79653317393903
1.58123132098028
1.81219366407651
2.21912731619845
2.30436341900777
1.73245666467424
2.74704124327555
2.81303048416019
3.70938433950986
1.8836820083682
2.60406455469217
1.48774656306037
2.77728631201435
2.1008965929468
2.5243275552899
3.83036461446503
1.12480573819486
10.0196054991034
2.06790197250448
1.80669456066946
1.15780035863718
3.67638971906754
8.51560071727436
2.23287507471608
1.69396294082487
1.59772863120143
1.79569635385535
1.33377166766288
2.66455469216975
1.27603108188882
1.61147638971907
2.55732217573222
3.24471010161387
1.43550508069337
2.06515242080096
2.00466228332337
1.35026897788404
2.57381948595338
1.77369994022714
1.73520621637776
2.4418410041841
2.77178720860729
2.77728631201435
2.24937238493724
1.22378959952182
2.04040645546922
1.80669456066946
1.87543335325762
2.35385534967125
1.25128511655708
2.42259414225941
2.32635983263598
0.814106395696354
1.22928870292887
1.13305439330544
1.64722056186491
1.91942618051405
1.10005977286312
2.30161386730424
2.74704124327555
1.92767483562463
6.01350866706515
2.36485355648536
1.58947997609085
2.29061566049014
2.18888224745965
2.18063359234907
4.41326957561267
1.85068738792588
1.76820083682008
2.23562462641961
1.38051404662283
2.78553496712493
1.70496114763897
2.27136879856545
2.8652719665272
1.80394500896593
2.49408248655111
1.2430364614465
1.50699342498506
2.27136879856545
1.52349073520622
2.38684997011357
1.49874476987448
1.88093245666467
3.3931858936043
1.6252241482367
2.11739390316796
1.39151225343694
1.14405260011955
2.68105200239091
13.3410639569635
2.15038852361028
1.72970711297071
1.75445307830245
1.82044231918709
2.03765690376569
2.28511655708308
2.55732217573222
1.80669456066946
1.57848176927675
1.85068738792588
2.5243275552899
4.30053795576808
1.50974297668858
1.46575014943216
1.16879856545129
3.74237895995218
2.71129707112971
1.65546921697549
5.6148236700538
1.21554094441124
1.63622235505081
2.11464435146444
1.25953377166766
3.25570830842797
2.24112372982666
2.22187686790197
2.96975493126121
1.94142259414226
2.40609683203825
2.37310221159594
2.07615062761506
2.08439928272564
1.45475194261805
1.449252839211
2.07340107591154
1.55098625224148
2.43909145248057
1.64172145845786
2.08164973102212
1.00932456664674
1.61972504482965
1.28702928870293
2.9175134488942
2.46933652121937
1.71595935445308
3.33819485953377
2.32910938433951
2.09264793783622
1.55923490735206
1.74620442319187
1.91667662881052
1.94142259414226
2.26037059175134
1.64997011356844
2.25212193664077
5.10615660490137
2.03765690376569
2.08714883442917
2.0074118350269
1.72145845786013
2.07615062761506
1.70221159593545
2.24387328153019
2.09539748953975
1.48499701135684
1.40526001195457
1.449252839211
1.7187089061566
2.99175134488942
1.70496114763897
2.8762701733413
2.45558876270173
2.50783024506874
4.78170950388524
1.84518828451883
1.84793783622236
1.54548714883443
1.55373580394501
4.55899581589958
2.8762701733413
0.97083084279737
1.68296473401076
1.32277346084877
1.67196652719665
2.13664076509265
2.04040645546922
2.76628810520024
1.72420800956366
3.07423789599522
1.60872683801554
4.31428571428571
2.0074118350269
2.01016138673042
2.24662283323371
1.76820083682008
2.83227734608488
2.40334728033473
1.3255230125523
1.94967124925284
1.44100418410042
1.97716676628811
2.45558876270173
2.15038852361028
1.33927077106993
1.93317393903168
5.41960549910341
2.68930065750149
3.91285116557083
4.21530185295876
2.88176927674836
2.61231320980275
2.06240286909743
1.23478780633592
3.9101016138673
1.99641362821279
2.16138673042439
2.01016138673042
2.71954572624029
3.2997011356844
1.74345487148834
1.94142259414226
1.17429766885834
4.04757919904363
2.0074118350269
2.80203227734608
2.56832038254632
1.38601315002989
7.25630603705917
2.24662283323371
4.66072922893007
4.30878661087866
1.74070531978482
1.17704722056186
3.59665271966527
1.75720263000598
2.32910938433951
2.03490735206216
2.28511655708308
2.33460848774656
1.06981470412433
2.47208607292289
1.74070531978482
1.63897190675433
1.3255230125523
1.94967124925284
1.02307232516438
2.30986252241482
1.58947997609085
2.37585176329946
2.50508069336521
1.27053197848177
1.57848176927675
2.38684997011357
2.15038852361028
2.40884638374178
2.08164973102212
2.19163179916318
1.19629408248655
1.48774656306037
2.54357441721458
1.23478780633592
5.72480573819486
1.87543335325762
1.48774656306037
2.46108786610879
3.01099820681411
1.49874476987448
1.64722056186491
1.45200239091452
2.78003586371787
3.75612671846981
1.65821876867902
1.52624028690974
2.11464435146444
1.67471607890018
1.21279139270771
2.3483562462642
3.19521817095039
2.68380155409444
5.31237298266587
1.77095038852361
1.85343693962941
1.26503287507472
1.62797369994023
2.45558876270173
2.24662283323371
1.54823670053796
1.29802749551704
3.53891213389121
2.0486551105798
1.95517035265989
1.98541542139868
2.19163179916318
2.58756724447101
2.28786610878661
1.77095038852361
5.89802749551704
2.73604303646145
1.63622235505081
2.94500896592947
2.04590555887627
1.93867304243873
2.18613269575613
1.15230125523013
5.34811715481171
1.52624028690974
1.94692169754931
1.90292887029289
1.87268380155409
1.81769276748356
1.59222952779438
1.43550508069337
2.43359234907352
2.51057979677227
1.94967124925284
5.47184698147041
1.23753735803945
2.33185893604304
1.40526001195457
1.53723849372385
1.38876270173341
1.39151225343694
3.1237298266587
3.31619844590556
1.88093245666467
1.53998804542738
2.43909145248057
1.46849970113568
1.79844590555888
1.65821876867902
1.55373580394501
1.67746563060371
1.87543335325762
2.25212193664077
3.40693365212194
1.50699342498506
2.37035265989241
1.85068738792588
1.36951583980873
2.79653317393903
2.64530783024507
1.7187089061566
1.59772863120143
3.75062761506276
3.22546323968918
1.68846383741781
3.06049013747759
2.47483562462642
1.44650328750747
1.42175732217573
2.13939031679617
2.05415421398685
2.3483562462642
1.72420800956366
2.75803945008966
2.08714883442917
1.85068738792588
1.6252241482367
1.60872683801554
1.63484757919904
1.59497907949791
2.63705917513449
2.85152420800956
1.72695756126718
1.75720263000598
2.29336521219366
1.39701135684399
2.44459055588763
1.52349073520622
0.907591153616258
3.45092647937836
0.863598326359833
1.59222952779438
2.4418410041841
2.27411835026898
2.43359234907352
2.13939031679617
1.24028690974298
1.26228332337119
2.36760310818888
3.67364016736402
1.68846383741781
1.79569635385535
2.04040645546922
1.89193066347878
2.48583383144053
2.59856545128512
1.24853556485356
1.57023311416617
1.24853556485356
1.21279139270771
1.99366407650926
1.82044231918709
1.06431560071727
2.23562462641961
1.70496114763897
1.35851763299462
2.19438135086671
2.31261207411835
3.26395696353855
1.8314405260012
2.27961745367603
2.11464435146444
2.05415421398685
2.59856545128512
1.62797369994023
2.16413628212791
2.70304841601913
1.70496114763897
2.6590555887627
2.89551703526599
1.5729826658697
1.81494321578004
1.7187089061566
1.7599521817095
3.59665271966527
2.30986252241482
1.77644949193066
1.25128511655708
3.36019127316198
1.94692169754931
4.18230723251644
2.1008965929468
7.64674237895995
2.04315600717274
1.59497907949791
2.41159593544531
2.79653317393903
1.73795576808129
1.38601315002989
1.92767483562463
1.8424387328153
1.56748356246264
2.41434548714883
1.38876270173341
1.59772863120143
2.4418410041841
1.07806335923491
0.0717274357441721
1.47124925283921
2.02665869695158
0.948834429169157
1.80394500896593
1.08906156604901
1.30902570233114
4.04757919904363
2.73604303646145
2.46383741781231
2.88451882845188
1.7077106993425
3.51416616855947
2.2768679019725
3.03299462044232
2.38959952181709
2.74429169157203
3.09073520621638
1.69396294082487
1.5839808726838
1.11105797967723
0.968081291093843
3.26120741183503
8.61183502689779
1.94967124925284
1.72420800956366
2.41984459055589
1.76820083682008
1.65546921697549
2.40884638374178
1.32827256425583
3.32719665271966
2.06240286909743
2.57931858936043
1.79294680215182
1.34202032277346
1.22104004781829
3.34644351464435
1.75720263000598
2.02665869695158
1.06156604901375
1.48499701135684
1.86443514644351
2.06240286909743
2.08164973102212
1.72420800956366
2.95050806933652
1.53723849372385
3.14022713687986
1.67746563060371
1.27603108188882
1.55648535564854
2.46658696951584
5.31237298266587
1.68021518230723
2.19438135086671
1.10555887627017
2.92576210400478
2.05140466228332
2.64530783024507
2.13939031679617
2.92576210400478
1.30902570233114
2.18063359234907
3.54441123729827
1.73795576808129
2.39784817692767
2.54632396891811
1.19629408248655
1.55373580394501
2.90376569037657
3.13747758517633
2.49958158995816
2.48583383144053
1.64172145845786
2.15038852361028
2.41984459055589
2.60131500298864
2.02665869695158
1.96891811117753
1.96891811117753
2.30161386730424
3.30794979079498
2.19163179916318
2.28236700537956
2.46658696951584
3.63239689181112
1.73520621637776
1.05881649731022
1.8314405260012
2.43084279736999
4.4270173341303
1.48499701135684
2.01016138673042
1.56198445905559
1.20454273759713
1.21004184100418
2.91201434548715
1.25678421996414
3.33269575612672
2.33460848774656
1.54548714883443
2.3181111775254
2.63705917513449
2.03765690376569
2.12014345487149
2.23837417812313
2.28511655708308
2.10914524805738
1.78194859533772
1.34202032277346
2.28786610878661
4.42151823072325
6.16473401075911
1.75445307830245
1.68571428571429
3.06323968918111
2.70579796772265
5.02916915720263
1.91942618051405
3.62689778840406
1.33102211595935
1.9249252839211
3.02749551703527
3.94584578601315
1.63347280334728
1.37501494321578
1.41625821876868
1.93317393903168
2.0486551105798
1.60047818290496
4.30053795576808
1.2320382546324
1.29802749551704
1.46300059772863
3.75612671846981
1.96341900777047
1.89742976688583
3.06598924088464
1.35576808129109
3.3931858936043
1.56473401075912
2.13389121338912
2.28511655708308
1.85068738792588
2.6178123132098
1.79294680215182
2.88451882845188
2.45558876270173
3.9403466826061
1.76270173341303
2.32635983263598
2.74979079497908
2.35385534967125
1.36401673640167
1.38876270173341
1.98541542139868
1.88093245666467
7.08583383144053
2.60956365809922
2.83227734608488
0.893843395098625
2.43359234907352
1.92767483562463
2.0898983861327
6.35170352659892
3.36294082486551
2.26312014345487
2.78553496712493
1.85068738792588
2.70579796772265
3.64889420203228
1.35301852958757
3.48392109982068
3.73138075313808
1.73795576808129
1.90567842199641
2.08439928272564
2.34560669456067
4.12456664674238
3.31894799760909
1.90292887029289
3.0824865511058
1.63072325164375
2.19713090257023
1.65821876867902
3.45367603108189
1.47124925283921
1.02857142857143
1.1083084279737
2.535325762104
2.87077106993425
2.33460848774656
3.91285116557083
2.84327555289898
2.31536162582188
3.79462044231919
1.61422594142259
3.02749551703527
3.40693365212194
1.7077106993425
1.65821876867902
1.66096832038255
1.90842797369994
2.34285714285714
1.71046025104603
1.05331739390317
2.19713090257023
2.52982665869695
1.14130304841602
2.08714883442917
2.40609683203825
2.50783024506874
2.1833831440526
3.14847579199044
2.4005977286312
0.750866706515242
1.71046025104603
2.07890017931859
2.06240286909743
2.51607890017932
2.98075313807531
1.72970711297071
2.49133293484758
1.3667662881052
1.64997011356844
1.93592349073521
2.55182307232516
1.55098625224148
1.51799163179916
1.11930663478781
2.26312014345487
2.11189479976091
2.88451882845188
3.10448296473401
2.19163179916318
4.30053795576808
1.36951583980873
1.65821876867902
1.99091452480574
1.51799163179916
1.35026897788404
1.06156604901375
4.71022115959354
1.93867304243873
3.54441123729827
1.42450687387926
18.0565451285117
2.21637776449492
2.01016138673042
1.73520621637776
1.78194859533772
1.30077704722056
2.23562462641961
3.11823072325164
1.66371787208607
2.50508069336521
2.11189479976091
2.20812910938434
1.82594142259414
3.98983861326958
1.8314405260012
2.30986252241482
4.56999402271369
2.61231320980275
2.84877465630604
1.5839808726838
3.94584578601315
2.15588762701733
1.90567842199641
2.0596533173939
1.98266586969516
3.07148834429169
1.44375373580394
2.29336521219366
3.4756724447101
1.22378959952182
2.05140466228332
1.7187089061566
2.28786610878661
1.52349073520622
2.35385534967125
2.61506276150628
1.75445307830245
2.56832038254632
1.52074118350269
1.26228332337119
2.71404662283323
1.43275552898984
1.67471607890018
1.99366407650926
2.13939031679617
2.59306634787806
2.02940824865511
2.82952779438135
1.99641362821279
3.17047220561865
2.07890017931859
3.14572624028691
3.30794979079498
0.398924088463837
1.64722056186491
1.17979677226539
2.89001793185894
2.12289300657502
2.53807531380753
1.97991631799163
1.69671249252839
1.89742976688583
2.76078900179319
1.91117752540347
1.31177525403467
3.86335923490735
2.89826658696952
0.910340705319785
1.80394500896593
2.16688583383144
2.93401075911536
3.62414823670054
1.63347280334728
1.76820083682008
2.09539748953975
2.10914524805738
8.03717872086073
1.83419007770472
5.03191870890616
1.13580394500897
1.71320980274955
3.28045427375971
2.3593544530783
1.1083084279737
1.6252241482367
2.49683203825463
6.60191273161984
2.38959952181709
1.43275552898984
4.99617453676031
2.13664076509265
1.3667662881052
1.67471607890018
2.89276748356246
1.50424387328153
1.18804542737597
2.03490735206216
1.69671249252839
1.75445307830245
2.8350268977884
2.21912731619845
2.09264793783622
2.84602510460251
2.08714883442917
1.1907949790795
1.14405260011955
1.57573221757322
2.0486551105798
1.96891811117753
1.59772863120143
2.68655110579797
1.73245666467424
2.31536162582188
2.38135086670652
1.25953377166766
2.90926479378362
2.38135086670652
2.34560669456067
2.73329348475792
2.62331141661686
1.80944411237298
2.18888224745965
1.38876270173341
1.76270173341303
2.66455469216975
1.46575014943216
1.89193066347878
1.97991631799163
2.79103407053198
1.00382546323969
1.44650328750747
1.63347280334728
5.7083084279737
1.86168559473999
1.27603108188882
2.39234907352062
2.95600717274357
2.51882845188285
1.55373580394501
1.91392707710699
1.96341900777047
1.16329946204423
1.96066945606695
5.13640167364017
1.65821876867902
2.46933652121937
2.93950986252241
3.31894799760909
3.00549910340705
1.75170352659892
1.501494321578
9.65666467423789
3.22821279139271
0.0689778840406455
1.35576808129109
2.12289300657502
0.066228332337119
2.85152420800956
2.42809324566647
3.03574417214585
2.49408248655111
1.56198445905559
2.42259414225941
1.97991631799163
1.15505080693365
1.32002390914525
0.957083084279737
4.87519426180514
1.60597728631201
1.60047818290496
1.71320980274955
1.79294680215182
2.0074118350269
2.10914524805738
3.15122534369396
1.74345487148834
2.16688583383144
3.59390316796175
1.88093245666467
2.15588762701733
1.35576808129109
1.8314405260012
2.00191273161984
2.92301255230126
1.55098625224148
1.24853556485356
2.76903765690377
1.83693962940825
2.73604303646145
2.33735803945009
1.41350866706515
1.89742976688583
1.64997011356844
1.81494321578004
4.6332337118948
1.65546921697549
1.05056784219964
1.22653915122534
3.22546323968918
1.82319187089062
1.8836820083682
3.15122534369396
1.82594142259414
1.83968918111178
1.78469814704124
2.16413628212791
2.96975493126121
2.23012552301255
1.47674835624626
3.47017334130305
2.98075313807531
2.59581589958159
1.85343693962941
0.921338912133891
8.53209802749551
1.51249252839211
36.1595935445308
2.5655708308428
1.94142259414226
4.73771667662881
2.03490735206216
2.45833831440526
1.66921697549313
2.54907352062164
0.918589360430365
1.94967124925284
2.36485355648536
3.68738792588165
1.63622235505081
2.45833831440526
1.78194859533772
3.74237895995218
1.71595935445308
2.46658696951584
2.52707710699343
1.40251046025105
1.54823670053796
2.01016138673042
1.77095038852361
2.90926479378362
3.01099820681411
0.98732815301853
2.5765690376569
1.53723849372385
1.19629408248655
1.90567842199641
2.45283921099821
8.52659892408846
2.22737597130903
2.13389121338912
2.49958158995816
2.05140466228332
1.52349073520622
2.29886431560072
2.23562462641961
1.92217573221757
1.64997011356844
2.00603705917514
3.09073520621638
5.80729228930066
2.56832038254632
1.39976090854752
1.99366407650926
2.90376569037657
1.80394500896593
6.0190077704722
2.21637776449492
2.41159593544531
2.03490735206216
2.74979079497908
1.32002390914525
2.02940824865511
1.55373580394501
1.60047818290496
1.16879856545129
2.10364614465033
3.42893006575015
3.75612671846981
5.06491332934847
1.55648535564854
2.68655110579797
2.82677824267782
2.66180514046623
1.46300059772863
2.0898983861327
2.03215780035864
1.68571428571429
1.43275552898984
3.14572624028691
14.4958756724447
1.57573221757322
1.55923490735206
2.20812910938434
1.74070531978482
1.61147638971907
2.66455469216975
1.38326359832636
1.7077106993425
3.66814106395696
1.62797369994023
6.37369994022714
1.48499701135684
2.19438135086671
1.58123132098028
2.50783024506874
1.40526001195457
1.59222952779438
2.62056186491333
1.7187089061566
13.6077704722056
1.72145845786013
2.09539748953975
2.32361028093246
1.83693962940825
2.08164973102212
1.64722056186491
1.12205618649133
2.12014345487149
1.83968918111178
2.5243275552899
1.61147638971907
2.018410041841
1.76270173341303
2.37310221159594
2.70304841601913
1.46300059772863
3.42893006575015
1.35026897788404
1.9249252839211
1.05056784219964
3.55540944411237
2.79378362223551
2.94225941422594
2.64530783024507
1.55373580394501
1.35301852958757
1.42450687387926
1.60597728631201
1.11930663478781
1.35851763299462
1.95791990436342
1.59222952779438
1.1083084279737
4.51775254034668
3.34644351464435
1.8836820083682
1.59497907949791
2.26037059175134
2.28236700537956
2.82127913927077
1.47674835624626
2.16963538553497
1.33377166766288
3.7753735803945
1.98541542139868
2.67005379557681
1.19629408248655
1.43000597728631
1.91117752540347
2.16413628212791
1.39976090854752
1.34476987447699
1.68296473401076
2.24387328153019
1.4602510460251
2.16963538553497
3.37393903167962
2.34010759115362
1.22378959952182
5.8017931858936
1.96341900777047
1.94692169754931
2.21637776449492
2.75803945008966
2.32086072922893
1.38051404662283
1.88093245666467
1.68296473401076
1.76545128511656
1.79294680215182
0.838852361028093
1.89193066347878
1.04781829049611
5.06491332934847
2.5765690376569
0.0634787806335923
2.0898983861327
1.88093245666467
1.8424387328153
1.25403466826061
2.42259414225941
1.14130304841602
2.55457262402869
1.75720263000598
2.8762701733413
1.8424387328153
1.53448894202032
1.78194859533772
3.46742378959952
2.22187686790197
3.17872086072923
2.07615062761506
1.99916317991632
2.06515242080096
1.68846383741781
1.73520621637776
3.69838613269576
2.3071129707113
2.44459055588763
2.41434548714883
1.76270173341303
4.65797967722654
1.85343693962941
1.84518828451883
2.36485355648536
2.51882845188285
1.49324566646742
1.33102211595935
1.70221159593545
2.4005977286312
1.82594142259414
2.52157800358637
2.07890017931859
1.43550508069337
1.7489539748954
2.3181111775254
2.07340107591154
1.56748356246264
1.7489539748954
2.23012552301255
0.921338912133891
2.73329348475792
1.86443514644351
2.49408248655111
1.94417214584579
5.36186491332935
1.93042438732815
1.11380753138075
1.43825463239689
1.72145845786013
1.37501494321578
1.90017931858936
2.4005977286312
2.28786610878661
1.38876270173341
3.03574417214585
3.33819485953377
3.90460251046025
1.83693962940825
1.60872683801554
1.91392707710699
2.81028093245666
1.85893604303646
2.71129707112971
3.40418410041841
2.08714883442917
11.166168559474
2.6480573819486
1.99916317991632
2.23837417812313
1.65271966527197
1.0148236700538
2.61231320980275
2.1421398684997
1.17704722056186
2.45283921099821
5.0264196054991
1.75170352659892
1.47674835624626
1.61422594142259
4.13281530185296
4.38852361028093
1.57023311416617
2.32910938433951
1.68571428571429
1.74345487148834
2.3593544530783
2.69479976090855
2.44734010759115
1.41900777047221
2.49133293484758
1.57023311416617
2.16413628212791
1.74345487148834
2.12014345487149
2.7002988643156
1.79294680215182
3.28595337716677
1.77369994022714
1.90567842199641
1.89193066347878
1.34476987447699
2.65080693365212
2.00466228332337
2.14488942020323
1.33377166766288
2.43084279736999
1.44650328750747
2.43084279736999
2.42534369396294
2.92301255230126
1.14405260011955
5.2738792588165
1.2430364614465
1.33652121936641
1.73520621637776
1.26778242677824
0.132217573221757
2.12839210998207
1.88643156007173
2.31536162582188
2.24662283323371
1.88643156007173
2.02115959354453
2.05690376569038
1.12205618649133
1.60597728631201
6.85762104004782
2.21087866108787
1.55373580394501
1.95791990436342
1.94967124925284
1.8011954572624
3.54716078900179
1.03132098027496
1.42725642558279
1.39426180514047
2.15863717872086
3.06598924088464
1.72145845786013
2.23287507471608
1.68021518230723
1.40251046025105
4.01458457860131
1.19354453078302
2.10639569635386
1.13580394500897
1.60597728631201
1.31727435744172
1.93317393903168
1.41350866706515
2.21362821279139
1.8424387328153
2.28786610878661
1.74070531978482
1.7187089061566
2.46383741781231
1.93042438732815
2.483084279737
2.19438135086671
2.18888224745965
2.2768679019725
2.01016138673042
1.43550508069337
2.8350268977884
1.45750149432158
1.66096832038255
1.53723849372385
2.46933652121937
3.40143454871488
1.89468021518231
2.98350268977884
1.80394500896593
1.78469814704124
2.58756724447101
1.35576808129109
1.37501494321578
1.00932456664674
2.10364614465033
1.33102211595935
3.24745965331739
0.775612671846982
1.89742976688583
2.74429169157203
2.06515242080096
6.76413628212791
1.64997011356844
1.58123132098028
1.86443514644351
1.85343693962941
1.32827256425583
2.07340107591154
1.67471607890018
2.08714883442917
1.78744769874477
13.7369994022714
3.04399282725643
2.81852958756724
1.1907949790795
3.13747758517633
2.2246264196055
2.90926479378362
2.64530783024507
1.67196652719665
1.95242080095637
2.82127913927077
2.28511655708308
1.35026897788404
6.18123132098027
1.4080095636581
0.602390914524806
1.26503287507472
2.68380155409444
1.68571428571429
2.87352062163778
2.08439928272564
2.38410041841004
1.69121338912134
2.42809324566647
2.01566049013748
3.36569037656904
2.13939031679617
1.91392707710699
1.35026897788404
1.72420800956366
1.46849970113568
2.5243275552899
3.15672444710102
1.84793783622236
1.86168559473999
1.21554094441124
3
1.28977884040646
1.99366407650926
1.29527794381351
2.82127913927077
3.61315002988643
1.39151225343694
