0.0222355050806934
0.0552301255230126
0.0359832635983264
0.038732815301853
0.0497310221159594
0.110221159593545
0.038732815301853
0.0359832635983264
0.0139868499701136
0.02498505678422
0.074476987447699
0.126718469814704
0.038732815301853
0.0304841601912732
0.0346084877465631
0.011237298266587
0.054542737597131
0.056604901374776
0.0744769874476987
0.121219366407651
0.112970711297071
0.0332337118947998
0.054542737597131
0.104722056186491
1.32002390914525
0.0813508667065152
0.148714883442917
0.066228332337119
0.00573819485953378
0.0621040047818293
0.032890017931859
0.046637776449492
0.02498505678422
0.110221159593545
0.0648535564853557
0.032890017931859
0.0992229527794381
0.0806634787806337
0.0469814704124328
0.217453676031082
0.00298864315600717
0.0799760908547519
0.0277346084877466
0.000239091452480579
0.135998206814107
0.305439330543933
0.0607292289300657
0.132045726240287
0.00848774656306037
0.0342647937836223
0.0552301255230126
0.0222355050806934
0.0139868499701136
0.228451882845188
0.0304841601912732
0.0359832635983264
0.135998206814107
0.0399357441721459
0.060385534967125
0.066228332337119
0.107471607890018
0.00573819485953378
0.0359832635983264
0.0222355050806934
0.115720263000598
0.0194859533771668
0.200956365809922
0.0435445307830247
0.13359234907352
0.0139868499701136
0.0497310221159594
0.0743051404662285
0.052480573819486
0.0304841601912732
0.0139868499701136
0.678003586371788
0.066228332337119
0.0222355050806934
0.0868499701135685
0.121219366407651
0.110221159593545
0.0772265391512253
0.351494321578004
0.0875373580394504
0.217453676031082
0.134967124925284
0.0452630005977287
0.0744769874476987
0.189958158995816
0.104722056186491
0.14596533173939
0.101972504482965
0.0984496413628213
0.0634787806335924
0.178959952181709
0.038732815301853
0.118469814704124
0.0277346084877466
0.0744769874476987
0.038732815301853
0.115720263000598
0.220203227734608
0.107471607890018
0.08736551105798
0.667005379557682
0.0390765092647938
0.21642259414226
0.011237298266587
0.110221159593545
0.0469814704124328
0.0882247459653317
0.17071129707113
0.0772265391512253
0.0799760908547519
0.020001494321578
0.0892558278541544
0.0926927674835623
0.365929468021518
0.473161984459056
0.104722056186491
0.0200874178123132
0.165212193664076
0.0937238493723849
0.0940675433353255
0.0497310221159594
0.151464435146444
0.133592349073521
0.112970711297071
0.0469814704124328
0.0827256425582785
0.0827256425582787
0.103261356843993
0.0332337118947998
0.0964734010759115
0.123968918111178
0.0430289898386133
0.242543335325762
0.0779139270771067
0.00848774656306037
0.0937238493723849
0.0703526598924089
0.0717274357441721
0.0634787806335923
0.142356545128512
0.0854751942618051
0.189958158995816
0.068290496114764
0.0486140167364017
0.02498505678422
0.0332337118947998
0.0385609683203826
0.0552301255230126
0.17071129707113
0.0870218170950388
0.0406231320980276
0.0282501494321578
0.134967124925284
0.203276300059773
0.0882247459653317
0.0607292289300657
0.0621040047818289
0.0689778840406455
0.0891699043634192
0.132131649731022
0.0481843992827257
0.104722056186491
0.0634787806335923
0.113829946204423
0.011237298266587
0.151464435146444
0.0579796772265391
0.20224521817095
0.0607292289300657
0.129038404064555
0.0579796772265391
0.0139868499701136
0.253197848176928
0.0717274357441721
0.0469814704124328
0.0340070233114167
0.0854751942618051
0.0139868499701136
0.129468021518231
0.0799760908547519
0.0827256425582785
0.0970748655110579
0.0543708906156605
0.132217573221757
0.112970711297071
0.0538553496712492
0.0341788702928871
0.132217573221757
0.0717274357441721
0.0538553496712493
0.00573819485953378
0.071555588762702
0.0511057979677227
0.100597728631201
0.0662283323371189
0.101456963538554
0.266945606694561
0.0744769874476987
0.104722056186491
0.104722056186491
0.0497310221159594
0.0853892707710701
0.112970711297071
0.0978481769276749
0.162376718469815
0.148714883442917
0.134064928272564
0.0389046622833234
0.00848774656306037
0.02498505678422
0.0992229527794381
0.0442319187089062
0.0552301255230126
0.110221159593545
0.00848774656306037
0.028336072922893
0.00848774656306037
0.0296249252839211
0.0827256425582785
0.206455469216976
0.15421398684997
0.00848774656306037
0.052480573819486
0.0717274357441721
0.0480555140466228
0.02498505678422
0.106096832038255
0.0731022115959357
0.0813508667065155
0.0359832635983263
0.0315152420800957
0.0772265391512254
0.0139868499701136
0.132217573221757
0.156963538553497
0.123968918111178
0.0630491631799165
0.0552301255230126
0.0813508667065152
0.0992229527794381
0.02498505678422
0.0222355050806934
0.122594142259415
0.038732815301853
0.0634787806335923
0.230857740585774
0.0277346084877466
0.39136282127914
0.104722056186491
0.0744769874476987
0.0469814704124328
0.0679038404064554
0.104722056186491
0.0222355050806934
0.0435445307830244
0.106741258218769
0.0469814704124328
0.100769575612672
0.134967124925284
0.0730162881052004
0.000239091452480579
0.0909742976688584
0.0304841601912732
0.038732815301853
0.288942020322773
0.0194859533771668
0.0497310221159594
0.0854751942618051
0.126718469814704
0.0442319187089062
0.0799760908547519
0.17071129707113
0.0139868499701136
0.0792887029288702
0.000239091452480579
0.101972504482965
0.0950986252241482
0.0763243424985058
0.0634787806335923
0.084100418410042
0.233950986252241
0.0978481769276749
0.0194859533771668
0.00298864315600717
0.134967124925284
0.0772265391512253
0.0414823670053796
0.0304841601912732
0.0139868499701136
0.064166168559474
0.106096832038254
0.0483562462641961
0.10386282127914
0.104722056186491
0.0717274357441721
0.176210400478183
0.0442319187089062
0.0139868499701136
0.0304841601912732
0.156963538553497
0.0361551105797968
0.0222355050806934
0.0359832635983264
0.0744769874476987
0.128093245666468
0.231888822474596
0.000239091452480579
0.0882247459653317
0.0571204423191871
0.0428571428571429
0.203705917513449
0.0294960400478184
0.104722056186491
0.159713090257023
0.0799760908547519
0.0854751942618051
0.17071129707113
0.00573819485953378
0.0414823670053796
0.0524805738194858
0.038732815301853
0.0222355050806934
0.126718469814704
0.089599521817095
0.0435445307830244
0.0703526598924088
0.0641661685594742
0.101972504482965
0.0670660863717872
0.121219366407651
0.187208607292289
0.212985654512851
0.0882247459653317
0.150433353257621
0.220203227734608
0.02498505678422
0.15421398684997
0.0442319187089062
0.011237298266587
0.0607292289300657
0.0827256425582785
0.236356843992828
0.00298864315600717
0.0194859533771668
0.0841004184100419
0.0689778840406455
0.100211072922893
0.0194859533771668
0.0332337118947998
0.0909742976688584
0.0607292289300657
0.118469814704124
0.0957860131500301
0.112970711297071
0.000239091452480579
0.0772265391512253
0.0992229527794381
0.0297967722653915
0.143215780035864
0.00298864315600717
0.0194859533771668
0.156963538553497
0.0359832635983263
0.0543708906156605
0.38938658099223
0.02498505678422
0.00848774656306037
0.233091751344889
0.0827256425582785
0.167961745367603
0.143129856545128
0.000239091452480579
0.0923490735206215
0.118255005977286
0.104722056186491
0.112970711297071
0.115720263000598
0.066228332337119
0.0854751942618051
0.115720263000598
0.140466228332337
0.00573819485953378
0.0730162881052003
0.196832038254632
0.123968918111178
0.066228332337119
0.075851763299462
0.0607292289300657
0.110221159593545
0.0729518454871489
0.14596533173939
0.214704124327555
0.0359832635983264
0.107471607890018
0.052480573819486
0.140466228332337
0.0414823670053796
0.0318589360430364
0.10008218768679
0.121219366407651
0.0854751942618051
2.18063359234907
0.140466228332337
0.112970711297071
0.00848774656306037
0.176210400478183
0.0401075911536163
0.0876662432755528
0.0786013150029887
0.140466228332338
0.118469814704125
0.0957860131500297
0.0648535564853559
0.0139868499701136
0.0805775552898985
0.134279736999402
0.02498505678422
0.0854751942618051
0.0882247459653317
0.0748958644650329
0.038732815301853
0.0673882994620444
0.084100418410042
0.0167364016736402
0.00848774656306037
0.134107890017932
0.0711420819635386
0.107471607890018
0.0799760908547519
0.126718469814704
0.112970711297071
0.011237298266587
0.217453676031082
0.0593544530783024
0.0806634787806335
0.0607292289300657
0.0634787806335923
0.0538553496712492
0.0813508667065151
0.0281212641960551
0.0497310221159594
0.0442319187089062
0.0359832635983264
0.0167364016736402
0.0937238493723849
0.134967124925284
0.0579796772265392
0.0435445307830247
0.121219366407651
0.0607292289300657
0.0304841601912732
0.00298864315600717
0.152839210998207
0.107471607890018
0.0593544530783024
0.0167364016736402
0.159369396294082
0.126288852361028
0.0909742976688584
0.0760880528989839
0.0937238493723849
0.00848774656306037
0.115720263000598
0.0222355050806934
0.0304841601912732
0.0827256425582785
0.0552301255230126
0.052480573819486
0.16246264196055
0.0870218170950387
0.15421398684997
0.0772265391512253
0.0552301255230126
0.134967124925284
0.0607292289300657
0.0332337118947998
0.115913590854752
0.0937238493723849
0.0167364016736402
0.192707710699342
0.0634787806335923
0.011237298266587
0.0442319187089062
0.122894874476987
0.0469814704124328
0.0277346084877466
0.101972504482965
0.0782576210400479
0.0566049013747758
0.011237298266587
0.0744769874476987
0.0538553496712493
0.0194859533771668
0.0418690227136881
0.00298864315600717
0.0744769874476987
0.0194859533771668
0.187208607292289
0.0399357441721459
0.02498505678422
0.0964734010759115
0.486909742976688
0.011237298266587
0.0799760908547519
0.0576359832635984
0.143215780035864
0.0380454273759714
0.0799760908547519
0.0799760908547519
0.103003586371787
0.112970711297071
0.106784219964136
0.107471607890018
0.0371861924686193
0.121219366407651
0.0414823670053796
0.0676031081888823
0.134967124925284
0.0304841601912732
0.16246264196055
0.126718469814704
0.0902869097429766
0.101929542737597
0.0682904961147638
0.0533183278541542
0.0964734010759115
0.0964734010759115
0.0524805738194859
0.134967124925284
0.0332337118947998
0.0552301255230126
0.0394202032277347
0.0277346084877466
0.106096832038254
0.201300059772863
0.121906754333532
0.111724820681411
0.0469814704124328
0.0744769874476987
0.101972504482965
0.066228332337119
0.0607292289300657
0.0827256425582785
0.187208607292289
0.159713090257023
0.066228332337119
0.0854751942618051
0.0779139270771071
0.0442319187089062
0.137716676628811
0.107471607890018
0.176210400478183
0.123968918111178
0.123968918111178
0.0497310221159594
0.0950986252241481
0.00298864315600717
0.134107890017932
0.0332337118947998
0.0222355050806934
0.0900935818888224
0.0992229527794381
0.071727435744172
0.011237298266587
0.104722056186491
0.0850455768081292
0.066228332337119
0.0882247459653317
0.0414823670053795
0.0717274357441721
0.701374775851764
0.0614166168559474
0.0304841601912732
0.0579796772265391
0.189958158995816
0.0304841601912732
0.0991155484160189
0.0897498879258814
0.0566049013747758
0.107471607890018
0.048356246264196
0.110221159593545
0.0882247459653317
0.112970711297071
0.0847878063359234
0.000239091452480579
0.0827256425582785
0.0882247459653317
0.0194859533771668
0.104722056186491
0.0552301255230124
0.052480573819486
0.192707710699342
0.173460848774656
0.140466228332337
0.0359832635983264
0.253197848176928
0.0689778840406455
0.0490436341900777
0.178959952181709
0.0676031081888822
0.0304841601912732
0.0552301255230126
0.0579796772265391
0.0414823670053796
0.0222355050806934
0.15421398684997
0.0717274357441721
0.413187387925882
0.000239091452480579
0.206455469216976
0.00298864315600717
0.103347280334728
0.0497310221159594
0.151421473401076
0.121219366407651
0.093723849372385
0.0208607292289301
0.255947399880454
0.0428571428571429
0.0414823670053796
0.0964734010759115
0.0764317468619246
0.189958158995816
0.0593544530783025
0.0988792588164973
0.217453676031082
0.0734029438135086
0.0139868499701136
0.0497310221159594
0.0992229527794381
0.0795894351464435
0.000239091452480579
0.0854751942618051
0.0139868499701136
0.187208607292289
0.0181111775254035
0.103347280334728
0.167102510460251
0.114345487148834
0.0483562462641961
0.137716676628811
0.176210400478182
0.00848774656306038
0.0579796772265391
0.0744769874476987
0.0717274357441722
0.0511917214584579
0.0799760908547519
0.0998351576509265
0.0634787806335923
0.107471607890018
0.0854751942618051
0.0187126419605499
0.0854751942618051
0.141841004184101
0.038732815301853
0.0139868499701136
0.0167364016736402
0.00298864315600717
0.0332337118947998
0.164954423191871
0.151464435146444
0.0483562462641961
0.0607292289300657
0.0882247459653316
0.0854751942618053
0.0772265391512253
0.0868499701135682
0.0153616258218769
0.0552301255230126
0.126718469814704
0.0421697549312613
0.253197848176928
0.132217573221758
0.176210400478183
0.070352659892409
0.0838856096832037
0.0696652719665272
0.0579796772265391
0.110221159593545
0.00848774656306037
0.0655409444112374
0.143215780035864
0.106096832038255
0.0882247459653317
0.0139868499701136
0.00573819485953378
0.0937238493723849
0.00298864315600717
0.0689778840406455
0.0799760908547519
0.0882247459653317
0.0497310221159594
0.0448119022713689
0.167961745367603
0.0799760908547519
0.108158995815899
0.0607292289300657
0.0579796772265391
0.0607292289300658
0.217453676031082
0.117095038852361
0.137716676628811
0.0791168559474002
0.0497310221159594
0.0813508667065152
0.0772265391512254
0.052480573819486
0.086162582187687
0.140981769276748
0.0686341900777047
0.0689778840406455
0.184459055588763
0.0806634787806335
0.0167364016736402
0.151464435146444
0.091317991631799
0.0291093843395099
0.198206814106396
0.0222355050806934
0.0401075911536162
0.0139868499701136
0.134967124925284
0.0744769874476987
0.038732815301853
0.121219366407651
0.0404512851165571
0.138962567244471
0.189958158995816
0.0277346084877466
0.137716676628811
0.0751643753735804
0.100597728631202
0.0284219964136282
0.0648535564853557
0.0909742976688585
0.038732815301853
0.112970711297071
0.00573819485953378
0.126718469814704
0.066228332337119
0.258696951583981
0.0636506276150627
0.00986252241482368
0.0861625821876868
0.038732815301853
0.084100418410042
0.178959952181709
0.139091452480574
0.103347280334728
0.0552301255230126
0.159713090257023
0.117095038852361
0.121992677824268
0.0998673789599522
0.112970711297071
0.011237298266587
0.129468021518231
0.0854751942618051
0.102659892408846
0.038732815301853
0.00848774656306037
0.0414823670053796
0.0139868499701136
0.126718469814704
0.0579796772265391
0.076539151225344
0.220203227734608
0.052480573819486
0.0502465630603706
0.011237298266587
0.00848774656306037
0.111939629408249
0.390675433353258
0.122594142259414
0.0744769874476987
0.192707710699342
0.0847878063359234
0.0782039188583382
0.0612447698744771
0.0304841601912732
0.0181111775254035
0.000239091452480579
0.0717274357441721
0.0607292289300657
0.0648535564853556
0.143215780035864
0.111252241482367
0.0937238493723849
0.100597728631201
0.0624476987447699
0.16246264196055
0.0387328153018529
0.00573819485953378
0.0359832635983264
0.206455469216976
0.0607292289300657
0.0359832635983264
0.151464435146444
0.129468021518231
0.110908547519426
0.0868499701135685
0.176210400478183
0.0851959429169157
0.130842797369994
0.0359832635983264
0.0916616855947399
0.132217573221757
0.151464435146444
0.104722056186491
0.0655409444112373
0.0497310221159594
0.0799760908547519
0.123968918111178
0.111595935445308
0.110607815301853
0.072930364614465
0.052480573819486
0.0359832635983264
0.0139868499701136
0.034608487746563
0.143521882471608
0.0813508667065155
0.011237298266587
0.0909742976688584
0.0552301255230126
0.129468021518231
0.231201434548715
0.178959952181709
0.101972504482965
0.0964734010759115
0.0332337118947998
0.101972504482965
0.304751942618051
0.132217573221757
0.151464435146444
0.0194859533771668
0.187208607292289
0.163837417812314
0.0854751942618051
0.02498505678422
0.066228332337119
0.112970711297071
0.066228332337119
0.0866781231320979
0.0139868499701136
0.0772265391512253
0.00298864315600717
0.0167364016736402
0.0222355050806934
0.0629202779438136
0.0442319187089062
0.0854751942618051
0.0889121338912134
0.0524805738194859
0.0335774058577406
0.0607292289300657
0.129468021518231
0.0139868499701136
0.0222355050806934
0.066228332337119
0.0854751942618051
0.110908547519426
0.0167364016736402
0.272444710101614
0.0868499701135683
0.0519650328750746
0.416108786610879
0.0846804019725047
0.0393342797369994
0.12839397788404
0.066228332337119
0.038732815301853
0.0957860131500299
0.261446503287507
0.0765391512253438
0.038732815301853
0.0717274357441721
0.0751643753735805
0.0194859533771668
0.0222355050806934
0.052480573819486
0.0277346084877466
0.0469814704124328
0.143215780035864
0.0772265391512253
0.109619695158398
0.095700089659295
0.0744769874476987
0.0895995218170952
0.112970711297071
0.0167364016736402
0.0520509563658101
0.0799760908547519
0.128436939629408
0.182053197848177
0.0937238493723849
0.0717274357441721
0.0689778840406455
0.156963538553497
0.16658696951584
0.00848774656306037
0.0586670651524209
0.0820382546323969
0.0703096981470412
0.0139868499701136
0.0469814704124328
0.148714883442917
0.0999747833233713
0.0126120741183503
0.0442319187089062
0.0772265391512253
0.0566049013747758
0.119157202630006
0.167961745367603
0.0689778840406455
0.0854751942618051
0.0442319187089062
0.0879454946204423
0.02498505678422
0.0689778840406455
0.0964734010759115
0.159713090257023
0.129682830245069
0.052480573819486
0.02498505678422
0.0799760908547522
0.0882247459653317
0.116880230125523
0.0139868499701136
0.0483562462641961
0.00848774656306037
0.0404083233711895
0.157951658696952
0.178959952181709
1.22378959952182
0.0774843096234308
0.0497310221159594
0.02498505678422
0.0277346084877466
0.038732815301853
0.0744769874476987
0.0304841601912732
0.0497310221159594
0.0964734010759116
0.0992229527794381
0.0992229527794381
0.00573819485953378
0.121219366407651
0.129468021518231
0.0359832635983264
0.110221159593545
0.0607292289300657
0.0359832635983264
0.0799760908547519
0.111595935445308
0.0497310221159594
0.038732815301853
0.02498505678422
0.104722056186491
0.0579796772265391
0.17071129707113
0.0689778840406455
0.0524805738194859
0.0827256425582785
0.047819224447101
0.0751643753735804
0.0167364016736402
0.0717274357441721
0.178959952181709
0.327435744172146
0.02498505678422
0.0689778840406455
0.0827256425582785
0.02498505678422
0.0304841601912732
0.0304841601912732
0.115720263000598
0.159713090257023
0.126718469814704
0.0614166168559474
0.0277346084877466
0.0579796772265391
0.261446503287507
0.0442319187089062
0.034608487746563
0.0442319187089062
0.0992229527794381
0.0497310221159594
0.0703526598924091
0.052480573819486
0.16246264196055
0.167961745367603
0.0689778840406455
0.038732815301853
0.0772265391512256
0.107471607890018
0.089599521817095
0.038732815301853
0.0909742976688584
0.0304841601912731
0.106440526001195
0.00298864315600717
0.0578078302450688
0.0469814704124328
0.093917177226539
0.107471607890018
0.085475194261805
0.0918550134488945
0.137716676628811
0.0497310221159594
0.0139868499701136
0.0469814704124328
0.0352958756724447
0.0964734010759115
0.022922893006575
0.0909742976688584
0.0442319187089062
0.108502689778841
0.0676031081888823
0.0414823670053796
0.0438345225642558
0.00573819485953378
0.0222355050806934
0.0414823670053797
0.104722056186491
0.082038254632397
0.0153616258218769
0.0167364016736402
0.151464435146444
0.066228332337119
0.118469814704124
0.0827256425582785
0.0713837417812314
0.0194859533771668
0.000239091452480579
0.0552301255230126
0.0528242677824268
0.104722056186491
0.108846383741781
0.104722056186491
0.0971607890017934
0.0332337118947998
0.0706963538553497
1.70496114763897
0.148714883442917
0.200956365809922
0.0992229527794381
0.0782039188583384
0.0580763411536163
0.0222355050806934
0.0139868499701136
0.09578601315003
0.17071129707113
0.00573819485953378
0.0466377764494919
0.0882247459653317
0.0658309361924688
0.093036461446503
0.0786013150029887
0.0607292289300657
0.15008965929468
0.00298864315600717
0.0552301255230126
0.011237298266587
0.0976333682008367
0.0772265391512253
0.0346084877465631
0.0304841601912732
0.121219366407651
0.176210400478183
0.0304841601912732
0.0452630005977287
0.159713090257023
0.024125821876868
0.0563471309025704
0.15421398684997
0.107471607890018
0.101285116557083
0.0456066945606694
0.052480573819486
0.150046697549312
0.110221159593545
0.214704124327555
0.0572922893006574
0.0153616258218769
0.0167364016736402
0.115720263000598
0.112841826060968
0.0222355050806934
0.0971607890017935
0.0579796772265391
0.00848774656306037
0.107127913927077
0.108846383741781
0.0139868499701136
0.119157202630006
0.0828974895397491
0.0401075911536162
0.129468021518231
0.00848774656306037
0.0194859533771668
0.189958158995816
0.0442319187089062
0.02498505678422
0.115720263000598
0.0579796772265391
0.16246264196055
0.0579796772265391
0.0332337118947998
0.236700537955768
0.0579796772265393
0.0552301255230126
0.048356246264196
0.011237298266587
0.00848774656306037
0.071727435744172
0.0366491706515242
0.0194859533771668
0.161087866108787
0.258696951583981
0.156963538553497
0.0630491631799164
0.125128885236103
0.28507546323969
0.0194859533771668
0.0854751942618051
0.132217573221757
0.0767109982068139
0.0579796772265391
0.0744769874476987
0.0614166168559473
0.0541990436341901
0.00573819485953378
0.071190413927077
0.0607292289300657
0.121219366407651
0.0497310221159593
0.14596533173939
0.112970711297071
0.066228332337119
0.096988942020323
0.0167364016736402
0.0799760908547519
0.0882247459653317
0.0504184100418411
0.0222355050806934
0.0744769874476987
0.135998206814107
0.0208607292289301
0.101972504482965
0.184459055588763
0.0689778840406455
0.122808950986252
0.101972504482965
0.0552301255230126
0.0992229527794381
0.0607292289300657
0.0854751942618051
0.0497310221159594
0.0878810520023909
0.16246264196055
0.115720263000598
0.0827256425582785
0.0964734010759118
0.108846383741781
0.140466228332337
0.0520509563658101
0.000239091452480579
0.0715126270173342
0.0717274357441721
0.0826182381948596
0.0720711297071129
0.261446503287507
0.0627484309623432
0.107471607890018
0.206455469216976
0.0779139270771071
0.112970711297071
0.0194859533771668
0.0359832635983264
0.0414823670053796
0.0920053795576809
0.0318589360430365
0.0744769874476987
0.0435445307830245
0.0895995218170951
0.0497310221159594
0.123968918111178
0.0854751942618051
0.110221159593545
0.0442319187089062
0.066228332337119
0.0744769874476987
0.0666149880454273
0.0167364016736402
0.0562612074118351
0.10403466826061
0.0389046622833234
0.165147751046025
0.066228332337119
0.0764639681709504
0.0579796772265391
0.0937238493723849
0.038732815301853
0.0552301255230126
0.143215780035864
0.0414823670053796
0.0909742976688584
0.0799760908547519
0.0694075014943215
0.121525468843395
0.0579796772265391
0.0937238493723849
0.144590555887627
0.0469814704124328
0.187208607292289
0.0167364016736402
0.0404512851165572
0.106096832038255
0.0442319187089062
0.0827256425582785
0.0222355050806934
0.0717274357441721
0.0167364016736402
0.132217573221757
0.0950986252241483
0.0662283323371192
0.23326359832636
0.0579796772265391
0.0359832635983264
0.134967124925284
0.0689778840406455
0.0373580394500896
0.184459055588763
0.0634787806335923
0.0772265391512253
0.184459055588763
0.106741258218769
0.0401075911536163
0.0909742976688584
0.123968918111178
0.0277346084877466
0.112970711297071
0.0552301255230126
0.0622973326359833
0.126718469814704
0.143903167961746
0.0222355050806934
0.066228332337119
0.0799760908547519
0.107471607890018
0.0882247459653317
0.167961745367603
0.115720263000598
0.0277346084877466
0.011237298266587
0.0552301255230126
0.117095038852361
0.0731022115959354
0.0277346084877466
0.217453676031082
0.17071129707113
0.167961745367603
0.14596533173939
0.0497310221159593
0.127749551703527
0.0717274357441721
0.0222355050806934
0.101972504482965
0.0689778840406455
0.103690974297669
0.0634787806335923
0.066228332337119
0.0964734010759115
0.0497310221159594
0.02498505678422
0.0194859533771668
0.0916616855947397
0.0978481769276746
0.0827256425582785
0.0442319187089062
0.126718469814704
0.0892558278541541
0.212212343096234
0.0964734010759115
0.0744769874476986
0.184459055588763
0.0984926031081888
0.0332337118947998
0.184459055588763
0.0387328153018529
0.066228332337119
0.0729303646144649
0.0222355050806934
0.0579796772265391
0.0552301255230126
0.0483562462641962
0.0799760908547522
0.118813508667065
0.17071129707113
0.0634787806335923
0.0167364016736402
0.070008965929468
0.0369284219964136
0.0607292289300657
0.0641661685594739
0.0781716975493129
0.0772265391512253
0.0909742976688581
0.178959952181709
0.0139868499701136
0.0442319187089062
0.126718469814704
0.129468021518231
0.0469814704124328
0.1081589958159
0.0469814704124328
0.0909742976688584
0.00848774656306037
0.02498505678422
0.0744769874476988
0.0992229527794381
0.165212193664077
0.0964734010759115
0.104722056186491
0.00848774656306037
0.0689778840406455
0.14596533173939
0.0926927674835624
0.063199529288703
0.14596533173939
0.0208607292289301
0.0414823670053796
0.200956365809922
0.052480573819486
0.0882247459653317
0.00573819485953378
0.0937238493723848
0.0889873169456065
0.189958158995816
0.0593544530783024
0.15421398684997
0.0346084877465631
0.189958158995816
0.0442319187089062
0.115720263000598
0.0414823670053796
0.0311715481171548
0.0607292289300657
0.247355050806933
0.000239091452480579
0.16246264196055
0.134967124925284
0.0807386618350268
0.264196054991034
0.0894008237447699
0.104120591751345
0.0634787806335923
0.0882247459653317
0.0442319187089062
0.286192468619247
0.161087866108787
0.112691459952182
0.052480573819486
0.0428571428571428
0.236700537955768
0.150777047220562
0.102230274955171
0.176210400478183
0.052480573819486
0.0937238493723849
0.0239539748953975
0.0634787806335923
0.0428571428571428
0.0964734010759115
0.0727585176329945
0.0971607890017935
0.0469814704124328
0.662881052002391
0.148714883442917
0.0854751942618051
0.0852764961894799
0.376927674835625
0.0895995218170951
0.0854751942618051
0.178959952181709
0.0167364016736402
0.02498505678422
0.107471607890018
0.0139868499701136
0.343933054393305
0.048904008517633
0.17071129707113
0.0641661685594742
0.103347280334728
0.052480573819486
0.0401075911536162
0.0139868499701136
0.0799760908547519
0.0579796772265391
0.167961745367603
0.066228332337119
0.0717274357441721
0.198206814106396
0.0964734010759117
0.101972504482965
0.0222355050806934
0.0579796772265391
0.00298864315600717
0.151464435146444
0.0167364016736402
0.0139868499701136
0.17071129707113
0.143215780035864
0.0222355050806934
0.0872581066945607
0.0515139345487149
0.0548864315600718
0.0277346084877466
0.02498505678422
0.0691067692767482
0.0717274357441721
0.0744769874476987
0.052480573819486
0.0964734010759113
0.0469814704124327
0.10025403466826
0.0518576285116557
0.0222355050806934
0.0453918858338316
0.02498505678422
0.0720711297071131
0.00573819485953378
0.011237298266587
0.0579796772265391
0.266945606694561
0.0139868499701136
0.0854751942618051
0.195457262402869
0.0139868499701136
0.151464435146444
0.372803347280335
0.0359832635983264
0.0634787806335923
0.0579796772265391
0.198206814106396
0.0992229527794379
0.052480573819486
0.0371432307232517
0.132507565002988
0.0442319187089062
0.00573819485953378
0.0827256425582787
0.0799760908547519
0.088224745965332
0.0648535564853557
0.011237298266587
0.0744769874476987
0.165212193664077
0.125343693962941
0.0593544530783024
0.0351240286909743
0.214704124327555
0.148714883442917
0.192192169754932
0.00298864315600717
0.00298864315600717
0.112970711297071
0.0387328153018529
0.0139868499701136
0.0854751942618051
0.0909742976688584
0.075851763299462
0.0579796772265391
0.125343693962941
0.0964734010759115
0.00298864315600717
0.038732815301853
0.1081589958159
0.0222355050806934
0.0882247459653317
0.129468021518231
0.0511057979677226
0.114345487148835
0.0947173397340108
0.0304841601912732
0.203705917513449
0.0851315002988645
0.114345487148835
0.0304841601912732
0.00298864315600717
0.000239091452480579
0.250448296473401
0.110221159593545
0.107471607890018
0.0799760908547519
0.0579796772265391
0.0414823670053796
0.16658696951584
0.148714883442917
0.02498505678422
0.159369396294083
0.0332337118947998
0.0950986252241485
0.00298864315600717
0.159713090257023
0.0799760908547519
0.0401075911536162
0.0139868499701136
0.0634787806335923
0.178959952181709
0.0882247459653317
0.00298864315600717
0.165212193664077
0.206455469216976
0.130842797369994
0.0442319187089062
0.0733062798864316
0.106096832038255
0.0799760908547519
0.134967124925284
0.122078601315003
0.0277346084877466
0.198206814106396
0.0469814704124328
0.0786013150029887
0.0909742976688584
0.156963538553497
0.225702331141662
0.0390335475194262
0.0689778840406455
0.107471607890018
0.011237298266587
0.00848774656306037
0.088224745965332
0.115720263000598
0.0751643753735804
0.0277346084877466
0.112970711297071
0.569396294082486
0.140466228332337
0.385176329946204
0.0414823670053796
0.251823072325164
0.0535116557083084
0.0552301255230126
0.0715770696353855
0.0414823670053796
0.0505472952779439
0.0497310221159594
0.0978481769276751
0.0579796772265391
0.0765391512253437
0.16246264196055
0.0277346084877466
0.106096832038255
0.088224745965332
0.225702331141662
0.0763673042438733
0.0277346084877466
0.022922893006575
0.085475194261805
0.0965593245666469
0.0666096178272566
0.0923490735206215
0.048356246264196
0.0689778840406455
0.066228332337119
0.126718469814704
0.0304841601912732
0.0435445307830244
0.264196054991034
0.192707710699342
0.126718469814704
0.0332337118947998
0.895218170950387
0.0710400478182906
0.129468021518231
0.239450089659295
0.112970711297071
0.0694934249850571
0.15421398684997
0.211954572624029
0.000239091452480579
0.118469814704124
0.052480573819486
0.0222355050806934
0.066228332337119
0.129468021518231
0.0634787806335923
0.126718469814704
0.06047145845786
0.147340107591154
0.011237298266587
0.0139868499701136
0.0332337118947998
0.011237298266587
0.0882247459653317
0.181709503885236
0.0634787806335923
0.217453676031082
0.0139868499701136
0.0847018828451883
0.0442319187089062
0.233950986252241
0.0607292289300657
0.066228332337119
0.0992229527794381
0.0930364614465033
0.0909742976688584
0.198206814106396
0.211954572624029
0.052480573819486
3.26945606694561
0.0717274357441721
0.0318589360430365
0.0717274357441721
0.148714883442917
0.110221159593545
0.0304841601912731
0.0304841601912732
0.138640354154214
0.0854751942618051
0.0964734010759115
0.072071129707113
0.0194859533771668
0.0669157202630007
0.0827256425582785
0.239450089659295
0.0827256425582787
0.156963538553497
0.0686341900777047
0.140466228332337
0.0442319187089062
0.0628773161984458
0.0139868499701136
0.000239091452480579
0.0937238493723849
0.0882247459653317
0.0644239390316796
0.0610729228930066
0.0332337118947998
0.0975689255827853
0.0744769874476987
0.0813508667065153
0.0799760908547519
0.0758517632994621
0.0658416766288105
0.130842797369994
0.038732815301853
0.0737895995218168
0.0631350866706515
0.104722056186491
0.0552301255230126
0.0579796772265391
0.0735318290496113
0.0892558278541543
0.052480573819486
0.0992229527794381
0.101972504482965
0.124656306037059
0.0986805607441718
0.112970711297071
0.0767109982068142
0.15421398684997
0.0414823670053796
0.107471607890018
0.0497310221159594
0.0689778840406455
0.0689778840406455
0.0689778840406454
0.0703526598924089
0.140466228332337
0.266945606694561
0.160400478182905
0.099222952779438
0.052480573819486
0.126718469814704
0.0469814704124328
0.00298864315600717
0.0949589995517034
0.0634787806335923
0.106440526001196
0.00298864315600717
0.011237298266587
1.14130304841602
0.0304841601912732
0.0929934997011357
0.064166168559474
0.0772265391512253
0.0277346084877466
0.112970711297071
0.0854751942618051
0.0942179094441122
0.129468021518231
0.066228332337119
0.129468021518231
0.02498505678422
0.038732815301853
0.152839210998206
0.0497310221159594
0.0607292289300657
0.0854751942618051
0.0490436341900777
0.0653690974297672
0.0181111775254035
0.0469814704124328
0.0340070233114167
0.29994022713688
0.0359832635983264
0.110221159593545
0.0550367976688584
0.097160789001793
0.0772265391512253
0.148714883442917
0.0552301255230126
0.0799760908547519
0.0841004184100418
0.00848774656306037
0.066228332337119
0.0717274357441721
0.0760880528989839
0.0717274357441722
0.10313247160789
0.0222355050806934
0.0957215705319785
0.211954572624029
0.0854322325164374
0.052480573819486
0.0758517632994621
0.14596533173939
0.043276019874477
0.107536050508069
0.0579796772265391
0.101972504482965
0.0194859533771668
0.0414823670053796
0.122594142259414
0.099222952779438
0.107965667961746
0.0332337118947998
0.104722056186491
0.0167364016736402
0.165212193664077
0.0462511207411836
0.0772265391512253
0.0544729247609085
0.110221159593545
0.0827256425582785
0.0552301255230126
0.066228332337119
0.187208607292289
0.338433950986252
0.0710400478182904
0.071727435744172
0.0359832635983264
0.0346084877465631
0.0277346084877466
0.0414823670053796
0.0194859533771668
0.000239091452480579
0.0854751942618051
0.066228332337119
0.052480573819486
0.126718469814704
0.0937238493723849
0.0304841601912731
0.00573819485953378
0.139435146443515
0.0984281604901377
0.0459503885236103
0.0442319187089061
0.0552301255230126
0.0954423191870892
0.505469216975493
0.02498505678422
0.0992229527794381
0.00848774656306037
0.228451882845188
0.0651972504482965
0.00298864315600717
0.0806634787806335
0.011237298266587
0.137716676628811
0.0828974895397489
0.0304841601912731
0.0717274357441721
0.0676031081888822
0.0442319187089062
0.0277346084877466
0.0236102809324567
0.0208607292289301
0.0566049013747761
0.0758517632994619
0.349432157800359
0.144590555887628
0.112970711297071
0.0854751942618051
0.151464435146444
0.0497310221159594
0.0954423191870889
0.036670651524208
0.132217573221757
0.0373580394500897
0.0992229527794381
0.101972504482965
0.0535116557083086
0.123968918111178
0.0469814704124328
0.0937238493723849
0.00573819485953378
0.0579796772265391
0.0916616855947401
0.0675494060071727
0.0717274357441721
0.0194859533771668
0.17071129707113
0.112970711297071
0.066228332337119
0.011237298266587
0.0607292289300657
0.159713090257023
0.0576359832635984
0.011237298266587
0.0717274357441721
0.0304841601912732
0.261446503287507
0.0304841601912732
0.0304841601912732
0.02498505678422
0.15421398684997
0.0342647937836223
0.066228332337119
0.187208607292289
0.0717274357441721
0.0325463239689181
0.0291093843395098
0.0579796772265391
0.011237298266587
0.000239091452480579
0.0902654288702926
0.0779139270771071
0.0579796772265391
0.104722056186491
0.0724148236700538
0.104722056186491
0.0511057979677226
0.0511057979677226
0.107471607890018
0.052480573819486
0.0373580394500896
0.121219366407651
0.104722056186491
0.172086072922893
0.0194859533771668
0.17071129707113
0.115720263000598
0.0277346084877466
0.0359832635983264
0.0194859533771668
0.0469814704124328
0.137029288702929
0.319187089061566
0.17483562462642
0.14596533173939
0.0442319187089062
0.0332337118947998
0.0486140167364017
0.0634787806335923
0.0673345972803347
0.0442319187089062
0.0827256425582785
0.011237298266587
0.0689778840406455
0.0909742976688584
0.184459055588763
0.1081589958159
0.066228332337119
0.123968918111178
0.0787731619844589
0.0304841601912732
0.00298864315600717
0.115720263000598
0.0222355050806934
0.0332337118947998
0.0366438004333532
0.119844590555888
0.0648535564853557
0.0167364016736402
0.0607292289300657
0.0433726838015541
0.02498505678422
0.156963538553497
0.000239091452480579
0.00573819485953378
0.06849456440526
0.0139868499701136
0.0291093843395099
0.0593544530783025
0.0717274357441721
0.225702331141662
0.126353294979079
0.0689778840406455
0.101199193066348
0.115720263000598
0.112970711297071
0.0606433054393306
0.0153616258218769
0.143215780035864
0.0497310221159594
1.54823670053796
0.0380454273759713
0.0442319187089062
0.0591826060968321
0.089599521817095
0.0854751942618052
0.17071129707113
0.0868499701135683
0.137716676628811
0.0414823670053796
0.066228332337119
0.0854751942618051
0.0614166168559475
0.02498505678422
0.128780633592349
0.0359832635983264
0.0803949678720861
0.0992229527794381
0.0359832635983264
0.225702331141662
0.544650328750747
0.0693215780035862
0.0552301255230126
0.339121338912135
0.052480573819486
0.217840331739391
0.0543279288702928
0.206455469216976
0.0772265391512253
0.0359832635983264
0.148714883442917
0.115720263000598
0.16246264196055
0.0332337118947998
0.198206814106396
0.038732815301853
0.0277346084877466
0.0469814704124328
0.011237298266587
0.052480573819486
0.228451882845188
0.0858188882247463
0.110221159593545
0.052480573819486
0.214704124327555
0.0559175134488942
0.0772265391512253
0.0887617677824269
0.0854751942618051
0.115720263000598
0.0579796772265391
0.0634787806335923
0.139778840406455
0.178959952181709
0.0744769874476987
0.233950986252241
0.0703526598924089
0.0359832635983264
0.0717274357441721
0.0882247459653317
0.148714883442917
0.0184548714883443
0.0964734010759115
0.107471607890018
0.110221159593545
0.0607292289300657
0.0442319187089062
0.12912432755529
0.0304841601912732
0.0772265391512253
0.0304841601912732
0.00848774656306037
0.173460848774656
0.0579796772265391
0.129468021518231
0.0359832635983264
0.0497310221159594
0.0552301255230126
0.11640765092648
0.0607292289300657
0.044575612671847
0.0923490735206215
0.0194859533771668
0.02498505678422
0.0617603108188882
0.115720263000598
0.0473251643753737
0.0414823670053796
0.052480573819486
0.0552301255230126
0.0772265391512256
0.0937238493723849
0.0885684399282727
0.0194859533771668
0.115290645546922
0.0545158865062761
0.0882247459653317
0.0638224745965332
0.137716676628811
0.0990511057979679
0.0717274357441721
0.207830245068738
0.02498505678422
0.132217573221757
0.121219366407651
0.0181111775254035
0.357680812910938
0.0139868499701136
0.0248132098027496
0.144590555887627
0.0906306037059175
0.0469814704124328
0.0222355050806934
0.17071129707113
0.0689778840406458
0.0528242677824267
0.0634787806335923
0.156447997609086
0.0937238493723852
0.0469814704124328
0.231201434548715
0.0332337118947998
0.0882247459653317
0.0895995218170951
0.0332337118947998
0.0869788553496713
0.0304841601912732
0.0139868499701136
0.0854751942618051
0.209205020920502
0.0517931858936043
0.0799760908547521
0.0497310221159594
0.107471607890018
0.173460848774656
0.0194859533771668
0.038732815301853
0.0662283323371189
0.066228332337119
0.176210400478183
0.0676031081888822
0.14596533173939
0.103927263897191
0.161087866108787
0.0985355648535564
0.0895995218170952
0.0758517632994621
0.00848774656306037
0.0572922893006576
0.075851763299462
0.1081589958159
0.0208607292289301
0.239450089659295
0.052480573819486
0.0139868499701136
0.176210400478183
0.0559175134488942
0.165212193664077
0.0387328153018529
0.0359832635983264
0.0689778840406455
0.0758517632994621
0.151464435146444
0.0992229527794381
0.121219366407651
0.0469814704124328
0.0194859533771668
0.0139868499701136
0.110221159593545
0.0744769874476987
0.15421398684997
0.129468021518231
0.0529209317095039
0.0579796772265391
0.0607292289300657
0.0332337118947998
0.104722056186491
0.0689778840406455
0.0167364016736402
0.101972504482965
0.0449193066347879
0.0359832635983264
0.02498505678422
0.148199342498505
0.0634787806335923
0.115720263000598
0.0744769874476987
0.0923490735206215
0.0139868499701136
0.0607292289300657
0.12053197848177
0.052480573819486
0.0676031081888823
0.0294423378661088
0.0469814704124328
0.0304841601912732
0.0854751942618051
0.112970711297071
0.066228332337119
0.10025403466826
0.0792027794381348
0.0799760908547519
0.0634787806335923
0.165040346682606
0.133592349073521
0.0442319187089062
0.125343693962941
0.0898465518529586
0.159884937238494
0.178959952181709
0.0442319187089062
0.0139868499701136
0.097160789001793
0.16246264196055
0.137716676628811
0.165212193664077
0.0882247459653317
0.02498505678422
0.0332337118947998
0.0222355050806934
0.0139868499701136
0.0676031081888821
0.121219366407651
0.0992229527794381
0.137716676628811
0.122336371787208
0.192707710699342
0.0717274357441721
0.0607292289300659
0.101972504482965
0.131530185295876
0.0889121338912135
0.0534686939629409
0.0505204441870891
0.189958158995816
0.000239091452480579
0.151464435146444
0.011237298266587
0.127405857740586
0.121219366407651
0.0167364016736402
0.0882247459653317
0.02498505678422
0.0332337118947998
0.107471607890018
0.043501569037657
0.0548864315600716
0.00298864315600717
0.0744769874476987
0.038732815301853
0.0854751942618051
0.0924994396294081
0.0304841601912732
0.038732815301853
0.0964734010759115
0.0799760908547519
0.083960792737597
0.0194859533771668
0.187036760310819
0.066228332337119
0.125343693962941
0.159713090257023
0.02498505678422
0.0579796772265391
0.121219366407651
0.0744769874476987
0.00573819485953378
0.0886543634190078
0.0964734010759115
0.00848774656306037
0.167618051404662
0.0634787806335923
0.038732815301853
0.125687387925882
0.0964734010759115
0.0943467946802152
0.0359832635983264
0.15421398684997
0.0167364016736402
0.0432008368200837
0.00848774656306037
0.0713837417812314
0.0497310221159594
0.0552301255230126
0.0401075911536162
0.052480573819486
0.126718469814704
0.0167364016736402
0.28344291691572
0.217453676031082
0.0552301255230126
0.00848774656306037
0.0717274357441721
0.112541093843395
0.0772265391512254
0.0834130304841602
0.0304841601912732
0.0139868499701136
0.118469814704124
0.107213837417812
0.0964734010759115
0.101972504482965
0.347369994022714
0.0277346084877466
0.16246264196055
0.166329199043634
0.0799760908547519
0.162978182904961
0.118469814704124
0.066228332337119
0.0401075911536163
0.0342647937836223
0.17071129707113
0.186005678421997
0.0655409444112373
0.0359832635983264
0.161087866108787
0.0332337118947998
0.0799760908547519
0.0497310221159594
0.101972504482965
0.00436341900777048
0.011237298266587
0.122250448296473
0.107471607890018
0.152495517035266
0.143215780035864
0.126718469814704
0.00298864315600717
0.0167364016736402
0.0291093843395099
0.129468021518231
0.000239091452480579
0.0871936640765094
0.0194859533771668
0.132217573221757
0.066228332337119
0.0799760908547519
0.110221159593545
0.0417830992229527
0.011237298266587
0.374178123132098
0.011237298266587
0.0854751942618051
0.0277346084877466
0.0277346084877466
0.0359832635983264
0.0414823670053796
0.0669157202630005
0.0425778915122535
0.118469814704124
0.0648535564853556
0.198894202032278
0.0579796772265391
0.0992229527794383
0.151464435146444
0.0717274357441721
0.0442319187089062
0.0497310221159594
0.123968918111178
0.365929468021518
0.0772265391512253
0.09578601315003
0.195457262402869
0.0318589360430364
0.150240025403467
0.144590555887627
0.156963538553497
0.0937238493723849
0.0786013150029887
0.247698744769874
0.110221159593545
0.0469814704124328
0.148714883442917
0.0441459952181711
0.0311715481171548
0.125343693962941
0.0194859533771668
0.0359832635983264
0.151464435146444
0.0414823670053796
0.0304841601912732
0.14596533173939
0.0332337118947998
0.066228332337119
0.319187089061566
0.0978481769276749
0.0482703227734609
0.0552301255230126
0.0332337118947998
0.107471607890018
0.052480573819486
0.0222355050806934
0.156963538553497
0.0981918708906158
0.0364988045427376
0.011237298266587
0.15008965929468
0.011237298266587
0.0579796772265391
0.0624476987447699
0.0332337118947998
0.250448296473401
0.0546931037059175
0.011237298266587
0.107471607890018
0.136151258031979
0.038732815301853
0.0930364614465033
0.101113269575613
0.189958158995816
0.116308301890317
0.0992229527794381
0.135654512851166
0.0744769874476987
0.178100717274358
0.144590555887627
0.0963015540944414
0.0497310221159594
0.178959952181709
0.0717274357441721
0.188978094179618
0.15421398684997
0.118169082486551
0.0222355050806934
0.0607292289300657
0.116364689181112
0.187208607292289
0.107471607890018
0.0964734010759115
0.114001793185893
0.0398498206814106
0.0717274357441721
0.198206814106396
0.0277346084877466
0.0593544530783024
0.0895995218170949
0.134967124925284
0.0497310221159594
0.112970711297071
0.123968918111178
0.0490436341900777
0.0844441123729826
0.638135086670653
0.140466228332337
0.000239091452480579
0.0167364016736402
0.0543279288702928
0.138404064554693
0.0236102809324567
0.052480573819486
0.0772265391512253
0.0526524208009564
0.0222355050806934
0.0827256425582785
0.14596533173939
0.0799760908547519
0.361805140466228
0.0469062873580395
0.165212193664077
0.106096832038255
0.0854751942618051
0.0414823670053796
0.0277346084877466
0.0630276823072325
0.126718469814704
0.0552301255230125
0.104722056186491
0.0277346084877466
0.0931868275552896
0.30818888224746
0.0835848774656307
0.418170950388524
0.14596533173939
0.0710400478182907
0.148714883442917
0.038732815301853
0.0717274357441721
0.0428571428571429
0.236700537955768
0.011237298266587
0.0669157202630005
0.0717274357441721
0.105409444112373
0.0588389121338915
0.066228332337119
0.0442319187089062
0.0772265391512255
0.0304841601912732
0.0442319187089062
0.0648535564853557
0.101972504482965
0.101972504482965
0.0469814704124328
0.0717274357441724
0.0634787806335923
0.0572922893006575
0.0552301255230126
0.115032875074716
0.135654512851166
0.107471607890018
0.199753436939629
0.1081589958159
0.0349521817095039
0.128780633592349
0.409922295277944
0.0552301255230126
0.0995532211969516
0.0953993574417214
0.000239091452480579
0.0654550209205018
0.110221159593545
0.0476688583383144
0.000239091452480579
0.0332337118947998
0.110221159593545
0.000239091452480579
0.0139868499701136
0.104722056186491
0.0359832635983264
0.0194859533771668
0.0629632396891814
0.200956365809922
0.0992229527794381
0.14596533173939
0.074133293484758
0.0428571428571428
0.108846383741781
0.187208607292289
0.066228332337119
0.117782426778243
0.38311416616856
0.0974185594739992
0.156963538553497
0.011237298266587
0.0609869994022714
0.0389046622833234
0.118126120741184
0.122937836222355
0.165212193664077
0.0621040047818291
0.136341900777047
0.0662283323371189
0.144246861924686
0.0889121338912135
0.00573819485953378
0.0964734010759115
0.052480573819486
0.0799760908547519
0.080921249252839
0.0497310221159594
0.0870218170950388
0.0607292289300658
0.113658099222953
0.0201733413030485
0.0291093843395099
0.0222355050806934
0.00298864315600717
0.000239091452480579
0.114345487148835
0.198206814106396
0.0579796772265391
0.125343693962941
0.266945606694561
0.0933801554094443
0.0359832635983263
0.137716676628811
0.000239091452480579
0.0277346084877466
0.0511057979677226
0.151464435146444
0.108846383741781
0.0918335325762104
0.299252839210998
0.129468021518231
0.0531679617453676
0.110908547519426
0.129468021518231
0.118469814704124
0.0325463239689181
0.0641446876867901
0.0201733413030484
0.113142558278541
0.115720263000598
0.0634787806335923
0.0277346084877466
0.0662283323371189
0.0560893604303647
0.0756799163179916
0.0847018828451886
0.066228332337119
0.192707710699342
0.0462940824865511
0.00573819485953378
0.0744769874476987
0.27931858936043
0.0854751942618051
0.126718469814704
0.151464435146444
0.095356395696354
0.137716676628811
0.0469814704124327
0.0937238493723849
0.0579796772265391
0.0827256425582785
0.0634787806335923
0.365929468021518
0.102917662881052
0.071727435744172
0.00298864315600717
0.0139868499701136
0.143559473998805
0.10968413777645
0.0744769874476987
0.052480573819486
0.0827256425582785
0.167961745367603
0.0363269575612672
0.101972504482965
0.0607292289300657
0.0607292289300657
0.0167364016736402
0.155932456664674
0.0552301255230128
0.0870432979677226
0.0991799910340705
0.0579796772265391
0.00298864315600717
0.0909742976688584
0.0840359757919903
0.111595935445308
0.363179916317992
0.195457262402869
0.0634787806335926
0.247698744769874
0.0634787806335923
0.0222355050806934
0.0442319187089062
0.0485280932456665
0.0332337118947998
0.0414823670053796
0.0469814704124328
0.0552301255230126
0.0359832635983264
0.0304841601912732
0.0414823670053796
0.0882247459653317
0.066228332337119
0.112970711297071
0.0531679617453678
0.0882247459653317
0.15438583383144
0.121219366407651
0.05702377839211
0.151464435146444
0.0359832635983264
0.0552301255230126
0.115720263000597
0.052480573819486
0.0937238493723849
0.107471607890018
0.198206814106396
0.110221159593545
0.110221159593545
0.15421398684997
0.0139868499701136
0.0304841601912732
0.135482665869695
0.0758517632994619
0.107471607890018
0.123968918111178
0.106096832038255
0.101972504482965
0.0810071727435744
0.121219366407651
0.111595935445308
0.0469814704124328
0.137716676628811
0.0992229527794381
0.121219366407651
0.00848774656306037
0.103347280334728
0.062104004781829
0.0490436341900777
0.00848774656306037
0.0744769874476987
0.0827256425582786
0.0497310221159594
0.0167364016736402
0.038732815301853
0.0909742976688586
0.0827256425582785
0.105065750149432
0.0696652719665272
0.106741258218769
0.112970711297071
0.115720263000598
0.0674097803347281
0.115441011655709
0.0194859533771668
0.0414823670053796
0.0799760908547519
0.0964734010759115
0.00298864315600717
0.0689778840406455
0.137716676628811
0.101972504482965
0.0772265391512253
0.0359832635983264
0.0898572922893008
0.0280783024506874
0.0401075911536163
0.00298864315600717
0.181709503885236
0.02498505678422
0.0772265391512256
0.231201434548715
0.0552301255230126
0.0277346084877466
0.497220561864913
0.0689778840406455
0.0607292289300657
0.222952779438135
0.143215780035864
0.0570345188284518
0.0805775552898985
0.107471607890018
0.0414823670053796
0.066228332337119
0.0804916317991631
0.104722056186491
0.0559175134488943
0.0139868499701136
0.0479910714285715
0.0746421216564555
0.0689778840406455
0.0455637328153019
0.0579796772265391
0.189958158995816
0.0999103407053199
0.000239091452480579
0.011237298266587
0.066228332337119
0.02498505678422
0.0552301255230126
0.141497310221159
0.115720263000598
0.0469814704124328
0.0497310221159594
0.0167364016736402
0.0648535564853558
0.0627913927077108
0.0731022115959354
0.00780035863717874
0.0720711297071129
0.165212193664077
0.0957860131500301
0.200956365809922
0.110221159593545
0.109447848176928
0.199581589958159
0.00298864315600717
0.0552301255230126
0.126718469814704
0.050418410041841
0.0442319187089062
0.165212193664077
0.0882247459653317
0.0964734010759115
0.0167364016736402
0.0854751942618051
0.0414823670053796
0.0291093843395099
0.0744769874476987
0.0167364016736402
0.02498505678422
0.02498505678422
0.066228332337119
0.0521368798565451
0.15421398684997
0.0483562462641961
0.0167364016736402
0.189958158995816
0.184459055588763
0.0332337118947998
0.0772265391512253
0.0923490735206218
0.115720263000598
0.00436341900777048
0.0698371189479976
0.0744769874476987
0.0579796772265391
0.123367453676031
0.02498505678422
0.129468021518231
0.0139868499701136
0.0964734010759115
0.203705917513449
0.0432008368200838
0.0827256425582785
0.0854751942618051
0.066228332337119
0.112970711297071
0.121219366407651
0.0717274357441721
0.000239091452480579
0.0304841601912732
0.0304841601912732
0.143215780035864
0.0717274357441721
0.0717274357441721
0.0813508667065152
0.0909742976688586
0.00848774656306037
0.0396940843544531
0.200956365809922
0.0579796772265391
0.066228332337119
0.0277346084877466
0.0194859533771668
0.0703526598924088
0.0304841601912732
0.140466228332337
0.0744769874476988
0.000239091452480579
0.0634787806335923
0.00573819485953378
0.116063956963538
0.0139868499701136
0.0634787806335923
0.0167364016736402
0.190387776449492
0.0999103407053198
0.0304841601912732
0.107471607890018
0.0854751942618051
0.0607292289300657
0.0361551105797967
0.0695578676031083
0.0954423191870892
0.772863120143455
0.0596981470412432
0.123109683203825
0.0497310221159594
0.0442319187089062
0.0579796772265391
0.0799760908547519
0.084100418410042
0.0538553496712492
0.0772265391512253
0.00573819485953378
0.0332337118947998
0.0359832635983264
0.0867640466228332
0.00848774656306037
0.0838211670651523
0.15008965929468
0.0964734010759115
0.0511057979677226
0.166049947698745
0.103347280334728
0.0139868499701136
0.0854751942618051
0.0676031081888823
0.000239091452480579
0.140466228332337
0.112970711297071
0.00848774656306037
0.0139868499701136
0.211954572624029
0.052480573819486
0.0827256425582785
0.0560893604303647
0.0909742976688584
0.15421398684997
0.052480573819486
0.106440526001196
0.0222355050806934
0.0772265391512252
0.128093245666467
0.101972504482965
0.123968918111178
0.107471607890018
0.0442319187089062
0.0689778840406455
0.139091452480574
0.159713090257024
0.0194859533771668
0.0718992827256427
0.011237298266587
0.192707710699342
0.140466228332337
0.196144650328751
0.118469814704124
0.0694934249850568
0.00298864315600717
0.0318589360430364
0.011237298266587
0.140466228332338
0.0318589360430365
0.111209279737
0.0656268679019724
0.0469814704124328
0.0359832635983264
0.089599521817095
0.0852603855349671
0.0679468021518232
0.0968170950388525
0.0414823670053796
0.0167364016736402
0.0682904961147638
0.02498505678422
0.038732815301853
0.0607292289300658
0.15833831440526
0.011237298266587
0.206455469216976
0.0655409444112373
0.119286087866109
0.0866781231320983
0.0855074155708306
0.122143043933054
0.286192468619247
0.038732815301853
0.296846981470412
0.0912320681410642
0.0414823670053796
0.0126120741183503
0.00573819485953378
0.0167364016736402
0.0664001793185895
0.184802749551704
0.038732815301853
0.0702237746563059
0.0359832635983263
0.123968918111178
0.0651435482665871
0.0167364016736402
0.164868499701136
0.134967124925284
0.0497310221159594
0.0387328153018529
0.108158995815899
0.0641661685594739
0.214704124327555
0.10437836222355
0.0497310221159594
0.0720711297071132
0.0632639719067543
0.112970711297071
0.0876125410938433
0.143215780035864
0.178959952181709
0.00298864315600717
0.0222355050806934
0.011237298266587
0.167961745367603
0.110221159593545
0.15421398684997
0.044575612671847
0.0222355050806934
0.0579796772265391
0.107471607890018
0.112970711297071
0.0964734010759115
0.00298864315600717
0.107471607890018
0.0153616258218769
0.148714883442917
0.118469814704124
0.117782426778243
0.104722056186491
0.132217573221757
0.0414823670053795
0.306470412432755
0.0208607292289301
0.0139868499701136
0.126718469814704
0.052480573819486
0.198206814106396
0.0442319187089062
0.0854751942618051
0.0263598326359833
0.0359832635983264
0.0304841601912732
0.0469814704124328
0.0717274357441721
0.0497310221159594
0.104722056186491
0.0827256425582785
0.0689778840406455
0.147340107591154
0.140466228332337
0.0758517632994621
0.0560034369396294
0.0854751942618051
0.0676031081888823
0.0882247459653317
0.0277346084877466
0.123968918111178
0.052480573819486
0.0689778840406454
0.0744769874476987
0.0772265391512253
0.0497310221159593
0.0868499701135684
0.0786013150029886
0.0304841601912732
0.0771889476240288
0.148714883442917
0.189958158995816
0.0579796772265391
0.0139868499701136
0.113658099222953
0.30818888224746
0.110908547519426
0.129468021518231
0.0304841601912732
0.0407949790794979
0.0799760908547519
0.0469814704124328
0.0890839808726837
0.052480573819486
0.0579796772265391
0.16246264196055
0.0497310221159594
0.132217573221757
0.0854751942618051
0.0469814704124328
0.038732815301853
0.247698744769874
0.0277346084877466
0.0902869097429767
0.121219366407651
0.0442319187089062
0.101972504482965
0.011237298266587
0.0304841601912732
0.134967124925284
0.0514494919306634
0.112970711297072
0.140466228332337
0.107471607890018
0.143215780035864
0.038732815301853
0.0799760908547519
0.112970711297071
0.0954423191870892
0.0167364016736402
0.02498505678422
0.0277346084877466
0.167961745367603
0.141841004184101
0.114689181111775
0.0992229527794381
0.0689778840406455
0.0731022115959356
0.066228332337119
0.110221159593545
0.0937238493723849
0.0359832635983264
0.133785676927675
0.0634787806335923
0.0359832635983264
0.0332337118947999
0.132217573221757
0.0799760908547519
0.0535841536536161
0.115720263000598
0.0126120741183503
0.126176077779438
0.0689778840406455
0.0937238493723849
0.0574641362821279
0.0318589360430364
0.0758517632994621
0.0992229527794381
0.137716676628811
0.0304841601912732
0.15421398684997
0.104179664151226
0.0827256425582788
0.123968918111178
0.0294530783024508
0.0854751942618051
0.181709503885236
0.217453676031082
0.118469814704124
0.0999103407053201
0.0689778840406455
0.0139868499701136
0.0277346084877466
0.0937238493723849
0.0593544530783024
0.0690638075313808
0.0449193066347878
0.0277346084877466
0.182396891811118
0.156963538553497
0.107471607890018
0.00573819485953378
0.156963538553497
0.0497310221159594
0.0497310221159594
0.198206814106396
0.00298864315600717
0.0497310221159594
0.104722056186491
0.0772265391512253
0.121219366407651
0.0828115660490137
0.0754221458457862
0.0277346084877466
0.0607292289300658
0.0442319187089062
0.0872312556037058
0.119844590555888
0.0720711297071129
0.0456066945606695
0.0552301255230126
0.151464435146444
0.129253212791393
0.0538553496712492
0.0490436341900777
0.0909742976688585
0.0882247459653318
0.0414823670053796
0.0689778840406455
0.132217573221757
0.0531679617453676
0.376240286909744
0.147340107591154
0.0332337118947998
0.0772265391512253
0.118469814704124
0.0566049013747758
0.14596533173939
0.178959952181709
0.0689778840406455
0.123968918111178
0.052480573819486
0.0909742976688584
0.0667438732815303
0.0992229527794384
0.0579796772265391
0.111939629408249
0.178959952181709
0.0665720263000597
0.0497310221159594
0.0861196204423191
0.15421398684997
0.0799760908547519
0.0772265391512253
0.0222355050806934
0.104722056186491
0.0332337118947997
0.00298864315600717
0.0579796772265391
0.0538553496712493
0.0972359720561862
0.00848774656306037
0.129468021518231
0.144590555887627
0.0291093843395099
0.066228332337119
0.0277346084877466
0.0607292289300657
0.0947012290794977
0.116794306634788
0.0827256425582785
0.0277346084877466
0.159713090257023
0.0964734010759115
0.0744769874476987
0.000239091452480579
0.00298864315600717
0.02498505678422
0.121219366407651
0.069364539748954
0.0373580394500896
0.052480573819486
0.0882247459653317
0.038732815301853
0.112970711297071
0.0751643753735805
0.0517931858936044
0.214704124327555
0.133076808129109
0.0222355050806934
0.159713090257023
0.0964734010759115
0.126718469814704
0.130842797369994
0.0744769874476987
0.30818888224746
0.173976389719068
0.0731022115959355
0.0194859533771668
0.0744769874476987
0.126718469814704
0.00573819485953378
0.158733025440825
0.137920744919306
0.0854751942618051
0.081694560669456
0.0937238493723849
0.00573819485953378
0.0332337118947998
0.128780633592349
0.134967124925284
0.0964734010759115
0.0909742976688584
0.0731022115959353
0.0139868499701136
0.0222355050806934
0.159691609384339
0.140466228332337
0.0291093843395099
0.011237298266587
0.0621040047818291
0.242199641362821
0.0497310221159595
0.0923490735206218
0.0758517632994621
0.176210400478183
0.0676031081888822
0.0786013150029885
0.0448119022713689
0.0894276748356247
0.0531679617453677
0.0552301255230126
0.0332337118947998
0.0777420800956367
0.0868499701135686
0.0509339509862523
0.000239091452480579
0.108846383741781
0.0893417513448896
0.218828451882845
0.0552301255230126
0.0139868499701136
0.0401075911536163
0.0304841601912732
0.000239091452480579
0.02498505678422
0.0781716975493127
0.0359832635983264
0.077913927077107
0.0139868499701136
0.0744769874476987
0.133592349073521
0.224327555289899
0.011237298266587
0.0772265391512253
0.159713090257023
0.42092050209205
0.091317991631799
0.030827854154214
0.100769575612672
0.0717274357441721
0.038732815301853
0.0332337118947998
0.0359832635983264
0.0703526598924088
0.0342647937836222
0.0683549387328153
0.110221159593545
0.0689778840406456
0.092005379557681
0.200956365809922
0.192707710699342
0.0971607890017933
0.038732815301853
0.0992229527794381
0.0497310221159594
0.0868499701135683
0.0909742976688584
0.0552301255230126
0.118469814704124
0.0359832635983264
0.0978481769276747
0.0325463239689181
0.011237298266587
0.222609085475194
0.14596533173939
0.0689778840406455
0.15421398684997
0.0300545427375971
0.173460848774656
0.0689778840406455
0.286192468619247
0.101972504482965
0.036670651524208
0.0469814704124327
0.0579796772265391
0.0799760908547519
0.219172145845786
0.239450089659295
0.088224745965332
0.0992229527794381
0.0772265391512253
0.192707710699342
0.112970711297071
0.140466228332337
0.159713090257023
0.0332337118947998
0.0552301255230126
0.0497310221159594
0.0517072624028692
0.0552301255230126
0.101972504482965
0.264196054991034
0.0359832635983264
0.159713090257023
0.117095038852361
0.02498505678422
0.132217573221757
0.0505902570233114
0.236700537955768
0.203705917513449
0.140466228332337
0.0277346084877466
0.0572922893006576
0.107127913927077
0.0689778840406456
0.106440526001196
0.0552301255230126
0.0277346084877466
0.0607292289300659
0.00573819485953378
0.052480573819486
0.0689778840406455
0.0222355050806934
0.0689778840406455
0.011237298266587
0.0607292289300659
0.0167364016736402
0.302689778840406
0.0414823670053796
0.0860632331515242
0.104722056186491
0.126718469814704
0.104722056186491
0.112970711297071
0.110221159593545
0.0552301255230125
0.0153616258218769
0.181709503885236
0.0222355050806934
0.101972504482965
0.000239091452480579
0.106440526001196
0.0648535564853558
0.275194261805141
0.0621469665271966
0.151464435146444
0.02498505678422
0.0332337118947998
0.104722056186491
0.0749925283921099
0.148714883442917
0.104722056186492
0.0552301255230125
0.0566049013747758
0.0862914674237897
0.128608786610878
0.0809534705618648
0.104722056186492
0.134967124925284
0.0442319187089062
0.0838426479378362
0.265613792588166
0.0634787806335923
0.0669157202630006
0.0992229527794381
0.0194859533771668
0.0827256425582785
0.0167364016736402
0.107471607890018
0.0449193066347878
0.0744769874476987
0.129468021518231
0.0642413516138673
0.07086820083682
0.0717274357441721
0.0964734010759115
0.0969889420203227
0.118469814704124
0.132217573221757
0.0174237895995219
0.217453676031082
0.165212193664077
0.052480573819486
0.066228332337119
0.0813508667065152
0.244949193066348
0.0263598326359833
0.115720263000598
0.121219366407651
0.0277346084877466
0.08968544530783
0.0607292289300657
0.02498505678422
0.0332337118947997
0.095882677077107
0.95433353257621
0.0854751942618051
0.159713090257023
0.0414823670053796
0.123968918111178
0.0799760908547519
0.0992229527794381
0.143215780035864
0.0452952219067543
0.101456963538554
0.0772265391512253
0.126718469814704
0.052480573819486
0.140466228332337
0.0139868499701136
0.0373580394500897
0.0799760908547519
0.129811715481172
0.121734907352062
0.0777420800956366
0.130824001606396
0.0937238493723852
0.14596533173939
0.242199641362821
0.0442319187089062
0.132217573221757
0.0799760908547519
0.10403466826061
0.118469814704124
0.066228332337119
0.0875373580394501
0.000239091452480579
0.0717274357441721
0.0648535564853557
0.0925424013747757
0.143215780035864
0.108846383741781
0.0607292289300657
0.138060370591751
0.0846159593544533
0.0469814704124328
0.0579796772265391
0.011237298266587
0.104722056186491
0.0359832635983264
0.137716676628811
0.129468021518231
0.0304841601912732
0.0634787806335924
0.130015783771667
0.0469814704124328
0.0889121338912136
0.0304841601912732
0.0194859533771668
0.038732815301853
0.0442319187089062
0.0799760908547519
0.0909742976688586
0.0992229527794382
0.0627913927077108
0.0984496413628211
0.0689778840406454
0.173460848774656
0.0772265391512255
0.14596533173939
0.0222355050806934
0.02498505678422
0.0758517632994621
0.0442319187089062
0.02498505678422
0.0632854527794382
0.0607292289300657
0.0689778840406458
0.0777152290047819
0.105237597130903
0.0263598326359833
0.052480573819486
0.0744769874476987
0.052480573819486
0.066228332337119
0.0909742976688584
0.118593329722056
0.0607292289300657
0.16246264196055
0.140466228332337
0.0194859533771668
0.0487375317543336
0.0579796772265391
0.038732815301853
0.0497310221159595
0.108846383741781
0.0669157202630005
0.0854751942618051
0.137716676628811
0.109190077704722
0.0346084877465631
0.194082486551106
0.143597065526001
0.134967124925284
0.0772265391512253
0.052480573819486
0.034608487746563
0.0370143454871489
0.0497310221159594
0.0596981470412433
0.0676031081888823
0.143903167961745
0.0579796772265392
0.156963538553497
0.0525987186192469
0.112970711297071
0.0985355648535566
0.16246264196055
0.02498505678422
0.0607292289300657
0.0236102809324567
0.0414823670053796
0.117095038852361
0.0167364016736402
0.0469814704124328
0.011237298266587
0.02498505678422
0.0634787806335923
0.052480573819486
0.104722056186491
0.052480573819486
0.107471607890018
0.0194859533771668
0.038732815301853
0.0332337118947998
0.107471607890018
0.0621040047818291
0.000239091452480579
0.052480573819486
0.0167364016736402
0.119586820083682
0.0689778840406455
0.034608487746563
0.0412675582785417
0.0577648684997012
0.156963538553497
0.0772265391512253
0.123968918111178
0.0787946428571429
0.0222355050806934
0.0765391512253437
0.125343693962941
0.129468021518231
0.217453676031082
0.0579796772265392
0.0786013150029887
0.104722056186491
0.0725866706515242
0.00848774656306037
0.0414823670053796
0.0559175134488942
0.200956365809922
0.00573819485953378
0.187208607292289
0.0717274357441721
0.02498505678422
0.085475194261805
0.0882247459653317
0.129468021518231
0.174835624626419
0.632635983263598
0.0552301255230126
0.0749925283921103
0.0621040047818291
0.0373580394500897
0.102316198445906
0.0960867453676029
0.126718469814704
0.107471607890018
0.042513448894202
0.269695158398087
0.0902869097429768
0.0222355050806934
0.0442319187089062
0.0854751942618051
0.0277346084877466
0.038732815301853
0.176210400478183
0.00298864315600717
0.140466228332337
0.052480573819486
0.090286909742977
0.0222355050806934
0.0277346084877466
0.0579796772265391
0.211954572624029
0.0304841601912732
0.0337492528392111
0.0772265391512253
0.140466228332337
0.000239091452480579
0.132217573221757
0.088224745965332
0.0538553496712493
0.0813508667065153
0.214704124327555
0.170109832635983
0.0937238493723849
0.0359832635983264
0.0421697549312612
0.0566049013747758
0.0332337118947998
0.0503324865511058
0.115720263000598
0.00573819485953378
0.244949193066348
0.0689778840406455
0.0414823670053796
0.0717274357441721
0.0442319187089062
0.115720263000598
0.02498505678422
0.0194859533771668
0.0414823670053796
0.0359832635983264
0.140466228332337
0.114345487148834
0.0139868499701136
0.0827256425582785
0.0194859533771668
0.0442319187089062
0.110221159593545
0.123968918111177
0.0985355648535564
0.00848774656306037
0.0851315002988644
0.0799760908547519
0.0689778840406455
0.042857142857143
0.107471607890018
0.0421697549312612
0.0462940824865511
0.0552301255230128
0.0552301255230126
0.038732815301853
0.00848774656306037
0.0499028690974298
0.118469814704124
0.052480573819486
0.0799760908547519
0.286192468619247
0.239450089659295
0.151464435146444
0.0837352435744173
0.101972504482965
0.0418260609683204
0.104722056186491
0.297190675433353
0.0194859533771668
0.0772265391512253
0.0827256425582785
0.0566049013747759
0.0992229527794381
0.105065750149432
0.0469814704124328
0.0373580394500896
0.111767782426779
0.126718469814704
0.0689778840406455
0.0806634787806335
0.15421398684997
0.00298864315600717
0.00848774656306037
0.14596533173939
0.0720496488344292
0.100060706814106
0.0717274357441721
0.0689778840406455
0.448416019127316
0.0497310221159594
0.00848774656306039
0.0339210998206815
0.0854751942618051
0.038732815301853
0.0531679617453676
0.02498505678422
0.0634787806335923
0.0832841452480573
0.0689778840406455
0.0813508667065153
0.0222355050806934
0.100597728631202
0.0277346084877466
0.110908547519426
0.0909742976688584
0.0442319187089062
0.118469814704124
0.0882247459653317
0.066228332337119
0.0194859533771668
0.011237298266587
0.0758517632994622
0.0992229527794381
0.0242976688583384
0.0398927824267784
0.0167364016736402
0.0431149133293485
0.0830693365212194
0.250448296473401
0.0607292289300657
0.121219366407651
0.0414823670053796
0.148714883442917
0.0861625821876867
0.0414823670053796
0.0428571428571429
0.0414823670053796
0.0414823670053795
0.0373580394500896
0.0599773983861327
0.0579796772265391
0.0497310221159594
0.0676031081888824
0.087451434548715
0.111853705917513
0.0552301255230126
0.0944541990436345
0.111595935445308
0.00848774656306037
0.00848774656306037
0.0717274357441721
0.167961745367603
0.0854751942618054
0.09991034070532
0.0744769874476987
0.118469814704124
0.176210400478183
0.050418410041841
0.115720263000598
0.0246413628212791
0.00573819485953378
0.125257770472205
0.0850885385534968
0.0222355050806934
0.0347373729826659
0.0689778840406455
0.00573819485953378
0.0813508667065155
0.137716676628811
0.0167364016736402
0.00298864315600717
0.709623430962343
0.0474540496114765
0.143215780035864
0.100232553795577
0.17071129707113
0.0668834989539749
0.0964734010759115
0.066228332337119
0.330185295875672
0.100597728631201
0.101972504482965
0.0854751942618051
0.0666096178272564
0.17071129707113
0.0607292289300657
0.13771667662881
0.0194859533771668
0.101542887029289
0.110221159593545
0.159713090257023
0.0469814704124328
0.0744018043933054
0.151464435146444
0.0992229527794381
0.206455469216976
0.126718469814704
0.0607292289300657
0.132217573221757
0.000239091452480579
0.0579796772265391
0.0469814704124328
0.0992229527794377
0.0827256425582785
0.0277346084877466
0.0882247459653317
0.107471607890018
0.0167364016736402
0.0772265391512253
0.0167364016736402
0.102488045427376
0.066228332337119
0.156963538553497
0.0194859533771668
0.0736070121040048
0.02498505678422
0.000239091452480579
0.187208607292289
0.151464435146444
0.066228332337119
0.0964734010759115
0.0442319187089062
0.132217573221757
0.183084279736999
0.129468021518231
0.034608487746563
0.184459055588763
0.036670651524208
0.0689778840406455
0.0909742976688584
0.203705917513449
0.0414823670053796
0.0535116557083085
0.0827256425582785
0.00848774656306037
0.140466228332337
0.173460848774656
0.195457262402869
0.0689778840406455
0.0566049013747759
0.121219366407651
0.066228332337119
0.0579796772265393
0.107471607890018
0.0964734010759113
0.173460848774656
0.0937238493723849
0.000239091452480579
0.0414823670053795
0.143215780035864
0.156963538553497
0.104722056186491
0.000239091452480579
0.000239091452480579
0.0992229527794381
0.0167364016736402
0.0634787806335924
0.112970711297071
0.0964734010759115
0.0139868499701136
0.0703526598924088
0.0992229527794381
0.167961745367603
0.00573819485953378
0.0497310221159594
0.0662283323371189
0.011237298266587
0.0542957075612674
0.357680812910938
0.0332337118947998
0.11228332337119
0.0139868499701136
0.0814367901972505
0.189958158995816
0.0304841601912732
0.29994022713688
0.0937238493723849
0.140466228332337
0.130585026897789
0.109533771667663
0.0937238493723849
0.0701808129109385
0.0621040047818291
0.0634787806335923
0.00298864315600717
0.118931653466826
0.0332337118947998
0.075228817991632
0.156963538553497
0.0552301255230126
0.17071129707113
0.02498505678422
0.110221159593545
0.0744769874476987
0.0332337118947998
0.0449193066347877
0.022493275552899
0.0854751942618051
0.0902869097429771
0.118469814704124
0.123968918111178
0.000239091452480579
0.0442319187089062
0.0882247459653317
0.105409444112373
0.00573819485953378
0.0469814704124328
0.0607292289300657
0.038732815301853
0.0992229527794383
0.0634787806335923
0.0469814704124328
0.0346084877465631
0.0304841601912732
0.110221159593545
0.0689778840406455
0.0359832635983264
0.0717274357441722
0.121219366407651
0.0827256425582785
0.0194859533771668
0.129468021518231
0.0442319187089062
0.038732815301853
0.0590966826060968
0.0552301255230126
0.112970711297071
0.074476987447699
0.0923490735206215
0.0930364614465034
0.114345487148835
0.120531978481769
0.110221159593545
0.129468021518231
0.0916616855947402
0.0607292289300658
0.137716676628811
0.0621040047818291
0.0744769874476987
0.0511057979677227
0.374178123132098
0.107471607890018
0.0607292289300657
0.121219366407651
0.0880528989838615
0.115376569037657
0.16246264196055
0.0524805738194861
0.0634787806335923
0.038732815301853
0.00848774656306037
0.052480573819486
0.0552301255230126
0.0552301255230126
0.0895995218170949
0.0126120741183503
0.052480573819486
0.0863344291691571
0.211954572624029
0.0689778840406455
0.0806634787806339
0.277600119545726
0.0799760908547519
0.106225717274358
0.0442319187089062
0.02498505678422
0.052480573819486
0.305439330543933
0.0968170950388524
0.0483562462641961
0.0359832635983264
0.0332337118947998
0.0634787806335923
0.0497310221159594
0.0194859533771668
0.0263598326359833
0.0414823670053796
0.0469814704124328
0.0559175134488942
0.0552301255230126
0.110221159593545
0.0607292289300657
0.0703096981470412
0.137716676628811
0.038732815301853
0.0552301255230126
0.0291093843395099
0.0346084877465631
0.0909742976688584
0.126718469814704
0.00573819485953378
0.122336371787209
0.038732815301853
0.192707710699342
0.0194859533771668
0.0717274357441721
0.140466228332337
0.228451882845188
0.153526598924088
0.066228332337119
0.0469814704124328
0.112970711297071
0.0886865847280333
0.0644669007770474
0.00986252241482368
0.0332337118947998
0.167961745367603
0.0483562462641961
0.0359832635983264
0.00573819485953378
0.0607292289300657
0.0414823670053796
0.0543708906156604
0.0944112372982666
0.129468021518231
0.0579796772265391
0.066228332337119
0.0414823670053796
0.0799760908547519
0.0222355050806934
0.140466228332337
0.02498505678422
0.0699015615660492
0.0799760908547519
0.184759787806336
0.0854751942618051
0.038732815301853
0.000239091452480579
0.0813508667065152
0.140466228332337
0.0194859533771668
0.0194859533771668
0.0442319187089062
0.0806634787806335
0.0607292289300657
0.184459055588763
0.0277346084877466
0.0442319187089062
0.066228332337119
0.0772265391512254
0.181709503885236
0.0517931858936045
0.102659892408846
0.0850079852809327
0.126718469814704
0.02498505678422
0.0634787806335923
0.0772265391512253
0.189958158995816
0.0684193813508668
2.13939031679617
0.0621040047818291
0.0270472205618649
0.112970711297071
0.0904345907426778
0.110221159593545
0.0593544530783024
0.038732815301853
0.0672594142259415
0.15421398684997
0.0469814704124328
0.0490436341900777
0.066228332337119
0.248042438732815
0.0607292289300657
0.0359832635983264
0.29994022713688
0.0744769874476987
0.0552301255230126
0.0980200239091451
0.0719422444710103
0.0579796772265391
0.0469814704124328
0.0167364016736402
0.00298864315600717
0.101972504482965
0.0841004184100418
0.0222355050806934
0.0964734010759115
0.0883536312014344
0.166447343843395
0.0717274357441721
0.106784219964136
0.126031081888823
0.101972504482965
0.0579796772265391
0.386722952779439
0.0359832635983264
0.129468021518231
0.0373580394500897
0.110221159593545
0.15421398684997
0.0813293858338314
0.154901374775852
0.052480573819486
0.0528242677824269
0.132475343693963
0.0469814704124328
0.0414823670053796
0.0827256425582785
0.0550582785415421
0.214704124327555
0.0689778840406455
0.0442319187089062
0.0346084877465631
0.155588762701733
0.0772265391512253
0.115720263000598
0.0497310221159594
0.126718469814704
0.126718469814704
0.115720263000598
0.0462940824865513
0.125
0.184459055588763
0.0552301255230126
0.219515839808727
0.0442319187089062
0.02498505678422
0.0139868499701136
0.0689778840406455
0.0615884638374179
0.0167364016736402
0.182912432755529
0.116681532053198
0.0535116557083084
0.0799760908547519
0.0419549462044232
0.011237298266587
0.0895995218170952
0.02498505678422
0.111767782426778
0.0841004184100418
0.0717274357441721
0.0442319187089062
0.214704124327555
0.0332337118947998
0.121219366407651
0.118469814704124
0.242199641362821
0.066228332337119
0.0525557568738792
0.066228332337119
0.143215780035864
0.0731022115959354
0.0373580394500897
0.0909742976688584
0.122594142259414
0.0744769874476987
0.0882247459653317
0.103347280334728
0.038732815301853
0.011237298266587
0.0533398087268379
0.0607292289300657
0.052480573819486
0.118469814704124
0.107471607890018
0.16246264196055
0.121734907352062
0.00298864315600717
0.00298864315600718
0.136599671249253
0.137330020920502
0.103347280334728
0.066228332337119
0.0167364016736402
0.0854751942618054
0.159713090257023
0.0744769874476987
0.0304841601912732
0.0373580394500897
0.038732815301853
0.0325463239689181
0.110221159593545
0.0139868499701136
0.0504184100418409
0.0139868499701136
0.0469814704124328
0.052480573819486
0.121906754333533
0.130155409444113
0.066228332337119
0.052480573819486
0.0552301255230126
0.0717274357441723
0.0497310221159594
0.104722056186491
0.0304841601912732
0.0418260609683204
0.200956365809922
0.0799760908547519
0.101972504482965
0.118469814704124
0.0387328153018529
0.011237298266587
0.00298864315600717
0.122594142259414
0.0552301255230126
0.0428571428571429
0.0854751942618051
0.115720263000598
0.052480573819486
0.000239091452480579
0.0833700687387924
0.0414823670053796
0.0139868499701136
0.0607292289300657
0.103347280334728
0.200956365809922
0.148714883442917
0.110221159593545
0.151464435146444
0.0875373580394502
0.357680812910938
0.02498505678422
0.0992229527794381
0.0639943215780035
0.0579796772265391
0.0814690115062761
0.0167364016736402
0.0607292289300657
0.192707710699342
0.0634787806335923
0.0744769874476987
0.101972504482965
0.0882247459653317
0.0579796772265391
0.140466228332337
0.0442319187089062
0.0677749551703527
0.137716676628811
0.297190675433353
0.0497310221159594
0.0469814704124328
0.121219366407651
0.0772265391512253
0.0799760908547519
0.0277346084877466
0.0772265391512253
1.03132098027496
0.225702331141662
0.0689778840406455
0.072586670651524
0.129468021518231
0.113658099222953
0.0648535564853557
0.0332337118947998
0.198206814106396
0.0827256425582785
0.123968918111178
0.0689778840406455
0.129468021518231
0.0167364016736402
0.0469814704124328
0.118469814704124
0.111080394500897
0.405110579796773
0.052480573819486
0.051395789748954
0.148714883442917
0.0579796772265391
0.132217573221757
0.0586670651524209
0.113443290496115
0.000239091452480579
0.0827256425582785
0.0992229527794381
0.0744769874476987
0.0359832635983264
0.000239091452480579
0.0717274357441721
0.052480573819486
0.0693860206216379
0.0914039151225344
0.052480573819486
0.0483562462641962
0.00848774656306037
0.126718469814704
0.00573819485953379
0.0304841601912731
0.121219366407651
0.0813508667065151
0.292722653915122
0.0772265391512253
6.49742976688583
0.0799760908547519
0.0937238493723849
0.0713837417812312
1.13030484160191
0.00298864315600717
0.0930364614465033
0.0469814704124328
0.000239091452480579
0.132217573221757
0.02498505678422
0.0909742976688584
0.070352659892409
0.0304841601912732
0.107471607890018
0.0139868499701136
0.0726725941422596
0.0762598998804545
0.0583233711894799
0.0359832635983264
0.0772265391512253
0.0964734010759115
0.0583985542438732
0.0335774058577405
0.0799760908547519
0.128522863120143
0.126718469814704
0.0277346084877466
0.072715555887627
0.0813508667065153
0.0174237895995219
0.264196054991034
0.0803197848176928
0.0497310221159594
0.0469814704124328
0.000239091452480579
0.0208607292289301
0.0772265391512253
0.0717274357441721
0.214704124327555
0.106096832038255
0.0570130379557681
0.122250448296474
0.0978481769276749
0.165212193664077
0.0552301255230126
0.0797075799462043
0.0579796772265391
0.0552301255230126
0.0676031081888823
0.0442319187089062
0.107471607890018
0.0703526598924089
0.0732310968320384
0.0706104303646145
0.123968918111178
0.0497310221159594
0.0799760908547519
0.0891699043634192
0.115720263000598
0.0607292289300657
0.038732815301853
0.0937238493723849
0.0964734010759115
0.011237298266587
0.121219366407651
0.038732815301853
0.00298864315600717
0.0944112372982665
0.0552301255230126
0.02498505678422
0.18145173341303
0.0933586745367604
0.0277346084877466
0.0895995218170952
0.0656698296473401
0.0689778840406455
0.0827256425582785
0.143215780035864
0.114345487148834
0.038732815301853
0.0139868499701136
0.038732815301853
0.134967124925284
0.0236102809324567
0.125343693962941
0.0167364016736402
0.0139868499701136
0.0772265391512253
0.0956141661685596
0.198206814106396
0.0992229527794381
0.0359832635983264
0.0744769874476987
0.0387328153018529
0.0593544530783024
0.0359832635983264
0.0689778840406455
0.121219366407651
0.00573819485953378
0.0889121338912136
0.0854751942618051
0.129468021518231
0.0848844702630007
0.00573819485953378
0.0854751942618051
0.0744769874476987
0.085475194261805
0.0414823670053796
0.0497310221159594
0.0937238493723849
0.0359832635983264
0.138232217573222
0.00573819485953378
0.165212193664077
0.0826397190675434
0.126031081888823
0.0139868499701136
0.0854751942618051
0.110221159593545
0.0359832635983264
0.239450089659295
0.0992229527794381
0.121219366407651
0.0717274357441721
0.0762169381350864
0.181709503885236
0.108932307232517
0.0469814704124328
0.0964734010759115
0.0552301255230126
0.0222355050806934
0.0497310221159594
0.09849797332636
0.0854751942618052
0.239450089659295
0.0417401374775852
0.104722056186491
0.0332337118947997
0.0772265391512253
0.0630491631799165
0.0827256425582784
0.00573819485953378
2.32361028093246
0.0552301255230126
0.0607292289300657
0.0304841601912732
0.0500747160789001
0.048356246264196
0.00848774656306037
0.0607292289300657
0.0277346084877466
0.0937238493723849
0.0442319187089062
0.15421398684997
0.0438023012552301
0.0359832635983264
0.0304841601912732
0.173460848774656
0.0301404662283324
0.0497310221159594
0.0827256425582785
0.0208607292289301
0.0132994620442319
0.115720263000598
0.093723849372385
0.104550209205021
0.107815301852959
0.0689778840406456
0.0599559175134489
0.0579796772265391
0.189958158995816
0.0854751942618051
0.0222355050806934
0.0717274357441724
0.0634787806335923
0.0756584354453079
0.0786013150029886
0.0359832635983264
0.126718469814704
0.0849784490809923
0.132217573221757
0.0332337118947998
0.00298864315600717
0.052480573819486
0.0634787806335923
0.0689778840406455
0.0909742976688584
0.0552301255230126
0.123968918111178
0.0744769874476987
0.164395920502092
0.0827256425582785
0.203705917513449
0.0222355050806934
0.195457262402869
0.112970711297071
0.0854751942618051
0.011237298266587
0.0648535564853557
0.0882247459653317
0.0909742976688584
0.0693215780035863
0.011237298266587
0.16246264196055
0.0316441273161985
0.0450374514345488
0.0222355050806934
0.277943813508667
0.0607292289300657
0.00573819485953378
0.0673775590257023
0.209634638374178
0.072157053197848
0.0332337118947998
0.0139868499701136
0.134967124925284
0.14596533173939
0.112970711297071
0.0992229527794381
0.02498505678422
0.0469814704124328
0.112970711297071
0.0840628268828452
0.231201434548715
0.0469814704124328
0.0999103407053197
0.0882059502017336
0.0593437126419605
0.0603855349671249
0.0552301255230126
0.15421398684997
0.011237298266587
0.0799760908547519
0.110049312612074
0.0792887029288703
0.011237298266587
0.0194859533771668
0.066228332337119
0.0579796772265392
0.100554766885834
0.157135385534967
0.0841004184100417
0.0579796772265391
0.0978481769276748
0.104722056186491
0.0359832635983264
0.228451882845188
0.0277346084877466
0.143215780035864
0.0167364016736402
0.0937238493723849
0.0950986252241482
0.0497310221159594
0.159713090257023
0.0634787806335923
0.0634787806335923
0.02498505678422
0.115720263000598
0.123968918111178
0.0126120741183503
0.0810071727435745
0.00848774656306037
0.074562910938434
0.167961745367603
0.118469814704124
0.17071129707113
0.0414823670053796
0.0497310221159594
0.118469814704124
0.000239091452480579
0.126718469814704
0.0607292289300657
0.137716676628811
0.0346084877465631
0.0614595786013153
0.0222355050806934
0.196746114763898
0.115720263000598
0.134967124925284
0.0882247459653317
0.1540421398685
0.0593490828601316
0.0744769874476988
0.00848774656306037
0.272444710101614
0.181709503885236
0.066228332337119
0.0607292289300657
0.0167364016736402
0.02498505678422
0.0508265466228333
0.277943813508667
0.0689778840406456
0.0648535564853558
0.050418410041841
0.02498505678422
0.104722056186491
0.097160789001793
0.992827256425583
0.104722056186491
0.0744769874476987
0.0895995218170951
0.0289106862671847
0.0744769874476987
0.14596533173939
0.167961745367603
0.00298864315600717
0.156963538553497
0.0689778840406455
0.0414823670053796
0.495158398087268
0.0579796772265391
0.0485280932456665
0.118469814704124
0.134967124925284
0.181709503885236
0.0277346084877466
0.15387029288703
0.0634787806335923
0.0744769874476987
0.189958158995816
0.0332337118947997
0.0882247459653317
0.0882247459653317
0.151464435146444
0.134967124925284
0.038732815301853
0.02498505678422
0.0401075911536163
0.275194261805141
0.0277346084877466
0.126718469814704
0.0648535564853557
0.0469814704124328
0.011237298266587
0.00298864315600717
0.042513448894202
0.00573819485953378
