0.492408846383742
1.0670651524208
0.621637776449492
0.649133293484758
1.56473401075912
1.02032277346085
1.50699342498506
0.610639569635385
1.24028690974298
1.02857142857143
0.585893604303646
1.27603108188882
2.49133293484758
1.51249252839211
0.783861326957561
0.83335325762104
1.69671249252839
2.018410041841
1.34202032277346
1.11655708308428
0.803108188882247
0.627136879856545
1.36951583980873
0.83335325762104
0.717872086072923
1.83693962940825
4.31978481769277
1.08631201434549
1.18804542737597
0.775612671846982
4.52325164375374
1.35301852958757
1.37226539151225
1.58947997609085
0.772863120143455
0.992827256425583
1.449252839211
4.13281530185296
0.937836222355051
1.26228332337119
0.946084877465631
0.968081291093843
1.67746563060371
1.03132098027496
1.4904961147639
0.709623430962343
1.16879856545129
1.41350866706515
3.34369396294082
1.47399880454274
0.770113568439928
1.47124925283921
1.61697549312612
1.0258218768679
1.10555887627017
3.56915720263001
2.54357441721458
0.737118947997609
2.08164973102212
0.984578601315003
0.616138673042439
0.572145845786013
1.43275552898984
0.968081291093843
1.32002390914525
3.58840406455469
0.891093843395099
1.61697549312612
1.15505080693365
1.92217573221757
0.698625224148237
1.18254632396892
1.37226539151225
1.501494321578
2.0596533173939
2.44734010759115
1.61147638971907
0.899342498505678
0.651882845188285
0.888344291691572
0.860848774656306
1.63622235505081
1.17429766885834
1.70496114763897
1.06981470412433
0.660131500298864
2.90376569037657
1.34476987447699
1.08081291093843
1.55098625224148
0.657381948595338
1.30627615062762
0.572145845786013
0.98732815301853
1.35576808129109
1.08356246264196
0.324686192468619
1.74070531978482
1.73795576808129
1.88093245666467
1.15505080693365
1.50699342498506
1.01207411835027
1.51524208009564
2.07615062761506
0.761864913329348
1.62247459653317
2.54357441721458
1.51249252839211
1.31177525403467
1.94967124925284
18.350747160789
0.888344291691572
1.03132098027496
1.73795576808129
1.15780035863718
0.767364016736402
1.25678421996414
0.789360430364614
1.66921697549313
0.772863120143455
1.34202032277346
0.640884638374178
1.74345487148834
1.17979677226539
0.838852361028093
1.26778242677824
0.95433353257621
0.808607292289301
1.27603108188882
0.800358637178721
1.63622235505081
1.55923490735206
0.968081291093843
2.34560669456067
1.34202032277346
1.25953377166766
1.24853556485356
1.13305439330544
1.1083084279737
0.973580394500897
0.409922295277944
2.51057979677227
1.69121338912134
1.68571428571429
1.33102211595935
0.431918708906157
0.657381948595338
6.10424387328153
1.53448894202032
0.607890017931859
1.53998804542738
1.12480573819486
1.64447101016139
1.48499701135684
0.838852361028093
2.56007172743574
1.24853556485356
1.18529587567244
0.739868499701136
1.16879856545129
1.56198445905559
1.14680215182307
0.665630603705917
1.3255230125523
1.28153018529588
1.00932456664674
1.43000597728631
0.998326359832636
1.09731022115959
1.96341900777047
0.95433353257621
1.78194859533772
1.15505080693365
0.756365809922295
0.665630603705917
0.621637776449492
0.662881052002391
1.33652121936641
1.2017931858936
2.45833831440526
1.56198445905559
0.783861326957561
1.36401673640167
1.19904363419008
1.05606694560669
1.77644949193066
1.40251046025105
1.03132098027496
0.981829049611476
1.25678421996414
1.08356246264196
1.45475194261805
1.20729228930066
1.23478780633592
2.70304841601913
0.682127913927077
2.49683203825463
2.99725044829647
5.9255230125523
0.624387328153018
0.737118947997609
2.90376569037657
1.03956963538554
2.16138673042439
0.827854154213987
1.58947997609085
3.30794979079498
0.82510460251046
1.51799163179916
0.629886431560072
2.0898983861327
1.3667662881052
0.891093843395099
1.47949790794979
0.772863120143455
1.19629408248655
1.28153018529588
1.92217573221757
0.924088463837418
0.924088463837418
5.07866108786611
2.26312014345487
2.62606096832038
1.93042438732815
1.06981470412433
0.742618051404662
2.66730424387328
2.24387328153019
1.00107591153616
1.11105797967723
0.95433353257621
1.06431560071727
0.904841601912732
1.0258218768679
1.11655708308428
0.880095636580992
1.449252839211
0.937836222355051
1.38051404662283
2.14763897190675
1.59772863120143
1.09731022115959
1.45475194261805
1.32827256425583
1.84793783622236
0.750866706515242
2.12564255827854
1.85618649133293
1.5839808726838
0.965331739390317
1.76270173341303
1.14405260011955
1.15505080693365
0.836102809324567
1.43275552898984
0.511655708308428
0.98732815301853
0.676628810520024
1.17154811715481
1.77369994022714
1.74345487148834
1.04231918708906
1.73245666467424
1.85068738792588
1.49599521817095
0.808607292289301
0.797609085475194
1.39976090854752
1.37776449491931
1.67746563060371
0.800358637178721
0.750866706515242
1.23478780633592
0.734369396294082
0.984578601315003
0.893843395098625
1.47124925283921
1.55098625224148
1.22104004781829
1.12480573819486
1.71320980274955
1.2017931858936
1.77919904363419
1.30352659892409
1.5317393903168
0.990077704722056
1.67196652719665
3.3519426180514
0.926838015540944
1.05331739390317
0.877346084877466
1.31177525403467
1.58947997609085
1.02857142857143
3.31344889420203
1.44100418410042
4.81195457262403
0.330185295875672
1.43275552898984
0.82510460251046
2.91476389719068
1.29252839210998
1.46849970113568
1.39426180514047
1.35026897788404
2.13664076509265
1.3667662881052
1.64997011356844
1.56748356246264
1.07531380753138
1.35576808129109
1.30627615062762
1.58123132098028
1.43000597728631
0.95433353257621
1.03956963538554
1.22104004781829
1.18254632396892
0.646383741781231
1.5427375971309
1.24578601315003
1.11930663478781
1.62797369994023
1.81219366407651
1.01207411835027
0.797609085475194
1.95242080095637
1.03132098027496
1.03682008368201
0.599641362821279
1.18254632396892
0.838852361028093
0.720621637776449
3.92384937238494
0.891093843395099
0.904841601912732
1.42450687387926
1.34476987447699
1.16879856545129
1.64997011356844
1.34476987447699
0.97907949790795
1.22653915122534
1.44650328750747
0.734369396294082
0.665630603705917
0.852600119545726
1.55648535564854
1.45200239091452
1.36951583980873
1.13855349671249
0.948834429169157
1.36126718469815
1.42450687387926
1.57573221757322
1.86993424985057
0.858099222952779
1.47949790794979
0.668380155409444
1.68296473401076
0.855349671249253
0.82510460251046
0.459414225941423
1.37226539151225
1.33927077106993
0.671129707112971
1.23478780633592
0.96258218768679
0.822355050806934
0.899342498505678
0.852600119545726
1.37776449491931
1.26503287507472
1.28977884040646
0.734369396294082
0.737118947997609
0.654632396891811
1.03132098027496
1.52898983861327
0.71237298266587
2.41709503885236
0.693126120741183
1.21554094441124
1.01757322175732
1.19354453078302
1.24578601315003
0.610639569635385
0.756365809922295
1.39976090854752
0.976329946204423
1.5427375971309
0.643634190077705
1.38326359832636
0.913090257023311
0.932337118947998
1.14680215182307
0.836102809324567
1.15780035863718
0.728870292887029
1.16604901374776
1.02307232516438
1.76270173341303
1.46300059772863
0.893843395098625
3.8991034070532
2.51882845188285
0.814106395696354
2.85702331141662
0.470412432755529
0.937836222355051
0.602390914524806
2.60406455469217
1.22653915122534
0.918589360430365
1.5317393903168
1.22104004781829
0.709623430962343
1.16604901374776
1.14405260011955
1.36401673640167
0.767364016736402
1.18804542737597
2.19438135086671
0.629886431560072
1.3667662881052
0.44566646742379
1.60047818290496
2.99450089659295
1.08631201434549
1.0148236700538
0.649133293484758
1.08356246264196
0.957083084279737
1.1083084279737
0.899342498505678
1.68296473401076
1.10280932456665
1.49324566646742
2.67005379557681
1.03132098027496
0.822355050806934
1.58123132098028
1.52898983861327
2.99175134488942
0.948834429169157
0.803108188882247
1.40526001195457
1.20454273759713
0.726120741183503
1.12755528989839
0.827854154213987
2.41159593544531
1.45475194261805
1.07256425582785
1.34476987447699
1.41075911536163
1.58673042438733
2.25762104004782
3.39043634190078
1.92767483562463
1.51524208009564
1.63072325164375
1.52349073520622
0.877346084877466
3.55540944411237
1.05881649731022
0.693126120741183
1.60322773460849
1.07256425582785
1.31452480573819
0.8498505678422
0.792109982068141
1.46300059772863
1.38601315002989
0.253197848176928
1.11105797967723
0.660131500298864
0.819605499103407
1.85618649133293
1.35851763299462
0.800358637178721
1.75720263000598
1.05331739390317
1.17704722056186
1.16054991034071
0.811356843992827
0.739868499701136
1.2732815301853
1.03407053197848
1.08631201434549
1.53448894202032
1.2430364614465
1.28977884040646
1.64997011356844
1.25403466826061
0.929587567244471
1.82869097429767
1.20454273759713
1.22928870292887
1.44100418410042
1.59497907949791
1.13305439330544
1.08906156604901
1.16879856545129
2.02115959354453
0.866347878063359
1.30902570233114
0.847101016138673
0.69587567244471
1.64722056186491
0.957083084279737
0.83335325762104
0.816855947399881
1.501494321578
0.951583980872684
2.16413628212791
1.10005977286312
1.00382546323969
1.00932456664674
1.16054991034071
0.563897190675433
0.827854154213987
2.93950986252241
1.76270173341303
0.808607292289301
1.10005977286312
1.05056784219964
0.737118947997609
0.706873879258816
1.25128511655708
0.385176329946204
0.96258218768679
0.852600119545726
1.57023311416617
7.12157800358637
1.02307232516438
16.7807531380753
1.05606694560669
2.93950986252241
1.41350866706515
0.706873879258816
1.48224745965332
1.52898983861327
1.65271966527197
1.43550508069337
1.18529587567244
0.484160191273162
0.814106395696354
0.836102809324567
1.06981470412433
0.965331739390317
5.29587567244471
1.4080095636581
0.792109982068141
2.45833831440526
1.89468021518231
1.00382546323969
1.47949790794979
1.12480573819486
1.47124925283921
1.64722056186491
0.770113568439928
1.08081291093843
1.19629408248655
1.08356246264196
1.73245666467424
1.40526001195457
1.8314405260012
1.82319187089062
1.12205618649133
1.00107591153616
1.81219366407651
1.71046025104603
0.929587567244471
1.79294680215182
1.71046025104603
1.2017931858936
1.4904961147639
0.365929468021518
1.24028690974298
0.632635983263598
1.37501494321578
0.937836222355051
0.786610878661088
1.7489539748954
1.53998804542738
1.54548714883443
1.13030484160191
0.852600119545726
1.35576808129109
1.10555887627017
0.896592946802152
2.10914524805738
1.31727435744172
1.32827256425583
2.41709503885236
1.76545128511656
0.852600119545726
1.36401673640167
0.874596533173939
0.847101016138673
0.97083084279737
5.94476987447699
2.16413628212791
1.00107591153616
1.83968918111178
1.966168559474
0.838852361028093
1.21829049611476
2.22737597130903
1.20729228930066
0.877346084877466
1.17154811715481
2.79378362223551
0.943335325762104
2.97800358637179
1.08081291093843
0.96258218768679
1.42175732217573
1.42175732217573
1.51524208009564
0.924088463837418
0.82510460251046
1.89742976688583
1.22378959952182
0.84160191273162
1.91942618051405
0.519904363419008
2.02115959354453
1.00107591153616
1.60872683801554
1.65271966527197
0.935086670651524
0.926838015540944
1.15780035863718
1.52349073520622
0.929587567244471
0.68762701733413
1.63072325164375
0.319187089061566
1.44650328750747
1.73795576808129
1.35576808129109
1.24578601315003
1.32827256425583
1.41350866706515
0.891093843395099
2.35110579796772
1.17154811715481
2.1008965929468
1.16054991034071
0.473161984459056
1.43000597728631
2.39509862522415
1.84793783622236
1.04781829049611
0.789360430364614
20.5091452480574
0.794859533771668
1.4602510460251
1.19354453078302
0.456664674237896
0.97083084279737
1.00107591153616
0.951583980872684
0.786610878661088
1.11105797967723
1.1495517035266
0.84160191273162
0.726120741183503
1.78194859533772
1.501494321578
1.60047818290496
0.932337118947998
0.97907949790795
1.10005977286312
1.40526001195457
1.00107591153616
1.64447101016139
0.882845188284519
1.33102211595935
3.40968320382546
2.19713090257023
1.04506873879259
0.822355050806934
1.90017931858936
0.588643156007173
10.5777644949193
0.82510460251046
1.37776449491931
0.866347878063359
2.2768679019725
0.885594739988045
1.47399880454274
0.739868499701136
1.96066945606695
0.764614465032875
1.23753735803945
1.2320382546324
1.52349073520622
0.803108188882247
1.21004184100418
2.38684997011357
2.35660490137478
1.12480573819486
0.767364016736402
1.21554094441124
1.41625821876868
2.01291093843395
0.440167364016736
1.05881649731022
0.255947399880454
1.85618649133293
0.737118947997609
1.11655708308428
1.14130304841602
1.13305439330544
1.45475194261805
0.858099222952779
1.31452480573819
1.07531380753138
0.808607292289301
1.47949790794979
2.18613269575613
1.33652121936641
0.847101016138673
0.951583980872684
1.21279139270771
1.25403466826061
2.13114166168559
0.995576808129109
0.896592946802152
1.90842797369994
1.04506873879259
0.734369396294082
1.63622235505081
1.44100418410042
1.25403466826061
1.43550508069337
0.781111775254035
0.580394500896593
1.03132098027496
0.902092050209205
1.98816497310221
1.32277346084877
1.26228332337119
1.19629408248655
1.05606694560669
1.23066347878063
1.47674835624626
2.8762701733413
0.990077704722056
1.33102211595935
1.02857142857143
1.04781829049611
2.58756724447101
1.16879856545129
1.02032277346085
0.948834429169157
1.44650328750747
1.27603108188882
1.05331739390317
0.932337118947998
0.852600119545726
0.957083084279737
0.797609085475194
1.46300059772863
2.35385534967125
0.764614465032875
1.43275552898984
1.22104004781829
1.46575014943216
1.42725642558279
2.12839210998207
0.69587567244471
0.891093843395099
1.22653915122534
0.838852361028093
0.937836222355051
1.2430364614465
1.36126718469815
3.40693365212194
0.715122534369396
1.11930663478781
1.49874476987448
0.698625224148237
1.55923490735206
0.965331739390317
1.68846383741781
0.907591153616258
1.10555887627017
0.41267184698147
0.871846981470413
0.990077704722056
0.517154811715481
0.778362223550508
1.0148236700538
1.00932456664674
0.673879258816497
1.60597728631201
2.92301255230126
2.39234907352062
1.43275552898984
1.16054991034071
0.904841601912732
0.918589360430365
0.0167364016736402
1.05331739390317
1.93042438732815
1.24028690974298
2.45833831440526
1.12755528989839
1.55648535564854
2.30436341900777
1.53448894202032
1.75170352659892
0.968081291093843
0.646383741781231
2.00466228332337
1.59222952779438
1.0148236700538
1.34751942618051
1.17704722056186
1.0670651524208
1.14405260011955
0.742618051404662
0.926838015540944
1.06156604901375
0.855349671249253
0.657381948595338
0.984578601315003
0.385176329946204
0.965331739390317
1.10280932456665
0.866347878063359
1.05606694560669
1.58947997609085
0.657381948595338
2.77178720860729
2.41709503885236
0.775612671846982
1.1907949790795
1.33927077106993
1.04506873879259
1.81494321578004
2.09539748953975
1.09731022115959
1.66096832038255
1.21554094441124
0.96258218768679
0.915839808726838
0.665630603705917
1.10555887627017
2.66180514046623
1.39426180514047
1.11105797967723
0.726120741183503
1.39701135684399
0.910340705319785
0.98732815301853
1.6664674237896
0.726120741183503
1.82869097429767
2.13939031679617
1.30627615062762
0.97907949790795
0.742618051404662
1.35026897788404
1.2320382546324
0.814106395696354
0.891093843395099
0.690376569037657
1.21554094441124
0.95433353257621
1.07806335923491
6.51392707710699
2.0596533173939
1.8011954572624
0.937836222355051
1.23753735803945
1.32002390914525
0.635385534967125
1.11930663478781
1.91117752540347
1.35301852958757
1.68296473401076
1.25953377166766
0.302689778840406
2.09814704124328
1.18804542737597
0.783861326957561
2.22737597130903
1.47124925283921
1.31452480573819
1.28702928870293
1.07806335923491
1.65821876867902
0.96258218768679
2.13664076509265
1.22104004781829
0.932337118947998
1.1083084279737
1.05606694560669
1.19629408248655
1.25953377166766
1.14405260011955
3.80561864913329
1.46300059772863
1.28153018529588
1.20729228930066
1.87268380155409
0.84160191273162
0.682127913927077
2.00466228332337
0.569396294082486
0.84160191273162
0.750866706515242
1.3255230125523
1.09456066945607
1.34751942618051
1.75720263000598
1.90567842199641
0.506156604901375
1.52624028690974
0.852600119545726
1.00107591153616
2.87077106993425
1.19629408248655
0.869097429766886
0.913090257023311
2.52157800358637
1.02307232516438
0.745367603108189
1.05606694560669
0.965331739390317
1.11930663478781
1.43275552898984
2.36485355648536
1.88093245666467
1.26778242677824
1.41350866706515
1.59497907949791
1.13030484160191
2.09814704124328
1.7599521817095
0.71237298266587
0.951583980872684
1.12205618649133
1.49599521817095
0.959832635983264
0.885594739988045
1.06981470412433
1.55923490735206
1.33102211595935
0.869097429766886
1.05331739390317
1.13855349671249
1.00382546323969
1.05331739390317
1.09731022115959
1.17429766885834
0.789360430364614
0.95433353257621
1.01757322175732
0.814106395696354
0.97083084279737
0.880095636580992
0.926838015540944
3.73962940824865
1.36401673640167
1.31727435744172
0.918589360430365
1.03407053197848
0.228451882845188
1.15505080693365
1.10280932456665
0.968081291093843
12.8433950986252
0.651882845188285
1.55098625224148
1.13580394500897
1.87543335325762
1.2017931858936
1.40251046025105
1.66921697549313
2.09264793783622
1.86718469814704
0.863598326359833
0.877346084877466
1.03132098027496
1.36951583980873
3.37668858338314
1.49874476987448
1.64447101016139
0.874596533173939
1.45750149432158
0.794859533771668
2.81028093245666
1.8314405260012
1.16604901374776
5.46634787806336
1.05881649731022
0.877346084877466
0.904841601912732
1.18804542737597
0.915839808726838
1.3667662881052
0.940585774058577
0.638135086670651
1.07256425582785
1.67196652719665
0.811356843992827
0.959832635983264
0.176210400478183
0.715122534369396
1.35851763299462
1.6252241482367
4.39127316198446
0.965331739390317
1.22104004781829
4.92193664076509
1.41900777047221
1.00382546323969
1.41075911536163
1.22104004781829
2.00191273161984
0.946084877465631
1.09731022115959
0.495158398087268
1.05056784219964
0.772863120143455
0.781111775254035
0.778362223550508
0.847101016138673
1.55648535564854
0.943335325762104
0.676628810520024
1.82869097429767
1.4904961147639
1.3255230125523
0.794859533771668
3.54991034070532
1.52624028690974
1.34751942618051
1.56748356246264
1.88643156007173
1.45475194261805
1.5427375971309
1.72695756126718
1.53448894202032
1.24578601315003
0.536401673640167
2.30161386730424
1.11930663478781
0.390675433353258
1.25128511655708
2.77178720860729
0.728870292887029
0.880095636580992
2.96425582785415
1.7489539748954
1.53723849372385
0.984578601315003
0.533652121936641
1.38051404662283
1.16879856545129
2.0596533173939
1.18804542737597
3.18147041243276
0.97907949790795
1.39976090854752
0.827854154213987
1.30902570233114
1.11380753138075
1.14405260011955
1.10555887627017
0.935086670651524
2.03765690376569
1.51799163179916
0.797609085475194
1.65546921697549
0.904841601912732
0.745367603108189
1.2430364614465
0.902092050209205
1.12755528989839
0.563897190675433
2.71679617453676
1.0258218768679
1.04781829049611
0.511655708308428
2.49408248655111
1.55648535564854
0.959832635983264
2.68105200239091
1.17429766885834
1.41900777047221
1.77095038852361
2.70854751942618
1.02032277346085
0.838852361028093
0.805857740585774
0.860848774656306
1.19904363419008
1.14405260011955
3.52516437537358
1.06431560071727
1.04231918708906
1.16604901374776
0.915839808726838
1.89742976688583
2.26037059175134
0.8498505678422
1.3255230125523
2.79653317393903
1.49874476987448
2.48858338314405
1.14405260011955
1.08906156604901
1.65271966527197
1.32277346084877
1.12755528989839
1.42175732217573
1.69121338912134
0.467662881052002
0.797609085475194
1.27053197848177
1.14680215182307
1.16604901374776
1.43825463239689
1.30077704722056
0.869097429766886
2.483084279737
0.734369396294082
1.2842797369994
0.885594739988045
1.05331739390317
1.13855349671249
1.90567842199641
2.018410041841
1.8314405260012
0.981829049611476
0.976329946204423
0.786610878661088
0.618888224745965
0.935086670651524
1.01757322175732
1.16604901374776
1.22928870292887
1.69121338912134
0.676628810520024
1.13305439330544
2.25212193664077
3.23646144650329
0.739868499701136
1.45200239091452
0.992827256425583
1.31452480573819
0.940585774058577
1.1495517035266
4.65248057381948
2.72229527794381
1.2842797369994
0.753616258218769
0.583144052600119
0.792109982068141
4.7157202630006
1.34476987447699
0.616138673042439
0.728870292887029
1.40251046025105
1.37501494321578
0.869097429766886
1.41350866706515
2.65630603705918
1.32827256425583
1.78744769874477
0.885594739988045
0.701374775851763
1.05056784219964
1.44375373580394
1.27878063359235
1.17979677226539
1.53998804542738
1.28977884040646
0.70412432755529
1.60597728631201
1.32827256425583
0.97083084279737
1.55098625224148
1.28977884040646
1.11105797967723
2.44459055588763
0.525403466826061
0.924088463837418
0.28344291691572
2.21362821279139
1.75720263000598
0.761864913329348
1.23753735803945
0.651882845188285
1.58123132098028
1.05331739390317
1.03682008368201
0.96258218768679
1.06156604901375
1.11655708308428
2.60956365809922
1.41075911536163
0.594142259414226
1.07531380753138
1.56748356246264
0.957083084279737
1.25128511655708
1.83968918111178
0.899342498505678
0.778362223550508
0.97907949790795
0.720621637776449
1.77369994022714
1.14405260011955
0.893843395098625
2.06515242080096
0.594142259414226
1.53998804542738
1.01757322175732
0.838852361028093
0.693126120741183
0.734369396294082
0.803108188882247
0.797609085475194
3.42618051404662
1.22928870292887
0.544650328750747
1.09731022115959
1.35301852958757
0.715122534369396
0.827854154213987
0.921338912133891
0.800358637178721
1.71046025104603
1.39151225343694
0.984578601315003
1.64172145845786
0.0332337118947998
1.21279139270771
0.935086670651524
1.13030484160191
0.984578601315003
0.508906156604901
3.97609085475194
0.959832635983264
3.87435744172146
0.671129707112971
1.53448894202032
0.500657501494322
0.855349671249253
1.05606694560669
1.11930663478781
0.915839808726838
0.951583980872684
0.992827256425583
4.58374178123132
1.25678421996414
1.52624028690974
1.08081291093843
2.01566049013748
0.830603705917513
1.76820083682008
1.21279139270771
0.874596533173939
0.957083084279737
1.18804542737597
1.08081291093843
1.08906156604901
1.30627615062762
1.67471607890018
1.25403466826061
0.585893604303646
1.7489539748954
0.605140466228332
1.08906156604901
1.65271966527197
1.32277346084877
0.948834429169157
1.40526001195457
1.4080095636581
1.00382546323969
0.569396294082486
1.16879856545129
1.61147638971907
0.926838015540944
0.814106395696354
4.73221757322176
0.97083084279737
1.24853556485356
1.7187089061566
0.921338912133891
1.15230125523013
0.478661087866109
0.778362223550508
1.26778242677824
0.748117154811715
0.855349671249253
1.44375373580394
1.05331739390317
1.15230125523013
1.10280932456665
0.844351464435147
0.519904363419008
0.363179916317992
1.7187089061566
1.31452480573819
2.31261207411835
0.814106395696354
0.745367603108189
1.12755528989839
1.22928870292887
1.97166766288105
0.662881052002391
0.896592946802152
0.701374775851763
1.65546921697549
1.56198445905559
4.1163179916318
1.38601315002989
1.20729228930066
1.07256425582785
1.03956963538554
0.508906156604901
2.5655708308428
0.71237298266587
1.27603108188882
0.946084877465631
1.05056784219964
1.74620442319187
2.00466228332337
1.2017931858936
1.32002390914525
0.390675433353258
0.97083084279737
1.55923490735206
1.26778242677824
3.22271368798565
1.41900777047221
1.88918111177525
1.69396294082487
0.69587567244471
1.27603108188882
1.80944411237298
0.70412432755529
0.830603705917513
1.09456066945607
1.49874476987448
0.781111775254035
1.26228332337119
0.907591153616258
2.02665869695158
1.50424387328153
0.236700537955768
0.998326359832636
1.85068738792588
0.882845188284519
0.926838015540944
0.97907949790795
1.31727435744172
1.28977884040646
1.10280932456665
0.893843395098625
1.28702928870293
0.552898983861327
0.464913329348476
1.64722056186491
0.844351464435147
0.709623430962343
0.101972504482965
1.22104004781829
1.05056784219964
2.3593544530783
1.47674835624626
1.25953377166766
0.990077704722056
1.37501494321578
0.943335325762104
1.20454273759713
0.786610878661088
1.19354453078302
1.77095038852361
0.737118947997609
1.25678421996414
0.68762701733413
1.0148236700538
0.610639569635385
1.47124925283921
1.59497907949791
2.0074118350269
1.10280932456665
1.40251046025105
3.40968320382546
0.981829049611476
1.89193066347878
0.0552301255230126
3.60490137477585
0.976329946204423
1.37226539151225
1.09731022115959
1.08906156604901
1.38876270173341
1.64172145845786
2.68105200239091
1.23478780633592
0.728870292887029
2.52982665869695
1.38876270173341
0.888344291691572
1.25953377166766
0.709623430962343
1.38326359832636
1.89193066347878
0.621637776449492
0.69587567244471
0.616138673042439
0.858099222952779
1.2017931858936
1.74345487148834
1.91667662881052
1.96066945606695
0.756365809922295
0.69587567244471
2.5655708308428
0.745367603108189
1.03682008368201
1.08356246264196
0.654632396891811
1.69946204423192
1.78469814704124
2.12014345487149
1.16879856545129
1.17429766885834
2.13114166168559
0.426419605499103
0.943335325762104
0.643634190077705
0.690376569037657
1.35301852958757
1.21554094441124
1.40251046025105
0.772863120143455
0.921338912133891
0.393424985056784
2.07065152420801
1.02307232516438
1.1907949790795
0.981829049611476
2.42809324566647
0.935086670651524
1.58123132098028
1.32002390914525
1.46575014943216
0.984578601315003
1.31727435744172
0.734369396294082
1.09456066945607
1.01207411835027
1.34202032277346
0.869097429766886
1.64722056186491
2.99175134488942
1.26778242677824
1.21004184100418
1.97166766288105
1.25128511655708
1.14405260011955
1.12755528989839
1.19629408248655
0.715122534369396
0.778362223550508
1.09456066945607
1.20454273759713
0.844351464435147
0.83335325762104
1.4080095636581
2.09814704124328
1.36126718469815
1.11105797967723
1.28702928870293
1.11380753138075
1.03956963538554
1.36951583980873
1.16329946204423
1.03407053197848
0.946084877465631
0.822355050806934
3.7341303048416
4.19330543933054
1.00657501494322
1.82319187089062
0.706873879258816
0.588643156007173
1.13030484160191
1.37501494321578
1.29527794381351
0.819605499103407
0.929587567244471
1.43000597728631
0.585893604303646
0.882845188284519
1.19904363419008
0.915839808726838
1.94142259414226
4.10257023311417
1.41625821876868
2.67280334728033
0.957083084279737
0.885594739988045
0.882845188284519
3.69563658099223
0.805857740585774
0.957083084279737
1.86443514644351
0.918589360430365
1.36401673640167
1.6664674237896
0.948834429169157
1.47399880454274
1.3667662881052
1.6252241482367
0.374178123132098
1.27603108188882
1.06156604901375
0.866347878063359
1.78469814704124
1.37501494321578
1.44650328750747
2.77453676031082
1.10555887627017
1.12755528989839
0.800358637178721
1.68021518230723
0.739868499701136
1.10280932456665
0.756365809922295
1.12480573819486
1.22104004781829
1.55648535564854
1.09181111775254
0.981829049611476
1.38051404662283
2.09539748953975
1.02032277346085
0.957083084279737
0.0744769874476987
1.53998804542738
0.789360430364614
5.95851763299462
1.25953377166766
1.40251046025105
1.46849970113568
0.778362223550508
1.18529587567244
1.03407053197848
0.720621637776449
2.67555289898386
1.84793783622236
1.87818290496115
1.25953377166766
1.30627615062762
1.06981470412433
1.21004184100418
1.03956963538554
1.53448894202032
2.15313807531381
0.649133293484758
1.09181111775254
1.44650328750747
1.0148236700538
1.07806335923491
1.15230125523013
0.97907949790795
1.12480573819486
1.24028690974298
1.69946204423192
0.96258218768679
1.06431560071727
2.96700537955768
0.880095636580992
0.948834429169157
1.16604901374776
1.20454273759713
1.22653915122534
0.984578601315003
2.53807531380753
0.940585774058577
1.53998804542738
1.05606694560669
1.14405260011955
0.935086670651524
0.448416019127316
0.866347878063359
2.50508069336521
0.968081291093843
0.869097429766886
1.48224745965332
1.16604901374776
2.83227734608488
1.0258218768679
0.753616258218769
0.935086670651524
1.10005977286312
1.09731022115959
2.17238493723849
0.745367603108189
0.888344291691572
0.893843395098625
0.929587567244471
1.01207411835027
0.506156604901375
0.95433353257621
0.555648535564853
1.11105797967723
1.22928870292887
1.00657501494322
1.03682008368201
1.97441721458458
0.519904363419008
1.07806335923491
0.891093843395099
0.701374775851763
1.0258218768679
1.45475194261805
1.04781829049611
0.992827256425583
0.728870292887029
1.74620442319187
1.42725642558279
0.607890017931859
0.503407053197848
0.998326359832636
0.885594739988045
2.12014345487149
1.88093245666467
2.41434548714883
1.16329946204423
0.451165570830843
1.38051404662283
1.24578601315003
1.39701135684399
0.910340705319785
1.51524208009564
0.891093843395099
2.89276748356246
1.68571428571429
0.770113568439928
1.24028690974298
1.05606694560669
1.4602510460251
2.81303048416019
1.55648535564854
0.673879258816497
1.13580394500897
1.08356246264196
1.98266586969516
1.18804542737597
0.662881052002391
1.22653915122534
1.05331739390317
1.28977884040646
1.3667662881052
1.13580394500897
0.965331739390317
0.97083084279737
2.29611476389719
1.29527794381351
0.684877465630604
1.47674835624626
1.25128511655708
1.34476987447699
1.94692169754931
1.08356246264196
1.7901972504483
2.14763897190675
1.1495517035266
0.907591153616258
1.63622235505081
2.02665869695158
0.866347878063359
1.55098625224148
1.42725642558279
2.56282127913927
1.09731022115959
1.59497907949791
0.893843395098625
1.11655708308428
1.10005977286312
1.1083084279737
0.913090257023311
1.64172145845786
1.22104004781829
1.12205618649133
1.1495517035266
1.03132098027496
1.89742976688583
0.772863120143455
2.15038852361028
0.55839808726838
1.04506873879259
0.715122534369396
1.09456066945607
0.698625224148237
0.660131500298864
1.17429766885834
0.665630603705917
1.39151225343694
1.57023311416617
1.59222952779438
1.26503287507472
1.60322773460849
2.0596533173939
1.67196652719665
1.13030484160191
1.89468021518231
1.17979677226539
2.00191273161984
0.902092050209205
1.2842797369994
6.0602510460251
1.16054991034071
1.2017931858936
0.921338912133891
0.97083084279737
0.95433353257621
2.51332934847579
1.28977884040646
1.19904363419008
0.693126120741183
2.19163179916318
1.67196652719665
2.37035265989241
0.489659294680215
1.92217573221757
2.92301255230126
0.882845188284519
1.01207411835027
1.41075911536163
1.53448894202032
1.0258218768679
0.858099222952779
1.26778242677824
0.808607292289301
1.38601315002989
1.17979677226539
1.2430364614465
1.03956963538554
1.16879856545129
0.948834429169157
1.26778242677824
1.01757322175732
0.866347878063359
0.97083084279737
0.943335325762104
1.49599521817095
1.0670651524208
0.789360430364614
2.47483562462642
0.830603705917513
2.09264793783622
1.21554094441124
1.51249252839211
1.0148236700538
1.40251046025105
0.948834429169157
1.7901972504483
0.662881052002391
1.95791990436342
1.06981470412433
0.921338912133891
1.0258218768679
1.20729228930066
2.56282127913927
1.16329946204423
1.08356246264196
1.16604901374776
0.803108188882247
0.98732815301853
1.43550508069337
1.11655708308428
2.74429169157203
2.92851165570831
1.5427375971309
0.97907949790795
1.41350866706515
1.18254632396892
1.45475194261805
1.36401673640167
0.904841601912732
1.68296473401076
1.82319187089062
0.893843395098625
1.60047818290496
1.63897190675433
0.932337118947998
1.38601315002989
1.02032277346085
1.91117752540347
1.73795576808129
0.684877465630604
1.04781829049611
0.657381948595338
1.2732815301853
3.31619844590556
1.8424387328153
0.891093843395099
0.706873879258816
1.07806335923491
1.22104004781829
1.3255230125523
1.4602510460251
1.64447101016139
1.49599521817095
2.6068141063957
1.20454273759713
0.935086670651524
0.706873879258816
1.21829049611476
2.03490735206216
0.858099222952779
1.45200239091452
1.5729826658697
1.43275552898984
1.33652121936641
1.73795576808129
1.21554094441124
1.08906156604901
0.943335325762104
1.16329946204423
0.973580394500897
1.26228332337119
6.57441721458458
0.929587567244471
0.561147638971907
0.805857740585774
1.82044231918709
1.94692169754931
1.30077704722056
1.04506873879259
1.25128511655708
1.10280932456665
2.12839210998207
0.97907949790795
0.596891811117752
0.803108188882247
1.33377166766288
1.17154811715481
1.48224745965332
0.891093843395099
0.676628810520024
0.805857740585774
1.4080095636581
1.49324566646742
0.863598326359833
1.41350866706515
1.45750149432158
1.15780035863718
3.3821876867902
0.830603705917513
0.539151225343694
0.855349671249253
0.808607292289301
0.0799760908547519
1.11930663478781
1.40526001195457
2.5655708308428
0.517154811715481
0.649133293484758
1.08631201434549
1.57848176927675
0.973580394500897
0.896592946802152
0.838852361028093
1.75720263000598
0.874596533173939
0.8498505678422
1.93317393903168
1.61422594142259
0.990077704722056
1.34751942618051
1.05331739390317
2.16138673042439
1.03956963538554
0.728870292887029
0.992827256425583
1.15230125523013
1.63347280334728
2.49133293484758
1.27603108188882
0.734369396294082
1.22104004781829
1.03132098027496
2.38410041841004
0.847101016138673
0.866347878063359
1.88093245666467
0.55839808726838
1.27603108188882
0.814106395696354
1.08356246264196
1.08356246264196
1.10280932456665
1.21004184100418
3.67089061566049
1.34751942618051
1.07806335923491
0.984578601315003
2.3071129707113
1.03956963538554
0.976329946204423
0.495158398087268
2.0596533173939
0.69587567244471
1.91667662881052
1.7901972504483
1.57023311416617
1.22378959952182
2.13664076509265
1.18529587567244
0.624387328153018
1.24578601315003
0.827854154213987
1.50424387328153
1.46300059772863
4.31703526598924
1.27603108188882
1.13580394500897
1.34476987447699
1.1907949790795
1.5427375971309
1.41350866706515
0.940585774058577
1.19491930663478
1.16054991034071
0.0744769874476987
1.17429766885834
0.858099222952779
1.83419007770472
1.00382546323969
0.610639569635385
1.24578601315003
1.33927077106993
1.1495517035266
1.30352659892409
1.22653915122534
0.789360430364614
0.992827256425583
1.53998804542738
1.43275552898984
0.96258218768679
2.02940824865511
1.31177525403467
0.943335325762104
1.49599521817095
1.15780035863718
4.19330543933054
1.00657501494322
0.926838015540944
0.929587567244471
0.665630603705917
0.976329946204423
1.15230125523013
1.35026897788404
3.22546323968918
0.990077704722056
1.31727435744172
0.684877465630604
2.39234907352062
0.998326359832636
1.89468021518231
1.04231918708906
0.57489539748954
1.06156604901375
1.38601315002989
0.869097429766886
1.28702928870293
1.72695756126718
0.288942020322773
1.26228332337119
1.80669456066946
0.805857740585774
0.902092050209205
1.36401673640167
0.968081291093843
0.893843395098625
1.36126718469815
2.11464435146444
0.899342498505678
1.35851763299462
1.76820083682008
1.4080095636581
0.800358637178721
2.88176927674836
0.902092050209205
1.63622235505081
1.43275552898984
1.21279139270771
1.98816497310221
1.40251046025105
1.71046025104603
0.643634190077705
2.76903765690377
1.23478780633592
1.59222952779438
0.770113568439928
0.698625224148237
1.12755528989839
0.84160191273162
1.25953377166766
0.940585774058577
0.863598326359833
0.354931261207412
1.09181111775254
1.0148236700538
0.913090257023311
1.39701135684399
0.904841601912732
0.596891811117752
0.808607292289301
1.60597728631201
0.67937836222355
1.86993424985057
1.85618649133293
0.651882845188285
0.869097429766886
1.78469814704124
0.624387328153018
0.926838015540944
1.65821876867902
0.951583980872684
1.37776449491931
1.08631201434549
1.42175732217573
1.00657501494322
1.13030484160191
0.649133293484758
1.05606694560669
1.29527794381351
0.808607292289301
0.690376569037657
1.62247459653317
1.27053197848177
2.37585176329946
4.19055588762702
0.517154811715481
1.81219366407651
0.756365809922295
0.877346084877466
1.23753735803945
0.506156604901375
1.68571428571429
1.28977884040646
0.794859533771668
5.01817095038852
1.4602510460251
0.946084877465631
1.63072325164375
1.42450687387926
1.17979677226539
0.723371189479976
2.54357441721458
1.22653915122534
1.28977884040646
0.734369396294082
1.17429766885834
0.992827256425583
1.0258218768679
1.0258218768679
1.24853556485356
0.682127913927077
0.767364016736402
1.77369994022714
1.25128511655708
1.88643156007173
0.462163777644949
1.35576808129109
0.770113568439928
1.44375373580394
0.726120741183503
1.03682008368201
1.51249252839211
3.37118947997609
0.547399880454274
0.877346084877466
1.54823670053796
1.0258218768679
1.16604901374776
0.968081291093843
0.68762701733413
1.07531380753138
1.03682008368201
0.67937836222355
1.66371787208607
0.781111775254035
1.21554094441124
1.84518828451883
0.800358637178721
1.94417214584579
1.18529587567244
1.85618649133293
0.693126120741183
1.06981470412433
1.99641362821279
1.94417214584579
1.17704722056186
0.71237298266587
1.1495517035266
0.618888224745965
1.45475194261805
1.39976090854752
1.13580394500897
1.966168559474
0.737118947997609
0.709623430962343
1.45750149432158
0.97907949790795
0.891093843395099
1.4080095636581
1.77644949193066
0.948834429169157
0.82510460251046
2.0074118350269
1.01757322175732
0.720621637776449
1.30902570233114
0.690376569037657
1.81769276748356
1.13030484160191
1.13580394500897
1.09456066945607
1.28153018529588
1.10280932456665
1.51249252839211
1.07531380753138
1.19904363419008
1.48224745965332
1.06431560071727
1.77369994022714
0.858099222952779
2.36485355648536
1.61972504482965
1.62247459653317
1.25678421996414
1.13580394500897
1.449252839211
2.08439928272564
1.19354453078302
1.77919904363419
1.51799163179916
0.882845188284519
1.2320382546324
1.05606694560669
1.35301852958757
1.59772863120143
2.24387328153019
1.11105797967723
0.583144052600119
2.42259414225941
1.64172145845786
0.943335325762104
1.5427375971309
1.30352659892409
6.79438135086671
0.767364016736402
1.3667662881052
0.800358637178721
1.24853556485356
2.06790197250448
1.20454273759713
2.06790197250448
1.05056784219964
1.16329946204423
0.503407053197848
0.97083084279737
1.18804542737597
1.16329946204423
1.64997011356844
0.82510460251046
1.60597728631201
1.66096832038255
1.85343693962941
0.71237298266587
2.58206814106396
1.4904961147639
0.97083084279737
1.39976090854752
2.09814704124328
0.396174536760311
1.33652121936641
2.40609683203825
1.5427375971309
0.552898983861327
0.616138673042439
1.55373580394501
1.40526001195457
0.594142259414226
1.70358637178721
3.13197848176928
1.13305439330544
1.82594142259414
1.19354453078302
1.26503287507472
0.937836222355051
2.20537955768081
1.25678421996414
1.59497907949791
1.16879856545129
0.803108188882247
0.808607292289301
1.37501494321578
1.25678421996414
1.09731022115959
1.47949790794979
1.26228332337119
2.08714883442917
1.10280932456665
0.973580394500897
0.998326359832636
1.23753735803945
1.72695756126718
0.706873879258816
1.27878063359235
1.35026897788404
0.770113568439928
0.742618051404662
1.30077704722056
2.01566049013748
0.910340705319785
2.62881052002391
1.46300059772863
0.797609085475194
0.775612671846982
1.14130304841602
1.40526001195457
1.90567842199641
1.18804542737597
1.14130304841602
0.96258218768679
1.4904961147639
0.772863120143455
1.09731022115959
1.80394500896593
1.10555887627017
1.38326359832636
0.720621637776449
1.00382546323969
1.39976090854752
1.2320382546324
1.449252839211
0.673879258816497
2.10914524805738
1.10005977286312
0.932337118947998
1.27878063359235
1.11655708308428
1.26228332337119
0.84160191273162
1.46849970113568
1.24578601315003
1.19629408248655
0.973580394500897
1.64447101016139
1.47124925283921
0.844351464435147
1.10555887627017
0.602390914524806
1.1495517035266
0.624387328153018
0.97083084279737
1.35026897788404
1.35301852958757
1.06981470412433
0.618888224745965
1.46300059772863
0.69587567244471
1.39701135684399
0.948834429169157
0.869097429766886
2.14488942020323
1.11655708308428
0.500657501494322
0.68762701733413
3.0412432755529
1.85893604303646
1.30077704722056
0.885594739988045
2.87077106993425
1.36401673640167
0.745367603108189
1.09181111775254
0.803108188882247
0.951583980872684
1.59497907949791
0.668380155409444
1.34202032277346
1.0670651524208
1.02857142857143
1.39426180514047
1.19629408248655
0.525403466826061
2.32635983263598
1.75170352659892
1.03956963538554
1.44650328750747
1.10280932456665
1.88093245666467
0.998326359832636
1.77644949193066
1.60322773460849
1.00382546323969
1.34751942618051
0.866347878063359
1.10005977286312
0.95433353257621
3.76162582187687
0.0992229527794381
1.05056784219964
4.35002988643156
1.82319187089062
0.844351464435147
2.36210400478183
1.2842797369994
0.860848774656306
0.643634190077705
1.63072325164375
1.89742976688583
1.9249252839211
1.30627615062762
0.742618051404662
0.475911536162582
1.45750149432158
0.459414225941423
1.26228332337119
1.85343693962941
0.926838015540944
1.25953377166766
0.772863120143455
1.85068738792588
0.709623430962343
0.819605499103407
0.522653915122534
1.37226539151225
1.05606694560669
1.0258218768679
0.860848774656306
0.847101016138673
1.01757322175732
1.0258218768679
0.275194261805141
1.25128511655708
1.77369994022714
2.24112372982666
1.25128511655708
1.07256425582785
1.98266586969516
1.85343693962941
0.789360430364614
0.951583980872684
0.838852361028093
2.35385534967125
0.723371189479976
0.959832635983264
0.522653915122534
1.03132098027496
2.018410041841
1.16879856545129
1.46300059772863
0.720621637776449
1.42175732217573
1.36951583980873
0.981829049611476
0.946084877465631
1.54823670053796
0.918589360430365
1.83693962940825
1.07256425582785
2.16963538553497
1.15230125523013
1.04231918708906
2.37035265989241
3.43717872086073
1.77644949193066
0.55839808726838
1.53998804542738
0.756365809922295
1.34476987447699
1.0148236700538
1.38876270173341
1.1495517035266
1.14405260011955
1.38326359832636
1.19904363419008
2.39509862522415
0.797609085475194
1.20729228930066
1.53723849372385
1.35576808129109
0.957083084279737
1.53448894202032
1.4602510460251
1.80394500896593
1.07531380753138
1.35301852958757
0.866347878063359
0.665630603705917
0.70412432755529
1.71046025104603
0.915839808726838
0.789360430364614
0.0304841601912732
0.860848774656306
1.34202032277346
1.90017931858936
1.69946204423192
1.85893604303646
1.22378959952182
1.35026897788404
1.04506873879259
0.759115361625822
1.93867304243873
1.08356246264196
1.16879856545129
1.48224745965332
1.04781829049611
1.19354453078302
1.09456066945607
0.98732815301853
1.74070531978482
0.918589360430365
2.26861924686192
0.511655708308428
0.998326359832636
1.65546921697549
1.55373580394501
0.761864913329348
1.15230125523013
1.27878063359235
1.03682008368201
0.830603705917513
0.97083084279737
1.11930663478781
0.860848774656306
1.47124925283921
0.995576808129109
1.18804542737597
1.21829049611476
0.819605499103407
1.22928870292887
1.58947997609085
2.54632396891811
1.55648535564854
1.55648535564854
1.22104004781829
1.71595935445308
1.57848176927675
0.981829049611476
1.25403466826061
1.8011954572624
1.01757322175732
0.995576808129109
0.756365809922295
1.71320980274955
2.43909145248057
0.948834429169157
1.38876270173341
1.03407053197848
1.49599521817095
2.29336521219366
0.860848774656306
1.67196652719665
0.822355050806934
1.92217573221757
0.778362223550508
1.08356246264196
0.855349671249253
1.30077704722056
1.96891811117753
0.42916915720263
0.995576808129109
1.48774656306037
0.882845188284519
1.31727435744172
2.36760310818888
0.860848774656306
1.86993424985057
1.13580394500897
0.624387328153018
2.23012552301255
1.39976090854752
0.484160191273162
2.17513448894202
1.16604901374776
0.885594739988045
1.45750149432158
0.902092050209205
1.13030484160191
1.39426180514047
1.12205618649133
1.00382546323969
1.37226539151225
1.82869097429767
1.45200239091452
0.506156604901375
1.91667662881052
0.811356843992827
2.03215780035864
0.97907949790795
3.80011954572624
0.822355050806934
1.30077704722056
1.02032277346085
2.21362821279139
0.748117154811715
2.71404662283323
1.21279139270771
1.2732815301853
0.913090257023311
1.22378959952182
1.98816497310221
0.709623430962343
1.40526001195457
1.17154811715481
1.39701135684399
1.16329946204423
1.08081291093843
1.19904363419008
1.7489539748954
1.88643156007173
1.18804542737597
0.745367603108189
0.629886431560072
0.998326359832636
0.203705917513449
3.06598924088464
1.33652121936641
1.24853556485356
0.866347878063359
1.37501494321578
1.2732815301853
1.45475194261805
1.59497907949791
0.352181709503885
1.31177525403467
1.02857142857143
1.40251046025105
1.09456066945607
1.6252241482367
1.93867304243873
1.43825463239689
0.885594739988045
0.959832635983264
0.643634190077705
0.827854154213987
1.4080095636581
2.06515242080096
0.984578601315003
17.8283323371189
1.3667662881052
0.830603705917513
1.17704722056186
1.08906156604901
1.13580394500897
1.18529587567244
0.814106395696354
1.56748356246264
2.13114166168559
0.904841601912732
0.926838015540944
1.59222952779438
0.97907949790795
0.95433353257621
1.91667662881052
0.937836222355051
0.888344291691572
0.995576808129109
0.753616258218769
0.599641362821279
1.00657501494322
1.85893604303646
1.37226539151225
1.21829049611476
1.26228332337119
0.786610878661088
1.4080095636581
2.41709503885236
1.03407053197848
1.12205618649133
1.07806335923491
1.22928870292887
1.00382546323969
1.0670651524208
1.53998804542738
1.49599521817095
2.75803945008966
1.27878063359235
0.847101016138673
0.84160191273162
0.536401673640167
0.937836222355051
1.15780035863718
1.1907949790795
1.09181111775254
1.5729826658697
1.69671249252839
1.1083084279737
1.07806335923491
1.45750149432158
0.929587567244471
1.24578601315003
1.55648535564854
2.53807531380753
1.25953377166766
2.2768679019725
1.56473401075912
1.06156604901375
0.863598326359833
1.11105797967723
0.926838015540944
0.610639569635385
1.8836820083682
0.530902570233114
1.45200239091452
0.855349671249253
0.750866706515242
0.789360430364614
0.899342498505678
0.874596533173939
0.97907949790795
1.40526001195457
0.8498505678422
1.58673042438733
0.41267184698147
1.27603108188882
1.00382546323969
0.882845188284519
0.921338912133891
1.31727435744172
1.05881649731022
1.17154811715481
1.38326359832636
0.42916915720263
0.643634190077705
1.02307232516438
1.45750149432158
0.759115361625822
1.6252241482367
0.827854154213987
0.684877465630604
1.70221159593545
1.81769276748356
1.2017931858936
0.968081291093843
2.04590555887627
0.651882845188285
1.00657501494322
1.61422594142259
0.863598326359833
2.00191273161984
1.31727435744172
0.467662881052002
2.02115959354453
0.948834429169157
1.45750149432158
1.27603108188882
1.19904363419008
0.0882247459653317
0.921338912133891
0.885594739988045
1.66096832038255
1.8836820083682
0.789360430364614
1.85068738792588
0.742618051404662
0.129468021518231
4.80095636580992
0.792109982068141
1.5427375971309
1.67746563060371
1.17979677226539
0.533652121936641
3.96509264793784
1.06981470412433
0.761864913329348
1.06156604901375
1.38051404662283
0.918589360430365
0.83335325762104
0.951583980872684
1.39426180514047
1.49599521817095
0.97083084279737
2.01291093843395
0.957083084279737
1.60597728631201
0.935086670651524
0.921338912133891
0.761864913329348
1.30352659892409
1.57573221757322
2.93126120741183
0.580394500896593
0.968081291093843
0.915839808726838
1.7599521817095
1.71320980274955
1.21554094441124
0.577644949193066
1.72695756126718
1.61422594142259
0.717872086072923
1.26503287507472
0.544650328750747
1.15505080693365
1.11105797967723
0.671129707112971
1.10280932456665
0.984578601315003
1.97441721458458
0.737118947997609
1.52074118350269
0.858099222952779
1.25953377166766
1.7187089061566
1.35301852958757
0.940585774058577
1.16604901374776
0.761864913329348
0.726120741183503
0.838852361028093
0.888344291691572
1.22653915122534
1.63347280334728
1.10555887627017
1.06981470412433
1.03132098027496
1.44650328750747
0.750866706515242
1.28702928870293
1.85618649133293
1.73520621637776
1.54823670053796
1.57848176927675
0.822355050806934
1.78744769874477
0.690376569037657
0.649133293484758
1.20729228930066
0.470412432755529
0.910340705319785
0.363179916317992
1.15505080693365
0.990077704722056
1.13580394500897
1.25953377166766
0.891093843395099
1.17704722056186
1.11105797967723
1.13305439330544
2.07615062761506
1.13305439330544
3.14847579199044
0.772863120143455
1.2320382546324
1.52349073520622
7.73747758517633
0.588643156007173
14.6168559473999
1.25403466826061
1.11930663478781
1.45475194261805
0.503407053197848
3.15397489539749
0.8498505678422
0.726120741183503
1.47124925283921
1.2320382546324
0.819605499103407
2.48033472803347
0.698625224148237
2.11739390316796
1.24028690974298
1.31177525403467
1.4904961147639
0.935086670651524
0.976329946204423
2.483084279737
3.19246861924686
1.48499701135684
1.11380753138075
1.13305439330544
0.530902570233114
0.932337118947998
0.68762701733413
1.58947997609085
1.02307232516438
1.85343693962941
4.00083682008368
1.32277346084877
1.61972504482965
1.02032277346085
0.748117154811715
2.08164973102212
0.772863120143455
2.04315600717274
0.97083084279737
0.497907949790795
1.2842797369994
0.671129707112971
2.70854751942618
0.907591153616258
1.27053197848177
1.39426180514047
1.14680215182307
1.23478780633592
0.508906156604901
0.55839808726838
0.640884638374178
1.32827256425583
1.16879856545129
1.5839808726838
2.07065152420801
0.742618051404662
1.26503287507472
0.904841601912732
1.68021518230723
0.503407053197848
1.94967124925284
1.38601315002989
1.68296473401076
1.23478780633592
1.2017931858936
0.847101016138673
1.54823670053796
0.781111775254035
0.95433353257621
0.910340705319785
0.792109982068141
1.35576808129109
0.5501494321578
0.720621637776449
1.21279139270771
0.599641362821279
0.753616258218769
0.789360430364614
1.98266586969516
1.23753735803945
1.19354453078302
0.772863120143455
0.761864913329348
2.15588762701733
0.984578601315003
0.728870292887029
0.893843395098625
1.00107591153616
1.25403466826061
1.3667662881052
1.43825463239689
1.39976090854752
0.500657501494322
0.668380155409444
0.69587567244471
0.541900777047221
0.816855947399881
0.805857740585774
0.654632396891811
0.863598326359833
0.742618051404662
0.786610878661088
1.22378959952182
5.21338912133891
0.404423191870891
1.39426180514047
1.1495517035266
0.682127913927077
1.59222952779438
0.792109982068141
1.46300059772863
0.98732815301853
0.778362223550508
0.836102809324567
0.82510460251046
1.03956963538554
0.55839808726838
1.449252839211
1.2430364614465
1.56748356246264
1.14130304841602
2.31261207411835
1.1495517035266
0.937836222355051
0.797609085475194
1.10555887627017
1.13855349671249
1.1083084279737
1.11655708308428
1.23753735803945
1.03407053197848
0.451165570830843
0.627136879856545
1.11380753138075
1.34476987447699
1.32002390914525
0.70412432755529
1.16329946204423
1.06981470412433
1.33377166766288
1.74620442319187
1.1907949790795
1.26778242677824
1.30077704722056
4.75146443514644
1.0258218768679
1.60322773460849
0.671129707112971
3.01924686192469
1.78744769874477
1.25403466826061
1.01207411835027
0.874596533173939
1.35851763299462
0.885594739988045
1.38601315002989
1.42450687387926
0.786610878661088
1.21554094441124
1.36401673640167
1.88643156007173
1.22104004781829
1.70221159593545
0.772863120143455
1.05056784219964
1.91392707710699
1.19904363419008
2.13664076509265
0.844351464435147
1.17979677226539
0.943335325762104
0.453915122534369
1.68571428571429
2.15863717872086
0.968081291093843
1.05056784219964
0.0744769874476987
1.26228332337119
0.67937836222355
0.97907949790795
1.2320382546324
1.42175732217573
0.794859533771668
0.95433353257621
2.15313807531381
1.09456066945607
1.21279139270771
0.715122534369396
2.67005379557681
2.17238493723849
1.07256425582785
1.45200239091452
0.715122534369396
1.34476987447699
1.29527794381351
0.693126120741183
1.25953377166766
1.10555887627017
1.39151225343694
0.929587567244471
1.00932456664674
0.984578601315003
1.56198445905559
2.43359234907352
0.726120741183503
0.759115361625822
1.62247459653317
0.866347878063359
1.10005977286312
1.43825463239689
1.13030484160191
1.94142259414226
1.63622235505081
1.00657501494322
1.00932456664674
1.99916317991632
1.24578601315003
1.17154811715481
1.26778242677824
1.03407053197848
0.83335325762104
2.03490735206216
1.2842797369994
1.18804542737597
1.40251046025105
2.02665869695158
1.36401673640167
0.915839808726838
1.99916317991632
0.921338912133891
0.915839808726838
1.69396294082487
0.913090257023311
1.71595935445308
1.15780035863718
1.16329946204423
0.981829049611476
1.26915720263001
0.511655708308428
0.706873879258816
0.682127913927077
1.1083084279737
0.313687985654513
2.34285714285714
1.39701135684399
2.70304841601913
1.05056784219964
0.97083084279737
1.31727435744172
0.662881052002391
1.4080095636581
0.855349671249253
0.624387328153018
1.94692169754931
1.61422594142259
0.913090257023311
1.94142259414226
2.0074118350269
0.83335325762104
1.14405260011955
1.32277346084877
1.13305439330544
0.97907949790795
0.866347878063359
0.973580394500897
0.984578601315003
4.99342498505678
1.44375373580394
1.29252839210998
1.67746563060371
1.64997011356844
1.15780035863718
1.49324566646742
1.30352659892409
1.02307232516438
1.32277346084877
1.04506873879259
1.501494321578
1.17154811715481
1.32277346084877
0.671129707112971
1.41075911536163
1.77369994022714
1.05606694560669
1.30902570233114
2.34285714285714
1.63347280334728
1.55648535564854
1.42450687387926
1.74070531978482
1.41625821876868
0.948834429169157
1.03132098027496
1.02032277346085
1.54823670053796
0.572145845786013
1.38601315002989
1.29527794381351
1.68846383741781
1.39976090854752
1.62247459653317
1.29527794381351
1.79844590555888
1.19629408248655
0.627136879856545
0.728870292887029
3.86335923490735
0.915839808726838
1.91942618051405
2.18063359234907
13.9184698147041
1.05881649731022
1.11930663478781
2.16688583383144
0.723371189479976
1.11655708308428
2.1008965929468
0.577644949193066
1.61697549312612
5.30137477585176
0.739868499701136
1.05331739390317
0.902092050209205
0.569396294082486
1.26778242677824
1.33927077106993
0.717872086072923
1.50699342498506
1.30352659892409
2.17788404064555
0.940585774058577
1.30627615062762
1.64997011356844
1.03682008368201
0.808607292289301
0.668380155409444
1.30627615062762
0.42916915720263
1.91942618051405
0.781111775254035
0.594142259414226
1.03132098027496
2.0074118350269
1.98816497310221
1.27603108188882
0.657381948595338
1.45200239091452
0.984578601315003
0.844351464435147
1.37226539151225
1.52624028690974
1.07531380753138
1.02307232516438
1.24853556485356
1.57573221757322
0.668380155409444
0.882845188284519
1.16329946204423
2.53257621040048
1.7599521817095
1.80944411237298
1.49874476987448
0.423670053795577
0.745367603108189
1.36951583980873
1.2017931858936
1.77644949193066
0.83335325762104
1.1495517035266
1.8836820083682
6.62390914524806
1.2842797369994
0.640884638374178
0.748117154811715
1.39151225343694
1.55373580394501
1.13580394500897
1.07256425582785
1.08081291093843
1.04781829049611
6.49742976688583
0.789360430364614
1.91667662881052
0.503407053197848
1.14130304841602
1.32827256425583
0.591392707710699
1.57573221757322
1.03682008368201
1.37776449491931
1.69121338912134
1.07806335923491
1.66921697549313
1.44100418410042
0.852600119545726
1.05056784219964
0.904841601912732
3.02474596533174
1.25403466826061
1.59497907949791
0.97083084279737
1.44100418410042
0.814106395696354
0.715122534369396
1.69671249252839
1.20454273759713
0.789360430364614
1.5729826658697
1.07806335923491
0.877346084877466
1.38051404662283
0.957083084279737
1.47124925283921
1.11380753138075
1.56748356246264
1.04781829049611
1.13580394500897
5.97501494321578
1.08631201434549
0.624387328153018
0.786610878661088
0.976329946204423
1.18529587567244
1.36126718469815
0.585893604303646
1.43275552898984
1.96066945606695
1.00932456664674
1.08081291093843
0.706873879258816
0.808607292289301
0.668380155409444
1.50424387328153
1.35301852958757
1.83419007770472
1.2017931858936
1.54548714883443
0.863598326359833
0.858099222952779
1.66371787208607
0.737118947997609
1.77644949193066
2.90376569037657
1.05331739390317
1.11105797967723
0.723371189479976
1.20454273759713
0.83335325762104
0.640884638374178
1.13305439330544
0.717872086072923
0.778362223550508
1.64997011356844
3.97334130304842
2.15863717872086
1.09456066945607
1.17979677226539
1.03682008368201
1.33377166766288
0.896592946802152
0.792109982068141
0.657381948595338
0.959832635983264
0.778362223550508
1.05331739390317
1.55923490735206
0.968081291093843
0.794859533771668
0.981829049611476
0.709623430962343
2.47483562462642
0.654632396891811
0.995576808129109
1.7077106993425
0.913090257023311
1.77369994022714
1.3255230125523
0.943335325762104
1.09456066945607
1.11380753138075
0.992827256425583
1.01757322175732
0.926838015540944
1.00932456664674
1.08906156604901
1.03407053197848
1.14680215182307
0.844351464435147
1.36401673640167
1.21004184100418
0.794859533771668
1.82044231918709
1.30352659892409
1.41625821876868
1.36951583980873
0.684877465630604
0.500657501494322
3.55265989240885
1.22104004781829
1.47399880454274
1.36951583980873
0.753616258218769
1.66921697549313
1.45475194261805
3.96234309623431
1.24028690974298
1.40526001195457
1.5317393903168
0.57489539748954
1.49324566646742
0.715122534369396
2.27136879856545
0.486909742976688
1.90292887029289
2.62881052002391
1.44100418410042
0.913090257023311
0.97083084279737
0.885594739988045
1.51799163179916
0.97083084279737
1.72970711297071
1.15505080693365
1.26778242677824
2.37035265989241
2.5765690376569
1.03956963538554
2.79653317393903
1.04506873879259
1.33102211595935
0.756365809922295
0.948834429169157
0.929587567244471
1.7901972504483
0.591392707710699
2.41984459055589
1.1083084279737
5.59282725642558
0.772863120143455
0.618888224745965
0.68762701733413
0.753616258218769
2.1421398684997
0.665630603705917
0.968081291093843
1.08356246264196
1.3255230125523
1.94967124925284
1.55098625224148
1.5427375971309
1.02032277346085
1.31177525403467
3.6406455469217
2.65080693365212
0.555648535564853
1.93592349073521
3.27220561864913
1.68296473401076
0.69587567244471
1.73245666467424
1.18804542737597
2.53257621040048
1.66371787208607
1.26503287507472
0.990077704722056
2.16413628212791
0.844351464435147
1.70496114763897
2.67280334728033
0.893843395098625
3.37943813508667
1.36951583980873
1.02857142857143
1.09731022115959
2.03765690376569
0.371428571428571
1.49874476987448
4.06957561267185
0.613389121338912
1.8011954572624
0.561147638971907
1.30627615062762
1.05881649731022
0.847101016138673
1.26228332337119
0.464913329348476
0.778362223550508
0.871846981470413
0.847101016138673
0.800358637178721
0.965331739390317
1.23753735803945
3.18696951583981
2.05690376569038
1.13030484160191
0.594142259414226
0.915839808726838
1.12480573819486
0.783861326957561
1.12755528989839
2.12289300657502
1.21279139270771
1.1083084279737
1.20454273759713
2.3181111775254
1.10555887627017
1.16879856545129
2.30161386730424
0.57489539748954
1.09731022115959
0.616138673042439
1.91942618051405
1.49599521817095
1.8314405260012
1.08356246264196
1.80944411237298
1.15780035863718
1.0258218768679
0.70412432755529
1.27053197848177
1.32827256425583
1.06156604901375
1.30627615062762
1.35301852958757
0.838852361028093
0.473161984459056
0.750866706515242
1.4080095636581
0.929587567244471
2.55457262402869
1.82869097429767
1.51799163179916
0.95433353257621
0.528153018529588
1.25678421996414
1.08906156604901
1.80944411237298
0.852600119545726
1.22653915122534
1.08356246264196
1.16054991034071
0.838852361028093
1.05881649731022
1.32277346084877
1.64997011356844
1.23753735803945
1.21279139270771
0.572145845786013
1.76270173341303
0.830603705917513
0.739868499701136
0.731619844590556
1.39426180514047
1.36126718469815
1.02307232516438
1.25678421996414
0.772863120143455
1.09181111775254
0.473161984459056
0.605140466228332
0.544650328750747
1.72145845786013
1.49599521817095
1.55098625224148
1.5427375971309
0.668380155409444
1.26228332337119
1.14130304841602
1.03407053197848
0.97083084279737
1.61147638971907
1.53448894202032
0.803108188882247
1.57023311416617
1.22104004781829
0.734369396294082
1.63347280334728
1.25678421996414
1.28702928870293
1.45750149432158
1.2732815301853
0.621637776449492
0.748117154811715
0.783861326957561
0.459414225941423
1.2320382546324
1.51249252839211
0.855349671249253
0.946084877465631
1.90842797369994
2.52707710699343
0.585893604303646
1.40526001195457
0.913090257023311
1.05331739390317
0.877346084877466
1.08631201434549
1.07806335923491
1.09181111775254
1.98541542139868
0.616138673042439
2.30436341900777
0.943335325762104
1.90567842199641
1.46575014943216
1.6664674237896
1.13030484160191
1.30352659892409
0.737118947997609
1.36951583980873
1.03132098027496
1.1907949790795
0.580394500896593
2.11739390316796
1.78469814704124
1.3255230125523
0.97083084279737
0.346682606096832
1.27053197848177
1.45200239091452
2.82952779438135
1.46300059772863
1.01757322175732
1.19354453078302
1.95242080095637
0.731619844590556
1.94142259414226
1.35851763299462
0.814106395696354
1.71595935445308
0.940585774058577
1.02032277346085
1.34751942618051
0.544650328750747
1.55923490735206
1.27053197848177
1.34202032277346
1.11655708308428
0.918589360430365
0.717872086072923
1.46300059772863
2.3483562462642
1.36264196054991
1.01207411835027
1.22653915122534
2.04315600717274
0.932337118947998
0.874596533173939
0.750866706515242
0.84160191273162
0.888344291691572
0.893843395098625
2.63430962343096
3.3821876867902
1.89468021518231
8.98577405857741
0.409922295277944
1.68296473401076
1.83968918111178
0.434668260609683
0.984578601315003
0.932337118947998
1.11380753138075
1.46575014943216
0.918589360430365
1.82319187089062
1.15230125523013
1.07531380753138
2.02390914524806
0.984578601315003
0.555648535564853
1.41625821876868
1.16604901374776
0.844351464435147
1.33927077106993
1.17154811715481
0.742618051404662
1.00657501494322
1.50699342498506
0.753616258218769
1.14130304841602
1.0670651524208
1.25128511655708
2.3483562462642
0.770113568439928
0.97083084279737
0.794859533771668
1.12480573819486
1.27878063359235
0.808607292289301
1.46575014943216
1.39976090854752
0.877346084877466
4.83670053795577
1.34751942618051
2.5655708308428
0.904841601912732
1.13030484160191
2.74704124327555
0.563897190675433
1.75170352659892
1.18254632396892
0.665630603705917
1.95242080095637
1.1907949790795
0.610639569635385
0.893843395098625
0.533652121936641
1.0670651524208
0.772863120143455
0.552898983861327
1.03956963538554
1.11655708308428
1.10005977286312
1.11105797967723
0.899342498505678
1.77369994022714
1.27878063359235
0.902092050209205
1.88093245666467
0.855349671249253
0.921338912133891
0.946084877465631
1.59497907949791
0.800358637178721
0.866347878063359
1.16879856545129
0.616138673042439
3.18147041243276
1.35576808129109
1.0670651524208
1.43275552898984
0.720621637776449
1.0148236700538
1.39976090854752
0.981829049611476
1.33652121936641
1.33102211595935
0.921338912133891
1.4080095636581
2.48583383144053
0.706873879258816
1.70221159593545
0.937836222355051
0.800358637178721
3.67638971906754
1.61422594142259
2.2768679019725
0.819605499103407
0.748117154811715
1.16879856545129
0.822355050806934
1.19629408248655
1.03682008368201
1.2017931858936
0.924088463837418
1.39976090854752
1.2320382546324
0.734369396294082
0.42092050209205
1.00382546323969
1.09456066945607
1.53723849372385
1.8314405260012
1.2732815301853
1.61972504482965
2.29886431560072
0.709623430962343
0.528153018529588
0.770113568439928
0.95433353257621
1.17979677226539
6.0904961147639
0.552898983861327
1.22378959952182
1.15780035863718
0.844351464435147
1.23753735803945
0.495158398087268
0.891093843395099
1.46849970113568
1.03682008368201
0.852600119545726
0.866347878063359
1.08356246264196
0.96258218768679
1.41900777047221
1.00657501494322
0.71237298266587
0.596891811117752
1.16604901374776
1.15230125523013
1.42725642558279
0.731619844590556
0.896592946802152
0.976329946204423
0.852600119545726
0.910340705319785
1.45200239091452
1.1495517035266
0.324686192468619
0.794859533771668
1.52349073520622
1.59772863120143
1.43000597728631
2.10364614465033
0.797609085475194
1.44650328750747
0.990077704722056
1.2017931858936
1.30902570233114
0.992827256425583
0.671129707112971
2.38959952181709
1.97166766288105
0.957083084279737
0.827854154213987
0.827854154213987
1.26778242677824
0.786610878661088
1.03682008368201
1.22104004781829
1.10280932456665
0.786610878661088
0.720621637776449
1.41075911536163
1.61697549312612
0.41267184698147
0.786610878661088
0.957083084279737
0.880095636580992
0.896592946802152
1.04231918708906
0.596891811117752
1.66921697549313
1.28153018529588
1.96066945606695
1.23753735803945
1.33927077106993
0.968081291093843
0.902092050209205
1.67471607890018
1.19904363419008
1.07256425582785
1.20729228930066
1.25128511655708
0.731619844590556
1.1083084279737
1.43825463239689
0.811356843992827
1.51524208009564
1.2017931858936
1.66921697549313
0.959832635983264
1.00932456664674
1.11105797967723
1.6664674237896
0.990077704722056
2.46383741781231
2.23287507471608
1.48499701135684
1.35301852958757
1.93592349073521
1.90567842199641
1.03682008368201
0.860848774656306
1.18804542737597
1.43825463239689
1.05331739390317
0.858099222952779
1.1083084279737
1.17704722056186
1.31727435744172
1.07531380753138
1.59772863120143
1.31177525403467
0.844351464435147
1.28977884040646
0.665630603705917
1.24853556485356
0.660131500298864
0.844351464435147
1.70221159593545
1.31727435744172
1.2017931858936
0.885594739988045
2.17513448894202
1.18254632396892
0.819605499103407
1.90017931858936
0.690376569037657
2.45558876270173
1.1083084279737
0.70412432755529
1.33652121936641
1.50699342498506
1.41900777047221
0.591392707710699
2.77178720860729
1.33102211595935
0.511655708308428
1.77644949193066
0.973580394500897
1.5729826658697
0.858099222952779
1.13855349671249
1.00657501494322
1.48499701135684
1.67746563060371
1.5729826658697
0.717872086072923
0.951583980872684
0.671129707112971
0.066228332337119
0.816855947399881
1.11655708308428
1.89193066347878
1.36401673640167
1.33927077106993
0.8498505678422
1.21554094441124
2.26861924686192
1.08906156604901
0.858099222952779
0.866347878063359
0.866347878063359
0.803108188882247
0.992827256425583
1.1907949790795
1.63347280334728
0.0689778840406455
1.00382546323969
1.44375373580394
1.40526001195457
1.07806335923491
1.24853556485356
1.79844590555888
1.28977884040646
1.02032277346085
1.42450687387926
0.913090257023311
0.995576808129109
1.35301852958757
1.2732815301853
0.673879258816497
0.662881052002391
1.38601315002989
4.36652719665272
1.39701135684399
1.55648535564854
1.2320382546324
0.360430364614465
3.06873879258816
0.84160191273162
1.88643156007173
1.16879856545129
1.11655708308428
1.65546921697549
1.27603108188882
2.018410041841
0.896592946802152
1.22653915122534
0.786610878661088
0.888344291691572
0.855349671249253
1.13855349671249
1.08631201434549
1.2017931858936
1.96891811117753
1.0148236700538
1.68846383741781
1.10555887627017
0.352181709503885
1.22378959952182
1.55373580394501
2.07615062761506
1.51799163179916
1.13855349671249
0.904841601912732
1.04506873879259
1.57023311416617
1.07531380753138
0.539151225343694
1.30902570233114
1.36951583980873
1.35576808129109
1.14680215182307
0.937836222355051
0.577644949193066
1.12480573819486
1.41900777047221
0.709623430962343
1.30627615062762
0.500657501494322
1.17704722056186
1.27878063359235
1.00382546323969
0.869097429766886
1.95791990436342
1.49874476987448
1.28977884040646
1.18804542737597
0.995576808129109
0.860848774656306
1.07806335923491
0.67937836222355
2.04315600717274
1.48224745965332
1.89742976688583
0.918589360430365
0.852600119545726
3.33544530783024
0.506156604901375
1.29252839210998
1.25678421996414
1.46300059772863
1.98266586969516
0.902092050209205
1.39426180514047
1.54548714883443
2.05690376569038
1.26228332337119
1.82869097429767
1.47399880454274
0.42916915720263
2.33735803945009
1.32827256425583
0.792109982068141
0.932337118947998
2.46108786610879
1.50974297668858
0.965331739390317
1.03132098027496
1.05606694560669
1.11380753138075
1.09181111775254
0.948834429169157
1.06156604901375
1.3516437537358
1.10005977286312
0.803108188882247
1.67471607890018
1.05606694560669
0.610639569635385
1.10555887627017
1.31177525403467
1.05606694560669
1.33652121936641
1.64997011356844
0.976329946204423
0.965331739390317
1.1083084279737
1.37501494321578
1.23478780633592
1.53448894202032
0.352181709503885
1.43550508069337
1.36951583980873
0.948834429169157
1.19629408248655
1.49324566646742
1.4080095636581
0.981829049611476
2.15588762701733
0.761864913329348
1.84793783622236
0.572145845786013
0.539151225343694
0.640884638374178
1.93867304243873
1.02032277346085
1.0670651524208
0.698625224148237
1.33927077106993
0.984578601315003
1.31177525403467
1.81494321578004
0.731619844590556
0.921338912133891
2.51607890017932
0.71237298266587
1.49324566646742
0.871846981470413
1.22104004781829
0.896592946802152
0.926838015540944
1.5317393903168
0.877346084877466
0.547399880454274
1.30902570233114
3.59115361625822
1.30077704722056
1.13580394500897
1.80669456066946
0.561147638971907
1.43275552898984
1.17154811715481
1.03956963538554
1.19629408248655
1.10280932456665
1.06981470412433
1.09456066945607
1.22104004781829
0.880095636580992
1.36126718469815
0.816855947399881
0.426419605499103
1.86718469814704
1.35026897788404
0.893843395098625
0.937836222355051
1.01207411835027
1.69121338912134
0.492408846383742
3.06873879258816
0.921338912133891
1.76545128511656
3.32719665271966
2.03490735206216
1.34202032277346
1.03132098027496
1.11930663478781
1.27878063359235
1.11930663478781
0.71237298266587
0.943335325762104
1.08081291093843
1.05881649731022
1.13305439330544
1.42725642558279
1.17154811715481
0.803108188882247
2.46658696951584
1.43825463239689
1.98266586969516
0.500657501494322
0.973580394500897
1.43825463239689
1.1907949790795
1.32277346084877
1.59772863120143
1.13580394500897
1.10280932456665
2.32361028093246
0.756365809922295
1.86168559473999
2.18063359234907
1.20454273759713
1.30352659892409
1.46849970113568
0.739868499701136
1.27878063359235
2.96425582785415
1.12205618649133
0.830603705917513
1.0258218768679
0.668380155409444
1.51249252839211
1.33102211595935
0.781111775254035
1.70496114763897
1.34751942618051
0.737118947997609
1.35301852958757
2.46108786610879
1.13030484160191
0.759115361625822
1.2320382546324
1.28977884040646
1.57848176927675
1.1907949790795
1.66921697549313
2.16138673042439
2.37310221159594
0.0442319187089062
1.69396294082487
0.946084877465631
1.07531380753138
0.992827256425583
1.28153018529588
1.44100418410042
1.24028690974298
1.11105797967723
1.29802749551704
1.06981470412433
0.8498505678422
0.775612671846982
1.08356246264196
0.836102809324567
0.676628810520024
0.70412432755529
1.29527794381351
0.918589360430365
0.511655708308428
4.04482964734011
2.4418410041841
1.24853556485356
1.37226539151225
2.95325762104005
0.759115361625822
0.805857740585774
1.48499701135684
1.22928870292887
1.59222952779438
1.09181111775254
1.13305439330544
0.924088463837418
0.860848774656306
1.14130304841602
0.838852361028093
1.16054991034071
2.01016138673042
2.96425582785415
1.3255230125523
2.11189479976091
2.95600717274357
0.976329946204423
1.87543335325762
1.52349073520622
1.49599521817095
2.04590555887627
1.17704722056186
1.40526001195457
1.24028690974298
0.814106395696354
0.990077704722056
0.786610878661088
1.16329946204423
1.59497907949791
1.35851763299462
1.5729826658697
0.690376569037657
1.43275552898984
1.05331739390317
0.830603705917513
1.51799163179916
1.47399880454274
3.64614465032875
0.00848774656306037
2.45008965929468
1.0670651524208
7.87220561864913
1.53998804542738
1.85618649133293
0.792109982068141
1.31315002988643
1.02857142857143
1.33102211595935
0.665630603705917
1.14680215182307
1.69121338912134
2.29886431560072
0.8498505678422
1.57848176927675
1.73795576808129
1.42725642558279
0.871846981470413
1.52624028690974
1.12205618649133
1.27603108188882
1.46575014943216
3.65439330543933
1.77919904363419
1.29802749551704
1.2430364614465
1.18804542737597
1.29252839210998
1.42725642558279
1.61972504482965
1.10005977286312
1.36126718469815
1.24028690974298
1.45200239091452
1.28153018529588
0.506156604901375
0.517154811715481
1.62797369994023
0.827854154213987
1.13305439330544
1.50974297668858
7.4240286909743
1.32277346084877
0.844351464435147
0.605140466228332
1.61422594142259
0.561147638971907
1.501494321578
2.25212193664077
1.86168559473999
0.517154811715481
1.5317393903168
0.915839808726838
0.951583980872684
2.16963538553497
0.682127913927077
0.43741781231321
1.21554094441124
1.65821876867902
1.24853556485356
1.20454273759713
1.30077704722056
2.6178123132098
3.04674237895995
1.56748356246264
1.83693962940825
0.852600119545726
0.783861326957561
1.56198445905559
0.786610878661088
1.25953377166766
1.45475194261805
2.80203227734608
1.00382546323969
0.470412432755529
1.42450687387926
2.26861924686192
1.05606694560669
0.965331739390317
0.673879258816497
1.06981470412433
1.05331739390317
1.14405260011955
1.40251046025105
0.957083084279737
1.31452480573819
1.04231918708906
0.143215780035864
0.998326359832636
0.97907949790795
1.26778242677824
2.2246264196055
1.53723849372385
0.816855947399881
1.30077704722056
1.16879856545129
1.37501494321578
0.500657501494322
1.08631201434549
1.66921697549313
0.852600119545726
0.847101016138673
0.973580394500897
1.2430364614465
1.88918111177525
1.04506873879259
1.57023311416617
1.78469814704124
1.16054991034071
1.85618649133293
1.09181111775254
1.57023311416617
1.21554094441124
0.968081291093843
1.41625821876868
1.3255230125523
0.847101016138673
1.68846383741781
1.17979677226539
7.40753138075314
0.907591153616258
1.33377166766288
1.22928870292887
1.42450687387926
4.26204423191871
1.77095038852361
0.855349671249253
0.563897190675433
0.627136879856545
1.01757322175732
1.28153018529588
1.3667662881052
1.17704722056186
0.95433353257621
1.16054991034071
1.08631201434549
1.36951583980873
1.62797369994023
1.59222952779438
1.25128511655708
1.82594142259414
0.627136879856545
2.63705917513449
1.88918111177525
1.19629408248655
0.968081291093843
1.3255230125523
1.53723849372385
0.84160191273162
1.93042438732815
0.756365809922295
2.15863717872086
0.464913329348476
1.54548714883443
0.885594739988045
0.792109982068141
1.03407053197848
1.25953377166766
1.66921697549313
1.03956963538554
1.26778242677824
0.888344291691572
0.253197848176928
1.7489539748954
0.43741781231321
1.09456066945607
0.910340705319785
0.805857740585774
2.89826658696952
0.869097429766886
0.943335325762104
1.43000597728631
1.06156604901375
0.888344291691572
1.1907949790795
1.38326359832636
0.904841601912732
1.35026897788404
1.9249252839211
1.88918111177525
1.01757322175732
0.737118947997609
0.852600119545726
1.30627615062762
1.14405260011955
0.701374775851763
0.651882845188285
2.03215780035864
0.789360430364614
1.29252839210998
1.2017931858936
0.819605499103407
1.59497907949791
1.7901972504483
1.09181111775254
1.82044231918709
1.58673042438733
0.951583980872684
1.06156604901375
0.973580394500897
2.14763897190675
1.5729826658697
4.5095038852361
1.26778242677824
2.24112372982666
1.2320382546324
1.0670651524208
1.32277346084877
1.44375373580394
1.28977884040646
2.07615062761506
1.5317393903168
0.745367603108189
2.78828451882845
0.539151225343694
3.00274955170353
1.00932456664674
1.03407053197848
1.5839808726838
0.70412432755529
1.43275552898984
1.5427375971309
0.866347878063359
0.426419605499103
2.55457262402869
1.38051404662283
1.47124925283921
0.544650328750747
1.79569635385535
1.16329946204423
1.03407053197848
0.968081291093843
1.43550508069337
3.32994620442319
1.72695756126718
1.7077106993425
1.77919904363419
1.03407053197848
3.06049013747759
1.14680215182307
2.01566049013748
1.04506873879259
2.0074118350269
0.973580394500897
1.09456066945607
2.32361028093246
1.69396294082487
4.17680812910938
1.58947997609085
0.951583980872684
1.22104004781829
1.67471607890018
1.97716676628811
0.847101016138673
1.11930663478781
1.3667662881052
2.17513448894202
1.09456066945607
1.13855349671249
3.22271368798565
1.08081291093843
1.52349073520622
0.827854154213987
0.844351464435147
0.539151225343694
1.07806335923491
0.728870292887029
1.16879856545129
1.31452480573819
2.10364614465033
1.27603108188882
1.35851763299462
4.25929468021518
0.84160191273162
1.50974297668858
1.75720263000598
0.951583980872684
1.56748356246264
1.00657501494322
1.14130304841602
0.775612671846982
1.34476987447699
1.2320382546324
0.902092050209205
1.66371787208607
1.82869097429767
0.761864913329348
1.30352659892409
1.20454273759713
0.764614465032875
1.90292887029289
0.885594739988045
0.805857740585774
1.94142259414226
1.67196652719665
0.745367603108189
1.2017931858936
0.918589360430365
1.60597728631201
0.860848774656306
0.745367603108189
1.14130304841602
0.844351464435147
0.918589360430365
0.671129707112971
1.32002390914525
2.19988045427376
0.242199641362821
0.995576808129109
1.04506873879259
3.07423789599522
0.860848774656306
1.08356246264196
0.70412432755529
2.37310221159594
1.27878063359235
1.67196652719665
0.95433353257621
0.893843395098625
1.38051404662283
0.588643156007173
1.32277346084877
1.43000597728631
1.33377166766288
1.02307232516438
1.17979677226539
1.02032277346085
0.995576808129109
0.860848774656306
1.03407053197848
5.88153018529587
0.96258218768679
1.04506873879259
0.877346084877466
2.55732217573222
1.45475194261805
1.10280932456665
1.35576808129109
1.74620442319187
1.77644949193066
2.58206814106396
1.77369994022714
1.2732815301853
1.22653915122534
1.52624028690974
1.29252839210998
1.80394500896593
1.68571428571429
0.649133293484758
0.929587567244471
0.827854154213987
1.69121338912134
1.28977884040646
0.940585774058577
1.22104004781829
1.00382546323969
0.943335325762104
1.22928870292887
1.12480573819486
1.69671249252839
0.459414225941423
1.57573221757322
