1.60047818290496
1.20454273759713
1.41900777047221
1.0258218768679
0.811356843992827
1.35576808129109
1.11655708308428
2.27961745367603
1.88643156007173
1.13580394500897
0.913090257023311
2.45833831440526
2.02665869695158
2.46658696951584
1.24578601315003
2.21912731619845
2.37310221159594
2.33185893604304
2.00191273161984
1.80669456066946
0.951583980872684
1.19354453078302
1.4602510460251
2.96700537955768
3.57190675433353
2.29061566049014
1.15230125523013
1.7901972504483
1.45200239091452
2.32361028093246
1.22378959952182
1.26778242677824
2.26312014345487
1.01207411835027
1.53448894202032
1.56473401075912
1.37776449491931
1.77095038852361
0.893843395098625
0.965331739390317
1.63072325164375
4.82020322773461
0.514405260011955
1.02032277346085
2.05140466228332
0.926838015540944
1.67471607890018
1.06431560071727
2.96975493126121
1.41625821876868
1.36126718469815
1.72970711297071
1.25953377166766
1.30627615062762
1.77095038852361
1.22104004781829
0.684877465630604
2.69205020920502
1.61972504482965
2.09814704124328
1.94142259414226
1.41350866706515
1.12205618649133
4.7157202630006
1.56198445905559
4.95218170950388
1.46849970113568
1.14680215182307
1.86168559473999
0.995576808129109
0.814106395696354
1.03956963538554
1.56748356246264
2.15038852361028
1.71595935445308
1.81494321578004
0.97083084279737
1.49874476987448
2.17238493723849
2.84327555289898
0.888344291691572
1.47399880454274
2.02115959354453
4.10531978481769
1.57848176927675
1.63897190675433
3.7341303048416
2.07890017931859
2.13939031679617
1.57023311416617
1.36401673640167
1.19904363419008
2.35110579796772
1.03407053197848
1.30627615062762
1.50424387328153
1.76270173341303
2.51057979677227
1.36401673640167
1.501494321578
1.80669456066946
1.61422594142259
1.21554094441124
1.55923490735206
1.83968918111178
1.33377166766288
1.78744769874477
1.92767483562463
2.49683203825463
1.63347280334728
1.97441721458458
2.21912731619845
1.6664674237896
1.45750149432158
1.57848176927675
0.82510460251046
1.24578601315003
1.16329946204423
2.20263000597729
1.42725642558279
2.43084279736999
2.47208607292289
1.35851763299462
0.863598326359833
0.891093843395099
1.07256425582785
1.52074118350269
1.43000597728631
1.91667662881052
0.935086670651524
1.25403466826061
3.29695158398087
0.866347878063359
2.43634190077705
1.1083084279737
2.33460848774656
1.45475194261805
1.52349073520622
1.72420800956366
1.50424387328153
2.62056186491333
1.24853556485356
0.995576808129109
1.24853556485356
1.52074118350269
1.45200239091452
2.20812910938434
1.52074118350269
1.17154811715481
1.47399880454274
2.05690376569038
1.16054991034071
1.4080095636581
0.888344291691572
2.04590555887627
3.07148834429169
0.896592946802152
1.30627615062762
0.948834429169157
1.35301852958757
1.51524208009564
1.2842797369994
1.58123132098028
1.73245666467424
0.998326359832636
1.13580394500897
1.52624028690974
1.33377166766288
1.33652121936641
1.46300059772863
1.29802749551704
1.64722056186491
2.57931858936043
0.913090257023311
1.05881649731022
4.02283323371189
2.02390914524806
1.22653915122534
0.984578601315003
3.13197848176928
1.79844590555888
1.15230125523013
1.30902570233114
0.8498505678422
1.39151225343694
2.23837417812313
2.13939031679617
1.68296473401076
4.13281530185296
0.44566646742379
7.2068141063957
3.06598924088464
1.15505080693365
0.753616258218769
2.3593544530783
1.72970711297071
1.18804542737597
1.25678421996414
2.32361028093246
1.42450687387926
2.59581589958159
1.85068738792588
1.65271966527197
1.44100418410042
1.88643156007173
3.37943813508667
1.77095038852361
1.54548714883443
2.49133293484758
1.10280932456665
1.5729826658697
0.910340705319785
1.26503287507472
2.54907352062164
1.36401673640167
2.12564255827854
1.22928870292887
1.86718469814704
1.86443514644351
1.10005977286312
1.90017931858936
1.52624028690974
1.55923490735206
2.42809324566647
1.58947997609085
3.90185295875672
0.858099222952779
0.926838015540944
1.70496114763897
1.58123132098028
1.64997011356844
0.398924088463837
1.07806335923491
1.3255230125523
2.07890017931859
0.899342498505678
1.74070531978482
1.43550508069337
1.78744769874477
1.01207411835027
1.93867304243873
0.836102809324567
1.16604901374776
1.37226539151225
0.852600119545726
1.08081291093843
1.90017931858936
0.858099222952779
1.3255230125523
2.82677824267782
1.2017931858936
2.31261207411835
2.17788404064555
1.28702928870293
2.16413628212791
0.913090257023311
3.80561864913329
0.907591153616258
1.28153018529588
1.30902570233114
2.52982665869695
1.58123132098028
0.737118947997609
1.0258218768679
2.36210400478183
1.8011954572624
2.46383741781231
0.797609085475194
1.10555887627017
1.13030484160191
1.00107591153616
3.76437537358039
1.44650328750747
1.70496114763897
1.55373580394501
1.53448894202032
1.0258218768679
1.57848176927675
0.827854154213987
0.797609085475194
0.866347878063359
1.82869097429767
1.449252839211
1.47399880454274
1.86168559473999
1.14680215182307
2.55457262402869
1.51524208009564
1.80944411237298
1.76820083682008
1.28153018529588
1.64722056186491
1.55648535564854
1.45750149432158
1.0148236700538
1.88918111177525
2.55182307232516
2.7415421398685
1.32827256425583
2.61506276150628
1.89193066347878
2.13389121338912
2.43359234907352
2.39784817692767
2.18613269575613
1.39151225343694
1.26503287507472
1.38326359832636
1.22104004781829
1.80944411237298
1.50699342498506
1.92217573221757
1.75170352659892
1.17979677226539
2.35385534967125
1.07806335923491
1.08356246264196
1.87268380155409
2.30436341900777
1.38051404662283
1.2732815301853
2.49133293484758
1.65271966527197
1.62797369994023
1.20454273759713
1.76545128511656
2.30161386730424
1.17154811715481
1.60047818290496
3.4234309623431
1.52898983861327
1.22104004781829
1.81494321578004
1.20454273759713
1.99091452480574
1.40251046025105
1.7077106993425
1.80944411237298
0.772863120143455
0.00848774656306037
1.2430364614465
0.904841601912732
1.73520621637776
1.93042438732815
1.27603108188882
0.0442319187089062
1.97716676628811
1.05056784219964
1.06156604901375
1.07531380753138
1.55373580394501
6.91261207411835
0.753616258218769
1.5839808726838
0.915839808726838
1.11655708308428
1.11930663478781
1.08356246264196
1.19354453078302
1.72145845786013
2.67005379557681
1.2430364614465
1.41900777047221
2.12289300657502
3.07148834429169
0.932337118947998
1.2732815301853
1.39426180514047
1.76820083682008
1.53448894202032
1.77919904363419
1.66921697549313
2.26037059175134
2.02940824865511
1.58673042438733
2.45008965929468
2.86802151823072
1.34476987447699
1.09731022115959
1.41900777047221
1.19354453078302
1.91117752540347
1.35301852958757
1.30077704722056
3.31894799760909
1.16879856545129
1.18254632396892
2.0486551105798
1.44375373580394
3.50866706515242
2.13389121338912
1.08631201434549
0.965331739390317
1.17704722056186
1.41350866706515
1.31177525403467
1.34751942618051
1.13030484160191
0.973580394500897
3.75337716676629
1.21829049611476
1.37776449491931
2.26037059175134
1.93867304243873
1.26778242677824
2.08714883442917
2.07340107591154
1.3667662881052
1.48774656306037
1.33102211595935
1.1907949790795
1.46575014943216
1.02857142857143
1.28153018529588
0.717872086072923
1.26228332337119
1.21554094441124
0.921338912133891
1.66921697549313
0.0442319187089062
1.69396294082487
1.07256425582785
1.12480573819486
1.39976090854752
1.63347280334728
0.907591153616258
1.59497907949791
1.19354453078302
1.27603108188882
1.501494321578
2.16963538553497
1.82044231918709
1.17429766885834
1.60047818290496
1.31177525403467
1.33102211595935
1.77095038852361
1.63072325164375
4.94668260609683
2.12289300657502
2.33460848774656
1.47124925283921
2.54357441721458
0.68762701733413
1.46575014943216
1.61422594142259
1.30077704722056
1.23478780633592
2.19988045427376
1.47124925283921
3.81936640765093
0.932337118947998
1.86443514644351
1.25678421996414
1.7901972504483
2.29336521219366
3.22821279139271
0.866347878063359
0.981829049611476
1.47124925283921
0.995576808129109
1.64172145845786
1.53723849372385
0.786610878661088
0.943335325762104
1.18254632396892
1.77095038852361
1.95791990436342
1.86168559473999
0.910340705319785
0.915839808726838
1.47399880454274
1.0148236700538
1.74345487148834
1.42450687387926
1.22653915122534
1.66921697549313
2.01291093843395
1.34476987447699
2.46108786610879
1.91392707710699
1.25403466826061
2.49683203825463
1.04231918708906
0.871846981470413
0.673879258816497
1.41350866706515
2.13114166168559
1.33652121936641
0.943335325762104
1.18804542737597
1.72145845786013
1.56198445905559
1.21829049611476
2.50508069336521
1.55648535564854
1.72695756126718
2.11189479976091
1.9249252839211
1.07256425582785
1.57848176927675
1.88918111177525
1.30352659892409
1.21279139270771
1.88918111177525
1.41075911536163
0.957083084279737
2.38959952181709
1.85068738792588
1.50424387328153
0.896592946802152
1.7599521817095
2.30161386730424
1.13305439330544
2.18888224745965
1.09456066945607
1.0670651524208
1.2732815301853
0.946084877465631
1.93592349073521
1.34751942618051
3.01924686192469
1.02032277346085
2.57381948595338
2.18613269575613
2.00191273161984
2.58481769276748
1.84518828451883
1.39976090854752
1.00932456664674
1.18804542737597
1.4904961147639
4.23729826658697
1.02307232516438
1.15505080693365
1.20454273759713
1.4904961147639
1.85893604303646
1.37501494321578
1.09181111775254
1.26503287507472
0.96258218768679
1.37776449491931
1.54823670053796
0.968081291093843
2.15588762701733
1.67196652719665
1.29527794381351
0.885594739988045
2.13114166168559
2.66730424387328
1.08631201434549
1.19904363419008
1.26228332337119
1.03407053197848
4.30878661087866
1.32002390914525
1.80394500896593
0.96258218768679
1.53998804542738
1.45200239091452
2.80478182904961
1.57573221757322
1.12205618649133
1.51249252839211
2.54907352062164
0.294441123729827
1.62247459653317
1.63622235505081
0.739868499701136
2.96975493126121
1.91117752540347
2.55457262402869
1.12205618649133
1.66921697549313
1.68846383741781
2.12014345487149
1.32277346084877
1.80944411237298
0.585893604303646
1.69396294082487
1.24028690974298
1.2320382546324
2.13114166168559
0.783861326957561
1.21279139270771
1.60597728631201
1.64172145845786
4.1163179916318
0.827854154213987
2.35660490137478
2.29061566049014
1.58123132098028
3.70663478780634
2.19438135086671
6.62390914524806
2.31536162582188
2.95325762104005
1.55923490735206
0.877346084877466
4.22355050806934
1.90567842199641
2.01016138673042
1.64997011356844
4.69647340107591
1.18529587567244
0.511655708308428
1.88918111177525
1.83419007770472
1.46575014943216
2.04040645546922
0.948834429169157
4.99892408846384
1.72145845786013
7.03359234907352
1.02857142857143
2.19163179916318
1.05331739390317
1.21279139270771
3.73138075313808
1.03132098027496
1.81769276748356
1.06431560071727
1.16604901374776
0.814106395696354
1.56473401075912
1.27878063359235
1.17154811715481
1.66371787208607
1.21004184100418
1.31177525403467
1.39151225343694
5.46909742976688
1.47949790794979
1.18254632396892
1.52349073520622
1.25678421996414
2.17238493723849
1.5427375971309
1.52898983861327
1.38051404662283
1.02857142857143
0.899342498505678
1.81769276748356
1.88643156007173
0.866347878063359
0.885594739988045
1.22653915122534
1.2842797369994
0.893843395098625
1.25678421996414
34.2459653317394
4.22080095636581
2.25762104004782
2.13114166168559
0.803108188882247
1.61422594142259
1.38876270173341
1.89742976688583
0.97907949790795
2.11189479976091
0.852600119545726
2.27136879856545
1.51799163179916
0.346682606096832
0.913090257023311
3.55265989240885
3.58015540944411
1.6664674237896
1.14405260011955
3.54716078900179
3.77262402869097
2.535325762104
1.6664674237896
1.12205618649133
1.30902570233114
1.45200239091452
2.12839210998207
1.09181111775254
1.0148236700538
1.8836820083682
1.70496114763897
1.98266586969516
1.18254632396892
1.17429766885834
1.55098625224148
1.24578601315003
1.86993424985057
1.39701135684399
0.957083084279737
1.44650328750747
1.60322773460849
0.792109982068141
1.65821876867902
0.946084877465631
0.83335325762104
2.31536162582188
1.43000597728631
1.74620442319187
1.6252241482367
1.45750149432158
1.18254632396892
2.11189479976091
3.29145248057382
2.1833831440526
1.92767483562463
2.20812910938434
0.869097429766886
1.27878063359235
1.91117752540347
1.69396294082487
1.25128511655708
0.786610878661088
1.35851763299462
1.34751942618051
1.12205618649133
2.24112372982666
1.67746563060371
1.81219366407651
1.7599521817095
2.12289300657502
0.69587567244471
1.7599521817095
1.50424387328153
1.96066945606695
1.97716676628811
2.34285714285714
2.0898983861327
1.13855349671249
1.36951583980873
1.85343693962941
2.29061566049014
1.3255230125523
1.85893604303646
1.37226539151225
1.51524208009564
2.38684997011357
1.00382546323969
1.32277346084877
1.29802749551704
1.50974297668858
1.04231918708906
1.48499701135684
2.16413628212791
0.937836222355051
0.902092050209205
0.896592946802152
1.40526001195457
1.27878063359235
1.80944411237298
2.37310221159594
2.22737597130903
1.2732815301853
1.25953377166766
1.38876270173341
1.20729228930066
1.87268380155409
2.35385534967125
2.01016138673042
1.14405260011955
1.52349073520622
1.08906156604901
1.52349073520622
1.46575014943216
1.87543335325762
1.11105797967723
1.43550508069337
1.58947997609085
1.89742976688583
1.5427375971309
0.701374775851763
1.61422594142259
2.32086072922893
1.08081291093843
1.82044231918709
1.59772863120143
1.49874476987448
1.38326359832636
1.61147638971907
2.12839210998207
1.18529587567244
0.0304841601912732
1.40526001195457
1.7599521817095
2.72229527794381
1.27878063359235
1.37226539151225
2.30986252241482
1.39701135684399
1.02032277346085
1.11105797967723
1.39976090854752
2.19713090257023
1.82044231918709
1.68296473401076
1.13580394500897
1.78744769874477
1.07806335923491
1.07531380753138
2.34560669456067
2.18063359234907
0.891093843395099
1.73245666467424
1.2017931858936
0.937836222355051
1.99641362821279
1.02032277346085
2.29336521219366
1.59222952779438
1.45750149432158
1.8424387328153
2.24662283323371
1.46849970113568
1.50699342498506
1.16879856545129
1.74345487148834
1.73520621637776
0.874596533173939
1.3255230125523
1.99091452480574
0.654632396891811
1.50974297668858
1.47399880454274
1.501494321578
1.25953377166766
1.06156604901375
0.786610878661088
1.22378959952182
1.03132098027496
1.94417214584579
4.25929468021518
2.55457262402869
1.15505080693365
1.30352659892409
2.01016138673042
2.535325762104
1.77095038852361
2.33735803945009
1.19904363419008
3.96784219964136
1.61697549312612
1.31177525403467
2.24112372982666
1.05606694560669
1.29252839210998
0.816855947399881
2.6178123132098
1.18254632396892
1.84518828451883
1.28153018529588
2.41159593544531
1.36951583980873
3.27220561864913
2.10914524805738
2.40884638374178
2.23287507471608
1.52074118350269
1.73520621637776
2.13389121338912
0.885594739988045
0.00298864315600717
2.09814704124328
0.902092050209205
0.957083084279737
1.16054991034071
0.940585774058577
9.80239091452481
0.943335325762104
1.03407053197848
0.990077704722056
2.59306634787806
1.71320980274955
2.18613269575613
3.83586371787209
0.946084877465631
1.28702928870293
1.33927077106993
2.16963538553497
2.08714883442917
1.79294680215182
2.16413628212791
1.22104004781829
0.893843395098625
1.42175732217573
1.1495517035266
1.15505080693365
1.72420800956366
1.63347280334728
1.69396294082487
1.49324566646742
1.71046025104603
2.25487148834429
1.73245666467424
2.10639569635386
0.717872086072923
2.56282127913927
1.23478780633592
1.35576808129109
2.18613269575613
2.51607890017932
3.68738792588165
2.78828451882845
1.29527794381351
1.46849970113568
1.61697549312612
2.01016138673042
0.646383741781231
1.84518828451883
1.19354453078302
1.50424387328153
1.56198445905559
0.104722056186491
1.04231918708906
0.863598326359833
1.61147638971907
2.26861924686192
1.43275552898984
1.16054991034071
1.00107591153616
1.36951583980873
1.03956963538554
1.17429766885834
1.06431560071727
1.41625821876868
0.874596533173939
1.34476987447699
2.73604303646145
1.32277346084877
1.25128511655708
2.37310221159594
1.72145845786013
2.46383741781231
1.24028690974298
1.27053197848177
2.06790197250448
3.27770472205619
1.72420800956366
1.64997011356844
1.14130304841602
1.44650328750747
1.16604901374776
1.82594142259414
2.15313807531381
1.71320980274955
2.03765690376569
2.24662283323371
0.866347878063359
2.37310221159594
1.33377166766288
1.49599521817095
1.10005977286312
1.03407053197848
0.800358637178721
1.87268380155409
2.62056186491333
1.58123132098028
2.43084279736999
1.87268380155409
1.72695756126718
0.96258218768679
1.78469814704124
0.891093843395099
1.08631201434549
1.41350866706515
1.58123132098028
5.3151225343694
1.73245666467424
2.3593544530783
1.74345487148834
0.899342498505678
1.11930663478781
2.16963538553497
2.29611476389719
1.27053197848177
0.673879258816497
1.04781829049611
1.46300059772863
0.98732815301853
1.79569635385535
1.74620442319187
1.60872683801554
1.09181111775254
1.75445307830245
1.90292887029289
1.26503287507472
1.23753735803945
1.84518828451883
2.18063359234907
1.07806335923491
0.71237298266587
1.57573221757322
1.42175732217573
1.65821876867902
1.62247459653317
1.51799163179916
1.15230125523013
2.03215780035864
1.65821876867902
2.12289300657502
1.52624028690974
1.32827256425583
1.73795576808129
1.85893604303646
1.49874476987448
1.38326359832636
2.03765690376569
2.12564255827854
1.71595935445308
0.926838015540944
1.75170352659892
1.26778242677824
1.79294680215182
2.08164973102212
1.24853556485356
2.3483562462642
1.43275552898984
1.25953377166766
1.39701135684399
1.49599521817095
1.96066945606695
2.04315600717274
1.36126718469815
0.55839808726838
1.03132098027496
1.52349073520622
6.03000597728631
2.41159593544531
1.07806335923491
1.63897190675433
0.899342498505678
1.59772863120143
1.09731022115959
0.814106395696354
1.66096832038255
1.75170352659892
2.19438135086671
1.21004184100418
1.56198445905559
1.30077704722056
2.06790197250448
2.38684997011357
0.816855947399881
1.27190675433353
2.68380155409444
2.69479976090855
1.26228332337119
1.55373580394501
1.08081291093843
1.08356246264196
1.04231918708906
1.22104004781829
1.59222952779438
3.0934847579199
1.42725642558279
1.69121338912134
1.31452480573819
0.808607292289301
2.38684997011357
1.1083084279737
2.16138673042439
1.50699342498506
2.37310221159594
1.28153018529588
1.70496114763897
2.28236700537956
1.54548714883443
1.36126718469815
1.35026897788404
0.643634190077705
0.943335325762104
1.85618649133293
3.5581589958159
1.85893604303646
1.2732815301853
1.21554094441124
0.852600119545726
4.44901374775852
1.64447101016139
1.25953377166766
1.1495517035266
1.87543335325762
1.25403466826061
1.32827256425583
1.7489539748954
1.39701135684399
1.18529587567244
1.48774656306037
1.99366407650926
0.984578601315003
1.51799163179916
1.56473401075912
1.09731022115959
0.528153018529588
1.25953377166766
1.61972504482965
1.77095038852361
1.15780035863718
5.07866108786611
1.14680215182307
1.43825463239689
1.42175732217573
1.2017931858936
1.2732815301853
1.91942618051405
1.69121338912134
1.17704722056186
0.874596533173939
1.43000597728631
1.3255230125523
1.31452480573819
1.5729826658697
1.52624028690974
2.07615062761506
1.46849970113568
1.93592349073521
1.32827256425583
0.929587567244471
1.966168559474
1.43550508069337
5.93927077106993
1.36401673640167
0.98732815301853
1.68021518230723
1.91392707710699
2.36485355648536
1.83419007770472
2.06515242080096
1.68571428571429
1.3667662881052
1.94967124925284
0.957083084279737
4.46001195457262
0.660131500298864
1.62797369994023
1.68296473401076
0.250448296473401
1.94142259414226
2.20263000597729
1.27878063359235
1.03407053197848
1.75445307830245
1.77095038852361
1.74070531978482
1.76545128511656
1.55923490735206
1.33102211595935
2.04590555887627
2.18888224745965
1.40251046025105
0.737118947997609
1.12480573819486
1.40251046025105
1.76545128511656
1.77644949193066
1.24578601315003
3.11823072325164
1.21829049611476
1.36951583980873
1.76820083682008
1.40251046025105
1.68296473401076
2.42534369396294
1.45750149432158
2.71404662283323
1.11105797967723
1.63072325164375
2.35660490137478
4.28679019725045
1.26778242677824
1.90017931858936
2.01291093843395
1.52624028690974
0.858099222952779
5.24913329348476
1.14130304841602
1.95791990436342
1.87268380155409
3.76712492528392
1.04506873879259
1.63622235505081
1.10280932456665
0.750866706515242
0.665630603705917
1.29527794381351
2.09264793783622
1.42725642558279
0.599641362821279
4.29778840406455
0.97907949790795
1.8314405260012
2.25212193664077
2.93401075911536
0.924088463837418
1.5839808726838
1.26503287507472
1.60047818290496
2.03490735206216
1.21829049611476
1.91392707710699
1.22928870292887
1.5839808726838
1.19904363419008
1.39151225343694
4.76246264196055
1.48499701135684
1.68571428571429
3.32169754931261
2.89276748356246
0.902092050209205
1.41625821876868
1.35576808129109
1.24578601315003
2.70579796772265
1.28702928870293
1.4904961147639
1.75170352659892
1.23478780633592
1.43000597728631
2.99725044829647
1.34751942618051
1.24578601315003
0.902092050209205
0.893843395098625
7.55600717274357
4.46001195457262
1.13855349671249
1.63347280334728
2.62056186491333
0.767364016736402
1.09181111775254
1.99641362821279
1.59222952779438
2.94775851763299
5.19689181111775
0.943335325762104
0.803108188882247
1.47949790794979
0.858099222952779
1.77369994022714
0.682127913927077
0.869097429766886
2.17238493723849
1.82044231918709
2.16963538553497
0.816855947399881
2.20812910938434
1.15780035863718
0.830603705917513
1.59222952779438
1.449252839211
1.85481171548117
2.07065152420801
1.00382546323969
2.50233114166169
1.56748356246264
2.24112372982666
0.97083084279737
1.94967124925284
1.46575014943216
2.10364614465033
1.31452480573819
1.81769276748356
1.81219366407651
1.99641362821279
0.946084877465631
1.91942618051405
1.22653915122534
1.06156604901375
2.88726838015541
1.94142259414226
1.51799163179916
2.03490735206216
1.25403466826061
1.22104004781829
1.05331739390317
1.93317393903168
0.877346084877466
2.30436341900777
1.50699342498506
2.30986252241482
1.57573221757322
1.57023311416617
1.46575014943216
3.35744172145846
1.48774656306037
1.39701135684399
2.08714883442917
1.41075911536163
1.07806335923491
0.96258218768679
1.85893604303646
2.65355648535565
1.96891811117753
0.948834429169157
1.36951583980873
1.33102211595935
0.990077704722056
1.40526001195457
1.5839808726838
1.96341900777047
2.45558876270173
0.858099222952779
0.104722056186491
1.08631201434549
1.93592349073521
2.38135086670652
1.52624028690974
1.10280932456665
0.814106395696354
1.74345487148834
1.33102211595935
1.00932456664674
1.48499701135684
2.15038852361028
1.77095038852361
1.13580394500897
1.64997011356844
1.27603108188882
1.22653915122534
1.19629408248655
1.37776449491931
1.25128511655708
2.23287507471608
1.38601315002989
1.53723849372385
1.7599521817095
1.33102211595935
1.58947997609085
1.55373580394501
1.37226539151225
0.885594739988045
1.41350866706515
2.28236700537956
2.33185893604304
1.62247459653317
1.07531380753138
1.7599521817095
0.772863120143455
1.3667662881052
1.48224745965332
1.35576808129109
1.39976090854752
1.88505678421996
3.18421996413628
2.09264793783622
1.11655708308428
1.06981470412433
1.93867304243873
1.47674835624626
1.09731022115959
2.18888224745965
1.03407053197848
2.69479976090855
3.31894799760909
3.08798565451285
0.97907949790795
1.22104004781829
1.88093245666467
1.63897190675433
1.28702928870293
1.68846383741781
1.2017931858936
1.29252839210998
1.84793783622236
1.82319187089062
1.5839808726838
2.00191273161984
1.15230125523013
1.54823670053796
1.26228332337119
0.95433353257621
1.50424387328153
0.165212193664077
3.08798565451285
2.00191273161984
1.03682008368201
1.95791990436342
1.85893604303646
2.16138673042439
1.59222952779438
1.47124925283921
1.00932456664674
1.89742976688583
1.21829049611476
0.855349671249253
1.13855349671249
1.36126718469815
1.94417214584579
0.814106395696354
0.937836222355051
1.5839808726838
1.47674835624626
1.2017931858936
1.51249252839211
2.11189479976091
1.19904363419008
1.85068738792588
1.20729228930066
1.04231918708906
1.48774656306037
1.86168559473999
1.97166766288105
1.68296473401076
1.52349073520622
4.66072922893007
1.26503287507472
1.19629408248655
0.783861326957561
1.0258218768679
2.25487148834429
1.24578601315003
1.03407053197848
1.29527794381351
1.47399880454274
2.10914524805738
1.55648535564854
0.910340705319785
1.27603108188882
1.16604901374776
1.35026897788404
1.36401673640167
1.15505080693365
1.24028690974298
1.67196652719665
1.04506873879259
3.43167961745368
1.44650328750747
0.123968918111178
1.33102211595935
1.87268380155409
1.27878063359235
1.93042438732815
1.93592349073521
1.24578601315003
1.93042438732815
1.85618649133293
2.06240286909743
1.36401673640167
1.70496114763897
0.775612671846982
1.5427375971309
2.12014345487149
1.8011954572624
2.32361028093246
1.501494321578
1.61697549312612
1.92767483562463
2.05140466228332
1.31177525403467
1.60597728631201
1.12480573819486
1.52624028690974
1.10005977286312
0.792109982068141
1.03132098027496
1.31177525403467
2.58756724447101
1.58123132098028
1.38876270173341
1.67746563060371
5.16114763897191
1.5839808726838
1.41900777047221
0.992827256425583
1.97441721458458
1.19354453078302
1.72145845786013
4.84769874476987
2.03490735206216
2.6480573819486
1.48499701135684
1.13305439330544
1.57848176927675
2.84327555289898
1.95242080095637
2.24112372982666
1.15780035863718
1.12480573819486
1.90842797369994
1.16329946204423
1.23753735803945
5.07041243275553
0.910340705319785
1.45750149432158
4.0750747160789
1.71595935445308
1.41625821876868
0.756365809922295
1.61697549312612
0.858099222952779
1.64172145845786
1.53998804542738
0.95433353257621
0.981829049611476
1.56198445905559
1.4080095636581
1.66921697549313
1.65546921697549
1.67746563060371
1.28153018529588
1.52624028690974
0.913090257023311
1.93042438732815
1.50424387328153
6.71464435146443
2.06515242080096
1.80394500896593
1.51249252839211
1.40251046025105
1.3667662881052
3.35469216975493
1.71595935445308
1.45200239091452
1.2842797369994
1.2017931858936
1.71595935445308
2.37585176329946
1.82044231918709
2.05415421398685
2.01566049013748
0.71237298266587
2.3483562462642
1.449252839211
1.86993424985057
3.83861326957561
1.10555887627017
1.77369994022714
2.39509862522415
0.885594739988045
1.72145845786013
1.501494321578
3.71763299462044
3.04399282725643
1.44375373580394
2.71954572624029
1.93867304243873
2.01291093843395
1.2842797369994
3.17872086072923
1.0258218768679
1.74345487148834
1.0148236700538
2.05415421398685
1.6664674237896
1.03407053197848
1.16879856545129
1.02857142857143
2.02115959354453
0.935086670651524
1.45750149432158
1.8011954572624
1.5427375971309
1.2320382546324
1.57573221757322
2.1833831440526
2.5655708308428
1.61422594142259
1.1083084279737
1.55098625224148
1.82319187089062
1.66096832038255
1.31452480573819
0.536401673640167
1.33377166766288
1.15230125523013
0.665630603705917
1.5839808726838
1.46300059772863
1.60047818290496
2.15863717872086
1.31452480573819
0.649133293484758
2.26312014345487
1.32002390914525
0.343933054393305
1.43825463239689
0.742618051404662
1.10280932456665
1.99366407650926
0.95433353257621
1.25953377166766
1.62247459653317
2.68930065750149
1.00107591153616
1.38601315002989
1.64447101016139
2.13114166168559
1.48499701135684
2.06790197250448
1.86168559473999
1.78744769874477
2.56282127913927
1.16054991034071
1.34751942618051
2.28786610878661
1.11655708308428
1.95517035265989
1.7901972504483
1.66371787208607
2.22187686790197
1.67471607890018
1.49599521817095
0.83335325762104
1.22378959952182
1.00657501494322
1.52074118350269
1.38876270173341
2.5243275552899
1.16329946204423
1.36401673640167
1.7077106993425
2.61506276150628
1.5729826658697
2.23012552301255
1.45200239091452
2.18613269575613
1.46300059772863
2.483084279737
2.37860131500299
0.69587567244471
1.93867304243873
1.48224745965332
1.11380753138075
3.45642558278542
0.55839808726838
1.32002390914525
0.96258218768679
1.55923490735206
0.957083084279737
1.49599521817095
1.26503287507472
1.79844590555888
0.750866706515242
1.78744769874477
1.38876270173341
1.82869097429767
1.71046025104603
1.99366407650926
1.9249252839211
1.55098625224148
1.71320980274955
7.23156007172743
2.05415421398685
1.44375373580394
1.19629408248655
6.36820083682008
1.50974297668858
2.98075313807531
1.50699342498506
1.34202032277346
1.02857142857143
1.65546921697549
1.96891811117753
1.89468021518231
2.69754931261207
1.71595935445308
1.92767483562463
1.11655708308428
1.2430364614465
1.77919904363419
0.750866706515242
1.62247459653317
9.73365212193664
1.00382546323969
1.10005977286312
1.72145845786013
1.91117752540347
1.04506873879259
1.82319187089062
1.12205618649133
1.0258218768679
1.94967124925284
1.01757322175732
1.3255230125523
2.0596533173939
2.0486551105798
1.85068738792588
2.18888224745965
1.93592349073521
1.28977884040646
1.966168559474
3.83036461446503
1.33102211595935
1.47674835624626
1.97991631799163
4.20705319784818
1.17979677226539
0.82510460251046
1.52074118350269
1.27878063359235
1.43825463239689
1.7187089061566
1.06431560071727
2.56007172743574
1.70496114763897
4.57824267782427
0.943335325762104
2.19438135086671
1.52349073520622
1.91117752540347
1.2842797369994
2.18063359234907
0.992827256425583
1.78469814704124
0.739868499701136
0.662881052002391
1.97166766288105
1.89468021518231
2.69205020920502
1.49874476987448
2.11464435146444
1.13580394500897
1.55373580394501
1.65546921697549
2.19438135086671
1.16604901374776
3.56090854751943
3.85511057979677
0.913090257023311
1.14680215182307
1.53723849372385
1.03682008368201
1.29252839210998
0.503407053197848
1.34202032277346
1.01207411835027
1.60872683801554
1.41900777047221
0.836102809324567
7.5587567244471
2.11189479976091
1.34202032277346
1.64722056186491
1.48774656306037
0.940585774058577
1.89742976688583
1.18529587567244
3.64339509862522
1.50974297668858
1.52349073520622
2.40334728033473
1.65271966527197
1.66921697549313
0.682127913927077
1.14680215182307
1.26778242677824
1.89742976688583
1.77369994022714
2.05690376569038
1.29527794381351
1.74620442319187
1.18254632396892
1.00657501494322
0.643634190077705
0.943335325762104
1.25953377166766
1.57848176927675
1.32277346084877
0.649133293484758
0.814106395696354
1.36401673640167
1.72695756126718
0.937836222355051
1.22378959952182
1.501494321578
1.15780035863718
2.42259414225941
1.88093245666467
1.57573221757322
1.12755528989839
0.84160191273162
1.97166766288105
2.21637776449492
1.60872683801554
1.49324566646742
1.83968918111178
1.27878063359235
1.31452480573819
1.49324566646742
0.770113568439928
1.34751942618051
1.39976090854752
2.23562462641961
1.17704722056186
1.55648535564854
2.0596533173939
1.83693962940825
2.2658696951584
1.29252839210998
2.10914524805738
2.73329348475792
0.885594739988045
0.860848774656306
1.10005977286312
1.5317393903168
1.76545128511656
0.624387328153018
1.88093245666467
1.47399880454274
1.6664674237896
1.12755528989839
1.59222952779438
0.761864913329348
1.72695756126718
1.68021518230723
1.46300059772863
1.16879856545129
1.60047818290496
1.38051404662283
1.18254632396892
0.904841601912732
1.61147638971907
4.23729826658697
1.48774656306037
1.18804542737597
3.18421996413628
1.5729826658697
1.41900777047221
1.59497907949791
1.39426180514047
0.517154811715481
0.728870292887029
0.772863120143455
1.74345487148834
1.24028690974298
3.11823072325164
0.775612671846982
0.937836222355051
1.89468021518231
1.57023311416617
2.94500896592947
1.40526001195457
1.49599521817095
1.41900777047221
1.09731022115959
2.59306634787806
1.16329946204423
1.17154811715481
1.42175732217573
1.22104004781829
1.74345487148834
2.89276748356246
2.11739390316796
1.47949790794979
1.33927077106993
1.47949790794979
1.15230125523013
1.22378959952182
0.940585774058577
1.36126718469815
3.09073520621638
0.855349671249253
4.82570233114166
1.501494321578
6.28021518230723
4.60298864315601
1.41075911536163
1.57573221757322
2.54907352062164
1.4080095636581
0.720621637776449
1.53448894202032
1.44375373580394
0.794859533771668
0.918589360430365
1.50974297668858
6.1317393903168
3.2172145845786
1.14405260011955
1.46575014943216
1.16054991034071
2.66455469216975
1.55373580394501
1.28977884040646
1.48499701135684
0.998326359832636
1.98266586969516
2.44734010759115
1.81769276748356
4.10257023311417
1.23478780633592
0.844351464435147
1.60322773460849
2.06515242080096
1.88643156007173
1.3255230125523
2.03765690376569
1.81219366407651
0.398924088463837
1.20729228930066
1.69121338912134
1.25678421996414
1.43550508069337
1.966168559474
0.772863120143455
1.77919904363419
1.61697549312612
2.28786610878661
1.02307232516438
1.16329946204423
1.76545128511656
1.97991631799163
1.49874476987448
0.915839808726839
0.998326359832636
1.68846383741781
1.79844590555888
1.65271966527197
0.84160191273162
1.94967124925284
1.8836820083682
2.04590555887627
1.29252839210998
1.82044231918709
1.18254632396892
1.65546921697549
0.860848774656306
3.14297668858338
1.07806335923491
1.07806335923491
1.74345487148834
1.88643156007173
2.59306634787806
1.85618649133293
1.1495517035266
1.56473401075912
0.995576808129109
1.42450687387926
1.53723849372385
2.4005977286312
1.49324566646742
1.49324566646742
1.6664674237896
1.66371787208607
1.58123132098028
1.50424387328153
1.81494321578004
1.31452480573819
1.81494321578004
1.08631201434549
1.7901972504483
9.56592946802152
2.60956365809922
0.957083084279737
1.71595935445308
1.41350866706515
2.92851165570831
1.21554094441124
1.72420800956366
1.76270173341303
1.7077106993425
1.11105797967723
1.71320980274955
1.70496114763897
1.33377166766288
1.17704722056186
1.98541542139868
6.50017931858936
2.15588762701733
1.77644949193066
1.27603108188882
1.25953377166766
2.33460848774656
1.04506873879259
1.22653915122534
1.50974297668858
2.39509862522415
3.01099820681411
1.45200239091452
1.29802749551704
1.23753735803945
1.11930663478781
1.64997011356844
2.16413628212791
1.49599521817095
1.86168559473999
2.24662283323371
1.5839808726838
2.58756724447101
1.67471607890018
2.67005379557681
1.40251046025105
4.10806933652122
1.67746563060371
1.04231918708906
3.32994620442319
1.50699342498506
1.45200239091452
1.49874476987448
1.24028690974298
1.28153018529588
1.58673042438733
2.59306634787806
2.24662283323371
1.95242080095637
0.720621637776449
1.80394500896593
3.67364016736402
1.20729228930066
1.91117752540347
2.3483562462642
0.671129707112971
1.69946204423192
1.24578601315003
1.85893604303646
1.17429766885834
1.42450687387926
1.71595935445308
5.15564853556485
4.15206216377764
2.3071129707113
3.09073520621638
2.42534369396294
1.7489539748954
4.23179916317992
0.484160191273162
1.33102211595935
2.17513448894202
1.5839808726838
1.45750149432158
1.41625821876868
0.96258218768679
1.25953377166766
1.72695756126718
1.88093245666467
1.60047818290496
0.957083084279737
2.05415421398685
1.94142259414226
4.12181709503885
0.929587567244471
1.76545128511656
1.8011954572624
0.847101016138673
1.36401673640167
1.91392707710699
2.30986252241482
2.17513448894202
1.49599521817095
1.7599521817095
2.27961745367603
1.89742976688583
1.00382546323969
1.06431560071727
1.52624028690974
1.02032277346085
1.27878063359235
0.792109982068141
1.43275552898984
2.16688583383144
1.22653915122534
3.65989240884638
2.96425582785415
2.6590555887627
1.68021518230723
2.1421398684997
1.54823670053796
1.27053197848177
1.34476987447699
25.4858338314405
1.26778242677824
0.957083084279737
3.26945606694561
1.39701135684399
1.13855349671249
1.89193066347878
1.38601315002989
2.10914524805738
2.56282127913927
1.63347280334728
1.99366407650926
0.866347878063359
1.36951583980873
1.5427375971309
1.15230125523013
0.935086670651524
1.52349073520622
1.1907949790795
2.28511655708308
1.34751942618051
1.75170352659892
0.995576808129109
2.09539748953975
2.38959952181709
1.80669456066946
1.65271966527197
0.720621637776449
1.87268380155409
1.60872683801554
0.860848774656306
6.54417214584578
2.03215780035864
1.24578601315003
2.64530783024507
2.13389121338912
1.43550508069337
1.86168559473999
0.217453676031082
1.07531380753138
1.39976090854752
2.13664076509265
0.893843395098625
1.55923490735206
0.775612671846982
1.33927077106993
2.11739390316796
1.47949790794979
1.01207411835027
1.26228332337119
2.05415421398685
1.34751942618051
1.62797369994023
0.98732815301853
2.40334728033473
0.737118947997609
2.25487148834429
2.41984459055589
3.23921099820681
2.16688583383144
1.90842797369994
0.684877465630604
3.71763299462044
0.896592946802152
2.12289300657502
2.72504482964734
1.22653915122534
1.33102211595935
2.29336521219366
2.55457262402869
1.21829049611476
1.21829049611476
1.52349073520622
0.97083084279737
2.12839210998207
0.869097429766886
1.20729228930066
1.33652121936641
1.8314405260012
1.55098625224148
1.99091452480574
0.734369396294082
2.29611476389719
1.07531380753138
1.79844590555888
1.29252839210998
1.69671249252839
1.5839808726838
1.3255230125523
1.28702928870293
1.27603108188882
1.78744769874477
3.03574417214585
1.78194859533772
1.47674835624626
1.28702928870293
2.92026300059773
1.966168559474
0.726120741183503
1.21554094441124
1.74070531978482
1.84518828451883
0.731619844590556
1.2732815301853
0.910340705319785
1.38326359832636
1.15780035863718
3.32169754931261
0.855349671249253
2.05415421398685
0.863598326359833
1.46300059772863
2.38135086670652
1.72420800956366
1.02032277346085
0.811356843992827
1.05331739390317
1.28702928870293
2.19438135086671
1.62247459653317
2.19713090257023
1.09181111775254
1.7187089061566
1.82869097429767
1.61147638971907
2.17788404064555
0.891093843395099
1.67746563060371
1.68846383741781
1.83968918111178
1.56473401075912
3.55540944411237
0.885594739988045
1.79569635385535
0.888344291691572
1.58123132098028
0.943335325762104
1.43550508069337
2.17238493723849
1.98266586969516
1.81769276748356
1.55923490735206
2.03215780035864
1.00932456664674
1.10280932456665
2.11739390316796
1.50974297668858
0.814106395696354
0.951583980872684
2.13389121338912
1.10005977286312
1.21554094441124
3.87985654512851
0.836102809324567
1.30902570233114
1.06431560071727
1.25403466826061
0.904841601912732
1.47949790794979
3.39593544530783
1.93317393903168
1.1495517035266
1.50424387328153
1.34202032277346
1.22378959952182
6.97860131500299
2.41984459055589
2.13114166168559
1.63897190675433
1.08906156604901
2.87352062163778
1.38601315002989
1.45750149432158
1.63347280334728
1.75170352659892
2.09539748953975
0.893843395098625
1.00932456664674
2.18613269575613
1.72970711297071
1.45200239091452
2.2768679019725
2.09539748953975
2.24387328153019
1.32827256425583
1.02032277346085
1.15780035863718
1.55373580394501
1.87268380155409
1.29802749551704
1.63897190675433
1.32002390914525
1.83693962940825
1.64997011356844
1.25128511655708
1.58673042438733
1.30627615062762
1.33102211595935
1.17704722056186
0.937836222355051
1.46575014943216
0.70412432755529
2.03215780035864
1.37776449491931
1.6664674237896
1.52624028690974
1.32277346084877
0.803108188882247
1.8314405260012
1.00657501494322
1.80394500896593
1.52624028690974
2.11739390316796
1.73520621637776
1.58123132098028
2.58756724447101
0.910340705319785
1.57023311416617
1.43275552898984
1.2320382546324
2.51332934847579
1.95791990436342
1.08631201434549
1.43825463239689
1.46575014943216
3.01649731022116
1.93317393903168
0.965331739390317
1.22928870292887
0.998326359832636
1.05331739390317
1.47949790794979
1.0670651524208
3.14297668858338
1.36951583980873
1.44100418410042
1.37226539151225
1.0148236700538
0.84160191273162
1.63897190675433
1.4904961147639
1.63072325164375
1.16054991034071
1.14680215182307
2.47483562462642
1.93867304243873
1.5427375971309
1.40526001195457
1.86993424985057
1.62247459653317
0.71237298266587
1.58123132098028
1.91942618051405
1.20454273759713
1.7187089061566
0.98732815301853
1.68571428571429
1.35576808129109
2.50508069336521
1.87543335325762
1.52074118350269
1.65271966527197
1.69946204423192
2.15588762701733
1.29252839210998
1.23478780633592
0.14596533173939
3.86610878661088
1.00657501494322
1.55373580394501
2.12289300657502
1.37226539151225
1.21829049611476
1.51249252839211
3.04674237895995
1.40251046025105
1.56473401075912
0.533652121936641
0.913090257023311
0.847101016138673
1.52898983861327
0.937836222355051
0.82510460251046
1.91117752540347
1.60597728631201
0.800358637178721
1.52898983861327
1.14680215182307
1.57848176927675
2.84602510460251
1.08631201434549
1.80394500896593
0.995576808129109
1.89468021518231
2.50233114166169
1.1907949790795
2.03490735206216
1.93592349073521
1.28977884040646
1.14405260011955
1.15505080693365
1.82594142259414
1.2842797369994
1.74070531978482
1.48224745965332
2.77178720860729
2.77178720860729
1.81769276748356
1.65546921697549
1.35026897788404
1.58123132098028
0.638135086670651
0.921338912133891
1.63072325164375
1.06431560071727
1.69396294082487
0.803108188882247
1.30902570233114
1.40251046025105
1.13030484160191
0.684877465630604
3.05774058577406
1.58947997609085
1.38876270173341
3.6104004781829
2.22187686790197
1.56198445905559
1.05606694560669
1.23478780633592
1.64172145845786
1.26228332337119
1.03956963538554
1.85893604303646
0.767364016736402
1.49599521817095
1.36401673640167
1.96891811117753
2.13939031679617
0.756365809922295
1.5427375971309
1.25128511655708
2.32086072922893
11.0314405260012
1.07256425582785
1.51524208009564
1.30902570233114
1.05881649731022
1.31452480573819
1.38326359832636
0.97083084279737
1.27053197848177
2.21362821279139
0.951583980872684
1.30627615062762
2.51607890017932
1.88093245666467
1.47674835624626
3.40418410041841
1.40251046025105
6.77788404064555
1.62797369994023
2.12839210998207
0.767364016736402
1.70221159593545
2.76353855349671
6.99509862522415
3.58015540944411
1.41350866706515
1.61697549312612
1.58123132098028
2.11464435146444
2.08714883442917
1.6252241482367
0.907591153616258
1.56748356246264
1.60047818290496
2.3593544530783
1.08081291093843
1.39976090854752
0.932337118947998
2.11739390316796
1.2732815301853
2.13664076509265
1.50974297668858
1.44375373580394
2.13389121338912
1.15230125523013
0.871846981470413
1.26778242677824
1.13855349671249
0.926838015540944
1.56748356246264
2.02940824865511
1.96341900777047
1.86168559473999
1.18254632396892
0.948834429169157
2.21912731619845
2.42534369396294
1.501494321578
2.02940824865511
1.39701135684399
1.97166766288105
2.24387328153019
2.06515242080096
2.68655110579797
1.92217573221757
1.94142259414226
1.91392707710699
1.43000597728631
1.81494321578004
1.14680215182307
1.60597728631201
2.33185893604304
1.80394500896593
2.11464435146444
1.72695756126718
1.05606694560669
1.08081291093843
0.973580394500897
1.0148236700538
3.68738792588165
1.47399880454274
1.87543335325762
1.11105797967723
1.59222952779438
1.56198445905559
0.706873879258816
1.67196652719665
1.04506873879259
1.68296473401076
0.717872086072923
1.10555887627017
1.24028690974298
1.81494321578004
1.22928870292887
1.07806335923491
2.21912731619845
1.20729228930066
0.528153018529588
1.83693962940825
1.43550508069337
1.57023311416617
1.99916317991632
2.31261207411835
1.37226539151225
1.17429766885834
2.86252241482367
1.33377166766288
1.12205618649133
1.96341900777047
1.7187089061566
1.60872683801554
2.72504482964734
0.860848774656306
1.16879856545129
1.59497907949791
3.4756724447101
1.88643156007173
0.904841601912732
0.844351464435147
0.95433353257621
2.08164973102212
1.65821876867902
2.84052600119546
1.40526001195457
1.27053197848177
1.86168559473999
1.97166766288105
2.01566049013748
1.8314405260012
1.64172145845786
1.80669456066946
0.995576808129109
0.71237298266587
1.13580394500897
2.00466228332337
1.22653915122534
1.60597728631201
2.08439928272564
2.18613269575613
1.24853556485356
2.29886431560072
1.93042438732815
1.26503287507472
1.49324566646742
2.28786610878661
1.30902570233114
2.23287507471608
1.41900777047221
1.13580394500897
1.52898983861327
1.16604901374776
1.16604901374776
1.32002390914525
2.49133293484758
1.35851763299462
2.41434548714883
1.18804542737597
3.28320382546324
2.1833831440526
2.26037059175134
1.5839808726838
1.96891811117753
0.885594739988045
1.5317393903168
2.58206814106396
1.10555887627017
1.61422594142259
1.05056784219964
1.53723849372385
1.01757322175732
1.55648535564854
1.11105797967723
1.5729826658697
1.66096832038255
1.3255230125523
4.67722653915123
1.28702928870293
1.30077704722056
1.66921697549313
1.18529587567244
1.35851763299462
1.83693962940825
1.22928870292887
1.89193066347878
1.71046025104603
1.33377166766288
0.668380155409444
0.959832635983264
1.19354453078302
1.68021518230723
2.71954572624029
1.10005977286312
1.449252839211
1.42450687387926
0.038732815301853
3.8991034070532
1.5729826658697
1.2430364614465
1.68571428571429
1.08081291093843
0.965331739390317
1.43000597728631
1.27053197848177
2.34560669456067
1.66096832038255
0.800358637178721
1.24028690974298
2.24937238493724
4.1685594739988
1.27053197848177
1.51524208009564
0.866347878063359
1.64172145845786
2.23287507471608
2.38959952181709
1.65821876867902
1.65546921697549
1.98266586969516
0.937836222355051
1.08631201434549
1.45200239091452
0.882845188284519
1.19904363419008
1.31177525403467
1.67196652719665
1.31727435744172
1.61697549312612
1.48224745965332
2.56832038254632
1.71595935445308
2.9065152420801
2.39234907352062
1.25678421996414
2.5655708308428
2.18063359234907
1.33102211595935
1.39976090854752
0.847101016138673
1.65271966527197
1.449252839211
1.26228332337119
0.965331739390317
1.60872683801554
1.48774656306037
1.71458457860131
1.93042438732815
1.30352659892409
1.65821876867902
1.02307232516438
1.45750149432158
0.82510460251046
1.94692169754931
1.73795576808129
2.26861924686192
2.16413628212791
0.814106395696354
0.690376569037657
1.67196652719665
1.78469814704124
2.87077106993425
3.06873879258816
1.19904363419008
1.29252839210998
1.32002390914525
2.20537955768081
1.09731022115959
1.69396294082487
1.60597728631201
1.86168559473999
4.87244471010161
1.24853556485356
1.59772863120143
5.21888822474596
1.09181111775254
1.83693962940825
1.08356246264196
1.94142259414226
1.93317393903168
2.59856545128512
1.25128511655708
1.41900777047221
1.81494321578004
1.82319187089062
2.23562462641961
1.47674835624626
1.33652121936641
1.08356246264196
1.85893604303646
3.14572624028691
5.70005977286312
1.36126718469815
1.02857142857143
1.2842797369994
1.99916317991632
1.35576808129109
2.63156007172744
1.2430364614465
1.20454273759713
1.36951583980873
1.14130304841602
1.42450687387926
2.13939031679617
1.32139868499701
1.8836820083682
0.910340705319785
3.45642558278542
1.36401673640167
5.13090257023311
1.16879856545129
0.57489539748954
2.22187686790197
1.74620442319187
1.42175732217573
0.649133293484758
1.21004184100418
1.57023311416617
1.37776449491931
2.15863717872086
1.04231918708906
1.66096832038255
1.82319187089062
1.00382546323969
2.41159593544531
1.43275552898984
1.86168559473999
1.07256425582785
1.81769276748356
1.28153018529588
1.09731022115959
1.1907949790795
1.56748356246264
1.93592349073521
1.37776449491931
1.30627615062762
2.87901972504483
2.40884638374178
1.79844590555888
1.33927077106993
1.2320382546324
2.54082486551106
2.24112372982666
2.25487148834429
1.28702928870293
2.74979079497908
2.35660490137478
1.98541542139868
1.04506873879259
2.67830245068739
2.04315600717274
1.03956963538554
1.57573221757322
1.97991631799163
1.7599521817095
1.06981470412433
1.52898983861327
1.31177525403467
1.73520621637776
0.844351464435147
2.16688583383144
1.49874476987448
1.54548714883443
1.38051404662283
1.25128511655708
0.066228332337119
6.05750149432158
11.0286909742977
0.907591153616258
1.75445307830245
1.20454273759713
1.61972504482965
1.63622235505081
1.54823670053796
1.54823670053796
1.03956963538554
0.965331739390317
4.7157202630006
1.57023311416617
2.57381948595338
1.16604901374776
0.918589360430365
1.03956963538554
1.10280932456665
1.00107591153616
1.99916317991632
1.16054991034071
1.91392707710699
1.64172145845786
1.18254632396892
1.19904363419008
1.24028690974298
1.46300059772863
1.67471607890018
1.97991631799163
2.52157800358637
2.06515242080096
2.80478182904961
1.45750149432158
1.45475194261805
1.4080095636581
5.58732815301853
1.74070531978482
1.93592349073521
2.0596533173939
2.55182307232516
2.10914524805738
1.66921697549313
1.78744769874477
0.896592946802152
1.60047818290496
2.32635983263598
1.25128511655708
1.25403466826061
1.82044231918709
1.5317393903168
2.88451882845188
1.37501494321578
1.67196652719665
1.47124925283921
1.30902570233114
2.08164973102212
1.23753735803945
1.38601315002989
2.92026300059773
1.45475194261805
2.47208607292289
1.83693962940825
0.805857740585774
1.15780035863718
1.76820083682008
3.17872086072923
1.65271966527197
1.02032277346085
1.36951583980873
1.77919904363419
1.16329946204423
1.60047818290496
1.91942618051405
3.11273161984459
0.5501494321578
1.91942618051405
3.1237298266587
2.44734010759115
2.01566049013748
1.52624028690974
1.18804542737597
0.882845188284519
0.764614465032875
0.97907949790795
1.49599521817095
1.13305439330544
1.79569635385535
2.5765690376569
1.36951583980873
3.20071727435744
1.24853556485356
1.59222952779438
0.992827256425583
2.15038852361028
1.08356246264196
1.75445307830245
2.84052600119546
1.38326359832636
2.13389121338912
5.5735803945009
1.76545128511656
1.08356246264196
1.17704722056186
1.74070531978482
1.03956963538554
1.07531380753138
5.91452480573819
2.535325762104
1.85068738792588
2.12839210998207
1.76820083682008
3.52241482367005
2.31261207411835
1.1495517035266
2.3593544530783
1.53448894202032
1.36126718469815
1.15505080693365
1.28977884040646
1.80669456066946
2.17238493723849
1.26228332337119
1.24028690974298
1.59497907949791
0.863598326359833
1.99916317991632
1.35851763299462
1.31452480573819
1.47949790794979
2.13389121338912
2.2246264196055
1.2732815301853
1.2017931858936
1.14680215182307
0.932337118947998
1.14130304841602
1.74070531978482
4.94118350268978
2.11189479976091
8.58983861326957
0.97083084279737
2.62331141661686
1.00107591153616
1.91667662881052
0.767364016736402
1.38876270173341
2.45008965929468
1.23753735803945
1.45750149432158
2.71129707112971
3.32169754931261
1.40526001195457
1.64172145845786
1.51524208009564
1.20454273759713
1.43550508069337
1.7901972504483
1.98816497310221
1.67196652719665
1.26778242677824
1.60047818290496
1.89193066347878
1.72145845786013
1.55648535564854
1.5317393903168
1.61972504482965
1.73795576808129
1.37226539151225
2.28236700537956
1.83693962940825
2.26312014345487
1.52349073520622
1.86443514644351
1.53723849372385
1.06156604901375
2.21362821279139
3.7753735803945
2.1421398684997
0.943335325762104
1.60597728631201
0.910340705319785
1.34476987447699
1.56748356246264
1.52624028690974
2.61506276150628
1.04231918708906
2.09814704124328
3.69013747758518
1.53998804542738
2.483084279737
1.67471607890018
1.7599521817095
4.44076509264794
1.48499701135684
2.31261207411835
1.40526001195457
1.3255230125523
1.64722056186491
0.720621637776449
1.80669456066946
2.02665869695158
1.52349073520622
1.34202032277346
1.93317393903168
1.60322773460849
1.59772863120143
2.94225941422594
1.15505080693365
1.26503287507472
1.76820083682008
1.8424387328153
1.93867304243873
1.2732815301853
1.43000597728631
1.8424387328153
0.946084877465631
2.22187686790197
1.68021518230723
1.47674835624626
0.899342498505678
1.91667662881052
1.59497907949791
2.01566049013748
1.47399880454274
0.959832635983264
5.18864315600717
1.16604901374776
1.42450687387926
1.46575014943216
3.35469216975493
2.01291093843395
1.66371787208607
1.70496114763897
1.23753735803945
2.64255827854154
0.657381948595338
1.75170352659892
0.684877465630604
2.01566049013748
0.84160191273162
1.25128511655708
1.72695756126718
4.90543933054393
3.10723251643754
1.41350866706515
1.42725642558279
1.30902570233114
1.63897190675433
1.38051404662283
1.34202032277346
2.21087866108787
1.70221159593545
1.60872683801554
5.34261805140466
1.64447101016139
1.75445307830245
1.94692169754931
1.46300059772863
1.30902570233114
1.38326359832636
1.03682008368201
1.08356246264196
1.03682008368201
0.629886431560072
2.03765690376569
1.2430364614465
1.30352659892409
0.759115361625822
1.50974297668858
1.8011954572624
1.39426180514047
1.12205618649133
1.34751942618051
1.64172145845786
1.28977884040646
2.08714883442917
1.82594142259414
2.52157800358637
0.863598326359833
1.44650328750747
1.65546921697549
1.52349073520622
2.52707710699343
1.88643156007173
1.27053197848177
1.01207411835027
10.498027495517
3.20621637776449
1.03407053197848
0.946084877465631
2.28786610878661
1.09181111775254
1.79844590555888
1.97166766288105
2.11739390316796
2.27411835026898
1.90567842199641
3.58565451285117
7.33604303646145
1.69396294082487
1.63072325164375
0.451165570830843
1.38326359832636
1.75445307830245
1.03132098027496
1.29252839210998
0.698625224148237
1.52349073520622
1.39701135684399
2.43634190077705
1.91117752540347
1.46300059772863
1.1907949790795
1.59222952779438
2.0074118350269
3.7231320980275
1.73795576808129
2.05140466228332
2.60956365809922
0.767364016736402
1.7187089061566
1.87268380155409
2.535325762104
1.25128511655708
0.913090257023311
2.72229527794381
1.10005977286312
1.11380753138075
1.52898983861327
0.602390914524806
3.75062761506276
2.81852958756724
2.60956365809922
1.68846383741781
2.59031679617454
1.10005977286312
1.13855349671249
1.25403466826061
1.27053197848177
2.36485355648536
0.882845188284519
2.84327555289898
2.17788404064555
1.15230125523013
2.37585176329946
1.6664674237896
1.1907949790795
2.0074118350269
1.53998804542738
1.61972504482965
1.35026897788404
1.85068738792588
1.29252839210998
0.855349671249253
3.69013747758518
1.71046025104603
1.26503287507472
0.866347878063359
1.15505080693365
1.94142259414226
1.66371787208607
0.946084877465631
1.02307232516438
2.0486551105798
2.68655110579797
4.23454871488344
1.05056784219964
1.92767483562463
1.77369994022714
2.13389121338912
3.27220561864913
0.97083084279737
1.49599521817095
1.71320980274955
1.09456066945607
1.32277346084877
1.04781829049611
1.69946204423192
1.21004184100418
1.43000597728631
2.40884638374178
1.47949790794979
1.42725642558279
0.995576808129109
1.11655708308428
1.2430364614465
2.13114166168559
3.7341303048416
1.10555887627017
2.40884638374178
1.50699342498506
0.863598326359833
3.40693365212194
1.80669456066946
31.1279139270771
2.39509862522415
2.34010759115362
1.12480573819486
1.2017931858936
0.915839808726838
0.800358637178721
1.39976090854752
1.69121338912134
1.41625821876868
1.80669456066946
2.13389121338912
3.48942020322773
1.95242080095637
1.70496114763897
2.06790197250448
1.05056784219964
1.74345487148834
1.47399880454274
1.82044231918709
1.71320980274955
1.31727435744172
1.8011954572624
1.35576808129109
1.13030484160191
1.08356246264196
1.72695756126718
2.22737597130903
2.19988045427376
1.24853556485356
1.42725642558279
2.09264793783622
1.0148236700538
1.11655708308428
1.11105797967723
1.19629408248655
0.871846981470413
1.53998804542738
1.82869097429767
0.770113568439928
3.26395696353855
1.0670651524208
1.77095038852361
0.921338912133891
1.19904363419008
2.31261207411835
1.7077106993425
1.88643156007173
1.54548714883443
1.95242080095637
2.60131500298864
1.44100418410042
0.910340705319785
0.935086670651524
0.913090257023311
3.05774058577406
3.03299462044232
2.75528989838613
1.46575014943216
2.03215780035864
0.973580394500897
2.01291093843395
4.53974895397489
1.37501494321578
1.91942618051405
2.30161386730424
1.99641362821279
1.3667662881052
1.7599521817095
1.71046025104603
1.62247459653317
1.1083084279737
1.83968918111178
1.10005977286312
2.07340107591154
1.39701135684399
1.87543335325762
1.43550508069337
1.58673042438733
0.803108188882247
1.46849970113568
2.85977286312014
1.32277346084877
2.90376569037657
2.19438135086671
2.0486551105798
4.26479378362224
1.96891811117753
1.10555887627017
1.43550508069337
1.09731022115959
1.38601315002989
1.90567842199641
2.28786610878661
0.915839808726838
1.25678421996414
1.59772863120143
2.02115959354453
1.97441721458458
2.73879258816497
1.34202032277346
1.86993424985057
0.957083084279737
1.43825463239689
1.69946204423192
2.15588762701733
6.36820083682008
0.95433353257621
2.15863717872086
1.33377166766288
1.44650328750747
2.49958158995816
1.22104004781829
1.02857142857143
1.14680215182307
1.24578601315003
1.77644949193066
2.44734010759115
1.42725642558279
1.26503287507472
1.36126718469815
1.88918111177525
0.682127913927077
1.36126718469815
3.53891213389121
0.888344291691572
1.76545128511656
2.0898983861327
2.10639569635386
1.7599521817095
0.541900777047221
0.869097429766886
1.66921697549313
1.94142259414226
2.06240286909743
2.16963538553497
2.7415421398685
1.42450687387926
1.78744769874477
4.07232516437537
1.81219366407651
1.28702928870293
1.27878063359235
1.64722056186491
1.29527794381351
1.0670651524208
1.52074118350269
2.02115959354453
1.85068738792588
1.64447101016139
2.17238493723849
1.75170352659892
1.00107591153616
0.869097429766886
9.29372384937238
2.4418410041841
2.12839210998207
1.24578601315003
1.04781829049611
1.76270173341303
5.584578601315
2.62881052002391
1.07531380753138
1.30352659892409
1.66371787208607
1.17704722056186
1.66096832038255
1.93317393903168
1.61972504482965
3.69426180514046
1.44375373580394
2.11464435146444
1.03407053197848
2.16413628212791
1.13580394500897
1.90292887029289
2.69754931261207
1.5729826658697
1.05881649731022
1.94417214584579
1.14405260011955
1.25403466826061
2.28236700537956
0.984578601315003
1.99091452480574
1.34202032277346
0.992827256425583
1.49599521817095
1.94417214584579
3.58290496114764
1.55648535564854
7.22881052002391
1.64997011356844
1.70496114763897
1.43550508069337
0.871846981470413
1.43825463239689
2.63705917513449
2.86252241482367
0.781111775254035
1.58673042438733
1.22653915122534
1.74345487148834
0.976329946204423
1.08631201434549
2.00466228332337
1.75445307830245
2.35110579796772
1.4602510460251
1.69946204423192
1.44650328750747
2.03215780035864
1.19904363419008
1.93042438732815
1.95242080095637
1.2732815301853
1.36401673640167
2.09814704124328
1.85068738792588
1.21279139270771
1.24578601315003
2.26861924686192
1.61422594142259
1.449252839211
3.07698744769874
1.07531380753138
2.39784817692767
1.15230125523013
1.26503287507472
1.38876270173341
0.940585774058577
1.2732815301853
1.72145845786013
1.55648535564854
2.99725044829647
1.69121338912134
1.15780035863718
2.68930065750149
2.92301255230126
0.968081291093843
1.30627615062762
1.90292887029289
1.35301852958757
1.93867304243873
1.4904961147639
1.95242080095637
3.22546323968918
1.53998804542738
1.41625821876868
1.08906156604901
1.36126718469815
1.57848176927675
0.838852361028093
2.75803945008966
2.45008965929468
2.65630603705918
0.583144052600119
1.57023311416617
1.28702928870293
1.82594142259414
1.15780035863718
0.937836222355051
1.65546921697549
2.15313807531381
2.0596533173939
0.968081291093843
0.973580394500897
0.992827256425583
1.43000597728631
0.860848774656306
1.3667662881052
4.52050209205021
1.18529587567244
1.25678421996414
1.25678421996414
1.21279139270771
2.24662283323371
0.874596533173939
1.18804542737597
1.55373580394501
1.34202032277346
1.66371787208607
6.87961745367603
1.72970711297071
1.10005977286312
1.81219366407651
1.94417214584579
1.39701135684399
2.06790197250448
1.04231918708906
1.29527794381351
1.73795576808129
1.38051404662283
1.20729228930066
1.60872683801554
1.75170352659892
1.82594142259414
0.926838015540944
1.08081291093843
0.948834429169157
1.51249252839211
2.98350268977884
1.7599521817095
2.88726838015541
1.23478780633592
1.89605499103407
1.24853556485356
2.29886431560072
1.38326359832636
1.67471607890018
1.90842797369994
1.47674835624626
2.08439928272564
2.76628810520024
1.67746563060371
2.50508069336521
1.11930663478781
1.26228332337119
1.43275552898984
1.84518828451883
1.30627615062762
1.97166766288105
1.17979677226539
1.17979677226539
0.789360430364614
1.66921697549313
1.04231918708906
1.82319187089062
1.85068738792588
1.59772863120143
1.2017931858936
1.80394500896593
1.62797369994023
1.40251046025105
1.56473401075912
1.04781829049611
1.93042438732815
1.92767483562463
1.2842797369994
1.72420800956366
2.63156007172744
1.16329946204423
1.52624028690974
4.73771667662881
1.20729228930066
7.39928272564256
1.17154811715481
1.25953377166766
0.948834429169157
1.23478780633592
1.03682008368201
1.1495517035266
1.89468021518231
1.5729826658697
1.23753735803945
1.71595935445308
1.53723849372385
2.09539748953975
1.2732815301853
1.79569635385535
2.9587567244471
3.95959354453078
1.31452480573819
1.49599521817095
1.44650328750747
1.08631201434549
2.56282127913927
1.14680215182307
1.57848176927675
1.44650328750747
1.08356246264196
1.10005977286312
1.00107591153616
2.535325762104
1.51524208009564
2.55182307232516
0.811356843992827
1.36401673640167
1.24578601315003
1.5427375971309
0.946084877465631
2.54907352062164
0.858099222952779
1.67196652719665
2.0596533173939
1.38326359832636
1.22378959952182
0.995576808129109
1.58673042438733
2.88451882845188
2.0486551105798
1.21554094441124
0.811356843992827
1.36401673640167
1.4080095636581
1.45337716676628
2.11189479976091
1.47124925283921
1.80394500896593
2.47758517632995
1.69671249252839
1.11655708308428
1.62247459653317
0.709623430962343
1.4080095636581
2.07890017931859
1.4080095636581
1.00107591153616
3.21996413628213
1.80944411237298
1.21554094441124
1.41625821876868
0.869097429766886
1.16329946204423
1.55098625224148
3.02749551703527
3.33819485953377
3.1649731022116
1.33377166766288
1.05056784219964
1.92767483562463
3.67913927077107
1.49324566646742
0.877346084877466
1.84518828451883
1.3667662881052
1.6252241482367
2.22187686790197
1.80394500896593
1.13030484160191
2.82952779438135
0.808607292289301
1.54823670053796
1.07806335923491
1.07531380753138
1.43275552898984
0.904841601912732
0.822355050806934
1.59222952779438
0.926838015540944
0.946084877465631
1.38876270173341
1.66371787208607
1.48774656306037
1.20729228930066
1.21829049611476
1.3255230125523
1.33652121936641
1.42175732217573
1.72420800956366
1.63897190675433
1.34202032277346
1.47674835624626
1.1083084279737
1.20729228930066
1.2430364614465
1.35301852958757
1.66371787208607
1.42450687387926
1.07531380753138
1.19354453078302
1.88643156007173
1.39426180514047
1.14130304841602
1.90567842199641
1.39701135684399
1.30627615062762
2.01016138673042
1.53998804542738
2.97250448296473
2.41984459055589
1.39701135684399
0.847101016138673
1.32002390914525
2.51332934847579
2.30986252241482
1.55098625224148
1.25403466826061
1.45750149432158
0.968081291093843
0.948834429169157
5.27112970711297
1.37501494321578
1.5317393903168
1.26503287507472
1.97716676628811
0.67937836222355
1.08906156604901
1.63897190675433
1.98541542139868
2.40884638374178
1.77369994022714
1.79844590555888
2.26861924686192
1.34476987447699
1.449252839211
1.97166766288105
0.893843395098625
2.13114166168559
1.79844590555888
1.17704722056186
2.24112372982666
1.37776449491931
1.21829049611476
2.02390914524806
1.68571428571429
4.84494919306635
2.73604303646145
0.998326359832636
1.501494321578
2.69479976090855
1.15230125523013
1.56198445905559
1.7489539748954
1.77644949193066
2.30436341900777
1.8011954572624
2.07615062761506
1.30077704722056
1.53723849372385
1.88918111177525
1.2842797369994
2.06790197250448
1.34202032277346
1.81219366407651
0.877346084877466
2.27411835026898
1.18254632396892
3.46467423789599
2.20263000597729
1.72145845786013
0.998326359832636
2.94500896592947
1.53448894202032
2.21087866108787
2.09814704124328
1.77095038852361
2.79378362223551
1.36401673640167
1.96341900777047
2.47483562462642
2.49683203825463
1.13855349671249
1.35851763299462
2.08439928272564
4.74321578003586
1.89742976688583
1.18804542737597
2.71404662283323
1.59497907949791
1.41625821876868
1.2842797369994
1.85618649133293
1.61697549312612
1.20454273759713
1.36401673640167
1.14405260011955
1.71595935445308
1.59497907949791
1.49324566646742
1.90017931858936
1.43275552898984
2.41159593544531
5.73030484160191
2.26037059175134
0.605140466228332
2.15588762701733
1.13030484160191
1.33377166766288
0.97083084279737
2.40609683203825
1.3667662881052
1.53998804542738
1.2017931858936
1.31727435744172
0.772863120143455
1.17429766885834
1.69946204423192
5.78254632396892
2.78828451882845
1.14405260011955
1.23478780633592
0.880095636580992
1.36126718469815
1.38051404662283
1.72695756126718
1.69121338912134
0.880095636580992
1.43275552898984
1.79294680215182
1.53448894202032
1.30077704722056
1.59497907949791
0.70412432755529
1.54548714883443
1.501494321578
2.19163179916318
0.789360430364614
0.860848774656306
0.792109982068141
3.03849372384937
1.42175732217573
1.33102211595935
0.668380155409444
2.10364614465033
1.59772863120143
1.89193066347878
1.08356246264196
1.16329946204423
1.88918111177525
1.05881649731022
2.02390914524806
1.10280932456665
1.63622235505081
2.47208607292289
2.48858338314405
1.46849970113568
1.2320382546324
2.9175134488942
1.86993424985057
1.59222952779438
0.866347878063359
1.52624028690974
1.10555887627017
1.12480573819486
2.25212193664077
0.066228332337119
2.36760310818888
0.756365809922295
1.99091452480574
3.74787806335923
2.13389121338912
1.70496114763897
1.63622235505081
2.12289300657502
0.811356843992827
0.918589360430365
1.26778242677824
1.72420800956366
1.64722056186491
1.29252839210998
1.14680215182307
1.29252839210998
1.30077704722056
1.06431560071727
2.0074118350269
1.16604901374776
2.0596533173939
3.9101016138673
1.07531380753138
1.78744769874477
1.66096832038255
2.99175134488942
1.30077704722056
1.7187089061566
2.45833831440526
5.39210998206814
1.74070531978482
2.0898983861327
0.957083084279737
0.929587567244471
1.84518828451883
1.48224745965332
0.0827256425582785
2.12289300657502
1.50699342498506
2.88726838015541
2.78003586371787
1.23753735803945
1.66921697549313
4.30328750747161
1.89742976688583
2.3071129707113
1.5317393903168
1.25403466826061
2.80478182904961
0.902092050209205
1.5427375971309
1.47949790794979
1.33102211595935
1.4080095636581
1.53998804542738
1.53723849372385
1.5427375971309
1.11105797967723
1.48774656306037
1.05606694560669
1.17704722056186
0.910340705319785
1.64172145845786
1.14130304841602
1.04506873879259
1.72970711297071
1.11105797967723
1.75720263000598
2.21637776449492
2.84327555289898
1.47399880454274
1.15230125523013
0.756365809922295
2.17788404064555
0.671129707112971
2.05415421398685
1.03682008368201
6.17848176927675
1.7599521817095
1.33652121936641
1.03407053197848
2.49408248655111
1.65271966527197
3.81386730424387
1.03132098027496
1.38601315002989
0.781111775254035
2.51057979677227
1.36951583980873
1.55098625224148
1.12205618649133
1.45200239091452
1.00107591153616
1.11380753138075
2.12289300657502
0.827854154213987
1.56748356246264
0.00573819485953378
1.8878063359235
2.26861924686192
1.57573221757322
1.26778242677824
0.882845188284519
0.484160191273162
0.819605499103407
1.69396294082487
0.489659294680215
1.94967124925284
1.69946204423192
2.68380155409444
1.73520621637776
2.84052600119546
2.15038852361028
1.64997011356844
1.30902570233114
3.98433950986252
1.49874476987448
1.24578601315003
1.51799163179916
1.27053197848177
2.08164973102212
1.05331739390317
1.33377166766288
0.822355050806934
1.16054991034071
1.43550508069337
1.2320382546324
1.31452480573819
1.07531380753138
0.915839808726838
1.91392707710699
2.0074118350269
3.21996413628213
1.41900777047221
1.18804542737597
1.14130304841602
1.1907949790795
1.38876270173341
2.41434548714883
1.88918111177525
2.01566049013748
0.0167364016736402
1.47124925283921
2.22187686790197
1.68296473401076
1.13855349671249
1.2017931858936
1.69946204423192
0.896592946802152
0.814106395696354
1.71320980274955
1.01207411835027
0.855349671249253
1.19629408248655
1.30077704722056
2.41159593544531
1.16604901374776
2.42259414225941
1.14405260011955
0.860848774656306
2.02390914524806
2.30161386730424
0.715122534369396
0.95433353257621
1.60322773460849
1.60597728631201
1.69396294082487
2.18063359234907
1.2430364614465
2.03215780035864
3.62689778840406
1.94967124925284
1.21004184100418
1.63622235505081
2.25487148834429
3.77812313209803
3.10448296473401
1.54823670053796
6.81912731619845
1.7901972504483
0.976329946204423
1.84518828451883
1.26503287507472
1.18254632396892
1.51799163179916
4.61673640167364
2.58206814106396
1.25128511655708
1.16604901374776
5.05391512253437
2.09814704124328
0.935086670651524
1.03956963538554
1.38051404662283
1.27053197848177
1.71595935445308
2.11739390316796
0.992827256425583
1.13305439330544
1.86443514644351
2.07340107591154
2.65630603705918
1.86993424985057
1.46300059772863
5.87603108188882
1.41075911536163
1.70496114763897
1.21829049611476
0.720621637776449
2.32086072922893
1.05056784219964
1.59497907949791
1.08906156604901
1.5317393903168
2.1421398684997
2.24112372982666
2.47208607292289
1.91117752540347
1.33377166766288
1.02032277346085
1.82869097429767
1.99091452480574
3.54166168559474
1.14130304841602
2.33735803945009
2.23837417812313
1.95517035265989
1.30077704722056
2.32361028093246
0.786610878661088
4.20705319784818
1.08631201434549
2.52707710699343
0.838852361028093
1.18254632396892
1.31177525403467
0.984578601315003
6.42594142259414
1.21554094441124
1.05606694560669
1.70496114763897
1.41350866706515
1.12755528989839
5.57907949790795
1.38326359832636
1.57573221757322
0.946084877465631
1.17154811715481
1.16604901374776
2.60406455469217
2.27411835026898
2.68655110579797
2.3593544530783
1.30627615062762
1.00932456664674
0.981829049611476
1.14130304841602
1.45750149432158
2.28511655708308
1.27603108188882
0.968081291093843
1.33927077106993
2.83227734608488
1.38876270173341
2.04315600717274
1.28702928870293
0.720621637776449
1.85618649133293
1.63897190675433
4.62223550508069
4.62223550508069
1.38876270173341
1.53448894202032
3.08798565451285
1.19904363419008
1.49874476987448
2.10639569635386
2.07340107591154
2.01291093843395
1.11380753138075
1.00932456664674
2.06790197250448
1.53998804542738
1.82869097429767
1.4080095636581
1.31727435744172
2.05140466228332
0.915839808726838
1.30077704722056
1.14680215182307
2.29886431560072
1.28977884040646
1.7187089061566
1.42450687387926
3.62414823670054
1.79294680215182
2.1833831440526
1.0670651524208
0.899342498505678
0.926838015540944
1.27053197848177
1.07806335923491
0.95433353257621
1.2320382546324
1.73520621637776
2.9587567244471
1.73795576808129
2.67280334728033
2.4418410041841
1.71320980274955
1.17704722056186
4.25929468021518
1.82044231918709
1.36401673640167
3.15397489539749
1.85343693962941
2.50783024506874
1.76270173341303
1.92767483562463
1.23478780633592
1.39976090854752
1.4602510460251
2.18888224745965
2.30161386730424
2.47483562462642
0.888344291691572
1.96891811117753
0.918589360430365
1.14405260011955
1.36951583980873
1.30627615062762
1.13580394500897
1.21554094441124
0.877346084877466
2.41159593544531
1.44375373580394
1.7599521817095
3.15122534369396
1.25128511655708
2.46383741781231
0.83335325762104
1.15505080693365
2.15038852361028
0.778362223550508
2.30161386730424
1.52349073520622
1.34751942618051
7.76222355050807
1.49324566646742
1.57848176927675
0.797609085475194
1.85343693962941
1.12480573819486
1.80394500896593
1.89468021518231
3.14022713687986
1.89742976688583
1.1907949790795
1.12205618649133
1.05606694560669
0.775612671846982
1.08356246264196
1.63897190675433
1.21279139270771
1.8424387328153
0.552898983861327
1.88093245666467
1.501494321578
0.918589360430365
1.09456066945607
1.02032277346085
1.12205618649133
2.08164973102212
1.50974297668858
1.0258218768679
1.80669456066946
2.23287507471608
1.87268380155409
1.30627615062762
1.501494321578
1.28153018529588
0.940585774058577
1.34476987447699
5.26013150029886
1.12205618649133
1.35851763299462
1.90017931858936
1.77095038852361
1.36126718469815
0.808607292289301
1.32002390914525
1.64172145845786
1.81494321578004
1.6664674237896
0.797609085475194
1.83968918111178
1.46575014943216
2.42259414225941
0.869097429766886
1.74345487148834
0.877346084877466
1.75720263000598
1.28153018529588
1.2842797369994
1.83693962940825
1.17979677226539
1.30077704722056
0.836102809324567
2.00191273161984
0.976329946204423
1.50974297668858
1.4080095636581
1.58123132098028
2.60131500298864
2.13664076509265
1.47399880454274
1.64722056186491
2.50508069336521
1.38876270173341
1.07531380753138
1.07256425582785
0.778362223550508
1.57573221757322
1.13580394500897
0.990077704722056
1.33377166766288
0.913090257023311
2.84877465630604
1.48774656306037
2.0074118350269
1.77095038852361
0.951583980872684
1.35576808129109
1.08631201434549
1.64997011356844
1.05331739390317
2.11189479976091
1.33927077106993
1.07806335923491
2.48858338314405
1.91667662881052
3.02199641362821
2.16688583383144
0.880095636580992
4.91918708906157
1.19629408248655
0.858099222952779
1.50699342498506
2.12564255827854
1.13855349671249
1.05606694560669
1.38601315002989
2.59306634787806
1.7489539748954
2.17513448894202
2.22187686790197
1.85068738792588
1.70221159593545
1.52349073520622
2.80478182904961
1.78744769874477
0.968081291093843
1.84518828451883
1.0148236700538
1.31452480573819
1.46849970113568
1.52624028690974
1.3667662881052
1.59497907949791
3.37668858338314
0.838852361028093
1.13855349671249
1.07806335923491
1.10280932456665
1.23753735803945
1.83968918111178
2.24937238493724
1.88918111177525
1.5729826658697
2.18063359234907
2.14488942020323
1.34476987447699
1.84518828451883
1.78744769874477
1.35576808129109
1.36401673640167
1.24028690974298
2.05415421398685
1.57573221757322
6.9593544530783
1.49874476987448
2.60131500298864
1.34202032277346
2.62056186491333
1.2732815301853
1.75720263000598
0.67937836222355
3.14572624028691
1.87818290496115
1.75170352659892
0.96258218768679
1.94142259414226
1.04781829049611
1.85343693962941
2.16688583383144
2.018410041841
0.921338912133891
1.22104004781829
1.38326359832636
1.58123132098028
1.74345487148834
1.82869097429767
2.10914524805738
1.16329946204423
1.65821876867902
2.33735803945009
1.09181111775254
1.16329946204423
2.89551703526599
1.88643156007173
1.94967124925284
1.9249252839211
2.2658696951584
1.50424387328153
1.24853556485356
1.79569635385535
9.63741781231321
1.6252241482367
0.96258218768679
1.87818290496115
4.52050209205021
1.2017931858936
2.3071129707113
1.55923490735206
2.31536162582188
1.5317393903168
1.59222952779438
1.39701135684399
1.27053197848177
5.74405260011955
0.940585774058577
1.33102211595935
