12.897055421459758
18.411304578512038
17.123931234453174
10.708520736559556
11.631138299801824
17.72470546168063
13.969866541508846
15.149958773562826
15.686364333587333
16.201313671210908
0.6884648753010688
13.776760539900007
13.991322763909778
10.515414734950715
16.501700784824713
44.69517701971482
20.020521258585713
9.850271840520314
16.995193900047287
12.189000082227338
12.682493197449906
11.995894080618495
17.595968127274734
13.261811202276432
17.917811463289468
34.13871559843174
16.4802445624237
13.304723647078365
12.98288031106363
19.527028143363147
13.712391872697062
14.592096991137312
11.459488520593913
10.901626738168398
27.98077976934998
11.716963189405702
25.062733522816437
24.955452410811468
13.798216762300937
10.644152069356606
16.80208789843844
17.03810634484922
16.69480678643347
15.021221439156935
17.553055682472795
15.192871218364767
8.17668649324369
14.978308994354995
17.123931234453174
19.720134144971983
11.480944742994922
15.149958773562826
11.824244301410664
17.810530351284587
20.921682599426898
24.7194339644007
25.85661375165274
15.621995666384386
17.57451190487381
14.484815879132347
20.664207930615188
17.081018789651157
20.75003282021906
19.67722170016997
12.575212085445019
22.230512165886843
12.339193639034242
12.91851164386069
16.780631676037427
29.675821339027546
49.39408972552981
14.227341210320638
17.338493458462942
18.86188524893267
9.9575529525252
35.554826276896584
19.355378364155236
22.230512165886843
41.11198787875079
13.948410319107836
15.12850255116182
6.374363811561258
23.367691953138888
16.02966389200308
13.261811202276432
27.916411102147045
19.720134144971983
0.13060309287554178
22.337793277891727
21.865756385070096
18.196742354502266
18.003636352893423
14.291709877523582
17.295581013661007
15.021221439156935
11.888612968613613
14.935396549552978
10.601239624554669
16.759175453636423
14.549184546335296
14.720834325543208
20.664207930615188
27.358549319721437
15.300152330369732
32.8727984767738
12.425018528638121
18.454217023314058
11.073276517376307
21.286438380243652
39.502771198677216
25.148558412420318
18.540041912917932
14.248797432721569
21.136244823436744
22.1661434986839
15.836557890394236
18.73314791452677
10.837258070965452
25.87806997405375
16.394419672819748
16.673350564032543
18.582954357719956
15.12850255116182
18.02509257529436
19.05499125054151
10.408133622945828
18.110917464898314
17.553055682472795
18.196742354502266
18.647323024922823
52.09757374805349
17.61742434967574
16.501700784824713
16.201313671210908
11.287838741386077
16.158401226408973
12.489387195841067
22.187599721084826
36.39161895053481
9.120760278886966
18.90479769373461
19.441203253759195
46.261481254986485
12.98288031106363
15.385977219973608
19.441203253759195
17.531599460071792
20.063433703387656
21.7584752730652
35.44754516489162
24.440503073187973
16.630438119230526
21.222069713040693
11.116188962178244
12.489387195841067
22.015949941876997
12.403562306237108
17.295581013661007
29.11795955660202
14.270253655122575
11.824244301410664
19.419747031358185
13.626566983093104
15.793645445592297
14.570640768736306
9.506972282104568
16.673350564032543
15.557626999181432
32.786973587169854
13.090161423068594
13.454917203885271
16.887912788042314
22.509443057099563
13.948410319107836
14.699378103142196
14.635009435939248
15.72927677838935
12.639580752647966
13.519285871088217
14.12006009831567
12.618124530246963
18.454217023314058
22.015949941876997
10.408133622945828
18.518585690517007
26.028263530860567
16.71626300883448
13.948410319107836
19.248097252150345
11.073276517376307
19.419747031358185
16.4802445624237
12.618124530246963
16.501700784824713
14.14151632071668
34.43910271204547
14.720834325543208
31.156300684695253
15.300152330369732
26.586125313286164
10.408133622945828
20.256539704996502
23.83972884596045
14.20588498791963
13.776760539900007
22.53089927950057
10.75143318136157
12.98288031106363
14.527728323934362
14.849571659949099
20.256539704996502
21.7584752730652
17.46723079286884
10.772889403762505
19.441203253759195
12.253368749430287
25.985351086058635
16.00820766960207
15.171414995963827
13.283267424677438
19.741590367372922
11.716963189405702
16.56606945202766
13.948410319107836
8.069405381238804
24.16157218197519
23.98992240276734
15.27869610796872
22.46653061229762
19.226641029749338
14.270253655122575
14.077147653513729
24.397590628385963
13.283267424677438
15.364520997572672
16.02966389200308
17.188299901656116
11.137645184579256
13.476373426286198
9.72153450611442
11.931525413415551
23.367691953138888
14.89248410475104
20.814401487422014
11.588225854999806
16.759175453636423
16.973737677646273
11.416576075791975
20.900226377025966
17.76761790648257
19.419747031358185
21.157701045837758
19.741590367372922
17.57451190487381
13.626566983093104
38.34413518902415
17.553055682472795
28.560097774176434
19.76304658977392
12.317737416633236
17.810530351284587
16.13694500400796
3.1130180066120117
14.613553213538244
16.00820766960207
18.17528613210126
13.111617645469524
13.390548536682324
14.162972543117693
18.454217023314058
16.458788340022696
13.540742093489149
10.837258070965452
47.29137993023357
25.170014634821325
22.423618167495686
13.669479427895046
9.442603614901623
19.226641029749338
11.867156746212604
23.732447733955564
18.239654799304205
15.364520997572672
11.330751186188015
19.398290808957256
21.779931495466222
20.213627260194563
18.56149813531895
20.685664153016113
13.090161423068594
9.785903173317365
32.658236252763956
14.291709877523582
14.549184546335296
11.566769632598877
12.811230531855802
12.939967866261695
14.398990989528471
23.088761061926085
18.02509257529436
13.884041651904893
13.69093565029605
11.802788079009659
15.32160855277066
18.003636352893423
18.497129468115997
14.699378103142196
11.566769632598877
38.21539785461826
12.403562306237108
41.21926899075575
10.472502290148773
12.38210608383618
15.815101667993224
14.89248410475104
12.489387195841067
20.664207930615188
13.004336533464642
14.055691431112722
13.540742093489149
36.47744384013876
16.995193900047287
25.942438641256697
15.621995666384386
15.064133883958874
16.394419672819748
17.681793016878697
10.601239624554669
19.419747031358185
26.178457087667468
41.4123749923646
20.235083482595485
12.596668307845952
15.836557890394236
23.024392394723144
14.613553213538244
8.133774048441751
15.192871218364767
23.131673506728024
13.562198315890157
20.599839263412242
12.897055421459758
18.06800502009637
14.89248410475104
14.699378103142196
18.304023466507154
17.295581013661007
7.59736848841722
16.330051005616802
23.324779508336864
14.227341210320638
13.562198315890157
18.711691692125765
16.00820766960207
17.61742434967574
19.119359917744458
12.360649861435174
18.003636352893423
11.202013851782203
22.015949941876997
13.326179869479377
12.618124530246963
22.788373948312362
16.24422611601292
15.858014112795239
10.30085251094094
8.841829387674167
37.12113051216824
11.03036407257429
13.412004759083253
9.506972282104568
20.29945214979844
15.32160855277066
17.145387456854106
14.935396549552978
12.296281194232224
26.264281977271416
23.346235730737874
12.103175192623382
57.33289201389309
12.703949419850916
18.79751658172972
22.015949941876997
14.420447211929474
14.31316609992451
44.56643968530895
19.441203253759195
20.62129548581317
10.75143318136157
19.033535028140502
10.021921619728147
25.12710219001939
14.356078544726527
30.57698267986872
13.798216762300937
18.73314791452677
14.720834325543208
25.320208191628236
16.30859478321587
19.419747031358185
20.084889925788666
12.575212085445019
23.238954618732993
13.476373426286198
14.656465658340256
32.35784913915024
16.780631676037427
13.648023205494114
14.291709877523582
20.256539704996502
15.214327440765775
12.16754385982633
13.133073867870536
16.330051005616802
12.639580752647966
16.458788340022696
12.85414297665774
15.32160855277066
25.942438641256697
20.664207930615188
11.459488520593913
16.86645656564139
23.1102172843271
11.137645184579256
27.637480210934243
11.0518202949753
20.320908372199444
19.612853032967024
8.777460720471222
19.93469636898176
21.050419933832792
20.149258592991604
9.099304056485957
16.4802445624237
8.670179608466336
29.289609335809853
14.720834325543208
15.214327440765775
13.240354979875423
33.21609803518955
12.575212085445019
14.356078544726527
8.11231782604082
15.943839002399118
37.59316740498979
32.701148697565976
18.28256724410614
17.23121234645806
22.8312863931143
23.260410841133922
17.982180130492424
16.501700784824713
13.905497874305905
20.85731393222395
12.467930973440057
17.23121234645806
16.587525674428583
11.867156746212604
9.27095383569379
22.48798683469864
39.2452965298654
11.695506967004771
15.49325833197849
13.969866541508846
13.412004759083253
18.969166360937553
17.810530351284587
22.638180391505465
12.339193639034242
20.943138821827908
15.643451888785393
21.0718761562338
11.802788079009659
19.119359917744458
24.24739707157914
24.805258854004652
17.488687015269853
18.582954357719956
16.437332117621764
15.12850255116182
32.14328691514047
18.818972804130727
23.15312972912903
20.020521258585713
16.094032559206028
27.44437420932541
15.70782055598834
15.879470335196169
17.703249239279618
31.649793799917806
14.398990989528471
39.760245867489004
19.56994058816509
10.472502290148773
20.921682599426898
12.55375586304401
28.581553996577444
18.089461242497304
16.930825232844334
13.776760539900007
9.785903173317365
29.31106555821079
17.102475012052164
16.051120114404085
16.630438119230526
11.931525413415551
20.277995927397505
18.668779247323823
19.05499125054151
14.613553213538244
17.23121234645806
15.49325833197849
23.43206062034183
19.93469636898176
16.608981896829597
11.416576075791975
14.935396549552978
14.248797432721569
16.07257633680502
18.196742354502266
20.943138821827908
13.175986312672476
12.210456304628346
18.304023466507154
22.1661434986839
11.781331856608649
17.76761790648257
19.913240146580748
12.360649861435174
21.651194161060328
13.412004759083253
12.725405642251845
14.935396549552978
8.648723386065328
16.051120114404085
13.304723647078365
13.862585429503888
14.89248410475104
17.188299901656116
14.527728323934362
9.72153450611442
10.98745162777235
33.28046670239249
24.67652151959876
10.17211517653505
15.32160855277066
18.003636352893423
13.154530090271544
19.441203253759195
10.34376495574288
12.210456304628346
21.71556282826327
19.26955347455136
21.672650383461328
18.818972804130727
13.476373426286198
13.841129207102957
12.467930973440057
24.869627521207597
11.309294963787085
21.97303749707506
13.261811202276432
12.725405642251845
20.53547059620929
10.687064514158626
19.05499125054151
12.339193639034242
15.90092655759718
11.759875634207718
20.385277039402396
21.350807047446597
16.69480678643347
16.13694500400796
18.346935911309092
15.72927677838935
14.356078544726527
13.648023205494114
19.076447472942515
17.03810634484922
10.558327179752732
14.592096991137312
19.977608813783704
15.450345887176553
12.55375586304401
14.506272101533353
14.162972543117693
22.123231053881884
18.218198576903198
29.439802892616683
18.304023466507154
14.999765216755925
11.287838741386077
18.73314791452677
27.916411102147045
12.189000082227338
15.72927677838935
16.56606945202766
18.990622583338567
14.742290547944137
23.19604217393097
29.2037844462059
25.234383302024273
22.46653061229762
14.613553213538244
56.64629289706167
16.995193900047287
9.249497613292784
15.235783663166776
23.710991511554553
27.058162206107728
19.05499125054151
19.848871479377802
12.746861864652855
18.625866802521895
11.094732739777237
18.368392133710103
19.333922141754307
15.171414995963827
15.214327440765775
16.351507228017812
16.86645656564139
14.291709877523582
13.261811202276432
13.755304317498995
12.253368749430287
14.20588498791963
24.183028404376184
18.754604136927785
15.579083221582447
14.291709877523582
24.26885329398007
24.67652151959876
19.655765477769044
17.25266856885907
21.0718761562338
13.841129207102957
20.471101929006345
13.776760539900007
22.359249500292734
17.102475012052164
21.779931495466222
15.064133883958874
18.28256724410614
25.942438641256697
11.266382518985074
18.132373687299324
33.85978470721894
21.458088159451485
6.48164492356616
18.239654799304205
13.755304317498995
54.50067065696349
12.12463141502439
50.037776397559284
8.648723386065328
9.549884726906587
11.867156746212604
24.05429106997029
13.218898757474491
14.291709877523582
25.942438641256697
15.364520997572672
12.103175192623382
13.562198315890157
15.858014112795239
16.330051005616802
25.749332639647854
10.493958512549783
19.527028143363147
18.818972804130727
12.575212085445019
20.578383041011232
14.20588498791963
17.66033679447768
15.32160855277066
34.03143448642685
13.154530090271544
11.910069191014541
16.201313671210908
32.9800795887787
14.871027882350026
17.188299901656116
14.377534767127463
9.807359395718374
23.389148175539813
13.090161423068594
15.879470335196169
11.716963189405702
10.21502762133699
32.40076158395218
17.874899018487536
11.631138299801824
11.159101406980184
13.090161423068594
69.19818300163601
27.12253087331068
25.212927079623263
17.03810634484922
13.369092314281314
7.296981374803469
15.72927677838935
27.38000554212245
14.592096991137312
16.523157007225645
23.62516662195068
90.26819339940032
43.021591672438205
12.768318087053864
59.11375847317459
11.910069191014541
12.768318087053864
13.090161423068594
25.320208191628236
16.587525674428583
17.595968127274734
15.793645445592297
13.648023205494114
32.55095514075907
16.00820766960207
20.235083482595485
13.862585429503888
11.137645184579256
26.607581535687093
33.34483536959537
45.76798813976391
16.287138560814867
1.3106953249295414
12.725405642251845
28.624466441379372
14.978308994354995
28.409904217369608
14.527728323934362
17.96072390809141
21.264982157842642
13.454917203885271
20.406733261803396
19.248097252150345
16.759175453636423
16.501700784824713
18.711691692125765
16.22276989361192
19.14081614014546
18.776060359328714
12.38210608383618
21.093332378634805
14.034235208711795
31.156300684695253
17.4243183480669
22.230512165886843
12.55375586304401
19.441203253759195
28.581553996577444
21.672650383461328
19.076447472942515
15.32160855277066
15.986751447201137
31.04901957269036
26.67195020289003
17.553055682472795
40.96179432194397
18.969166360937553
19.69867792257098
14.31316609992451
18.883341471333676
17.35994968086395
12.55375586304401
21.39371949224853
14.871027882350026
12.231912527029278
10.88017051576747
16.287138560814867
23.1102172843271
12.317737416633236
14.677921880741183
17.810530351284587
14.570640768736306
12.08171897022245
20.96459504422891
24.22594084917813
13.433460981484261
11.137645184579256
30.083489564646154
17.23121234645806
9.592797171708524
15.858014112795239
20.835857709823017
19.977608813783704
15.021221439156935
16.86645656564139
12.296281194232224
12.446474751039126
20.664207930615188
14.20588498791963
19.033535028140502
11.824244301410664
10.923082960569404
10.086290286931094
25.363120636430168
20.642751708214174
14.291709877523582
14.484815879132347
12.38210608383618
11.631138299801824
20.98605126662984
8.17668649324369
25.34166441402916
11.309294963787085
37.44297384818298
16.330051005616802
9.313866280495727
19.805959034575867
25.62059530524195
19.3124659193533
17.810530351284587
20.96459504422891
19.355378364155236
21.415175714649546
10.708520736559556
9.464059837302631
8.198142715644698
13.648023205494114
21.243525935441628
18.668779247323823
20.514014373808283
11.60968207740081
19.419747031358185
11.910069191014541
21.672650383461328
19.05499125054151
12.253368749430287
18.02509257529436
11.373663630990032
10.75143318136157
19.01207880573957
14.806659215147079
15.90092655759718
23.131673506728024
17.746161684081642
12.103175192623382
14.055691431112722
7.747562045224092
29.11795955660202
11.309294963787085
11.202013851782203
12.725405642251845
14.270253655122575
14.463359656731415
16.759175453636423
28.560097774176434
20.36382081700138
32.93716714397677
146.69805831398222
18.368392133710103
20.556926818610226
27.358549319721437
20.277995927397505
11.287838741386077
6.588926035571076
18.73314791452677
17.982180130492424
9.335322502896735
13.948410319107836
27.015249761305785
17.896355240888465
11.159101406980184
13.111617645469524
15.943839002399118
16.17985744880998
10.579783402153662
17.20975612405705
14.956852771953988
13.862585429503888
16.80208789843844
17.96072390809141
11.202013851782203
26.092632198063523
26.114088420464522
23.96846618036634
15.47180210957756
16.973737677646273
15.257239885567714
31.28503801910113
17.188299901656116
11.631138299801824
8.79891694287223
14.677921880741183
15.858014112795239
15.149958773562826
19.333922141754307
6.41727625636322
22.187599721084826
19.419747031358185
22.058862386678936
19.99906503618471
9.485516059703638
22.015949941876997
15.49325833197849
10.62269584695568
11.266382518985074
16.909369010443324
11.480944742994922
14.012778986310783
17.746161684081642
20.792945265021007
11.0518202949753
11.60968207740081
13.283267424677438
17.44577457046791
17.23121234645806
20.835857709823017
25.38457685883117
13.948410319107836
25.170014634821325
17.23121234645806
18.711691692125765
21.050419933832792
22.874198837916232
19.977608813783704
23.753903956356567
10.493958512549783
20.29945214979844
14.184428765518614
9.571340949307517
15.257239885567714
8.198142715644698
13.326179869479377
14.999765216755925
19.891783924179823
17.789074128883573
17.488687015269853
21.264982157842642
11.116188962178244
18.690235469724833
8.992022944481072
25.019821078014427
10.772889403762505
21.264982157842642
18.110917464898314
10.944539182970415
15.986751447201137
10.687064514158626
21.93012505227305
9.893184285322251
16.02966389200308
53.856983984934026
19.48411569856113
7.661737155620159
11.888612968613613
12.575212085445019
21.60828171625838
24.22594084917813
18.754604136927785
13.476373426286198
10.1077465093321
16.24422611601292
18.690235469724833
21.050419933832792
14.034235208711795
12.91851164386069
17.831986573685512
18.690235469724833
14.742290547944137
10.365221178143889
18.003636352893423
16.759175453636423
18.947710138536628
11.523857187796859
18.475673245714983
13.476373426286198
12.467930973440057
11.137645184579256
20.213627260194563
30.46970156786384
22.724005281109417
21.307894602644584
13.133073867870536
15.579083221582447
13.92695409670683
67.33149165275064
12.425018528638121
18.06800502009637
20.75003282021906
9.979009174926206
10.708520736559556
30.920282238284464
17.746161684081642
9.785903173317365
18.218198576903198
12.746861864652855
8.090861603639814
22.960023727520202
17.44577457046791
24.333221961183014
13.090161423068594
18.261111021705215
9.549884726906587
14.677921880741183
16.41587589522075
16.158401226408973
11.716963189405702
18.818972804130727
41.4123749923646
12.12463141502439
16.330051005616802
16.995193900047287
13.991322763909778
23.56079795474772
11.781331856608649
19.48411569856113
10.193571398936056
21.39371949224853
21.436631937050468
13.776760539900007
11.309294963787085
17.488687015269853
45.63925080535804
11.459488520593913
17.66033679447768
11.738419411806708
17.72470546168063
18.776060359328714
18.604410580120884
21.60828171625838
10.043377842129155
25.96389486365762
25.019821078014427
20.084889925788666
26.435931756479253
17.746161684081642
12.832686754256809
5.172815357106272
10.515414734950715
11.631138299801824
16.22276989361192
11.352207408589026
15.72927677838935
22.123231053881884
10.386677400544823
8.670179608466336
8.219598938045705
19.355378364155236
13.776760539900007
36.28433783852993
17.123931234453174
11.244926296584142
9.399691170099683
29.2037844462059
12.360649861435174
8.241055160446635
15.986751447201137
37.91501074100453
15.943839002399118
11.159101406980184
13.240354979875423
14.484815879132347
30.46970156786384
14.871027882350026
17.66033679447768
14.635009435939248
14.613553213538244
24.419046850786962
11.824244301410664
20.65347981941464
35.72647605610442
69.13381433443311
24.869627521207597
20.642751708214174
18.110917464898314
20.556926818610226
17.746161684081642
16.437332117621764
17.703249239279618
10.386677400544823
16.501700784824713
14.828115437548089
13.712391872697062
23.861185068361458
39.86752697949387
19.46265947616021
18.604410580120884
15.836557890394236
18.90479769373461
15.364520997572672
13.154530090271544
11.137645184579256
16.02966389200308
19.54848436576408
10.729976958960561
22.123231053881884
20.041977480986645
11.266382518985074
22.8312863931143
14.742290547944137
13.626566983093104
18.969166360937553
10.21502762133699
13.819672984701944
15.49325833197849
17.46723079286884
16.544613229626655
19.355378364155236
12.16754385982633
9.67862206131248
14.828115437548089
18.304023466507154
16.24422611601292
12.489387195841067
10.493958512549783
17.102475012052164
18.239654799304205
11.588225854999806
33.301922924793416
8.348336272451599
12.682493197449906
22.25196838828778
8.519986051659435
18.668779247323823
14.849571659949099
22.9814799499212
15.943839002399118
22.46653061229762
18.304023466507154
16.759175453636423
15.53617077678051
14.420447211929474
23.6466228443516
30.598438902269738
41.92732432998809
20.578383041011232
17.102475012052164
19.48411569856113
18.475673245714983
11.373663630990032
13.175986312672476
15.858014112795239
7.532999821214274
9.506972282104568
14.012778986310783
18.06800502009637
33.83832848481802
14.12006009831567
21.543913049055433
18.06800502009637
22.230512165886843
42.91431056043332
34.71803360325827
21.136244823436744
15.836557890394236
26.757775092493993
14.956852771953988
16.22276989361192
22.788373948312362
20.578383041011232
13.894769763105431
11.373663630990032
18.90479769373461
13.862585429503888
17.76761790648257
16.372963450418816
17.72470546168063
27.83058621254308
17.102475012052164
52.483785751271185
19.78450281217486
37.70044851699468
6.653294702774016
8.906198054877116
17.746161684081642
15.621995666384386
20.85731393222395
19.14081614014546
17.20975612405705
20.578383041011232
26.37156308927631
18.540041912917932
12.253368749430287
17.295581013661007
22.123231053881884
19.720134144971983
16.86645656564139
25.749332639647854
13.025792755865647
13.798216762300937
17.874899018487536
12.317737416633236
26.88651242689988
16.07257633680502
11.845700523811592
22.874198837916232
37.12113051216824
18.497129468115997
16.95228145524526
7.361350042006417
11.502400965395926
27.873498657345028
26.543212868484133
17.23121234645806
23.19604217393097
9.421147392500691
16.394419672819748
18.990622583338567
14.012778986310783
23.603710399549666
11.824244301410664
25.34166441402916
11.759875634207718
41.240725213156686
16.608981896829597
17.553055682472795
18.432760800913044
13.090161423068594
12.768318087053864
19.05499125054151
17.145387456854106
15.021221439156935
14.549184546335296
11.631138299801824
17.66033679447768
22.10177483148095
10.21502762133699
26.242825754870427
18.668779247323823
12.017350303019505
18.497129468115997
21.73701905066428
233.76787525678404
13.090161423068594
22.46653061229762
36.756374731351485
27.272724430117567
14.463359656731415
25.255839524425287
19.441203253759195
17.23121234645806
18.346935911309092
16.71626300883448
13.433460981484261
14.506272101533353
15.192871218364767
24.955452410811468
12.746861864652855
23.303323285935935
19.14081614014546
13.283267424677438
11.802788079009659
27.83058621254308
15.621995666384386
16.41587589522075
15.621995666384386
12.274824971831292
18.497129468115997
10.558327179752732
14.849571659949099
14.055691431112722
11.244926296584142
16.372963450418816
26.478844201281202
22.058862386678936
16.287138560814867
20.192171037793546
17.081018789651157
10.257940066138927
17.166843679255113
15.32160855277066
9.828815618119306
14.999765216755925
25.835157529251802
19.891783924179823
12.746861864652855
18.79751658172972
26.82214375969693
10.794345626163512
12.55375586304401
24.805258854004652
25.534770415637997
19.505571920962144
23.96846618036634
12.038806525420439
31.649793799917806
11.910069191014541
16.71626300883448
16.30859478321587
12.618124530246963
14.635009435939248
51.36806218642014
29.11795955660202
13.69093565029605
12.811230531855802
13.562198315890157
17.76761790648257
44.2445963492942
13.540742093489149
12.231912527029278
20.42818948420433
17.896355240888465
31.027563350289345
10.257940066138927
8.562898496461372
21.0718761562338
24.633609074796816
20.685664153016113
11.652594522202753
34.56784004645135
16.094032559206028
17.145387456854106
18.110917464898314
16.930825232844334
41.11198787875079
11.566769632598877
19.741590367372922
15.72927677838935
36.06977561452007
10.515414734950715
17.03810634484922
12.596668307845952
17.831986573685512
9.67862206131248
10.1077465093321
17.03810634484922
17.25266856885907
18.304023466507154
19.870327701778812
18.196742354502266
9.807359395718374
28.08806088135487
1.5467137713403445
24.26885329398007
11.287838741386077
17.35994968086395
16.71626300883448
23.7753601787575
17.274124791260004
23.389148175539813
24.397590628385963
12.725405642251845
25.727876417246847
16.30859478321587
15.90092655759718
15.214327440765775
14.871027882350026
12.210456304628346
42.46372989001269
14.871027882350026
10.236483843737998
12.060262747821442
27.83058621254308
10.34376495574288
18.90479769373461
20.406733261803396
35.68356361130238
11.888612968613613
19.3124659193533
19.63430925536803
16.73771923123549
22.316337055490727
13.369092314281314
18.776060359328714
18.786788470529252
43.53654101006178
8.841829387674167
14.763746770345142
15.47180210957756
13.798216762300937
11.244926296584142
9.485516059703638
16.394419672819748
18.06800502009637
17.274124791260004
16.330051005616802
12.296281194232224
12.146087637425401
32.658236252763956
14.098603875914744
24.633609074796816
19.183728584947406
40.57558231872628
20.385277039402396
22.874198837916232
34.288909155238656
12.403562306237108
17.488687015269853
24.91253996600954
18.28256724410614
96.66214767489271
18.196742354502266
15.600539443983457
14.463359656731415
17.810530351284587
14.227341210320638
34.76094604806021
19.01207880573957
30.555526457467792
12.403562306237108
19.891783924179823
18.346935911309092
13.497829648687206
33.301922924793416
19.805959034575867
24.24739707157914
10.193571398936056
14.227341210320638
11.352207408589026
10.386677400544823
13.090161423068594
14.549184546335296
9.635709616510463
14.89248410475104
18.73314791452677
14.184428765518614
21.200613490639693
24.05429106997029
38.55869741303402
14.270253655122575
23.539341732346713
17.295581013661007
13.776760539900007
14.356078544726527
62.61112272453463
15.77218922319129
11.54531341019787
76.70786084197968
16.158401226408973
8.562898496461372
22.509443057099563
13.519285871088217
17.295581013661007
10.708520736559556
16.330051005616802
25.96389486365762
11.137645184579256
11.287838741386077
16.287138560814867
15.235783663166776
15.858014112795239
72.41661636178331
15.235783663166776
7.940668046832909
12.703949419850916
20.578383041011232
14.034235208711795
22.10177483148095
15.70782055598834
21.114788601035734
14.549184546335296
25.34166441402916
21.050419933832792
11.888612968613613
13.948410319107836
12.231912527029278
1.739819772949178
11.287838741386077
15.72927677838935
11.631138299801824
19.076447472942515
38.32267896662321
11.266382518985074
16.673350564032543
10.17211517653505
12.91851164386069
43.79401567887358
15.021221439156935
16.71626300883448
17.188299901656116
11.137645184579256
24.22594084917813
8.756004498070212
11.781331856608649
25.59913908284095
40.14645787070667
19.419747031358185
14.613553213538244
14.227341210320638
14.592096991137312
9.785903173317365
33.559397593605205
15.922382779998191
15.149958773562826
22.209055943485833
25.363120636430168
12.339193639034242
15.77218922319129
15.021221439156935
23.79681640115851
15.149958773562826
15.986751447201137
21.951581274674055
9.099304056485957
24.01137862516828
14.592096991137312
25.44894552603412
11.159101406980184
15.664908111186401
14.720834325543208
19.63430925536803
9.485516059703638
22.724005281109417
19.977608813783704
19.333922141754307
18.86188524893267
13.283267424677438
14.635009435939248
16.887912788042314
22.917111282718253
16.973737677646273
17.638880572076673
8.691635830867266
12.360649861435174
18.690235469724833
15.72927677838935
10.772889403762505
35.79084472330735
20.642751708214174
9.807359395718374
20.106346148189594
18.73314791452677
9.163672723688904
15.643451888785393
26.71486264769206
18.06800502009637
14.570640768736306
14.720834325543208
51.79718663443978
29.05359088939909
16.995193900047287
13.92695409670683
13.605110760692094
24.26885329398007
14.055691431112722
15.085590106359875
14.420447211929474
18.73314791452677
12.253368749430287
10.644152069356606
14.999765216755925
30.57698267986872
12.017350303019505
12.98288031106363
24.22594084917813
12.060262747821442
24.891083743608615
31.070475795091372
14.484815879132347
32.8727984767738
8.54144227406044
22.40216194509468
7.89775560203097
16.158401226408973
8.54144227406044
17.61742434967574
15.879470335196169
17.57451190487381
32.67969247516496
11.995894080618495
16.909369010443324
18.304023466507154
20.53547059620929
17.20975612405705
21.028963711431864
21.93012505227305
17.96072390809141
16.22276989361192
14.12006009831567
6.1168891427494705
29.675821339027546
16.351507228017812
19.419747031358185
35.29735160808479
17.166843679255113
17.102475012052164
17.338493458462942
11.54531341019787
27.637480210934243
17.123931234453174
11.19128574058166
18.17528613210126
20.406733261803396
22.337793277891727
27.38000554212245
17.917811463289468
26.736318870092976
9.914640507723258
11.073276517376307
12.017350303019505
19.033535028140502
35.57628249929751
11.073276517376307
18.668779247323823
20.70712037541713
13.454917203885271
25.29875196922722
19.01207880573957
12.489387195841067
13.69093565029605
17.35994968086395
16.71626300883448
19.977608813783704
14.913940327152046
16.759175453636423
17.4243183480669
7.661737155620159
16.458788340022696
16.608981896829597
41.92732432998809
27.68039265573618
22.509443057099563
23.024392394723144
25.813701306850792
29.31106555821079
27.873498657345028
17.982180130492424
15.600539443983457
19.333922141754307
64.60655140782595
11.60968207740081
22.852742615515304
10.98745162777235
19.398290808957256
14.227341210320638
9.528428504505577
18.969166360937553
23.067304839525075
16.630438119230526
36.799287176153506
12.875599199058748
11.931525413415551
16.051120114404085
18.883341471333676
12.16754385982633
9.592797171708524
21.629737938659318
32.76551736476892
9.356778725297744
10.687064514158626
15.793645445592297
19.956152591382764
10.021921619728147
9.850271840520314
11.888612968613613
9.27095383569379
9.785903173317365
15.32160855277066
16.673350564032543
13.111617645469524
14.377534767127463
0.40953398408830577
14.31316609992451
39.073646750657595
17.295581013661007
26.37156308927631
11.759875634207718
15.214327440765775
18.990622583338567
22.015949941876997
8.691635830867266
24.805258854004652
13.133073867870536
17.72470546168063
36.219969171326966
22.960023727520202
16.30859478321587
11.266382518985074
18.840429026531663
22.9814799499212
78.66037708046908
20.96459504422891
11.502400965395926
13.884041651904893
10.30085251094094
42.442273667611694
21.458088159451485
9.87172806292132
14.398990989528471
19.99906503618471
25.320208191628236
27.916411102147045
15.385977219973608
11.695506967004771
17.01665012244821
43.94420923568046
17.03810634484922
11.888612968613613
22.337793277891727
19.913240146580748
29.675821339027546
17.810530351284587
19.67722170016997
18.110917464898314
20.96459504422891
9.850271840520314
12.575212085445019
15.90092655759718
14.227341210320638
31.027563350289345
23.303323285935935
11.502400965395926
18.73314791452677
9.979009174926206
13.648023205494114
17.638880572076673
22.015949941876997
16.00820766960207
34.95405204966904
16.330051005616802
18.304023466507154
12.98288031106363
19.01207880573957
0.2593404272814328
59.34977691958535
12.403562306237108
25.148558412420318
20.75003282021906
9.571340949307517
32.8727984767738
13.090161423068594
12.596668307845952
16.22276989361192
43.085960339641154
20.835857709823017
18.346935911309092
67.2456667631467
13.819672984701944
23.088761061926085
13.905497874305905
9.9575529525252
23.51788550994571
13.69093565029605
14.635009435939248
12.532299640643007
18.711691692125765
26.32865064447437
22.595267946703526
15.064133883958874
14.871027882350026
36.43453139533682
19.26955347455136
15.793645445592297
18.368392133710103
20.342364594600458
17.25266856885907
9.979009174926206
16.41587589522075
18.089461242497304
11.202013851782203
12.639580752647966
19.355378364155236
22.852742615515304
14.613553213538244
29.2037844462059
17.44577457046791
15.72927677838935
7.511543598813289
16.094032559206028
21.651194161060328
19.720134144971983
9.785903173317365
15.836557890394236
9.27095383569379
17.703249239279618
25.59913908284095
10.386677400544823
9.850271840520314
19.913240146580748
25.899526196454755
11.352207408589026
20.471101929006345
30.727176236675625
20.106346148189594
13.841129207102957
14.248797432721569
26.693406425291048
14.12006009831567
12.85414297665774
21.565369271456365
1.0532206561177606
29.2037844462059
20.70712037541713
17.188299901656116
13.090161423068594
10.365221178143889
17.123931234453174
23.088761061926085
11.116188962178244
38.77325963704377
13.476373426286198
10.472502290148773
13.733848095097994
16.909369010443324
15.943839002399118
17.35994968086395
12.038806525420439
13.175986312672476
18.582954357719956
18.475673245714983
16.544613229626655
21.179157268238686
20.020521258585713
21.887212607471106
18.239654799304205
19.76304658977392
17.61742434967574
18.368392133710103
16.80208789843844
16.887912788042314
10.236483843737998
24.26885329398007
12.231912527029278
30.190770676651034
18.02509257529436
18.86188524893267
18.690235469724833
9.549884726906587
15.858014112795239
12.489387195841067
20.835857709823017
26.435931756479253
17.746161684081642
19.56994058816509
24.01137862516828
24.805258854004652
115.67236072216296
10.687064514158626
17.853442796086522
15.407433442374609
21.97303749707506
10.086290286931094
46.73351814780804
15.235783663166776
19.14081614014546
15.70782055598834
20.42818948420433
13.733848095097994
33.28046670239249
21.97303749707506
11.287838741386077
20.664207930615188
9.87172806292132
20.406733261803396
12.210456304628346
19.78450281217486
16.458788340022696
23.539341732346713
26.37156308927631
19.54848436576408
12.403562306237108
31.88581224632866
13.047248978266579
9.807359395718374
11.0518202949753
19.376834586556242
52.09757374805349
21.672650383461328
13.283267424677438
17.746161684081642
11.008907850173358
15.53617077678051
17.23121234645806
9.378234947698676
14.635009435939322
9.592797171708524
12.317737416633236
21.522456826654427
15.557626999181432
25.084189745217362
9.013479166882002
11.266382518985074
14.484815879132347
18.540041912917932
42.16334277639896
13.862585429503959
15.085590106359875
14.12006009831567
14.227341210320638
26.04971975326158
13.347636091880387
12.703949419850916
13.412004759083253
11.716963189405702
56.23862467144304
23.732447733955564
20.814401487422014
22.960023727520202
16.11548878160703
14.463359656731415
20.36382081700138
23.1102172843271
10.794345626163512
14.742290547944137
15.75073300079028
18.990622583338567
22.53089927950057
14.162972543117693
13.433460981484261
14.913940327152046
36.713462286549536
21.372263269847522
10.933811071769872
16.13694500400796
22.40216194509468
9.077847834084949
20.728576597818133
10.88017051576747
18.818972804130727
33.04444825598164
23.21749839633198
15.621995666384386
12.703949419850916
30.46970156786384
19.99906503618471
16.995193900047287
10.837258070965452
11.480944742994922
14.699378103142196
26.30719442207337
21.908668829872116
11.352207408589026
22.123231053881884
13.519285871088217
21.50100060425342
11.330751186188015
34.80385849286213
26.135544642865522
21.887212607471106
14.055691431112722
17.703249239279618
18.046548797695365
14.871027882350026
34.05289070882779
12.038806525420439
24.01137862516828
17.4243183480669
18.046548797695365
21.822843940268154
16.02966389200308
32.40076158395218
10.30085251094094
24.91253996600954
13.819672984701944
14.570640768736306
10.837258070965452
14.377534767127463
10.708520736559556
12.596668307845952
22.423618167495686
22.895655060317257
14.549184546335296
15.836557890394236
13.240354979875423
22.852742615515304
18.92625391613561
18.86188524893267
15.922382779998191
9.592797171708524
14.806659215147079
22.29488083308979
14.592096991137312
17.595968127274734
19.977608813783704
18.196742354502266
22.917111282718253
14.720834325543208
15.042677661557942
50.59563817998478
16.07257633680502
16.501700784824713
17.35994968086395
18.647323024922823
18.06800502009637
8.090861603639814
18.497129468115997
7.8762993796299625
12.532299640643007
11.266382518985074
12.339193639034242
10.944539182970415
17.896355240888465
12.146087637425401
32.057462025536495
16.41587589522075
14.184428765518614
15.858014112795239
14.31316609992451
17.081018789651157
12.897055421459758
23.96846618036634
33.301922924793416
15.70782055598834
16.673350564032543
22.724005281109417
16.80208789843844
20.62129548581317
20.17071481539254
0.21642798247946912
18.604410580120884
19.720134144971983
17.96072390809141
18.325479688908164
9.807359395718374
13.519285871088217
16.051120114404085
18.132373687299324
22.874198837916232
10.429589845346836
29.182328223804888
14.441903434330406
21.994493719475987
16.845000343240383
12.789774309454794
20.96459504422891
12.16754385982633
14.935396549552978
22.230512165886843
14.978308994354995
17.4243183480669
26.779231314895004
20.106346148189594
23.067304839525075
56.36736200584894
61.30229315807471
11.631138299801824
12.703949419850916
24.52632796279185
19.355378364155236
12.489387195841067
18.432760800913044
20.29945214979844
12.189000082227338
9.807359395718374
22.960023727520202
16.02966389200308
12.489387195841067
14.527728323934362
15.579083221582447
16.13694500400796
13.133073867870536
18.711691692125765
36.39161895053481
21.543913049055433
10.644152069356606
13.476373426286198
19.827415256976877
12.746861864652855
15.793645445592297
16.24422611601292
26.629037758088096
29.032134666998065
16.523157007225645
9.249497613292784
17.25266856885907
11.159101406980184
21.307894602644584
15.192871218364767
23.389148175539813
16.00820766960207
17.531599460071792
17.102475012052164
16.394419672819748
10.944539182970415
29.289609335809853
21.372263269847522
16.69480678643347
11.459488520593913
15.364520997572672
18.06800502009637
17.46723079286884
0.3237090944843783
14.291709877523582
13.991322763909778
27.272724430117567
15.514714554379498
32.593867585561014
11.438032298192981
1.139045545721685
26.97233731650384
25.85661375165274
19.441203253759195
20.642751708214174
17.44577457046791
13.175986312672476
11.03036407257429
11.073276517376307
20.17071481539254
21.7584752730652
32.12183069273946
13.540742093489149
19.033535028140502
16.17985744880998
15.621995666384386
19.3124659193533
13.884041651904893
15.836557890394236
16.69480678643347
31.95018091353162
12.85414297665774
18.604410580120884
14.184428765518614
17.681793016878697
11.738419411806708
18.261111021705215
41.240725213156686
22.70254905870841
8.777460720471222
13.562198315890157
20.900226377025966
45.1886701349374
14.635009435939248
14.377534767127463
11.202013851782203
30.190770676651034
9.292410058094799
20.921682599426898
15.257239885567714
10.12920273173311
14.956852771953988
13.948410319107836
11.738419411806708
18.840429026531663
19.162272362546396
21.286438380243652
17.46723079286884
19.355378364155236
39.180927862662465
18.06800502009637
14.098603875914744
16.780631676037427
18.346935911309092
10.000465397327217
39.073646750657595
15.836557890394236
10.536870957351722
17.76761790648257
16.630438119230526
20.29945214979844
25.87806997405375
13.583654538291164
15.021221439156935
13.390548536682324
17.72470546168063
10.644152069356606
15.192871218364767
19.805959034575867
18.754604136927785
14.441903434330406
17.789074128883573
11.008907850173358
14.999765216755925
13.025792755865647
25.255839524425287
8.863285610075177
37.59316740498979
9.67862206131248
17.25266856885907
16.201313671210908
19.248097252150345
14.592096991137312
14.270253655122575
29.096503334201024
17.93926768569048
16.265682338413853
25.40603308123211
15.32160855277066
19.63430925536803
20.96459504422891
12.12463141502439
28.409904217369608
17.46723079286884
10.815801848564519
35.44754516489162
17.681793016878697
18.17528613210126
21.522456826654427
19.612853032967024
18.625866802521895
11.416576075791975
17.853442796086522
12.618124530246963
11.03036407257429
26.993793538904786
28.624466441379372
11.502400965395926
10.837258070965452
17.338493458462942
28.324079327765656
18.368392133710103
13.776760539900007
14.935396549552978
16.30859478321587
15.90092655759718
39.009278083454646
32.76551736476892
14.484815879132347
21.136244823436744
13.025792755865647
20.235083482595485
13.905497874305905
23.7753601787575
20.36382081700138
11.073276517376307
14.420447211929474
8.949110499679055
9.356778725297744
18.196742354502266
17.72470546168063
13.798216762300937
13.004336533464642
16.24422611601292
25.170014634821325
19.505571920962144
9.013479166882002
29.2037844462059
154.27210482152876
23.861185068361458
14.420447211929474
19.248097252150345
12.467930973440057
14.484815879132347
17.081018789651157
18.883341471333676
14.20588498791963
18.647323024922823
12.08171897022245
19.48411569856113
9.936096730124268
40.61849476352823
12.811230531855802
6.653294702774016
20.149258592991604
13.540742093489149
19.355378364155236
10.365221178143889
16.69480678643347
12.446474751039126
16.887912788042314
11.588225854999806
13.798216762300937
16.56606945202766
18.540041912917932
10.858714293366457
16.4802445624237
8.17668649324369
10.965995405371345
29.461259115017697
15.27869610796872
17.03810634484922
12.575212085445019
9.077847834084949
1.0746768785187457
25.44894552603412
14.184428765518614
42.2277114436019
14.720834325543208
15.085590106359875
22.616724169104533
18.690235469724833
11.87788485741307
12.832686754256809
13.733848095097994
21.350807047446597
25.041277300415434
20.020521258585713
14.828115437548089
13.69093565029605
12.832686754256809
11.352207408589026
19.441203253759195
18.969166360937553
12.489387195841067
17.338493458462942
12.897055421459758
17.982180130492424
29.461259115017697
34.03143448642685
11.845700523811592
16.71626300883448
12.532299640643007
19.720134144971983
18.668779247323823
15.686364333587333
11.716963189405702
21.458088159451485
27.50874287652835
9.742990728515426
8.820373165273159
16.909369010443324
11.438032298192981
18.754604136927785
15.986751447201137
14.635009435939248
22.29488083308979
16.673350564032543
10.1077465093321
13.626566983093104
12.618124530246963
26.67195020289003
53.83552776253308
17.145387456854106
27.251268207716556
12.08171897022245
10.043377842129155
10.30085251094094
13.240354979875423
41.326550102760635
14.677921880741183
17.03810634484922
17.081018789651157
16.759175453636423
12.446474751039126
39.73878964508798
15.986751447201137
21.47954438185249
10.708520736559556
23.43206062034183
10.515414734950715
23.303323285935935
22.230512165886843
14.828115437548089
13.347636091880387
21.329350825045584
22.9814799499212
14.978308994354995
40.14645787070667
19.441203253759195
27.272724430117567
51.56116818802899
18.368392133710103
12.16754385982633
23.389148175539813
15.12850255116182
14.913940327152046
20.685664153016113
13.497829648687206
20.256539704996502
31.070475795091372
12.682493197449906
34.05289070882779
40.4468449843204
23.51788550994571
14.441903434330406
17.72470546168063
15.257239885567714
13.497829648687206
20.664207930615188
16.265682338413853
11.931525413415551
21.672650383461328
14.227341210320638
22.316337055490727
12.274824971831292
50.145057509564154
12.703949419850916
18.411304578512038
14.420447211929474
15.10704632876089
24.24739707157914
26.264281977271416
17.638880572076673
12.703949419850916
20.235083482595485
10.558327179752732
25.59913908284095
17.96072390809141
13.841129207102957
18.132373687299324
9.614253394109536
30.619895124670737
43.622365899665645
17.274124791260004
13.261811202276432
23.367691953138888
17.274124791260004
11.502400965395926
10.386677400544823
24.7194339644007
18.668779247323823
8.198142715644698
32.55095514075907
12.189000082227338
47.935066602263035
13.433460981484261
78.68183330286986
25.556226638039
26.435931756479253
34.911139604867095
13.733848095097994
10.536870957351722
10.944539182970415
18.79751658172972
21.887212607471106
16.41587589522075
11.716963189405702
21.844300162669157
21.157701045837758
14.78520299274615
13.412004759083253
71.79438591215482
21.157701045837758
12.832686754256809
19.14081614014546
11.824244301410664
15.53617077678051
10.75143318136157
43.51508478766077
16.887912788042314
13.433460981484261
12.682493197449906
17.681793016878697
14.012778986310783
15.385977219973608
11.395119853390964
14.12006009831567
12.231912527029278
18.153829909700246
32.593867585561014
14.14151632071668
20.792945265021007
26.092632198063523
13.583654538291164
28.93558166619365
90.26819339940032
12.103175192623382
13.540742093489149
13.776760539900007
22.938567505119185
18.690235469724833
25.59913908284095
16.330051005616802
17.853442796086522
14.420447211929474
16.759175453636423
8.906198054877116
21.951581274674055
15.75073300079028
13.412004759083253
12.811230531855802
9.914640507723258
23.818272623559512
26.092632198063523
16.501700784824713
22.058862386678936
18.28256724410614
20.342364594600458
12.875599199058748
10.62269584695568
22.316337055490727
28.130973326156806
18.089461242497304
13.519285871088217
27.20835576291462
14.055691431112722
14.034235208711795
10.901626738168398
12.08171897022245
14.055691431112722
23.410604397940823
25.51331419323706
23.19604217393097
19.54848436576408
13.261811202276432
19.05499125054151
26.543212868484133
0.0233219808706324
19.333922141754307
23.96846618036634
19.720134144971983
10.429589845346836
37.636079849791734
30.64135134707168
11.738419411806708
13.948410319107836
14.034235208711795
17.93926768569048
16.887912788042314
17.789074128883573
14.89248410475104
14.699378103142196
22.037406164278007
17.25266856885907
20.878770154624956
12.231912527029278
24.891083743608615
16.930825232844334
16.158401226408973
21.286438380243652
25.727876417246847
14.978308994354995
17.810530351284587
15.021221439156935
17.317037236062014
24.655065297197748
26.71486264769206
17.96072390809141
19.56994058816509
11.330751186188015
12.060262747821442
11.202013851782203
9.077847834084949
22.445074389896618
17.102475012052164
14.248797432721569
16.995193900047287
12.811230531855802
16.458788340022696
27.38000554212245
34.181628043233694
8.54144227406044
53.706790428127185
13.519285871088217
13.562198315890157
13.519285871088217
14.098603875914744
15.986751447201137
18.711691692125765
16.71626300883448
11.094732739777237
25.084189745217362
62.353648055722864
16.17985744880998
11.159101406980184
17.66033679447768
15.27869610796872
13.476373426286198
28.560097774176434
12.897055421459758
11.159101406980184
18.754604136927785
13.476373426286198
17.61742434967574
19.977608813783704
19.076447472942515
21.565369271456365
9.077847834084949
22.960023727520202
16.80208789843844
11.738419411806708
13.218898757474491
24.869627521207597
16.094032559206028
12.060262747821442
10.536870957351722
26.32865064447437
17.188299901656116
55.93823755782925
12.446474751039126
15.643451888785393
29.439802892616683
11.631138299801824
28.989222222196123
18.668779247323823
20.792945265021007
20.62129548581317
26.457387978880273
20.041977480986645
14.12006009831567
32.16474313754138
7.189700262798562
16.22276989361192
11.674050744603761
15.858014112795239
21.865756385070096
28.195341993359747
24.183028404376184
17.746161684081642
12.875599199058748
16.265682338413853
13.884041651904893
39.67442097788503
14.356078544726527
9.549884726906587
12.08171897022245
21.114788601035734
19.63430925536803
16.437332117621764
19.505571920962144
16.11548878160703
9.635709616510463
15.664908111186401
16.201313671210908
15.686364333587333
16.973737677646273
18.089461242497304
43.60090967726473
12.703949419850916
12.811230531855802
25.12710219001939
14.656465658340256
53.94280887453794
9.485516059703638
12.746861864652855
19.78450281217486
6.546013590769105
18.79751658172972
9.013479166882002
16.11548878160703
21.50100060425342
10.687064514158626
12.639580752647966
21.307894602644584
30.662807569472665
21.951581274674055
21.458088159451485
23.002936172322134
21.157701045837758
16.17985744880998
23.067304839525075
20.256539704996502
18.132373687299324
14.377534767127463
11.523857187796859
15.793645445592297
37.44297384818298
15.986751447201137
15.90092655759718
20.792945265021007
10.30085251094094
11.738419411806708
23.19604217393097
16.201313671210908
15.664908111186401
0.13060309287554178
28.324079327765656
19.63430925536803
11.867156746212604
16.02966389200308
12.768318087053864
22.445074389896618
18.003636352893423
24.097203514772232
19.14081614014546
13.304723647078365
43.64382212206665
18.518585690517007
13.540742093489149
304.89525251603897
10.901626738168398
16.11548878160703
13.004336533464642
13.905497874305905
12.55375586304401
15.085590106359875
19.891783924179823
27.68039265573618
11.330751186188015
27.337093097320516
15.621995666384386
16.22276989361192
21.694106605862267
10.34376495574288
27.50874287652835
9.72153450611442
12.532299640643007
18.046548797695365
14.398990989528471
20.556926818610226
20.53547059620929
12.317737416633236
24.204484626777113
26.178457087667468
35.29735160808479
13.476373426286198
13.841129207102957
13.519285871088217
20.213627260194563
14.656465658340256
13.090161423068594
16.094032559206028
22.29488083308979
21.114788601035734
14.227341210320638
14.677921880741183
24.955452410811468
18.346935911309092
20.256539704996502
21.629737938659318
8.326880050050592
15.579083221582447
18.647323024922823
19.14081614014546
10.000465397327217
16.651894341631543
8.434161162055476
17.810530351284587
15.085590106359875
21.71556282826327
18.711691692125765
21.093332378634805
13.69093565029605
18.368392133710103
8.069405381238804
13.454917203885271
18.432760800913044
18.368392133710103
12.55375586304401
15.064133883958874
17.595968127274734
21.0718761562338
19.076447472942515
14.570640768736306
27.787673767741147
14.20588498791963
9.485516059703638
16.973737677646273
12.467930973440057
13.06870520066759
8.155230270842761
19.527028143363147
16.69480678643347
19.54848436576408
23.28186706353493
15.47180210957756
15.815101667993224
13.905497874305905
11.781331856608649
12.832686754256809
8.648723386065328
13.497829648687206
19.805959034575867
13.755304317498995
23.668079066752615
17.553055682472795
18.540041912917932
23.303323285935935
24.891083743608615
14.635009435939248
26.693406425291048
25.363120636430168
13.133073867870536
12.875599199058748
24.376134405985034
11.631138299801824
20.063433703387656
13.626566983093104
21.114788601035734
11.266382518985074
10.98745162777235
0.8601146545089272
15.90092655759718
33.945609596822905
12.146087637425401
16.759175453636423
10.493958512549783
14.677921880741183
18.28256724410614
10.30085251094094
11.373663630990032
24.46195929558891
16.995193900047287
15.257239885567714
20.42818948420433
11.759875634207718
18.475673245714983
17.488687015269853
12.661036975048898
17.638880572076673
14.162972543117693
20.65347981941464
32.0360058031355
19.05499125054151
25.041277300415434
14.763746770345142
12.703949419850916
19.977608813783704
11.867156746212604
13.261811202276432
71.27943657453129
15.021221439156935
8.927654277278124
21.522456826654427
11.480944742994922
14.592096991137312
26.82214375969693
11.244926296584142
17.274124791260004
18.089461242497304
8.670179608466336
15.385977219973608
12.08171897022245
14.699378103142196
20.921682599426898
8.820373165273159
13.433460981484261
18.754604136927785
16.41587589522075
14.763746770345142
25.942438641256697
12.725405642251845
23.539341732346713
9.72153450611442
32.9800795887787
13.004336533464642
24.26885329398007
20.063433703387656
12.425018528638121
16.4802445624237
9.485516059703638
16.73771923123549
15.192871218364767
13.261811202276432
20.878770154624956
23.238954618732993
24.955452410811468
16.887912788042314
17.703249239279618
1.4608888817364127
34.86822716006509
9.785903173317365
17.317037236062014
18.475673245714983
11.716963189405702
11.0518202949753
19.505571920962144
18.883341471333676
17.402862125665898
16.587525674428583
21.694106605862267
16.823544120839372
36.06977561452007
233.76787525678404
14.763746770345142
18.518585690517007
10.000465397327217
17.874899018487536
20.921682599426898
17.553055682472795
17.510143237670864
11.202013851782203
22.423618167495686
15.064133883958874
11.995894080618495
8.756004498070212
10.815801848564519
14.806659215147079
10.558327179752732
14.613553213538244
22.74546150351042
19.119359917744458
9.528428504505577
15.815101667993224
39.824614534691946
16.22276989361192
25.34166441402916
17.831986573685512
8.670179608466336
13.69093565029605
43.21469767404704
13.92695409670683
20.063433703387656
15.72927677838935
23.62516662195068
16.330051005616802
10.472502290148773
22.380705722693666
14.828115437548089
18.046548797695365
154.27210482152876
14.763746770345142
16.501700784824713
12.939967866261695
9.850271840520314
20.42818948420433
20.063433703387656
27.272724430117567
12.532299640643007
21.522456826654427
21.114788601035734
19.162272362546396
21.651194161060328
15.75073300079028
12.98288031106363
14.227341210320638
11.931525413415551
41.19781276835477
22.015949941876997
12.12463141502439
12.832686754256809
67.56751009916142
34.71803360325827
15.12850255116182
33.28046670239249
13.06870520066759
23.21749839633198
23.43206062034183
17.317037236062014
28.839028665389232
15.47180210957756
12.425018528638121
14.592096991137312
15.235783663166776
18.73314791452677
12.296281194232224
19.226641029749338
11.674050744603761
9.506972282104568
9.936096730124268
28.79611622058728
15.557626999181432
9.528428504505577
24.397590628385963
17.703249239279618
12.103175192623382
18.73314791452677
13.283267424677438
8.455617384456486
20.921682599426898
24.24739707157914
12.661036975048898
17.61742434967574
13.648023205494114
21.71556282826327
13.733848095097994
22.573811724302512
15.90092655759718
10.536870957351722
23.088761061926085
17.831986573685512
18.73314791452677
11.266382518985074
17.96072390809141
24.397590628385963
24.976908633212478
12.16754385982633
13.798216762300937
28.195341993359747
24.46195929558891
13.433460981484261
19.527028143363147
15.12850255116182
6.159801587551431
18.540041912917932
14.31316609992451
22.638180391505465
20.514014373808283
17.553055682472795
21.80138771786723
108.03394554741304
16.501700784824713
19.977608813783704
22.337793277891727
18.06800502009637
19.183728584947406
21.822843940268154
10.62269584695568
32.67969247516496
20.084889925788666
22.058862386678936
16.95228145524526
22.573811724302512
21.157701045837758
11.137645184579256
13.92695409670683
16.13694500400796
15.47180210957756
22.766917725911355
16.930825232844334
22.015949941876997
11.116188962178244
17.20975612405705
11.480944742994922
10.043377842129155
17.76761790648257
20.471101929006345
49.39408972552981
21.779931495466222
21.586825493857376
20.127802370590604
29.439802892616683
13.476373426286198
12.210456304628346
12.618124530246963
12.017350303019505
13.519285871088217
13.626566983093104
29.31106555821079
13.261811202276432
12.146087637425401
27.50874287652835
8.841829387674167
9.700078283713411
37.93646696340553
15.664908111186401
17.66033679447768
16.973737677646273
16.759175453636423
12.189000082227338
10.558327179752732
14.999765216755925
14.527728323934362
26.457387978880273
18.79751658172972
17.488687015269853
18.38984835611111
11.523857187796859
19.63430925536803
9.528428504505577
50.037776397559284
16.930825232844334
12.189000082227338
20.235083482595485
19.398290808957256
15.858014112795239
10.536870957351722
14.78520299274615
13.92695409670683
22.29488083308979
16.995193900047287
14.635009435939248
8.519986051659435
20.342364594600458
16.351507228017812
14.441903434330406
21.458088159451485
29.353978003012813
13.733848095097994
24.976908633212478
11.802788079009659
13.090161423068594
14.055691431112722
8.949110499679055
26.39301931167731
10.88017051576747
16.887912788042314
15.836557890394236
21.39371949224853
20.106346148189594
8.691635830867266
12.746861864652855
23.045848617124157
22.917111282718253
16.158401226408973
13.090161423068594
10.451046067747765
35.12570182887688
12.060262747821442
15.922382779998191
17.35994968086395
18.776060359328714
21.007507489030857
9.807359395718374
52.05466130325157
19.93469636898176
21.694106605862267
26.86505620449887
13.390548536682324
14.978308994354995
26.757775092493993
17.982180130492424
16.71626300883448
21.415175714649546
15.257239885567714
56.79648645386857
18.56149813531895
12.317737416633236
10.408133622945828
21.672650383461328
15.364520997572672
15.47180210957756
13.798216762300937
6.202714032353401
12.98288031106363
28.130973326156806
12.231912527029278
12.618124530246963
15.53617077678051
18.711691692125765
15.364520997572672
19.3124659193533
19.248097252150345
15.149958773562826
14.978308994354995
9.120760278886966
16.330051005616802
24.22594084917813
11.094732739777237
16.56606945202766
23.43206062034183
13.175986312672476
6.48164492356616
5.945239363541614
19.033535028140502
11.416576075791975
11.802788079009659
43.021591672438205
40.79014454273606
15.300152330369732
22.616724169104533
12.12463141502439
27.852042434944085
12.017350303019505
13.948410319107836
2.1689442209688146
16.07257633680502
19.48411569856113
18.475673245714983
28.624466441379372
20.127802370590604
13.798216762300937
8.54144227406044
13.218898757474491
12.85414297665774
16.00820766960207
6.546013590769105
20.17071481539254
14.291709877523582
15.943839002399118
8.970566722080065
19.162272362546396
18.38984835611111
26.157000865266458
12.746861864652855
16.909369010443324
23.131673506728024
11.824244301410664
12.639580752647966
23.303323285935935
14.613553213538244
14.506272101533353
20.084889925788666
16.287138560814867
26.71486264769206
17.03810634484922
26.30719442207337
18.947710138536628
16.973737677646273
16.13694500400796
28.5171853293745
40.4468449843204
15.879470335196169
24.22594084917813
23.62516662195068
12.532299640643007
18.06800502009637
12.317737416633236
20.42818948420433
10.901626738168398
18.518585690517007
14.871027882350026
16.501700784824713
15.214327440765775
19.441203253759195
9.700078283713411
10.493958512549783
18.56149813531895
7.532999821214274
8.734548275669283
18.411304578512038
24.955452410811468
38.21539785461826
22.895655060317257
17.72470546168063
15.149958773562826
11.566769632598877
17.72470546168063
18.218198576903198
9.850271840520314
19.527028143363147
18.73314791452677
28.989222222196123
32.80842980957085
12.253368749430287
14.78520299274615
0.0233219808706324
24.52632796279185
19.14081614014546
23.024392394723144
20.063433703387656
11.631138299801824
13.841129207102957
20.578383041011232
15.47180210957756
13.090161423068594
16.265682338413853
0.21642798247946912
3.17738667381496
9.485516059703638
14.763746770345142
17.317037236062014
20.96459504422891
0.3237090944843783
55.31600710820076
14.270253655122575
12.210456304628346
13.476373426286198
16.73771923123549
15.579083221582447
15.600539443983457
8.11231782604082
19.01207880573957
16.30859478321587
13.454917203885271
19.848871479377802
10.88017051576747
12.253368749430287
55.251638440997816
14.484815879132347
18.540041912917932
15.235783663166776
8.241055160446635
17.145387456854106
8.219598938045705
25.084189745217362
8.970566722080065
23.689535289153618
47.29137993023357
27.058162206107728
21.73701905066428
17.20975612405705
22.616724169104533
16.973737677646273
19.29100969695229
29.933296007839342
8.79891694287223
18.046548797695365
14.742290547944137
23.367691953138888
15.664908111186401
20.385277039402396
19.805959034575867
16.995193900047287
3.9498106802503083
14.012778986310783
23.303323285935935
12.103175192623382
15.72927677838935
19.93469636898176
10.944539182970415
40.16791409310762
52.05466130325157
13.154530090271544
7.8762993796299625
19.162272362546396
21.114788601035734
9.87172806292132
12.296281194232224
10.687064514158626
15.47180210957756
14.398990989528471
15.385977219973608
27.50874287652835
13.991322763909778
23.861185068361458
24.590696629994802
12.403562306237108
19.398290808957256
19.827415256976877
23.045848617124157
13.004336533464642
10.408133622945828
17.102475012052164
11.266382518985074
33.28046670239249
11.395119853390964
10.729976958960561
22.68109283630748
14.699378103142196
22.230512165886843
11.952981635816558
14.527728323934362
17.102475012052164
16.17985744880998
17.01665012244821
23.98992240276734
19.612853032967024
22.144687276282887
9.549884726906587
16.22276989361192
10.644152069356606
16.351507228017812
24.31176573878208
19.612853032967024
21.80138771786723
12.253368749430287
60.637150263644294
18.196742354502266
14.742290547944137
19.398290808957256
42.01314921959206
15.12850255116182
20.29945214979844
10.75143318136157
34.181628043233694
12.038806525420439
14.806659215147079
10.193571398936056
17.46723079286884
66.55906764631527
36.799287176153506
11.716963189405702
21.157701045837758
19.67722170016997
16.651894341631543
19.848871479377802
8.670179608466336
12.189000082227338
22.659636613906475
30.619895124670737
12.339193639034242
16.394419672819748
22.423618167495686
12.12463141502439
11.073276517376307
13.905497874305905
11.54531341019787
29.675821339027546
20.406733261803396
28.45281666217155
15.257239885567714
14.699378103142196
25.813701306850792
17.595968127274734
22.960023727520202
17.76761790648257
18.56149813531895
27.015249761305785
13.92695409670683
33.001535811179714
21.307894602644584
14.742290547944137
22.788373948312362
36.219969171326966
19.891783924179823
16.544613229626655
12.789774309454794
21.994493719475987
14.20588498791963
20.578383041011232
24.46195929558891
17.789074128883573
44.48061479570498
10.34376495574288
34.653664936055314
17.145387456854106
26.435931756479253
16.07257633680502
26.71486264769206
22.46653061229762
13.433460981484261
22.74546150351042
9.485516059703638
18.368392133710103
14.913940327152046
13.819672984701944
18.73314791452677
20.342364594600458
10.515414734950715
14.012778986310783
18.883341471333676
12.08171897022245
26.092632198063523
18.540041912917932
19.48411569856113
9.635709616510463
17.03810634484922
24.24739707157914
39.91043942429582
20.62129548581317
23.453516842742765
14.592096991137312
21.586825493857376
17.510143237670864
17.23121234645806
15.364520997572672
15.815101667993224
19.67722170016997
39.974808091498765
18.990622583338567
9.292410058094799
17.081018789651157
20.664207930615188
13.92695409670683
12.575212085445019
28.45281666217155
9.485516059703638
19.827415256976877
6.48164492356616
13.240354979875423
18.261111021705215
8.11231782604082
10.451046067747765
23.410604397940823
17.402862125665898
19.891783924179823
14.742290547944137
32.593867585561014
15.385977219973608
23.002936172322134
11.566769632598877
18.711691692125765
13.648023205494114
16.973737677646273
17.4243183480669
15.12850255116182
17.102475012052164
8.455617384456486
16.887912788042314
22.230512165886843
14.849571659949099
15.836557890394236
20.084889925788666
61.30229315807471
11.588225854999806
11.03036407257429
12.12463141502439
11.674050744603761
20.36382081700138
17.295581013661007
14.613553213538244
10.88017051576747
13.218898757474491
19.419747031358185
16.673350564032543
22.509443057099563
31.070475795091372
13.894769763105431
23.303323285935935
18.02509257529436
13.755304317498995
23.539341732346713
12.339193639034242
17.510143237670864
29.868927340636393
24.333221961183014
9.571340949307517
11.395119853390964
23.861185068361458
15.235783663166776
11.287838741386077
17.810530351284587
15.53617077678051
12.08171897022245
7.747562045224092
11.416576075791975
18.153829909700246
28.409904217369608
22.46653061229762
16.158401226408973
12.360649861435174
22.316337055490727
14.935396549552978
9.292410058094799
14.506272101533353
15.149958773562826
23.260410841133922
15.32160855277066
9.27095383569379
34.2245404880357
10.901626738168398
14.034235208711795
19.99906503618471
48.256909938277786
13.19744253507348
13.175986312672476
15.47180210957756
12.85414297665774
16.265682338413853
13.454917203885271
17.874899018487536
18.046548797695365
50.338163511173
11.674050744603761
16.17985744880998
8.54144227406044
17.917811463289468
5.9881518083435825
10.451046067747765
10.729976958960561
10.279396288539933
23.51788550994571
15.450345887176553
17.46723079286884
17.76761790648257
13.733848095097994
8.455617384456486
23.861185068361458
9.485516059703638
11.824244301410664
13.519285871088217
86.66354803603512
12.360649861435174
15.450345887176553
0.21642798247946912
13.648023205494114
17.76761790648257
17.295581013661007
21.093332378634805
18.089461242497304
22.015949941876997
16.11548878160703
17.03810634484922
18.132373687299324
13.798216762300937
14.592096991137312
12.189000082227338
10.687064514158626
14.677921880741183
15.364520997572672
14.420447211929474
9.292410058094799
17.510143237670864
20.29945214979844
12.467930973440057
10.729976958960561
33.301922924793416
60.637150263644294
12.360649861435174
11.137645184579256
30.834457348680505
10.75143318136157
12.768318087053864
16.094032559206028
10.064834064530165
32.07891824793752
20.77148904262007
25.38457685883117
24.26885329398007
23.002936172322134
22.8312863931143
16.73771923123549
16.501700784824713
20.36382081700138
17.35994968086395
1.0746768785187457
20.664207930615188
21.887212607471106
9.936096730124268
13.454917203885271
14.849571659949099
26.693406425291048
13.776760539900007
23.947009957965328
14.871027882350026
12.253368749430287
16.501700784824713
16.158401226408973
23.238954618732993
13.090161423068594
16.4802445624237
12.103175192623382
22.187599721084826
25.212927079623263
15.793645445592297
13.412004759083253
12.91851164386069
15.686364333587333
13.648023205494114
12.639580752647966
10.965995405371345
16.17985744880998
18.06800502009637
14.12006009831567
19.827415256976877
18.86188524893267
41.86295566278515
16.930825232844334
44.2445963492942
19.398290808957256
11.716963189405702
13.733848095097994
30.662807569472665
17.402862125665898
15.149958773562826
15.90092655759718
23.28186706353493
17.25266856885907
14.034235208711795
10.98745162777235
14.720834325543208
14.484815879132347
15.428889664775618
20.213627260194563
16.71626300883448
17.789074128883573
12.575212085445019
12.746861864652855
21.651194161060328
24.397590628385963
17.05956256725023
26.285738199672362
21.586825493857376
23.002936172322134
12.618124530246963
22.852742615515304
55.93823755782925
19.48411569856113
26.80068753729592
11.480944742994922
13.69093565029605
12.897055421459758
16.02966389200308
20.492558151407277
36.992393177762345
13.884041651904893
22.46653061229762
10.815801848564519
13.733848095097994
32.07891824793752
11.781331856608649
23.21749839633198
52.44087330646924
15.879470335196169
17.188299901656116
25.985351086058635
108.37724510582859
106.61783486894868
18.02509257529436
10.644152069356606
15.75073300079028
19.119359917744458
16.00820766960207
96.6836038972935
16.80208789843844
9.828815618119306
13.948410319107836
55.015619994587055
18.582954357719956
20.75003282021906
22.230512165886843
17.510143237670864
24.655065297197748
46.17565636538252
15.579083221582447
14.31316609992451
22.25196838828778
25.320208191628236
20.29945214979844
27.058162206107728
9.742990728515426
20.921682599426898
23.861185068361458
20.063433703387656
23.582254177148656
16.86645656564139
16.608981896829597
15.815101667993224
12.618124530246963
20.835857709823017
60.5084129292384
21.543913049055433
15.70782055598834
17.4243183480669
13.819672984701944
18.818972804130727
17.595968127274734
17.05956256725023
18.79751658172972
12.55375586304401
13.69093565029605
17.982180130492424
9.850271840520314
18.38984835611111
41.326550102760635
11.459488520593913
26.779231314895004
15.32160855277066
23.539341732346713
24.26885329398007
14.78520299274615
55.42328822020575
10.601239624554669
25.29875196922722
24.183028404376184
22.29488083308979
21.458088159451485
10.21502762133699
10.30085251094094
13.798216762300937
14.978308994354995
10.815801848564519
18.86188524893267
14.270253655122575
13.519285871088217
12.339193639034242
9.67862206131248
14.055691431112722
21.951581274674055
12.639580752647966
52.95582264409285
18.56149813531895
11.395119853390964
23.43206062034183
18.239654799304205
30.405332900660888
13.712391872697062
16.458788340022696
0.5811837632961596
34.13871559843174
15.214327440765775
25.170014634821325
11.54531341019787
16.973737677646273
12.618124530246963
14.592096991137312
10.472502290148773
18.38984835611111
23.045848617124157
15.90092655759718
7.8762993796299625
13.240354979875423
13.991322763909778
14.398990989528471
17.295581013661007
10.901626738168398
14.398990989528471
23.19604217393097
11.287838741386077
16.845000343240383
29.547084004621638
13.819672984701944
13.519285871088217
12.231912527029278
11.674050744603761
20.53547059620929
11.116188962178244
49.136615056718014
11.137645184579256
23.539341732346713
10.064834064530165
12.103175192623382
18.02509257529436
12.446474751039126
11.202013851782203
15.75073300079028
30.57698267986872
20.106346148189594
51.818642856840775
10.515414734950715
23.43206062034183
14.527728323934362
17.896355240888465
14.549184546335296
14.291709877523582
9.914640507723258
22.766917725911355
60.80880004285214
29.2037844462059
15.085590106359875
14.12006009831567
13.090161423068594
17.102475012052164
17.789074128883573
22.595267946703526
15.021221439156935
17.295581013661007
26.607581535687093
15.12850255116182
18.86188524893267
19.183728584947406
20.900226377025966
19.977608813783704
12.296281194232224
30.662807569472665
15.47180210957756
20.85731393222395
13.304723647078365
40.61849476352823
16.22276989361192
11.137645184579256
12.403562306237108
23.238954618732993
16.909369010443324
21.114788601035734
20.235083482595485
20.063433703387656
22.74546150351042
14.377534767127463
8.005036714035855
30.662807569472665
19.48411569856113
30.619895124670737
12.746861864652855
18.28256724410614
22.187599721084826
20.685664153016113
12.746861864652855
15.815101667993224
26.82214375969693
17.72470546168063
22.616724169104533
11.395119853390964
19.848871479377802
22.230512165886843
68.94070833282424
41.240725213156686
13.712391872697062
18.711691692125765
16.051120114404085
13.004336533464642
14.935396549552978
38.10811674261336
16.845000343240383
20.921682599426898
16.02966389200308
24.612152852395816
11.459488520593913
12.189000082227338
22.46653061229762
17.338493458462942
19.076447472942515
13.090161423068594
10.365221178143889
16.287138560814867
14.742290547944137
11.759875634207718
17.338493458462942
34.653664936055314
15.27869610796872
22.037406164278007
17.638880572076673
8.348336272451599
19.29100969695229
24.91253996600954
17.338493458462942
14.592096991137312
14.806659215147079
17.681793016878697
23.389148175539813
28.45281666217155
16.673350564032543
0.4953588736922322
15.879470335196169
12.038806525420439
37.37860518098002
15.149958773562826
12.98288031106363
17.23121234645806
34.43910271204547
20.36382081700138
9.807359395718374
15.10704632876089
13.175986312672476
33.001535811179714
16.501700784824713
41.21926899075575
17.123931234453174
14.162972543117693
11.867156746212604
25.57768286044001
17.874899018487536
19.63430925536803
9.979009174926206
15.943839002399118
19.162272362546396
19.29100969695229
11.824244301410664
12.596668307845952
11.502400965395926
22.29488083308979
29.353978003012813
23.088761061926085
26.37156308927631
35.68356361130238
13.19744253507348
18.432760800913044
48.92205283270827
15.793645445592297
18.79751658172972
34.86822716006509
16.287138560814867
25.534770415637997
11.244926296584142
14.20588498791963
13.648023205494114
19.333922141754307
19.355378364155236
34.13871559843174
54.24319598815168
17.853442796086522
15.686364333587333
19.441203253759195
26.650493980489113
13.969866541508846
17.595968127274734
7.726105822823108
14.78520299274615
63.319178063766984
33.88124092961996
30.083489564646154
18.325479688908164
13.948410319107836
13.047248978266579
13.090161423068594
18.86188524893267
16.00820766960207
25.38457685883117
11.931525413415551
11.287838741386077
26.779231314895004
11.759875634207718
19.612853032967024
21.114788601035734
12.425018528638121
17.25266856885907
71.27943657453129
23.260410841133922
15.664908111186401
16.458788340022696
18.990622583338567
19.977608813783704
25.148558412420318
16.69480678643347
18.346935911309092
22.616724169104533
41.94878055238912
14.763746770345142
19.99906503618471
37.93646696340553
19.848871479377802
10.322308733341876
15.407433442374609
55.42328822020575
12.103175192623382
13.948410319107836
11.952981635816558
10.21502762133699
11.266382518985074
28.259710660562703
29.182328223804888
19.14081614014546
19.913240146580748
19.99906503618471
14.463359656731415
12.103175192623382
17.05956256725023
12.91851164386069
26.88651242689988
15.986751447201137
15.149958773562826
14.742290547944137
19.827415256976877
24.24739707157914
18.17528613210126
15.235783663166776
17.35994968086395
17.01665012244821
23.668079066752615
13.326179869479377
12.510843418242073
47.59176704384736
15.836557890394236
23.582254177148656
19.14081614014546
31.006107127888427
10.021921619728147
39.180927862662465
20.36382081700138
16.523157007225645
11.094732739777237
43.53654101006178
21.243525935441628
10.34376495574288
22.337793277891727
47.72050437825327
14.270253655122575
24.805258854004652
12.253368749430287
14.592096991137312
24.740890186801707
87.17849737365918
18.690235469724833
15.27869610796872
10.322308733341876
25.749332639647854
13.92695409670683
14.012778986310783
22.595267946703526
17.93926768569048
21.887212607471106
8.455617384456486
18.604410580120884
25.12710219001939
16.07257633680502
33.38774781439739
19.205184807348417
16.759175453636423
12.038806525420439
18.518585690517007
10.858714293366457
18.132373687299324
19.612853032967024
27.852042434944085
11.995894080618495
11.180557629381195
13.798216762300937
10.901626738168398
18.79751658172972
19.913240146580748
18.79751658172972
13.06870520066759
13.19744253507348
9.335322502896735
13.218898757474491
19.67722170016997
15.879470335196169
20.599839263412242
15.943839002399118
11.716963189405702
12.55375586304401
16.780631676037427
10.901626738168398
16.394419672819748
14.227341210320638
22.144687276282887
23.303323285935935
13.733848095097994
57.11832978988328
24.99836485561349
18.261111021705215
11.588225854999806
10.30085251094094
20.728576597818133
14.849571659949099
10.965995405371345
15.879470335196169
12.103175192623382
27.83058621254308
169.33437294701827
10.408133622945828
9.185128946089835
19.69867792257098
19.913240146580748
16.71626300883448
12.360649861435174
18.840429026531663
13.025792755865647
14.956852771953988
19.591396810566096
16.95228145524526
14.291709877523582
11.716963189405702
11.888612968613613
18.153829909700246
16.00820766960207
11.373663630990032
15.72927677838935
22.27342461068879
21.093332378634805
18.06800502009637
11.674050744603761
8.79891694287223
10.858714293366457
9.571340949307517
23.62516662195068
17.338493458462942
15.90092655759718
19.977608813783704
13.111617645469524
17.61742434967574
23.1102172843271
14.527728323934362
16.17985744880998
10.88017051576747
61.43103049248057
5.773589584333765
20.492558151407277
2.297681555374709
17.274124791260004
17.531599460071792
15.922382779998191
19.419747031358185
10.794345626163512
9.979009174926206
16.909369010443324
21.436631937050468
17.081018789651157
16.24422611601292
11.352207408589026
12.897055421459758
22.852742615515304
15.621995666384386
13.92695409670683
18.90479769373461
11.824244301410664
24.762346409202713
12.403562306237108
13.583654538291164
19.033535028140502
15.10704632876089
17.638880572076673
9.571340949307517
18.497129468115997
21.522456826654427
40.40393253951844
34.50347137924842
12.55375586304401
15.257239885567714
11.202013851782203
14.978308994354995
8.455617384456486
19.67722170016997
26.629037758088096
19.14081614014546
19.870327701778812
28.238254438161697
11.931525413415551
27.787673767741147
17.317037236062014
22.874198837916232
11.824244301410664
28.238254438161697
17.05956256725023
26.736318870092976
25.084189745217362
11.802788079009659
16.909369010443324
9.421147392500691
17.488687015269853
10.579783402153662
24.762346409202713
13.884041651904893
13.776760539900007
25.084189745217362
25.255839524425287
14.420447211929474
11.352207408589026
78.66037708046908
23.62516662195068
11.716963189405702
16.523157007225645
16.651894341631543
20.020521258585713
23.303323285935935
19.63430925536803
15.407433442374609
24.24739707157914
20.149258592991604
13.433460981484261
7.296981374803469
10.772889403762505
13.948410319107836
16.4802445624237
18.454217023314058
10.729976958960561
12.703949419850916
21.822843940268154
18.92625391613561
16.523157007225645
19.441203253759195
18.196742354502266
16.780631676037427
23.689535289153618
21.415175714649546
17.982180130492424
12.618124530246963
17.703249239279618
26.95088109410283
14.635009435939248
15.300152330369732
14.162972543117693
10.12920273173311
13.476373426286198
16.651894341631543
26.30719442207337
13.025792755865647
50.59563817998478
14.720834325543208
20.62129548581317
10.944539182970415
60.80880004285214
19.05499125054151
12.425018528638121
38.32267896662321
38.62306608023696
21.007507489030857
17.4243183480669
17.66033679447768
11.502400965395926
20.685664153016113
8.219598938045705
25.148558412420318
17.03810634484922
13.390548536682324
15.214327440765775
10.965995405371345
19.54848436576408
17.595968127274734
16.587525674428583
14.184428765518614
13.111617645469524
10.858714293366457
17.338493458462942
17.66033679447768
11.330751186188015
19.248097252150345
11.824244301410664
8.090861603639814
16.394419672819748
8.79891694287223
15.836557890394236
17.35994968086395
10.858714293366457
10.75143318136157
30.46970156786384
17.810530351284587
40.318107649914516
9.099304056485957
21.543913049055433
24.633609074796816
17.123931234453174
13.605110760692094
16.95228145524526
20.835857709823017
21.307894602644584
14.720834325543208
13.969866541508846
11.008907850173358
16.544613229626655
11.008907850173358
23.49642928754478
19.333922141754307
23.62516662195068
16.845000343240383
22.015949941876997
11.60968207740081
9.807359395718374
23.62516662195068
27.573111543731287
16.909369010443324
19.741590367372922
16.265682338413853
22.25196838828778
23.43206062034183
52.333592194464366
17.35994968086395
14.613553213538244
8.992022944481072
22.25196838828778
15.879470335196169
29.804558673433437
2.1689442209688146
22.70254905870841
15.343064775171667
13.326179869479377
13.433460981484261
19.591396810566096
20.96459504422891
14.441903434330406
10.901626738168398
11.073276517376307
39.15947164026145
19.419747031358185
12.55375586304401
14.463359656731415
10.965995405371345
11.116188962178244
16.07257633680502
44.373333683700075
12.296281194232224
11.459488520593913
30.019120897443216
11.395119853390964
15.72927677838935
10.944539182970415
17.402862125665898
14.077147653513729
12.832686754256809
11.631138299801824
19.183728584947406
13.905497874305905
18.089461242497304
18.261111021705215
8.62726716366432
12.189000082227338
13.969866541508846
24.483415517989922
11.631138299801824
34.13871559843174
20.578383041011232
19.205184807348417
23.56079795474772
14.699378103142196
31.070475795091372
1.139045545721685
16.973737677646273
16.973737677646273
17.145387456854106
16.158401226408973
17.46723079286884
11.910069191014541
9.571340949307517
21.629737938659318
16.587525674428583
14.999765216755925
16.56606945202766
13.261811202276432
11.759875634207718
9.657165838911473
16.501700784824713
9.592797171708524
25.38457685883117
12.832686754256809
11.716963189405702
33.645222483209174
13.798216762300937
23.539341732346713
26.586125313286164
13.519285871088217
17.76761790648257
14.248797432721569
13.412004759083253
26.97233731650384
14.162972543117693
12.789774309454794
32.16474313754138
23.861185068361458
14.270253655122575
22.960023727520202
22.874198837916232
24.46195929558891
15.149958773562826
8.262511382847647
13.540742093489149
37.72190473939568
10.34376495574288
13.798216762300937
17.03810634484922
22.423618167495686
20.62129548581317
14.012778986310783
13.047248978266579
11.824244301410664
16.759175453636423
14.012778986310783
18.218198576903198
16.24422611601292
7.983580491634928
12.189000082227338
10.98745162777235
18.28256724410614
21.7584752730652
23.303323285935935
15.12850255116182
57.33289201389309
22.015949941876997
20.878770154624956
22.766917725911355
26.95088109410283
29.868927340636393
11.759875634207718
10.772889403762505
20.664207930615188
13.69093565029605
25.534770415637997
21.136244823436744
16.458788340022696
19.848871479377802
15.579083221582447
19.848871479377802
18.883341471333676
23.861185068361458
10.150658954134041
12.38210608383618
13.905497874305905
6.1168891427494705
17.317037236062014
11.631138299801824
53.406403314513454
11.631138299801824
7.833386934828025
19.56994058816509
43.60090967726473
23.002936172322134
16.02966389200308
26.39301931167731
39.824614534691946
25.27729574682621
11.867156746212604
14.098603875914744
7.060962928392676
23.710991511554553
30.57698267986872
15.943839002399118
12.939967866261695
7.940668046832909
12.596668307845952
16.201313671210908
19.67722170016997
12.16754385982633
13.025792755865647
23.56079795474772
13.798216762300937
21.951581274674055
14.012778986310783
21.779931495466222
37.636079849791734
14.806659215147079
14.20588498791963
24.955452410811468
27.20835576291462
12.403562306237108
18.411304578512038
19.205184807348417
22.895655060317257
14.012778986310783
8.648723386065328
15.514714554379498
21.73701905066428
67.56751009916142
66.55906764631527
9.657165838911473
23.174585951530045
78.68183330286986
12.210456304628346
69.13381433443311
16.909369010443324
15.621995666384386
12.339193639034242
9.292410058094799
21.951581274674055
11.824244301410664
16.69480678643347
15.514714554379498
24.24739707157914
20.42818948420433
14.227341210320638
8.841829387674167
17.01665012244821
26.39301931167731
17.166843679255113
13.326179869479377
15.12850255116182
14.871027882350026
31.0919320174923
14.635009435939248
17.081018789651157
11.867156746212604
19.977608813783704
15.90092655759718
14.828115437548089
12.91851164386069
14.592096991137312
11.759875634207718
27.83058621254308
18.132373687299324
18.325479688908164
24.54778418519286
21.307894602644584
14.592096991137312
19.99906503618471
10.536870957351722
13.540742093489149
26.178457087667468
30.190770676651034
12.596668307845952
19.226641029749338
13.798216762300937
15.621995666384386
15.858014112795239
18.003636352893423
12.768318087053864
16.759175453636423
26.435931756479253
11.566769632598877
108.37724510582859
18.28256724410614
17.896355240888465
11.652594522202753
12.682493197449906
14.20588498791963
58.25550957713535
12.210456304628346
13.476373426286198
14.592096991137312
8.79891694287223
16.651894341631543
14.162972543117693
21.350807047446597
9.785903173317365
13.540742093489149
59.006477361169715
10.365221178143889
23.1102172843271
12.725405642251845
22.10177483148095
25.727876417246847
14.677921880741183
18.647323024922823
11.502400965395926
15.257239885567714
39.67442097788503
34.911139604867095
10.665608291757616
14.978308994354995
15.085590106359875
27.03670598370671
18.497129468115997
8.17668649324369
19.827415256976877
28.130973326156806
21.97303749707506
10.558327179752732
15.53617077678051
9.9575529525252
17.4243183480669
11.373663630990032
20.277995927397505
13.218898757474491
21.543913049055433
19.612853032967024
71.79438591215482
15.943839002399118
12.253368749430287
36.713462286549536
10.451046067747765
17.93926768569048
10.858714293366457
19.26955347455136
18.668779247323823
11.781331856608649
10.708520736559556
20.235083482595485
17.01665012244821
8.198142715644698
15.90092655759718
15.621995666384386
7.833386934828025
20.664207930615188
50.145057509564154
20.75003282021906
8.691635830867266
21.329350825045584
14.828115437548089
11.60968207740081
26.30719442207337
14.484815879132347
11.695506967004771
13.798216762300937
12.618124530246963
11.395119853390964
14.89248410475104
14.89248410475104
13.326179869479377
21.7584752730652
25.62059530524195
10.515414734950715
7.940668046832909
17.638880572076673
16.95228145524526
10.729976958960561
9.335322502896735
20.17071481539254
18.06800502009637
20.106346148189594
21.286438380243652
10.772889403762505
22.659636613906475
17.338493458462942
14.913940327152046
11.202013851782203
14.592096991137312
24.976908633212478
29.2037844462059
15.428889664775618
15.90092655759718
21.50100060425342
47.741960600654174
27.143987095711676
16.351507228017812
27.058162206107728
11.652594522202753
23.28186706353493
17.4243183480669
8.62726716366432
27.015249761305785
25.792245084449785
12.768318087053864
10.558327179752732
36.498900062539775
19.162272362546396
10.729976958960561
9.313866280495727
12.618124530246963
13.133073867870536
19.248097252150345
12.339193639034242
13.948410319107836
16.24422611601292
8.79891694287223
26.04971975326158
17.982180130492424
15.815101667993224
13.412004759083253
21.7584752730652
17.35994968086395
16.07257633680502
12.253368749430287
15.47180210957756
13.519285871088217
7.1038753731946365
14.806659215147079
24.762346409202713
15.514714554379498
12.789774309454794
10.021921619728147
9.506972282104568
14.291709877523582
10.837258070965452
23.15312972912903
12.746861864652855
17.57451190487381
34.71803360325827
16.80208789843844
33.559397593605205
33.21609803518955
13.454917203885271
20.75003282021906
22.8312863931143
2.5980686689884513
20.685664153016113
18.883341471333676
19.333922141754307
15.53617077678051
12.403562306237108
22.230512165886843
23.6466228443516
7.55445604361525
18.153829909700246
11.244926296584142
12.618124530246963
10.558327179752732
15.600539443983457
12.91851164386069
29.439802892616683
18.818972804130727
16.00820766960207
25.727876417246847
17.72470546168063
30.984650905487413
13.261811202276432
12.618124530246963
12.682493197449906
13.969866541508846
19.205184807348417
16.4802445624237
17.488687015269853
15.600539443983457
11.180557629381195
26.242825754870427
12.532299640643007
22.8312863931143
14.978308994354995
14.356078544726527
9.592797171708524
12.789774309454794
24.78380263160365
18.110917464898314
12.16754385982633
18.304023466507154
15.686364333587333
16.201313671210908
13.261811202276432
21.844300162669157
14.12006009831567
14.077147653513729
42.50664233481462
13.626566983093104
9.893184285322251
15.10704632876089
12.231912527029278
15.836557890394236
49.823214173549424
28.93558166619365
20.385277039402396
25.212927079623263
23.56079795474772
11.995894080618495
18.969166360937553
20.943138821827908
9.742990728515426
14.656465658340256
12.768318087053864
12.210456304628346
15.53617077678051
44.56643968530895
12.253368749430287
14.635009435939248
16.909369010443324
10.086290286931094
14.506272101533353
19.226641029749338
10.386677400544823
21.307894602644584
10.086290286931094
11.674050744603761
8.54144227406044
16.651894341631543
23.861185068361458
12.575212085445019
0.0233219808706324
14.78520299274615
17.46723079286884
17.44577457046791
13.154530090271544
15.171414995963827
16.437332117621764
13.218898757474491
9.185128946089835
15.12850255116182
24.097203514772232
20.98605126662984
13.562198315890157
11.631138299801824
9.87172806292132
16.973737677646273
11.759875634207718
16.22276989361192
12.446474751039126
55.251638440997816
21.522456826654427
21.694106605862267
13.025792755865647
16.07257633680502
15.149958773562826
12.103175192623382
5.773589584333765
24.67652151959876
18.196742354502266
17.402862125665898
12.682493197449906
29.697277561428475
14.720834325543208
24.78380263160365
20.277995927397505
116.74517184221166
30.70572001427462
18.28256724410614
23.024392394723144
8.820373165273159
17.72470546168063
9.785903173317365
18.840429026531663
13.433460981484261
23.1102172843271
53.706790428127185
30.426789123061894
115.67236072216296
9.764446950916359
15.32160855277066
60.5084129292384
17.274124791260004
41.86295566278515
18.06800502009637
15.922382779998191
17.638880572076673
18.38984835611111
17.874899018487536
11.523857187796859
24.655065297197748
15.021221439156935
27.337093097320516
7.8762993796299625
18.196742354502266
19.355378364155236
10.021921619728147
22.10177483148095
25.12710219001939
24.805258854004652
19.248097252150345
16.973737677646273
19.891783924179823
11.008907850173358
28.5171853293745
13.326179869479377
20.685664153016113
17.681793016878697
16.094032559206028
14.077147653513729
8.090861603639814
21.222069713040693
19.827415256976877
15.364520997572672
13.261811202276432
23.346235730737874
15.32160855277066
12.939967866261695
19.48411569856113
17.982180130492424
19.612853032967024
32.10037447033843
17.274124791260004
19.99906503618471
32.0360058031355
19.527028143363147
11.802788079009659
16.11548878160703
24.24739707157914
10.601239624554669
23.303323285935935
17.338493458462942
13.412004759083253
14.635009435939248
9.764446950916359
26.028263530860567
15.943839002399118
21.97303749707506
17.05956256725023
9.506972282104568
29.482715337418693
11.180557629381195
24.26885329398007
27.20835576291462
22.058862386678936
14.441903434330406
8.670179608466336
9.592797171708524
10.665608291757616
21.865756385070096
12.746861864652855
11.22347007418313
16.394419672819748
41.11198787875079
15.621995666384386
13.412004759083253
7.1682440403975844
19.398290808957256
22.209055943485833
13.884041651904893
12.725405642251845
16.501700784824713
15.836557890394236
10.815801848564519
14.656465658340256
13.433460981484261
35.68356361130238
24.440503073187973
17.531599460071792
18.990622583338567
10.386677400544823
18.153829909700246
23.024392394723144
14.849571659949099
26.07117597566258
11.073276517376307
20.85731393222395
17.35994968086395
11.695506967004771
14.162972543117693
15.72927677838935
0.6884648753010688
18.346935911309092
69.32692033604192
20.664207930615188
12.682493197449906
8.17668649324369
12.725405642251845
15.49325833197849
12.16754385982633
22.423618167495686
17.681793016878697
22.509443057099563
18.003636352893423
24.91253996600954
23.603710399549666
39.567139865880144
32.35784913915024
10.021921619728147
10.193571398936056
11.674050744603761
12.103175192623382
17.25266856885907
17.274124791260004
11.652594522202753
31.563968910313946
16.22276989361192
19.591396810566096
13.69093565029605
12.789774309454794
12.12463141502439
23.045848617124157
12.832686754256809
16.094032559206028
14.699378103142196
30.70572001427462
20.96459504422891
13.798216762300937
17.61742434967574
19.93469636898176
11.416576075791975
14.484815879132347
42.2277114436019
21.093332378634805
14.420447211929474
15.72927677838935
12.489387195841067
17.66033679447768
13.519285871088217
15.621995666384386
16.051120114404085
18.540041912917932
15.49325833197849
19.355378364155236
16.501700784824713
37.37860518098002
16.4802445624237
12.55375586304401
16.823544120839372
15.858014112795239
17.274124791260004
13.283267424677438
18.089461242497304
17.57451190487381
11.03036407257429
11.781331856608649
34.58929626885236
9.399691170099683
8.927654277278124
8.906198054877116
12.939967866261695
24.440503073187973
8.155230270842761
25.38457685883117
26.993793538904786
19.527028143363147
21.951581274674055
13.154530090271544
34.417646489644454
13.798216762300937
13.111617645469524
14.592096991137312
17.96072390809141
3.17738667381496
23.410604397940823
19.78450281217486
12.060262747821442
16.887912788042314
24.762346409202713
17.402862125665898
26.435931756479253
16.995193900047287
16.501700784824713
9.185128946089835
14.720834325543208
16.17985744880998
13.347636091880387
13.454917203885271
18.02509257529436
13.905497874305905
38.62306608023696
26.157000865266458
30.276595566254997
14.89248410475104
13.412004759083253
14.956852771953988
15.32160855277066
11.416576075791975
66.64489253591921
12.596668307845952
15.47180210957756
23.024392394723144
22.1661434986839
11.781331856608649
8.219598938045705
11.631138299801824
9.914640507723258
18.840429026531663
22.123231053881884
17.081018789651157
12.253368749430287
14.184428765518614
12.897055421459758
21.0718761562338
15.364520997572672
9.914640507723258
18.497129468115997
1.5467137713403445
17.93926768569048
18.089461242497304
26.88651242689988
21.136244823436744
10.772889403762505
21.779931495466222
9.785903173317365
34.2245404880357
22.616724169104533
12.231912527029278
59.006477361169715
13.92695409670683
16.11548878160703
40.61849476352823
13.798216762300937
12.98288031106363
19.848871479377802
22.015949941876997
20.235083482595485
14.12006009831567
19.333922141754307
18.110917464898314
51.818642856840775
13.69093565029605
12.317737416633236
13.19744253507348
49.136615056718014
12.403562306237108
15.171414995963827
12.768318087053864
13.92695409670683
16.372963450418816
18.02509257529436
30.276595566254997
11.116188962178244
14.635009435939248
16.973737677646273
24.590696629994802
10.1077465093321
