0.612291169451074
0.755011933174224
0.27744630071599
0.562887828162291
0.584844868735083
0.225298329355609
0.417422434367542
0.395465393794749
0.765990453460621
0.620525059665871
0.310381861575179
0.269212410501193
0.285680190930788
0.439379474940334
0.516229116945107
0.269212410501193
0.302147971360382
0.532696897374702
0.461336515513126
0.834606205250597
0.170405727923628
0.266467780429594
0.606801909307876
0.730310262529833
0.206085918854415
0.807159904534606
0.617780429594272
0.208830548926014
0.417422434367542
0.697374701670644
0.170405727923628
0.337828162291169
0.656205250596659
0.472315035799523
0.584844868735083
0.587589498806683
0.332338902147971
0.554653937947494
0.716587112171838
0.529952267303103
1.06241050119332
0.447613365155131
0.568377088305489
0.516229116945107
0.461336515513126
0.771479713603819
0.260978520286396
0.153937947494033
0.228042959427208
0.444868735083532
0.615035799522673
0.483293556085919
0.217064439140811
0.384486873508353
0.302147971360382
0.494272076372315
0.282935560859189
0.576610978520286
0.258233890214797
0.197852028639618
0.5381861575179
0.557398568019093
0.425656324582339
0.398210023866348
0.247255369928401
0.540930787589499
0.368019093078759
0.532696897374702
0.288424821002387
0.647971360381861
0.686396181384248
0.389976133651551
0.30763723150358
0.247255369928401
0.59307875894988
0.746778042959427
0.59582338902148
0.755011933174224
0.131980906921241
0.518973747016706
1.16396181384248
1.33138424821002
0.513484486873508
0.475059665871122
0.291169451073986
0.348806682577566
0.568377088305489
0.0331742243436754
0.746778042959427
0.236276849642005
0.626014319809069
0.258233890214797
0.285680190930788
0.475059665871122
0.329594272076372
0.461336515513126
0.535441527446301
0.291169451073986
0.5381861575179
0.499761336515513
0.244510739856802
0.562887828162291
0.332338902147971
0.428400954653938
1.31766109785203
0.466825775656324
0.260978520286396
0.590334128878282
0.620525059665871
0.285680190930788
0.373508353221957
0.280190930787589
0.395465393794749
0.274701670644391
0.233532219570406
0.241766109785203
0.598568019093079
0.458591885441527
0.903221957040573
0.324105011933174
0.722076372315036
0.406443914081145
0.650715990453461
0.491527446300716
0.368019093078759
0.126491646778043
0.518973747016706
0.639737470167064
0.615035799522673
0.568377088305489
0.329594272076372
0.337828162291169
0.266467780429594
0.908711217183771
0.260978520286396
0.606801909307876
0.5381861575179
0.324105011933174
0.387231503579952
0.458591885441527
0.442124105011933
0.395465393794749
0.634248210023866
0.524463007159904
0.469570405727924
0.376252983293556
0.722076372315036
0.252744630071599
0.546420047732697
0.340572792362768
1.20238663484487
0.631503579952267
0.288424821002387
0.908711217183771
0.288424821002387
0.337828162291169
0.908711217183771
0.409188544152745
0.288424821002387
0.464081145584725
1.02947494033413
0.669928400954654
0.615035799522673
0.527207637231504
0.162171837708831
0.527207637231504
0.521718377088305
0.439379474940334
0.999284009546539
0.529952267303103
0.189618138424821
0.464081145584725
0.442124105011933
0.403699284009546
0.636992840095465
0.757756563245823
0.993794749403341
0.667183770883055
0.384486873508353
0.848329355608592
0.579355608591885
0.571121718377088
0.447613365155131
0.362529832935561
0.351551312649165
0.543675417661098
0.475059665871122
0.420167064439141
0.50799522673031
0.878520286396181
0.59582338902148
0.521718377088305
0.36527446300716
0.175894988066826
0.612291169451074
0.321360381861575
0.447613365155131
0.642482100238663
0.444868735083532
0.609546539379475
0.425656324582339
0.444868735083532
0.557398568019093
0.211575178997613
0.332338902147971
0.274701670644391
0.263723150357995
0.45035799522673
1.1200477326969
0.628758949880668
0.417422434367542
0.488782816229117
0.203341288782816
0.370763723150358
0.285680190930788
0.631503579952267
0.870286396181384
0.760501193317422
0.453102625298329
1.27649164677804
0.398210023866348
0.444868735083532
0.376252983293556
0.516229116945107
0.513484486873508
0.516229116945107
0.620525059665871
0.0304295942720764
0.395465393794749
0.573866348448687
0.669928400954654
0.291169451073986
0.576610978520286
0.411933174224344
0.411933174224344
0.62326968973747
0.0551312649164678
0.280190930787589
0.483293556085919
0.444868735083532
0.494272076372315
0.447613365155131
0.765990453460621
0.475059665871122
0.993794749403341
0.634248210023866
1.07887828162291
0.178639618138425
0.576610978520286
0.540930787589499
0.626014319809069
0.455847255369928
0.175894988066826
0.466825775656324
0.260978520286396
1.29295942720764
0.516229116945107
0.340572792362768
0.447613365155131
0.645226730310262
0.00572792362768497
0.436634844868735
0.285680190930788
0.502505966587112
0.606801909307876
0.549164677804296
0.389976133651551
0.472315035799523
0.228042959427208
0.184128878281623
0.464081145584725
0.483293556085919
0.658949880668258
0.400954653937947
0.8236276849642
0.395465393794749
0.395465393794749
0.494272076372315
0.466825775656324
0.639737470167064
0.475059665871122
0.354295942720764
0.494272076372315
0.719331742243437
0.444868735083532
0.798926014319809
0.318615751789976
0.464081145584725
0.217064439140811
0.428400954653938
0.76873508353222
0.516229116945107
0.464081145584725
0.867541766109785
0.475059665871122
0.214319809069212
0.472315035799523
0.642482100238663
0.79618138424821
0.271957040572792
0.612291169451074
0.148448687350835
0.573866348448687
0.0880668257756563
0.812649164677804
0.343317422434367
0.403699284009546
0.39272076372315
0.181384248210024
0.499761336515513
0.675417661097852
0.403699284009546
0.346062052505967
0.694630071599045
0.639737470167064
0.716587112171838
0.579355608591885
1.37804295942721
0.45035799522673
0.634248210023866
0.845584725536993
0.50799522673031
0.0770883054892601
0.763245823389021
0.579355608591885
0.532696897374702
0.403699284009546
0.271957040572792
0.488782816229117
0.131980906921241
0.123747016706444
0.793436754176611
0.549164677804296
0.656205250596659
0.469570405727924
0.0935560859188544
0.411933174224344
0.274701670644391
0.348806682577566
0.228042959427208
0.851073985680191
0.25
0.612291169451074
0.524463007159904
0.590334128878282
0.414677804295943
0.299403341288783
0.362529832935561
1.90226730310262
0.263723150357995
0.719331742243437
0.274701670644391
0.288424821002387
0.384486873508353
0.370763723150358
1.28198090692124
0.472315035799523
0.332338902147971
0.411933174224344
0.315871121718377
0.376252983293556
0.239021479713604
0.573866348448687
0.269212410501193
0.428400954653938
0.0496420047732697
0.395465393794749
0.241766109785203
0.598568019093079
0.313126491646778
0.776968973747017
0.332338902147971
0.332338902147971
0.59307875894988
0.551909307875895
0.636992840095465
0.282935560859189
0.332338902147971
0.370763723150358
0.395465393794749
0.280190930787589
0.617780429594272
0.27744630071599
0.609546539379475
0.219809069212411
0.214319809069212
0.285680190930788
0.326849642004773
0.727565632458234
0.5381861575179
0.730310262529833
0.381742243436754
0.293914081145585
0.568377088305489
0.425656324582339
0.373508353221957
2.02852028639618
0.368019093078759
0.0633651551312649
0.650715990453461
0.691885441527446
0.313126491646778
0.42291169451074
0.354295942720764
0.576610978520286
0.387231503579952
0.878520286396181
0.233532219570406
0.282935560859189
0.351551312649165
0.609546539379475
0.549164677804296
2.17673031026253
0.189618138424821
0.247255369928401
0.439379474940334
0.447613365155131
0.346062052505967
0.925178997613365
0.557398568019093
0.700119331742243
0.442124105011933
0.494272076372315
0.428400954653938
0.697374701670644
0.897732696897375
0.291169451073986
0.252744630071599
0.5381861575179
0.378997613365155
0.420167064439141
0.247255369928401
0.516229116945107
0.447613365155131
0.271957040572792
0.263723150357995
0.373508353221957
0.400954653937947
0.354295942720764
1.14474940334129
1.07613365155131
0.48054892601432
0.148448687350835
0.162171837708831
0.263723150357995
0.579355608591885
0.428400954653938
0.697374701670644
0.343317422434367
0.387231503579952
0.170405727923628
0.562887828162291
0.557398568019093
0.461336515513126
0.749522673031026
0.340572792362768
0.409188544152745
0.636992840095465
0.818138424821002
0.332338902147971
0.151193317422434
0.304892601431981
0.546420047732697
0.299403341288783
0.310381861575179
0.373508353221957
0.455847255369928
0.878520286396181
0.315871121718377
0.260978520286396
0.13472553699284
0.22255369928401
0.431145584725537
0.16491646778043
0.313126491646778
0.532696897374702
0.0963007159904535
0.332338902147971
0.615035799522673
0.115513126491647
0.326849642004773
0.217064439140811
0.540930787589499
0.228042959427208
0.313126491646778
0.326849642004773
0.573866348448687
0.609546539379475
0.620525059665871
1.19689737470167
0.444868735083532
0.381742243436754
0.291169451073986
0.296658711217184
0.167661097852029
0.617780429594272
0.472315035799523
0.351551312649165
0.626014319809069
0.266467780429594
0.529952267303103
0.230787589498807
1.16945107398568
0.757756563245823
0.260978520286396
0.447613365155131
0.381742243436754
0.343317422434367
0.337828162291169
0.351551312649165
0.30763723150358
0.357040572792363
0.219809069212411
0.406443914081145
0.686396181384248
0.447613365155131
0.722076372315036
0.497016706443914
0.36527446300716
1.04319809069212
0.244510739856802
0.420167064439141
0.433890214797136
0.719331742243437
0.332338902147971
0.730310262529833
0.724821002386635
0.755011933174224
0.359785202863962
0.252744630071599
0.145704057279236
0.461336515513126
0.634248210023866
0.513484486873508
0.318615751789976
0.296658711217184
0.258233890214797
0.181384248210024
0.702863961813842
1.07064439140811
0.475059665871122
0.477804295942721
0.337828162291169
0.255489260143198
0.197852028639618
1.1090692124105
0.683651551312649
0.461336515513126
0.678162291169451
0.985560859188544
1.00477326968974
0.332338902147971
0.403699284009546
0.571121718377088
1.02947494033413
0.340572792362768
0.730310262529833
0.211575178997613
0.131980906921241
0.694630071599045
0.27744630071599
0.247255369928401
0.826372315035799
0.733054892601432
0.502505966587112
1.01300715990453
0.123747016706444
0.848329355608592
0.73854415274463
2.69821002386635
0.697374701670644
0.65346062052506
0.252744630071599
0.647971360381861
0.337828162291169
0.203341288782816
0.900477326968974
0.332338902147971
0.293914081145585
0.532696897374702
0.189618138424821
0.285680190930788
0.535441527446301
0.447613365155131
0.447613365155131
0.329594272076372
0.713842482100239
0.420167064439141
0.310381861575179
1.22983293556086
0.639737470167064
0.505250596658711
0.453102625298329
0.10727923627685
0.499761336515513
0.790692124105012
1.36157517899761
0.469570405727924
0.521718377088305
0.645226730310262
0.521718377088305
0.36527446300716
0.444868735083532
0.549164677804296
0.137470167064439
0.477804295942721
0.230787589498807
0.282935560859189
0.346062052505967
0.255489260143198
0.071599045346062
0.551909307875895
0.378997613365155
0.302147971360382
0.351551312649165
0.532696897374702
0.274701670644391
0.8236276849642
0.420167064439141
0.241766109785203
0.33508353221957
0.573866348448687
0.159427207637232
0.697374701670644
0.230787589498807
0.337828162291169
0.834606205250597
0.980071599045346
1.04594272076372
0.203341288782816
0.620525059665871
0.337828162291169
0.50799522673031
0.617780429594272
0.195107398568019
0.497016706443914
0.173150357995227
0.458591885441527
0.584844868735083
0.431145584725537
0.148448687350835
0.425656324582339
0.159427207637232
0.346062052505967
0.447613365155131
1.04319809069212
0.115513126491647
1.29844868735084
0.543675417661098
0.200596658711217
0.584844868735083
0.62326968973747
0.606801909307876
0.340572792362768
0.48054892601432
0.727565632458234
0.834606205250597
0.68090692124105
0.483293556085919
0.455847255369928
0.494272076372315
0.439379474940334
0.291169451073986
1.03221957040573
0.612291169451074
0.68090692124105
0.19236276849642
0.271957040572792
0.70835322195704
0.129236276849642
0.403699284009546
0.137470167064439
0.321360381861575
0.313126491646778
0.50799522673031
0.697374701670644
1.04868735083532
0.36527446300716
0.293914081145585
0.486038186157518
0.59307875894988
0.387231503579952
0.491527446300716
0.239021479713604
0.612291169451074
0.22255369928401
0.713842482100239
0.373508353221957
0.354295942720764
0.195107398568019
0.615035799522673
0.650715990453461
0.444868735083532
0.598568019093079
0.466825775656324
0.387231503579952
0.252744630071599
0.782458233890215
0.68090692124105
0.963603818615752
0.274701670644391
0.362529832935561
0.420167064439141
0.395465393794749
0.527207637231504
0.398210023866348
0.631503579952267
0.178639618138425
0.532696897374702
0.716587112171838
0.318615751789976
0.346062052505967
0.620525059665871
0.669928400954654
0.263723150357995
0.477804295942721
0.162171837708831
0.313126491646778
0.255489260143198
0.549164677804296
0.62326968973747
0.403699284009546
0.757756563245823
0.804415274463007
0.203341288782816
0.612291169451074
0.406443914081145
0.321360381861575
0.373508353221957
0.510739856801909
0.411933174224344
0.727565632458234
0.25
0.337828162291169
0.730310262529833
0.321360381861575
0.488782816229117
0.571121718377088
0.804415274463007
1.72386634844869
0.472315035799523
0.348806682577566
0.477804295942721
0.636992840095465
0.798926014319809
0.675417661097852
0.315871121718377
0.304892601431981
1.84188544152745
0.378997613365155
0.636992840095465
0.486038186157518
0.455847255369928
0.59582338902148
0.8236276849642
0.428400954653938
0.329594272076372
0.433890214797136
0.0825775656324582
0.239021479713604
0.494272076372315
0.0935560859188544
0.378997613365155
1.07064439140811
0.252744630071599
1.03221957040573
0.36527446300716
0.755011933174224
1.15847255369928
0.0908114558472554
0.59582338902148
0.516229116945107
0.573866348448687
0.442124105011933
0.620525059665871
0.400954653937947
0.0798329355608592
0.606801909307876
1.64976133651551
0.233532219570406
0.582100238663484
0.39272076372315
0.10727923627685
0.455847255369928
0.584844868735083
0.252744630071599
0.30763723150358
0.296658711217184
0.837350835322196
0.417422434367542
0.206085918854415
0.313126491646778
0.535441527446301
0.39272076372315
0.346062052505967
0.0112171837708831
0.362529832935561
0.905966587112172
0.642482100238663
0.809904534606205
0.439379474940334
0.483293556085919
0.91145584725537
0.472315035799523
0.546420047732697
0.315871121718377
0.197852028639618
0.486038186157518
0.749522673031026
0.582100238663484
1.52625298329356
0.156682577565632
1.74582338902148
0.395465393794749
0.466825775656324
0.225298329355609
0.779713603818616
1.9846062052506
0.186873508353222
0.362529832935561
0.543675417661098
0.59582338902148
0.524463007159904
0.867541766109785
0.431145584725537
0.420167064439141
0.719331742243437
0.620525059665871
0.727565632458234
0.765990453460621
0.431145584725537
0.211575178997613
0.293914081145585
0.488782816229117
0.332338902147971
0.557398568019093
0.255489260143198
0.488782816229117
0.285680190930788
0.486038186157518
0.258233890214797
0.406443914081145
0.274701670644391
0.318615751789976
0.513484486873508
0.604057279236277
0.324105011933174
0.381742243436754
0.326849642004773
0.230787589498807
0.488782816229117
0.384486873508353
0.25
0.368019093078759
0.601312649164678
0.291169451073986
1.06789976133652
1.1227923627685
0.669928400954654
0.689140811455847
0.628758949880668
0.960859188544153
0.148448687350835
0.381742243436754
0.431145584725537
0.609546539379475
0.886754176610978
0.411933174224344
0.551909307875895
1.33412887828162
0.529952267303103
0.464081145584725
0.357040572792363
0.615035799522673
0.497016706443914
0.225298329355609
0.661694510739857
0.351551312649165
0.414677804295943
0.200596658711217
0.0276849642004773
0.260978520286396
0.573866348448687
0.50799522673031
0.241766109785203
0.557398568019093
0.280190930787589
0.488782816229117
1.19964200477327
0.362529832935561
0.403699284009546
0.362529832935561
0.56563245823389
0.42291169451074
0.357040572792363
0.842840095465394
0.486038186157518
0.255489260143198
0.494272076372315
0.461336515513126
0.502505966587112
0.771479713603819
0.411933174224344
0.730310262529833
0.359785202863962
0.483293556085919
0.370763723150358
0.337828162291169
0.244510739856802
0.318615751789976
0.444868735083532
0.315871121718377
0.368019093078759
0.417422434367542
0.293914081145585
0.269212410501193
0.590334128878282
0.0880668257756563
0.433890214797136
0.475059665871122
0.787947494033413
0.48054892601432
0.571121718377088
0.439379474940334
0.455847255369928
0.867541766109785
1.24904534606205
0.518973747016706
1.1008353221957
0.414677804295943
0.411933174224344
0.200596658711217
0.617780429594272
0.370763723150358
0.48054892601432
0.628758949880668
0.458591885441527
0.524463007159904
0.604057279236277
0.389976133651551
0.554653937947494
0.612291169451074
0.50799522673031
0.203341288782816
0.0963007159904535
0.510739856801909
0.30763723150358
1.17768496420048
0.458591885441527
0.532696897374702
0.291169451073986
0.477804295942721
0.346062052505967
0.488782816229117
0.862052505966587
0.700119331742243
0.30763723150358
0.271957040572792
0.219809069212411
0.50799522673031
0.785202863961814
0.362529832935561
0.477804295942721
0.779713603818616
0.395465393794749
0.378997613365155
0.45035799522673
0.175894988066826
0.351551312649165
0.658949880668258
0.420167064439141
0.598568019093079
0.782458233890215
0.540930787589499
0.370763723150358
0.502505966587112
0.604057279236277
1.09534606205251
0.45035799522673
0.790692124105012
0.302147971360382
0.658949880668258
0.502505966587112
0.30763723150358
0.787947494033413
0.856563245823389
0.436634844868735
0.258233890214797
0.617780429594272
0.269212410501193
0.431145584725537
0.634248210023866
0.771479713603819
0.529952267303103
0.639737470167064
0.628758949880668
0.400954653937947
0.206085918854415
0.211575178997613
0.389976133651551
0.535441527446301
0.59582338902148
0.33508353221957
0.310381861575179
0.236276849642005
0.691885441527446
0.560143198090692
0.200596658711217
0.403699284009546
0.458591885441527
0.73854415274463
0.88126491646778
0.73854415274463
0.636992840095465
0.228042959427208
0.409188544152745
0.587589498806683
1.1255369928401
0.384486873508353
0.0743436754176611
0.0249403341288783
0.389976133651551
0.156682577565632
0.763245823389021
0.354295942720764
0.524463007159904
0.650715990453461
0.524463007159904
0.400954653937947
0.208830548926014
0.302147971360382
0.0523866348448687
1.02398568019093
0.39272076372315
0.329594272076372
0.491527446300716
0.27744630071599
0.988305489260143
0.357040572792363
0.33508353221957
0.669928400954654
0.518973747016706
0.389976133651551
0.280190930787589
0.647971360381861
0.447613365155131
0.431145584725537
0.763245823389021
0.340572792362768
0.247255369928401
0.225298329355609
0.59582338902148
0.518973747016706
0.398210023866348
0.280190930787589
0.36527446300716
0.417422434367542
0.395465393794749
0.16491646778043
0.851073985680191
0.579355608591885
0.705608591885441
0.760501193317422
0.324105011933174
0.793436754176611
0.39272076372315
0.631503579952267
0.318615751789976
0.862052505966587
0.472315035799523
0.645226730310262
0.376252983293556
0.285680190930788
1.54272076372315
0.59582338902148
0.45035799522673
0.667183770883055
0.491527446300716
0.579355608591885
0.252744630071599
0.584844868735083
0.45035799522673
0.70835322195704
0.118257756563246
0.59307875894988
0.604057279236277
0.571121718377088
0.469570405727924
1.02124105011933
0.0194510739856802
0.414677804295943
0.656205250596659
0.466825775656324
0.346062052505967
0.0743436754176611
0.217064439140811
0.494272076372315
0.236276849642005
0.156682577565632
0.812649164677804
0.291169451073986
0.304892601431981
0.343317422434367
0.153937947494033
0.186873508353222
0.502505966587112
0.400954653937947
0.343317422434367
0.354295942720764
0.129236276849642
0.214319809069212
0.233532219570406
0.439379474940334
0.233532219570406
0.302147971360382
0.239021479713604
0.71109785202864
0.332338902147971
0.837350835322196
1.50704057279236
0.497016706443914
0.483293556085919
0.343317422434367
0.285680190930788
0.313126491646778
0.598568019093079
0.211575178997613
0.181384248210024
0.628758949880668
0.381742243436754
0.406443914081145
0.562887828162291
0.875775656324582
0.414677804295943
0.497016706443914
0.208830548926014
0.50799522673031
0.615035799522673
0.516229116945107
0.411933174224344
0.744033412887828
0.398210023866348
0.420167064439141
0.274701670644391
0.62326968973747
0.746778042959427
0.368019093078759
0.455847255369928
0.0112171837708831
0.477804295942721
0.518973747016706
0.395465393794749
0.370763723150358
0.313126491646778
0.362529832935561
0.282935560859189
0.370763723150358
0.288424821002387
0.442124105011933
0.606801909307876
0.411933174224344
0.384486873508353
0.359785202863962
0.609546539379475
0.425656324582339
0.241766109785203
0.121002386634845
1.02947494033413
0.905966587112172
0.362529832935561
0.293914081145585
0.716587112171838
0.765990453460621
0.368019093078759
0.0496420047732697
0.280190930787589
0.260978520286396
0.318615751789976
0.39272076372315
0.343317422434367
0.499761336515513
0.897732696897375
0.381742243436754
0.195107398568019
0.494272076372315
0.925178997613365
0.549164677804296
0.727565632458234
0.612291169451074
0.260978520286396
0.151193317422434
0.25
0.389976133651551
0.389976133651551
1.18866348448687
0.497016706443914
0.310381861575179
0.497016706443914
0.875775656324582
0.340572792362768
0.631503579952267
0.384486873508353
0.153937947494033
0.348806682577566
0.713842482100239
0.70835322195704
0.310381861575179
0.50799522673031
0.639737470167064
0.354295942720764
0.554653937947494
0.313126491646778
0.713842482100239
0.296658711217184
0.19236276849642
0.458591885441527
0.0853221957040573
0.439379474940334
0.719331742243437
0.444868735083532
0.431145584725537
0.524463007159904
0.702863961813842
0.197852028639618
0.291169451073986
0.576610978520286
0.722076372315036
0.203341288782816
0.351551312649165
0.787947494033413
0.387231503579952
0.368019093078759
0.241766109785203
0.378997613365155
1.01300715990453
0.326849642004773
0.549164677804296
0.33508353221957
0.310381861575179
0.524463007159904
0.291169451073986
0.181384248210024
1.45763723150358
0.288424821002387
0.573866348448687
0.56563245823389
0.444868735083532
0.658949880668258
0.420167064439141
0.368019093078759
1.1145584725537
0.186873508353222
0.442124105011933
0.315871121718377
0.620525059665871
0.343317422434367
0.0770883054892601
0.27744630071599
0.845584725536993
0.428400954653938
0.870286396181384
0.354295942720764
0.203341288782816
0.269212410501193
0.464081145584725
0.801670644391408
0.705608591885441
0.359785202863962
0.461336515513126
0.420167064439141
0.33508353221957
0.634248210023866
0.617780429594272
0.27744630071599
0.656205250596659
0.582100238663484
0.793436754176611
0.343317422434367
0.260978520286396
0.590334128878282
0.368019093078759
0.296658711217184
0.332338902147971
0.241766109785203
0.587589498806683
1.35059665871122
0.549164677804296
0.960859188544153
0.993794749403341
0.343317422434367
0.568377088305489
0.453102625298329
0.206085918854415
0.941646778042959
0.521718377088305
0.271957040572792
0.359785202863962
0.362529832935561
0.313126491646778
0.587589498806683
0.241766109785203
0.444868735083532
0.499761336515513
0.357040572792363
0.48054892601432
0.820883054892601
0.33508353221957
0.258233890214797
0.299403341288783
0.730310262529833
0.521718377088305
0.510739856801909
0.8236276849642
0.634248210023866
0.321360381861575
0.497016706443914
0.661694510739857
0.228042959427208
0.497016706443914
0.42291169451074
0.716587112171838
0.442124105011933
0.340572792362768
0.431145584725537
0.606801909307876
0.908711217183771
0.282935560859189
0.219809069212411
0.576610978520286
0.927923627684964
0.483293556085919
0.110023866348449
0.296658711217184
0.68090692124105
0.475059665871122
0.00298329355608592
0.491527446300716
0.587589498806683
0.228042959427208
1.1118138424821
0.302147971360382
0.417422434367542
0.453102625298329
0.417422434367542
0.461336515513126
0.497016706443914
0.236276849642005
0.664439140811456
0.458591885441527
0.420167064439141
0.244510739856802
0.186873508353222
0.612291169451074
1.07887828162291
0.499761336515513
0.634248210023866
0.661694510739857
0.645226730310262
0.647971360381861
0.636992840095465
0.417422434367542
0.757756563245823
0.428400954653938
1.26825775656325
0.546420047732697
0.239021479713604
0.282935560859189
0.428400954653938
0.59307875894988
0.494272076372315
0.420167064439141
0.631503579952267
1.47136038186158
0.315871121718377
0.862052505966587
0.579355608591885
0.263723150357995
0.400954653937947
0.403699284009546
0.71109785202864
0.362529832935561
0.494272076372315
0.5381861575179
0.370763723150358
0.337828162291169
0.346062052505967
0.302147971360382
0.321360381861575
0.178639618138425
0.329594272076372
0.642482100238663
0.499761336515513
0.765990453460621
0.291169451073986
0.878520286396181
0.497016706443914
0.560143198090692
0.36527446300716
0.870286396181384
0.59307875894988
0.211575178997613
0.313126491646778
0.0112171837708831
0.340572792362768
0.370763723150358
0.475059665871122
0.296658711217184
0.458591885441527
0.175894988066826
0.33508353221957
0.491527446300716
0.628758949880668
0.22255369928401
0.941646778042959
1.26551312649165
0.582100238663484
0.837350835322196
0.225298329355609
0.417422434367542
0.45035799522673
0.606801909307876
0.236276849642005
0.521718377088305
0.447613365155131
0.922434367541766
0.455847255369928
0.280190930787589
0.324105011933174
0.414677804295943
0.357040572792363
0.420167064439141
0.562887828162291
0.359785202863962
0.636992840095465
0.411933174224344
0.499761336515513
1.57840095465394
0.184128878281623
0.321360381861575
0.354295942720764
0.79618138424821
0.477804295942721
0.326849642004773
0.486038186157518
0.387231503579952
0.258233890214797
0.458591885441527
0.304892601431981
0.837350835322196
0.368019093078759
0.582100238663484
0.142959427207637
0.22255369928401
0.258233890214797
0.0963007159904535
0.280190930787589
0.886754176610978
0.71109785202864
0.274701670644391
0.617780429594272
0.697374701670644
0.409188544152745
0.818138424821002
0.464081145584725
0.532696897374702
0.266467780429594
0.568377088305489
0.409188544152745
0.241766109785203
0.741288782816229
0.634248210023866
0.752267303102625
0.151193317422434
0.318615751789976
0.5381861575179
0.966348448687351
0.239021479713604
0.417422434367542
0.587589498806683
0.282935560859189
1.38078758949881
0.59307875894988
0.318615751789976
1.33687350835322
0.50799522673031
0.757756563245823
0.30763723150358
0.475059665871122
0.516229116945107
0.859307875894988
0.247255369928401
0.540930787589499
0.167661097852029
0.546420047732697
0.236276849642005
0.247255369928401
0.126491646778043
0.840095465393795
0.444868735083532
0.518973747016706
0.326849642004773
0.453102625298329
1.6854415274463
0.395465393794749
0.153937947494033
0.0139618138424821
0.343317422434367
0.420167064439141
0.527207637231504
0.241766109785203
0.310381861575179
0.329594272076372
0.42291169451074
0.636992840095465
0.749522673031026
0.494272076372315
0.48054892601432
0.733054892601432
0.420167064439141
0.705608591885441
0.859307875894988
0.359785202863962
0.705608591885441
0.535441527446301
0.765990453460621
0.318615751789976
0.584844868735083
0.266467780429594
0.244510739856802
0.282935560859189
0.557398568019093
0.381742243436754
0.25
0.0743436754176611
0.444868735083532
0.466825775656324
0.230787589498807
0.442124105011933
0.573866348448687
1.08985680190931
0.247255369928401
0.428400954653938
0.755011933174224
0.464081145584725
1.04045346062053
0.368019093078759
0.313126491646778
0.337828162291169
0.612291169451074
0.387231503579952
0.236276849642005
0.914200477326969
0.354295942720764
0.260978520286396
1.09534606205251
0.461336515513126
0.475059665871122
0.8236276849642
0.672673031026253
0.266467780429594
0.293914081145585
0.50799522673031
0.727565632458234
0.373508353221957
0.716587112171838
0.326849642004773
0.362529832935561
0.351551312649165
2.02303102625298
0.310381861575179
0.288424821002387
0.370763723150358
0.315871121718377
0.433890214797136
0.749522673031026
0.252744630071599
0.551909307875895
0.381742243436754
0.518973747016706
0.236276849642005
0.818138424821002
0.247255369928401
0.815393794749403
0.321360381861575
0.447613365155131
0.247255369928401
0.466825775656324
0.332338902147971
0.483293556085919
0.439379474940334
0.532696897374702
0.414677804295943
0.812649164677804
0.211575178997613
0.225298329355609
0.464081145584725
0.211575178997613
0.439379474940334
0.167661097852029
0.878520286396181
0.639737470167064
0.488782816229117
0.362529832935561
0.497016706443914
0.409188544152745
0.834606205250597
1.48233890214797
0.447613365155131
0.156682577565632
0.831861575178998
0.464081145584725
0.071599045346062
0.406443914081145
0.464081145584725
0.373508353221957
0.636992840095465
0.239021479713604
0.615035799522673
0.197852028639618
0.189618138424821
0.233532219570406
0.370763723150358
0.359785202863962
0.318615751789976
0.56563245823389
1.35059665871122
0.417422434367542
0.535441527446301
0.348806682577566
0.686396181384248
0.626014319809069
0.524463007159904
0.436634844868735
0.359785202863962
0.370763723150358
0.299403341288783
0.282935560859189
0.343317422434367
0.809904534606205
0.346062052505967
0.675417661097852
0.870286396181384
0.373508353221957
0.137470167064439
0.469570405727924
0.518973747016706
0.403699284009546
0.310381861575179
0.617780429594272
0.831861575178998
0.200596658711217
0.225298329355609
0.378997613365155
0.532696897374702
0.831861575178998
0.370763723150358
0.293914081145585
0.505250596658711
0.584844868735083
0.357040572792363
0.502505966587112
0.0880668257756563
0.551909307875895
0.491527446300716
0.461336515513126
0.475059665871122
0.801670644391408
0.263723150357995
0.269212410501193
0.368019093078759
0.167661097852029
0.579355608591885
0.417422434367542
0.730310262529833
0.65346062052506
0.757756563245823
0.173150357995227
0.241766109785203
0.45035799522673
1.00751789976134
0.0825775656324582
0.601312649164678
0.782458233890215
0.271957040572792
0.645226730310262
0.42291169451074
0.793436754176611
0.466825775656324
0.45035799522673
0.200596658711217
0.233532219570406
0.296658711217184
0.247255369928401
0.304892601431981
0.56563245823389
0.326849642004773
0.518973747016706
0.483293556085919
0.609546539379475
0.573866348448687
0.713842482100239
0.219809069212411
0.285680190930788
2.36336515513126
0.700119331742243
0.368019093078759
0.439379474940334
0.359785202863962
0.19236276849642
0.370763723150358
0.664439140811456
0.807159904534606
0.439379474940334
0.466825775656324
0.230787589498807
0.601312649164678
0.33508353221957
0.153937947494033
0.376252983293556
0.414677804295943
0.370763723150358
0.398210023866348
0.258233890214797
0.310381861575179
0.488782816229117
0.444868735083532
0.340572792362768
0.337828162291169
0.381742243436754
0.639737470167064
0.381742243436754
0.280190930787589
0.343317422434367
0.324105011933174
0.516229116945107
0.477804295942721
0.296658711217184
0.431145584725537
0.175894988066826
0.582100238663484
0.288424821002387
0.510739856801909
0.189618138424821
0.650715990453461
0.491527446300716
0.497016706443914
0.50799522673031
0.362529832935561
0.527207637231504
0.472315035799523
0.491527446300716
0.455847255369928
0.27744630071599
0.206085918854415
0.604057279236277
0.444868735083532
0.36527446300716
0.464081145584725
0.346062052505967
0.584844868735083
0.431145584725537
0.494272076372315
0.368019093078759
0.502505966587112
0.639737470167064
0.263723150357995
0.656205250596659
0.189618138424821
0.22255369928401
0.892243436754177
1.4054892601432
0.381742243436754
0.516229116945107
0.211575178997613
0.115513126491647
0.505250596658711
0.260978520286396
0.299403341288783
1.15023866348449
0.59582338902148
0.0963007159904535
0.414677804295943
0.505250596658711
0.598568019093079
0.497016706443914
0.211575178997613
0.59582338902148
0.779713603818616
0.403699284009546
0.425656324582339
0.260978520286396
0.280190930787589
0.373508353221957
0.713842482100239
0.219809069212411
0.455847255369928
0.529952267303103
0.540930787589499
0.433890214797136
0.444868735083532
0.776968973747017
0.922434367541766
0.527207637231504
0.269212410501193
0.359785202863962
1.35059665871122
0.16491646778043
0.0359188544152745
1.16121718377088
0.313126491646778
0.700119331742243
0.661694510739857
0.941646778042959
0.549164677804296
0.604057279236277
0.329594272076372
0.433890214797136
1.07064439140811
0.442124105011933
0.162171837708831
0.321360381861575
0.491527446300716
0.414677804295943
0.296658711217184
1.30942720763723
0.282935560859189
0.700119331742243
0.173150357995227
0.733054892601432
0.296658711217184
0.661694510739857
1.32040572792363
0.36527446300716
0.370763723150358
0.700119331742243
1.15572792362768
0.447613365155131
0.475059665871122
0.101789976133652
0.431145584725537
0.39272076372315
0.551909307875895
0.0359188544152745
0.634248210023866
0.27744630071599
0.903221957040573
0.631503579952267
0.137470167064439
0.370763723150358
0.65346062052506
0.318615751789976
0.409188544152745
0.409188544152745
0.406443914081145
0.444868735083532
1.02398568019093
0.313126491646778
0.398210023866348
0.73854415274463
0.315871121718377
0.206085918854415
0.455847255369928
0.324105011933174
2.21789976133652
0.19236276849642
0.324105011933174
0.510739856801909
0.239021479713604
0.219809069212411
0.587589498806683
1.02124105011933
0.461336515513126
0.228042959427208
0.845584725536993
0.156682577565632
0.535441527446301
0.255489260143198
0.557398568019093
0.444868735083532
0.384486873508353
0.431145584725537
0.5381861575179
0.804415274463007
0.741288782816229
0.859307875894988
1.00477326968974
0.27744630071599
0.68090692124105
0.486038186157518
0.568377088305489
0.628758949880668
0.749522673031026
0.214319809069212
0.700119331742243
0.73854415274463
0.518973747016706
0.499761336515513
0.571121718377088
0.601312649164678
0.203341288782816
0.156682577565632
0.140214797136038
0.730310262529833
0.0386634844868735
0.406443914081145
0.368019093078759
0.56563245823389
0.318615751789976
0.834606205250597
0.779713603818616
0.357040572792363
0.148448687350835
0.318615751789976
0.483293556085919
0.966348448687351
0.30763723150358
0.982816229116945
0.428400954653938
0.582100238663484
0.19236276849642
0.875775656324582
0.324105011933174
0.455847255369928
0.140214797136038
0.658949880668258
0.0825775656324582
0.178639618138425
0.381742243436754
0.368019093078759
0.529952267303103
0.233532219570406
0.420167064439141
0.694630071599045
0.433890214797136
0.414677804295943
1.1008353221957
0.634248210023866
0.453102625298329
0.384486873508353
0.315871121718377
0.576610978520286
0.118257756563246
0.239021479713604
0.260978520286396
0.642482100238663
0.19236276849642
0.532696897374702
0.719331742243437
0.71109785202864
0.971837708830549
0.5381861575179
1.61682577565632
0.505250596658711
0.0633651551312649
0.343317422434367
0.162171837708831
0.466825775656324
0.324105011933174
0.329594272076372
1.23532219570406
0.469570405727924
0.118257756563246
0.315871121718377
0.22255369928401
0.656205250596659
0.22255369928401
0.562887828162291
0.417422434367542
0.499761336515513
0.145704057279236
0.628758949880668
0.502505966587112
0.524463007159904
0.173150357995227
0.343317422434367
0.236276849642005
0.417422434367542
0.376252983293556
0.741288782816229
0.313126491646778
0.357040572792363
0.892243436754177
0.337828162291169
0.414677804295943
0.348806682577566
0.357040572792363
0.0990453460620525
0.368019093078759
0.433890214797136
0.406443914081145
0.433890214797136
0.0908114558472554
0.730310262529833
0.315871121718377
0.247255369928401
0.195107398568019
0.606801909307876
0.162171837708831
0.337828162291169
0.359785202863962
0.809904534606205
0.477804295942721
0.477804295942721
0.285680190930788
0.436634844868735
0.354295942720764
0.42291169451074
0.516229116945107
0.293914081145585
1.01575178997613
0.752267303102625
0.56563245823389
0.384486873508353
0.919689737470167
0.733054892601432
0.433890214797136
0.675417661097852
0.650715990453461
0.453102625298329
0.755011933174224
0.428400954653938
0.65346062052506
0.389976133651551
0.609546539379475
0.518973747016706
0.302147971360382
0.258233890214797
0.505250596658711
0.524463007159904
0.400954653937947
0.475059665871122
0.376252983293556
0.477804295942721
0.389976133651551
0.25
0.230787589498807
0.499761336515513
0.384486873508353
0.293914081145585
0.472315035799523
0.409188544152745
1.07064439140811
0.411933174224344
0.749522673031026
0.420167064439141
0.33508353221957
0.568377088305489
0.280190930787589
0.516229116945107
0.354295942720764
0.521718377088305
0.91145584725537
0.411933174224344
0.505250596658711
0.966348448687351
0.499761336515513
1.1090692124105
0.291169451073986
0.642482100238663
1.30119331742243
0.631503579952267
0.683651551312649
0.628758949880668
0.313126491646778
0.617780429594272
0.343317422434367
0.658949880668258
0.636992840095465
0.208830548926014
0.765990453460621
0.269212410501193
0.425656324582339
0.148448687350835
0.25
0.230787589498807
0.689140811455847
0.354295942720764
0.436634844868735
0.518973747016706
0.159427207637232
0.173150357995227
0.540930787589499
0.228042959427208
0.958114558472554
0.42291169451074
0.351551312649165
0.206085918854415
0.65346062052506
0.905966587112172
0.568377088305489
0.744033412887828
0.266467780429594
0.486038186157518
0.244510739856802
0.274701670644391
0.722076372315036
0.0249403341288783
0.436634844868735
0.263723150357995
0.560143198090692
0.351551312649165
0.686396181384248
0.282935560859189
0.368019093078759
0.378997613365155
0.927923627684964
1.02947494033413
0.411933174224344
0.315871121718377
0.398210023866348
0.19236276849642
0.634248210023866
0.219809069212411
0.903221957040573
1.12828162291169
0.304892601431981
0.636992840095465
0.359785202863962
0.626014319809069
0.282935560859189
0.42291169451074
0.236276849642005
0.477804295942721
0.686396181384248
0.376252983293556
0.812649164677804
0.208830548926014
0.219809069212411
0.304892601431981
0.505250596658711
1.24630071599045
0.36527446300716
0.0990453460620525
0.346062052505967
0.524463007159904
0.145704057279236
0.455847255369928
0.650715990453461
0.337828162291169
0.551909307875895
0.255489260143198
0.658949880668258
0.798926014319809
0.532696897374702
0.381742243436754
0.694630071599045
0.793436754176611
0.357040572792363
0.225298329355609
0.601312649164678
0.271957040572792
0.389976133651551
0.406443914081145
0.436634844868735
0.236276849642005
0.79618138424821
0.73854415274463
1.22983293556086
0.071599045346062
0.524463007159904
0.288424821002387
0.551909307875895
0.453102625298329
0.131980906921241
0.230787589498807
0.255489260143198
0.483293556085919
0.546420047732697
0.33508353221957
0.153937947494033
0.636992840095465
0.0880668257756563
1.1090692124105
0.444868735083532
0.304892601431981
0.153937947494033
0.354295942720764
0.22255369928401
0.56563245823389
0.477804295942721
0.604057279236277
1.04319809069212
0.156682577565632
0.634248210023866
0.398210023866348
0.933412887828162
0.477804295942721
0.315871121718377
0.10727923627685
0.719331742243437
0.332338902147971
0.373508353221957
0.214319809069212
0.609546539379475
0.521718377088305
0.362529832935561
0.609546539379475
0.22255369928401
0.329594272076372
0.142959427207637
0.645226730310262
1.14200477326969
0.524463007159904
0.280190930787589
0.321360381861575
0.79618138424821
0.488782816229117
0.266467780429594
0.497016706443914
1.62780429594272
0.50799522673031
0.642482100238663
0.664439140811456
0.464081145584725
0.722076372315036
0.39272076372315
0.101789976133652
0.425656324582339
0.831861575178998
0.27744630071599
0.428400954653938
0.636992840095465
0.686396181384248
0.601312649164678
0.258233890214797
0.988305489260143
0.304892601431981
0.271957040572792
0.647971360381861
1.28747016706444
0.121002386634845
0.790692124105012
0.414677804295943
0.598568019093079
0.549164677804296
0.636992840095465
0.527207637231504
0.244510739856802
0.636992840095465
0.601312649164678
0.516229116945107
0.228042959427208
0.153937947494033
0.398210023866348
0.455847255369928
0.387231503579952
0.258233890214797
0.395465393794749
0.477804295942721
0.453102625298329
0.549164677804296
0.425656324582339
0.741288782816229
0.5381861575179
0.469570405727924
0.73854415274463
0.376252983293556
0.189618138424821
0.664439140811456
0.351551312649165
0.42291169451074
0.326849642004773
0.851073985680191
0.568377088305489
0.897732696897375
0.809904534606205
0.269212410501193
0.573866348448687
0.579355608591885
0.326849642004773
0.867541766109785
0.315871121718377
0.464081145584725
1.12828162291169
0.274701670644391
0.197852028639618
0.115513126491647
0.315871121718377
0.346062052505967
0.208830548926014
0.636992840095465
0.310381861575179
0.263723150357995
0.178639618138425
0.458591885441527
0.834606205250597
0.321360381861575
0.343317422434367
0.236276849642005
0.944391408114558
0.521718377088305
0.373508353221957
0.376252983293556
0.513484486873508
0.362529832935561
0.546420047732697
0.197852028639618
0.387231503579952
0.543675417661098
0.598568019093079
0.576610978520286
0.455847255369928
0.551909307875895
0.39272076372315
0.469570405727924
0.153937947494033
0.258233890214797
0.389976133651551
0.746778042959427
0.540930787589499
0.656205250596659
0.543675417661098
0.639737470167064
0.464081145584725
0.425656324582339
0.417422434367542
0.296658711217184
0.293914081145585
0.129236276849642
0.442124105011933
0.271957040572792
0.436634844868735
0.749522673031026
0.455847255369928
0.271957040572792
0.425656324582339
0.716587112171838
0.288424821002387
0.733054892601432
0.499761336515513
0.598568019093079
0.483293556085919
0.340572792362768
1.50978520286396
0.477804295942721
0.236276849642005
0.65346062052506
0.546420047732697
0.252744630071599
0.153937947494033
0.433890214797136
0.455847255369928
0.302147971360382
0.376252983293556
0.436634844868735
0.206085918854415
0.464081145584725
0.326849642004773
0.815393794749403
0.601312649164678
0.466825775656324
0.33508353221957
0.50799522673031
0.346062052505967
0.411933174224344
0.359785202863962
0.576610978520286
1.58663484486874
0.488782816229117
0.362529832935561
0.115513126491647
0.472315035799523
0.952625298329356
0.326849642004773
0.5381861575179
0.357040572792363
0.873031026252983
1.1035799522673
0.346062052505967
0.458591885441527
0.228042959427208
0.170405727923628
0.384486873508353
0.466825775656324
0.414677804295943
0.834606205250597
0.848329355608592
0.505250596658711
0.798926014319809
0.263723150357995
0.406443914081145
0.271957040572792
0.466825775656324
0.609546539379475
1.18591885441527
0.647971360381861
0.571121718377088
0.612291169451074
0.48054892601432
0.142959427207637
0.203341288782816
0.324105011933174
0.505250596658711
0.477804295942721
0.502505966587112
0.527207637231504
0.469570405727924
0.274701670644391
0.444868735083532
0.354295942720764
0.200596658711217
0.387231503579952
0.428400954653938
0.332338902147971
0.414677804295943
0.318615751789976
0.370763723150358
0.197852028639618
0.346062052505967
1.07613365155131
0.757756563245823
0.293914081145585
0.510739856801909
0.280190930787589
1.14200477326969
0.527207637231504
0.444868735083532
0.233532219570406
0.513484486873508
0.587589498806683
0.357040572792363
0.741288782816229
0.357040572792363
1.50704057279236
0.864797136038186
0.184128878281623
0.626014319809069
0.518973747016706
0.36527446300716
0.203341288782816
0.606801909307876
0.606801909307876
0.486038186157518
0.378997613365155
0.719331742243437
0.716587112171838
0.384486873508353
0.856563245823389
0.502505966587112
0.343317422434367
0.362529832935561
0.991050119331742
0.444868735083532
0.22255369928401
0.409188544152745
0.516229116945107
0.142959427207637
0.189618138424821
0.219809069212411
0.428400954653938
0.491527446300716
0.99653937947494
0.370763723150358
0.436634844868735
0.702863961813842
0.461336515513126
0.606801909307876
0.642482100238663
0.313126491646778
0.208830548926014
0.477804295942721
0.153937947494033
0.332338902147971
0.785202863961814
0.609546539379475
0.255489260143198
0.529952267303103
0.713842482100239
0.453102625298329
0.247255369928401
0.5381861575179
0.140214797136038
0.36527446300716
0.870286396181384
0.560143198090692
0.42291169451074
0.464081145584725
0.631503579952267
0.793436754176611
0.354295942720764
0.513484486873508
0.656205250596659
0.469570405727924
0.214319809069212
0.315871121718377
0.329594272076372
0.560143198090692
1.1255369928401
0.444868735083532
0.200596658711217
0.491527446300716
1.15572792362768
0.842840095465394
0.428400954653938
0.203341288782816
0.370763723150358
0.771479713603819
0.351551312649165
0.571121718377088
0.291169451073986
0.239021479713604
0.458591885441527
0.494272076372315
0.464081145584725
0.25
0.439379474940334
0.510739856801909
0.381742243436754
0.244510739856802
0.686396181384248
0.483293556085919
0.406443914081145
0.642482100238663
0.491527446300716
0.225298329355609
0.0276849642004773
0.442124105011933
0.414677804295943
0.521718377088305
0.518973747016706
0.315871121718377
0.252744630071599
0.395465393794749
0.540930787589499
0.376252983293556
0.483293556085919
0.395465393794749
1.37255369928401
0.348806682577566
1.61957040572792
0.351551312649165
0.922434367541766
0.425656324582339
0.433890214797136
0.571121718377088
0.368019093078759
0.337828162291169
0.260978520286396
0.302147971360382
0.497016706443914
0.0578758949880668
0.50799522673031
0.304892601431981
0.73854415274463
0.785202863961814
0.568377088305489
0.425656324582339
1.09260143198091
0.513484486873508
0.359785202863962
0.667183770883055
0.178639618138425
1.31217183770883
0.36527446300716
0.387231503579952
0.362529832935561
1.08985680190931
0.568377088305489
0.378997613365155
0.357040572792363
0.453102625298329
0.387231503579952
0.145704057279236
0.442124105011933
0.65346062052506
0.458591885441527
0.815393794749403
0.409188544152745
0.793436754176611
0.667183770883055
0.458591885441527
0.326849642004773
0.453102625298329
1.1200477326969
0.271957040572792
0.181384248210024
1.03496420047733
0.304892601431981
0.477804295942721
0.296658711217184
0.381742243436754
0.760501193317422
0.354295942720764
0.483293556085919
0.252744630071599
0.247255369928401
0.184128878281623
0.217064439140811
0.431145584725537
0.398210023866348
0.400954653937947
0.247255369928401
0.658949880668258
0.351551312649165
0.389976133651551
0.439379474940334
0.76873508353222
0.414677804295943
0.900477326968974
0.118257756563246
0.551909307875895
0.378997613365155
0.22255369928401
0.389976133651551
0.516229116945107
0.458591885441527
0.417422434367542
1.05143198090692
0.255489260143198
0.411933174224344
0.48054892601432
0.551909307875895
0.505250596658711
0.389976133651551
0.285680190930788
0.186873508353222
0.340572792362768
0.469570405727924
0.510739856801909
0.59307875894988
0.387231503579952
0.628758949880668
0.488782816229117
0.296658711217184
0.42291169451074
0.746778042959427
0.200596658711217
0.288424821002387
0.787947494033413
0.42291169451074
0.313126491646778
0.228042959427208
0.579355608591885
0.252744630071599
0.590334128878282
0.686396181384248
0.22255369928401
0.381742243436754
0.370763723150358
0.573866348448687
0.516229116945107
0.282935560859189
0.499761336515513
0.310381861575179
0.260978520286396
0.318615751789976
0.521718377088305
0.285680190930788
0.431145584725537
0.142959427207637
0.153937947494033
0.33508353221957
0.455847255369928
0.702863961813842
0.562887828162291
0.560143198090692
0.217064439140811
0.93890214797136
0.974582338902148
0.554653937947494
0.411933174224344
0.444868735083532
0.184128878281623
0.219809069212411
0.518973747016706
0.27744630071599
0.59582338902148
0.318615751789976
0.162171837708831
0.324105011933174
0.499761336515513
0.469570405727924
0.499761336515513
0.285680190930788
0.562887828162291
1.89677804295943
0.960859188544153
0.370763723150358
0.464081145584725
0.71109785202864
0.513484486873508
0.804415274463007
0.239021479713604
0.288424821002387
0.620525059665871
0.604057279236277
0.713842482100239
0.889498806682578
1.57840095465394
0.304892601431981
0.310381861575179
0.647971360381861
0.527207637231504
0.373508353221957
0.285680190930788
0.362529832935561
0.400954653937947
0.70835322195704
0.834606205250597
0.313126491646778
0.403699284009546
1.01300715990453
0.346062052505967
0.458591885441527
0.266467780429594
0.760501193317422
0.110023866348449
0.186873508353222
0.439379474940334
0.362529832935561
0.598568019093079
0.661694510739857
0.458591885441527
0.332338902147971
0.466825775656324
0.733054892601432
0.22255369928401
0.631503579952267
0.642482100238663
0.518973747016706
0.486038186157518
0.121002386634845
0.299403341288783
0.612291169451074
0.337828162291169
0.483293556085919
0.543675417661098
0.381742243436754
0.694630071599045
0.348806682577566
0.195107398568019
0.656205250596659
0.217064439140811
0.296658711217184
0.50799522673031
0.856563245823389
0.324105011933174
0.425656324582339
0.425656324582339
0.562887828162291
0.25
0.186873508353222
1.18866348448687
0.958114558472554
0.266467780429594
0.700119331742243
0.403699284009546
0.378997613365155
0.36527446300716
0.513484486873508
0.549164677804296
0.617780429594272
0.398210023866348
0.702863961813842
0.609546539379475
0.724821002386635
0.211575178997613
0.214319809069212
0.431145584725537
0.549164677804296
0.584844868735083
0.129236276849642
0.466825775656324
0.524463007159904
0.447613365155131
0.230787589498807
0.236276849642005
0.266467780429594
0.206085918854415
0.686396181384248
0.359785202863962
0.236276849642005
3.55178997613365
0.282935560859189
0.689140811455847
0.936157517899761
0.373508353221957
1.24904534606205
0.837350835322196
0.439379474940334
0.757756563245823
0.260978520286396
0.326849642004773
0.137470167064439
0.483293556085919
0.376252983293556
0.647971360381861
0.85381861575179
0.554653937947494
0.239021479713604
0.540930787589499
0.442124105011933
0.851073985680191
0.151193317422434
0.274701670644391
0.378997613365155
0.0798329355608592
0.266467780429594
1.20787589498807
0.735799522673031
0.631503579952267
0.524463007159904
0.433890214797136
1.80894988066826
0.840095465393795
0.486038186157518
0.274701670644391
0.518973747016706
0.241766109785203
0.123747016706444
0.299403341288783
0.59582338902148
0.733054892601432
0.497016706443914
0.376252983293556
0.123747016706444
0.834606205250597
0.0990453460620525
0.620525059665871
0.368019093078759
0.239021479713604
0.129236276849642
0.381742243436754
0.00572792362768497
0.529952267303103
0.510739856801909
0.439379474940334
0.746778042959427
0.433890214797136
0.370763723150358
0.332338902147971
0.497016706443914
0.368019093078759
0.510739856801909
0.39272076372315
0.439379474940334
0.425656324582339
0.332338902147971
0.664439140811456
1.04319809069212
0.42291169451074
0.524463007159904
0.0468973747016706
0.0880668257756563
0.425656324582339
0.291169451073986
0.785202863961814
0.466825775656324
0.535441527446301
0.42291169451074
0.217064439140811
0.502505966587112
0.433890214797136
0.587589498806683
0.16491646778043
0.370763723150358
0.958114558472554
0.337828162291169
0.30763723150358
0.186873508353222
0.387231503579952
0.329594272076372
0.241766109785203
0.263723150357995
0.431145584725537
0.381742243436754
0.444868735083532
0.532696897374702
1.09260143198091
0.499761336515513
1.72661097852029
0.56563245823389
0.48054892601432
0.755011933174224
0.241766109785203
0.233532219570406
0.59307875894988
0.76873508353222
0.579355608591885
1.28747016706444
1.54272076372315
0.466825775656324
0.315871121718377
0.296658711217184
0.516229116945107
0.359785202863962
0.672673031026253
0.362529832935561
0.590334128878282
0.499761336515513
0.373508353221957
0.175894988066826
0.357040572792363
0.291169451073986
0.453102625298329
1.42744630071599
0.211575178997613
0.444868735083532
0.612291169451074
0.546420047732697
0.162171837708831
0.403699284009546
0.409188544152745
0.466825775656324
0.661694510739857
0.661694510739857
0.840095465393795
0.189618138424821
0.42291169451074
0.650715990453461
0.59307875894988
0.411933174224344
0.233532219570406
0.535441527446301
0.304892601431981
0.315871121718377
0.428400954653938
0.919689737470167
0.25
0.409188544152745
0.483293556085919
0.494272076372315
0.219809069212411
0.529952267303103
0.812649164677804
0.818138424821002
0.159427207637232
0.606801909307876
0.25
0.510739856801909
0.274701670644391
0.376252983293556
0.373508353221957
0.178639618138425
0.318615751789976
0.414677804295943
0.387231503579952
0.181384248210024
0.447613365155131
0.140214797136038
0.181384248210024
0.431145584725537
0.809904534606205
0.755011933174224
0.804415274463007
0.76873508353222
0.376252983293556
0.571121718377088
0.50799522673031
0.27744630071599
0.486038186157518
0.458591885441527
0.378997613365155
0.25
0.497016706443914
0.340572792362768
0.400954653937947
0.203341288782816
0.491527446300716
0.65346062052506
0.562887828162291
0.376252983293556
0.0880668257756563
0.510739856801909
0.409188544152745
0.384486873508353
0.974582338902148
0.466825775656324
0.431145584725537
0.255489260143198
0.793436754176611
0.395465393794749
0.875775656324582
0.362529832935561
0.779713603818616
0.598568019093079
0.598568019093079
0.535441527446301
0.521718377088305
0.33508353221957
1.18317422434368
0.433890214797136
0.0112171837708831
0.557398568019093
0.299403341288783
0.39272076372315
0.752267303102625
0.664439140811456
0.562887828162291
0.774224343675418
0.362529832935561
0.884009546539379
0.162171837708831
0.376252983293556
1.37529832935561
0.376252983293556
0.658949880668258
0.354295942720764
0.672673031026253
0.499761336515513
0.337828162291169
0.669928400954654
0.560143198090692
0.247255369928401
1.01849642004773
0.982816229116945
0.675417661097852
0.378997613365155
0.949880668257757
0.225298329355609
0.505250596658711
0.269212410501193
0.689140811455847
0.601312649164678
0.19236276849642
0.376252983293556
0.420167064439141
0.346062052505967
0.39272076372315
0.280190930787589
0.494272076372315
0.815393794749403
0.428400954653938
0.71109785202864
0.606801909307876
0.313126491646778
0.521718377088305
0.30763723150358
0.458591885441527
0.532696897374702
0.269212410501193
0.389976133651551
0.178639618138425
0.5381861575179
0.831861575178998
0.497016706443914
0.236276849642005
0.48054892601432
0.225298329355609
0.672673031026253
0.45035799522673
0.642482100238663
0.461336515513126
0.27744630071599
0.425656324582339
0.702863961813842
0.425656324582339
0.604057279236277
0.337828162291169
0.447613365155131
0.189618138424821
0.546420047732697
0.357040572792363
0.433890214797136
0.10727923627685
0.68090692124105
0.433890214797136
0.230787589498807
0.650715990453461
0.145704057279236
0.502505966587112
0.458591885441527
0.195107398568019
1.16670644391408
0.258233890214797
0.315871121718377
0.25
0.131980906921241
0.378997613365155
0.431145584725537
0.0523866348448687
0.510739856801909
0.8236276849642
0.217064439140811
0.348806682577566
0.359785202863962
0.650715990453461
0.387231503579952
0.406443914081145
0.39272076372315
0.70835322195704
0.271957040572792
0.560143198090692
0.702863961813842
0.173150357995227
0.609546539379475
0.214319809069212
0.672673031026253
0.477804295942721
0.343317422434367
0.636992840095465
0.65346062052506
0.469570405727924
0.656205250596659
0.211575178997613
0.368019093078759
0.184128878281623
0.664439140811456
0.584844868735083
0.228042959427208
0.373508353221957
0.351551312649165
0.48054892601432
0.260978520286396
0.118257756563246
0.376252983293556
1.41646778042959
0.417422434367542
0.288424821002387
0.25
0.694630071599045
0.93890214797136
0.431145584725537
0.244510739856802
0.0880668257756563
0.469570405727924
0.453102625298329
0.464081145584725
0.370763723150358
0.439379474940334
0.260978520286396
0.0880668257756563
0.326849642004773
0.376252983293556
0.587589498806683
0.362529832935561
0.88126491646778
0.50799522673031
0.398210023866348
0.532696897374702
0.33508353221957
0.466825775656324
0.348806682577566
0.189618138424821
0.62326968973747
0.411933174224344
0.834606205250597
0.524463007159904
0.228042959427208
0.225298329355609
0.79618138424821
0.746778042959427
1.6799522673031
1.07064439140811
0.842840095465394
1.1008353221957
0.326849642004773
0.282935560859189
0.315871121718377
0.675417661097852
0.280190930787589
0.428400954653938
0.203341288782816
0.354295942720764
0.0798329355608592
0.296658711217184
0.587589498806683
0.497016706443914
0.513484486873508
0.669928400954654
0.532696897374702
0.892243436754177
0.491527446300716
0.705608591885441
0.395465393794749
0.321360381861575
0.543675417661098
0.329594272076372
0.639737470167064
0.346062052505967
0.70835322195704
0.378997613365155
0.749522673031026
0.529952267303103
0.252744630071599
0.486038186157518
0.59582338902148
0.293914081145585
0.36527446300716
0.719331742243437
0.59582338902148
0.433890214797136
0.483293556085919
0.475059665871122
0.543675417661098
0.313126491646778
0.425656324582339
0.282935560859189
0.373508353221957
0.310381861575179
0.318615751789976
0.417422434367542
0.582100238663484
0.378997613365155
0.5381861575179
0.373508353221957
0.0606205250596659
0.48054892601432
0.571121718377088
0.45035799522673
0.634248210023866
0.527207637231504
0.30763723150358
0.579355608591885
0.5381861575179
0.384486873508353
0.922434367541766
0.233532219570406
0.340572792362768
0.241766109785203
0.288424821002387
0.488782816229117
0.617780429594272
0.225298329355609
0.436634844868735
0.543675417661098
0.461336515513126
0.348806682577566
0.579355608591885
0.491527446300716
0.302147971360382
0.357040572792363
0.359785202863962
0.313126491646778
0.233532219570406
0.433890214797136
0.546420047732697
0.590334128878282
0.425656324582339
0.488782816229117
0.395465393794749
0.42291169451074
0.400954653937947
0.255489260143198
0.304892601431981
0.469570405727924
0.357040572792363
0.488782816229117
0.359785202863962
0.288424821002387
0.628758949880668
0.634248210023866
1.87207637231504
0.573866348448687
0.258233890214797
0.236276849642005
0.656205250596659
0.856563245823389
0.472315035799523
0.378997613365155
0.70835322195704
0.411933174224344
0.36527446300716
0.406443914081145
0.39272076372315
1.01575178997613
0.513484486873508
0.400954653937947
0.851073985680191
0.258233890214797
0.453102625298329
0.433890214797136
0.30763723150358
0.667183770883055
0.516229116945107
0.447613365155131
0.332338902147971
0.414677804295943
0.807159904534606
0.315871121718377
1.36980906921241
0.801670644391408
0.521718377088305
0.395465393794749
0.765990453460621
0.389976133651551
0.650715990453461
0.27744630071599
0.0304295942720764
0.406443914081145
0.313126491646778
0.288424821002387
0.453102625298329
0.33508353221957
0.315871121718377
0.439379474940334
0.562887828162291
1.15298329355609
0.389976133651551
0.373508353221957
0.241766109785203
0.48054892601432
0.244510739856802
0.173150357995227
0.428400954653938
0.540930787589499
0.181384248210024
0.634248210023866
0.368019093078759
1.04868735083532
0.73854415274463
0.0523866348448687
0.381742243436754
0.609546539379475
0.683651551312649
0.376252983293556
0.269212410501193
0.436634844868735
0.518973747016706
0.313126491646778
0.420167064439141
0.702863961813842
0.598568019093079
0.568377088305489
0.239021479713604
0.631503579952267
0.288424821002387
0.524463007159904
0.112768496420048
0.722076372315036
0.884009546539379
0.453102625298329
0.0825775656324582
0.647971360381861
0.818138424821002
0.346062052505967
0.425656324582339
0.324105011933174
0.466825775656324
0.749522673031026
0.376252983293556
0.807159904534606
0.439379474940334
0.414677804295943
0.170405727923628
0.343317422434367
0.598568019093079
0.22255369928401
0.749522673031026
0.398210023866348
0.642482100238663
0.892243436754177
0.359785202863962
0.458591885441527
0.42291169451074
0.0633651551312649
0.409188544152745
0.573866348448687
0.453102625298329
0.919689737470167
0.941646778042959
0.414677804295943
0.153937947494033
0.313126491646778
0.524463007159904
1.01849642004773
0.571121718377088
0.313126491646778
0.357040572792363
0.834606205250597
0.280190930787589
0.378997613365155
0.239021479713604
0.521718377088305
0.631503579952267
0.675417661097852
0.244510739856802
0.543675417661098
0.258233890214797
0.689140811455847
0.765990453460621
0.466825775656324
0.628758949880668
0.763245823389021
0.543675417661098
0.513484486873508
0.486038186157518
0.162171837708831
0.705608591885441
0.346062052505967
0.280190930787589
0.170405727923628
0.925178997613365
0.458591885441527
0.304892601431981
0.197852028639618
0.400954653937947
0.217064439140811
0.584844868735083
0.713842482100239
0.431145584725537
0.137470167064439
0.343317422434367
0.266467780429594
0.433890214797136
0.645226730310262
0.30763723150358
0.606801909307876
0.785202863961814
0.137470167064439
0.285680190930788
0.255489260143198
0.293914081145585
0.359785202863962
1.9873508353222
0.184128878281623
0.310381861575179
0.359785202863962
0.381742243436754
0.483293556085919
0.195107398568019
0.255489260143198
0.409188544152745
0.381742243436754
0.288424821002387
0.755011933174224
0.491527446300716
0.59582338902148
0.631503579952267
0.398210023866348
0.233532219570406
0.420167064439141
0.65346062052506
1.77052505966587
0.571121718377088
0.299403341288783
0.447613365155131
0.45035799522673
0.370763723150358
0.42291169451074
1.42470167064439
0.455847255369928
0.195107398568019
0.239021479713604
0.604057279236277
0.713842482100239
0.571121718377088
0.362529832935561
0.217064439140811
0.228042959427208
0.505250596658711
0.332338902147971
0.464081145584725
0.332338902147971
0.560143198090692
1.30668257756563
0.76873508353222
0.33508353221957
0.260978520286396
0.604057279236277
0.694630071599045
0.362529832935561
0.296658711217184
0.337828162291169
0.639737470167064
0.162171837708831
0.672673031026253
0.0990453460620525
0.461336515513126
0.315871121718377
0.414677804295943
0.475059665871122
0.809904534606205
0.395465393794749
0.219809069212411
0.315871121718377
0.230787589498807
0.255489260143198
0.464081145584725
0.299403341288783
0.368019093078759
0.551909307875895
0.112768496420048
0.65346062052506
0.395465393794749
0.700119331742243
0.285680190930788
0.378997613365155
0.617780429594272
1.25178997613365
0.211575178997613
0.546420047732697
0.280190930787589
0.488782816229117
0.348806682577566
0.296658711217184
0.368019093078759
0.266467780429594
0.760501193317422
0.403699284009546
0.505250596658711
0.50799522673031
0.667183770883055
0.985560859188544
0.568377088305489
0.45035799522673
0.936157517899761
0.0935560859188544
0.263723150357995
0.241766109785203
0.313126491646778
0.483293556085919
0.25
0.263723150357995
0.315871121718377
0.469570405727924
0.540930787589499
0.590334128878282
0.875775656324582
0.604057279236277
0.71109785202864
0.266467780429594
0.346062052505967
0.551909307875895
0.502505966587112
0.428400954653938
0.532696897374702
0.36527446300716
0.733054892601432
0.5381861575179
0.233532219570406
0.258233890214797
0.39272076372315
0.299403341288783
0.980071599045346
0.170405727923628
0.477804295942721
0.582100238663484
0.398210023866348
0.667183770883055
0.27744630071599
0.0990453460620525
1.07064439140811
0.744033412887828
0.571121718377088
0.315871121718377
0.606801909307876
0.576610978520286
0.315871121718377
0.406443914081145
0.993794749403341
0.829116945107399
0.310381861575179
0.282935560859189
0.417422434367542
0.447613365155131
0.313126491646778
0.299403341288783
0.656205250596659
1.27649164677804
0.694630071599045
0.719331742243437
0.409188544152745
0.184128878281623
0.615035799522673
0.381742243436754
0.181384248210024
0.645226730310262
0.510739856801909
1.45489260143198
0.173150357995227
0.675417661097852
0.406443914081145
0.642482100238663
0.378997613365155
0.444868735083532
0.535441527446301
0.68090692124105
0.491527446300716
0.258233890214797
0.809904534606205
0.705608591885441
0.420167064439141
0.70835322195704
0.291169451073986
0.159427207637232
0.178639618138425
0.584844868735083
0.211575178997613
0.296658711217184
0.436634844868735
1.413723150358
0.752267303102625
0.313126491646778
0.329594272076372
0.626014319809069
0.233532219570406
1.66348448687351
0.491527446300716
0.400954653937947
0.398210023866348
0.958114558472554
0.472315035799523
0.488782816229117
0.337828162291169
0.697374701670644
0.667183770883055
0.576610978520286
0.59582338902148
0.304892601431981
0.755011933174224
0.266467780429594
0.403699284009546
0.329594272076372
0.560143198090692
0.420167064439141
0.252744630071599
0.378997613365155
0.417422434367542
0.211575178997613
0.260978520286396
0.584844868735083
0.502505966587112
0.461336515513126
0.442124105011933
0.604057279236277
0.181384248210024
0.414677804295943
0.378997613365155
0.395465393794749
0.274701670644391
0.348806682577566
0.354295942720764
0.62326968973747
0.691885441527446
0.71109785202864
0.411933174224344
0.867541766109785
0.472315035799523
0.140214797136038
0.343317422434367
0.362529832935561
0.387231503579952
0.491527446300716
0.27744630071599
0.722076372315036
0.411933174224344
0.313126491646778
0.36527446300716
0.214319809069212
1.31491646778043
0.884009546539379
0.5381861575179
0.579355608591885
0.543675417661098
0.45035799522673
0.551909307875895
0.442124105011933
0.444868735083532
0.645226730310262
0.486038186157518
0.458591885441527
0.894988066825776
0.815393794749403
0.291169451073986
0.239021479713604
0.686396181384248
0.472315035799523
0.337828162291169
0.667183770883055
0.433890214797136
0.252744630071599
0.461336515513126
0.993794749403341
0.389976133651551
0.387231503579952
0.447613365155131
1.38078758949881
0.557398568019093
0.118257756563246
0.197852028639618
0.903221957040573
0.491527446300716
0.362529832935561
0.587589498806683
0.634248210023866
0.389976133651551
0.378997613365155
0.313126491646778
0.73854415274463
0.304892601431981
0.255489260143198
0.315871121718377
0.483293556085919
1.01300715990453
0.162171837708831
0.524463007159904
0.510739856801909
0.433890214797136
0.241766109785203
0.302147971360382
0.315871121718377
0.475059665871122
0.42291169451074
0.584844868735083
0.324105011933174
0.461336515513126
0.403699284009546
0.982816229116945
0.313126491646778
0.359785202863962
0.491527446300716
0.280190930787589
0.444868735083532
0.755011933174224
2.13007159904535
0.79618138424821
0.384486873508353
0.406443914081145
0.206085918854415
0.315871121718377
0.661694510739857
0.260978520286396
0.304892601431981
0.587589498806683
0.241766109785203
0.447613365155131
1.01575178997613
0.370763723150358
0.598568019093079
0.571121718377088
0.79618138424821
0.310381861575179
0.351551312649165
0.669928400954654
0.420167064439141
0.376252983293556
0.744033412887828
0.568377088305489
0.428400954653938
0.321360381861575
0.782458233890215
0.433890214797136
0.722076372315036
0.634248210023866
0.403699284009546
1.30668257756563
0.420167064439141
0.247255369928401
0.293914081145585
0.266467780429594
0.700119331742243
0.620525059665871
0.45035799522673
0.274701670644391
0.444868735083532
0.411933174224344
0.071599045346062
0.247255369928401
0.494272076372315
0.271957040572792
0.466825775656324
0.636992840095465
0.442124105011933
0.45035799522673
0.173150357995227
0.760501193317422
0.601312649164678
0.241766109785203
0.376252983293556
0.236276849642005
0.324105011933174
0.230787589498807
0.499761336515513
0.282935560859189
0.398210023866348
0.667183770883055
0.628758949880668
0.318615751789976
0.293914081145585
0.282935560859189
0.384486873508353
0.184128878281623
0.189618138424821
0.228042959427208
0.321360381861575
0.30763723150358
0.406443914081145
0.486038186157518
0.0221957040572792
0.582100238663484
0.112768496420048
0.351551312649165
0.878520286396181
0.211575178997613
0.76873508353222
0.516229116945107
0.30763723150358
0.186873508353222
0.293914081145585
0.656205250596659
0.952625298329356
0.499761336515513
0.274701670644391
0.444868735083532
0.461336515513126
0.518973747016706
0.878520286396181
0.518973747016706
0.757756563245823
0.45035799522673
0.697374701670644
0.516229116945107
0.722076372315036
0.483293556085919
0.444868735083532
0.389976133651551
0.39272076372315
0.263723150357995
0.433890214797136
0.521718377088305
0.10727923627685
0.436634844868735
0.634248210023866
0.516229116945107
0.636992840095465
0.260978520286396
1.71288782816229
0.376252983293556
0.516229116945107
0.33508353221957
0.892243436754177
0.568377088305489
0.420167064439141
0.494272076372315
0.239021479713604
1.00751789976134
0.170405727923628
0.162171837708831
0.453102625298329
0.321360381861575
3.4035799522673
0.576610978520286
0.477804295942721
0.340572792362768
0.400954653937947
1.65799522673031
0.348806682577566
0.36527446300716
0.656205250596659
0.348806682577566
0.258233890214797
0.642482100238663
0.387231503579952
0.288424821002387
0.241766109785203
0.258233890214797
0.444868735083532
0.354295942720764
0.195107398568019
0.389976133651551
0.453102625298329
0.206085918854415
0.203341288782816
0.499761336515513
0.477804295942721
0.420167064439141
0.357040572792363
0.551909307875895
0.351551312649165
0.815393794749403
0.527207637231504
0.436634844868735
0.464081145584725
0.0523866348448687
0.280190930787589
0.271957040572792
0.620525059665871
0.461336515513126
0.33508353221957
0.310381861575179
0.617780429594272
0.560143198090692
0.33508353221957
0.326849642004773
0.203341288782816
0.30763723150358
0.683651551312649
0.233532219570406
0.288424821002387
0.735799522673031
0.387231503579952
0.398210023866348
0.121002386634845
0.211575178997613
0.691885441527446
0.219809069212411
0.524463007159904
0.417422434367542
0.551909307875895
2.82171837708831
0.636992840095465
0.296658711217184
2.02303102625298
0.373508353221957
0.282935560859189
0.304892601431981
0.241766109785203
0.68090692124105
0.617780429594272
0.0496420047732697
0.274701670644391
0.834606205250597
0.587589498806683
0.886754176610978
0.776968973747017
1.65250596658711
0.620525059665871
1.04868735083532
0.535441527446301
0.510739856801909
0.576610978520286
0.483293556085919
0.50799522673031
0.228042959427208
0.293914081145585
0.584844868735083
0.56563245823389
0.486038186157518
0.376252983293556
0.546420047732697
0.313126491646778
0.214319809069212
0.807159904534606
0.579355608591885
0.167661097852029
0.636992840095465
0.258233890214797
0.0963007159904535
0.475059665871122
0.411933174224344
0.529952267303103
0.260978520286396
0.988305489260143
0.444868735083532
0.280190930787589
0.510739856801909
0.239021479713604
0.505250596658711
0.675417661097852
0.543675417661098
0.765990453460621
0.812649164677804
0.532696897374702
0.291169451073986
0.442124105011933
0.488782816229117
0.291169451073986
0.280190930787589
0.56563245823389
0.477804295942721
0.475059665871122
0.313126491646778
0.678162291169451
0.368019093078759
0.42291169451074
0.884009546539379
0.433890214797136
0.181384248210024
0.647971360381861
0.59582338902148
0.217064439140811
0.145704057279236
0.993794749403341
1.59212410501193
0.266467780429594
0.299403341288783
0.502505966587112
0.151193317422434
0.497016706443914
0.228042959427208
0.755011933174224
0.332338902147971
0.403699284009546
0.241766109785203
0.716587112171838
0.313126491646778
0.675417661097852
0.444868735083532
0.370763723150358
0.395465393794749
0.167661097852029
0.634248210023866
1.24355608591885
0.27744630071599
0.211575178997613
0.269212410501193
0.744033412887828
0.488782816229117
0.543675417661098
0.195107398568019
0.634248210023866
0.425656324582339
0.524463007159904
1.4
0.444868735083532
1.01300715990453
0.258233890214797
0.310381861575179
0.475059665871122
0.862052505966587
0.494272076372315
0.562887828162291
0.582100238663484
0.340572792362768
0.458591885441527
0.458591885441527
0.551909307875895
0.59582338902148
0.269212410501193
0.13472553699284
0.321360381861575
0.499761336515513
0.615035799522673
0.88126491646778
0.433890214797136
0.288424821002387
0.274701670644391
0.65346062052506
0.255489260143198
0.101789976133652
0.299403341288783
2.60489260143198
0.346062052505967
0.491527446300716
0.384486873508353
0.362529832935561
0.337828162291169
0.549164677804296
0.258233890214797
1.01575178997613
0.252744630071599
0.417422434367542
0.409188544152745
0.411933174224344
0.115513126491647
0.324105011933174
0.562887828162291
0.291169451073986
1.31766109785203
0.494272076372315
0.45035799522673
0.48054892601432
0.70835322195704
0.645226730310262
0.48054892601432
0.85381861575179
0.431145584725537
0.285680190930788
0.197852028639618
0.521718377088305
0.505250596658711
0.271957040572792
0.19236276849642
1.32863961813842
0.359785202863962
0.252744630071599
0.343317422434367
0.571121718377088
0.554653937947494
0.236276849642005
0.337828162291169
0.442124105011933
0.634248210023866
0.733054892601432
0.274701670644391
0.414677804295943
0.486038186157518
0.658949880668258
0.529952267303103
0.329594272076372
0.159427207637232
0.266467780429594
0.30763723150358
0.310381861575179
0.458591885441527
0.214319809069212
0.45035799522673
0.255489260143198
0.971837708830549
0.310381861575179
0.271957040572792
0.604057279236277
0.315871121718377
0.39272076372315
0.573866348448687
0.521718377088305
0.181384248210024
0.30763723150358
0.497016706443914
1.65799522673031
0.587589498806683
0.491527446300716
0.25
0.557398568019093
0.357040572792363
0.409188544152745
0.362529832935561
0.233532219570406
0.19236276849642
0.22255369928401
1.99009546539379
0.280190930787589
0.606801909307876
0.455847255369928
0.370763723150358
0.444868735083532
0.400954653937947
0.461336515513126
0.175894988066826
0.455847255369928
0.505250596658711
0.713842482100239
0.497016706443914
0.00298329355608592
1.24081145584726
0.359785202863962
0.499761336515513
0.689140811455847
0.604057279236277
0.326849642004773
0.313126491646778
0.225298329355609
0.189618138424821
0.329594272076372
0.765990453460621
0.343317422434367
0.22255369928401
0.56563245823389
1.08436754176611
0.159427207637232
0.274701670644391
0.524463007159904
0.414677804295943
0.403699284009546
0.428400954653938
0.88126491646778
0.502505966587112
0.428400954653938
0.436634844868735
0.373508353221957
0.302147971360382
0.516229116945107
0.466825775656324
0.354295942720764
0.488782816229117
0.318615751789976
0.33508353221957
0.299403341288783
0.502505966587112
0.472315035799523
0.647971360381861
0.33508353221957
0.636992840095465
0.282935560859189
0.472315035799523
0.428400954653938
0.749522673031026
0.409188544152745
0.22255369928401
0.230787589498807
0.291169451073986
1.00202863961814
0.727565632458234
0.398210023866348
0.274701670644391
0.302147971360382
0.318615751789976
1.34236276849642
1.60310262529833
0.0633651551312649
0.30763723150358
0.381742243436754
0.50799522673031
0.381742243436754
0.428400954653938
0.329594272076372
0.302147971360382
0.247255369928401
0.406443914081145
0.439379474940334
0.494272076372315
0.488782816229117
0.584844868735083
0.88126491646778
0.675417661097852
0.299403341288783
0.33508353221957
0.549164677804296
0.765990453460621
0.529952267303103
0.524463007159904
0.263723150357995
0.557398568019093
0.914200477326969
0.274701670644391
0.252744630071599
0.291169451073986
0.274701670644391
0.368019093078759
0.406443914081145
0.236276849642005
0.368019093078759
0.645226730310262
0.271957040572792
0.626014319809069
0.464081145584725
0.573866348448687
0.497016706443914
0.436634844868735
0.431145584725537
0.829116945107399
1.00751789976134
0.554653937947494
1.88579952267303
0.436634844868735
0.337828162291169
0.33508353221957
0.313126491646778
0.68090692124105
0.875775656324582
0.50799522673031
0.214319809069212
0.200596658711217
0.104534606205251
0.233532219570406
0.494272076372315
0.189618138424821
0.288424821002387
0.137470167064439
0.749522673031026
0.302147971360382
0.329594272076372
0.560143198090692
0.260978520286396
0.304892601431981
1.02124105011933
0.518973747016706
0.790692124105012
0.145704057279236
0.304892601431981
0.0825775656324582
0.62326968973747
0.181384248210024
0.36527446300716
0.919689737470167
0.455847255369928
0.636992840095465
0.121002386634845
0.532696897374702
0.315871121718377
0.184128878281623
0.527207637231504
0.884009546539379
0.469570405727924
0.362529832935561
0.733054892601432
0.444868735083532
0.362529832935561
0.444868735083532
0.263723150357995
0.378997613365155
0.647971360381861
0.156682577565632
0.785202863961814
0.321360381861575
0.612291169451074
0.304892601431981
0.436634844868735
0.398210023866348
0.455847255369928
0.568377088305489
0.529952267303103
0.560143198090692
0.324105011933174
0.73854415274463
0.378997613365155
0.167661097852029
0.326849642004773
0.398210023866348
0.691885441527446
0.368019093078759
0.420167064439141
0.620525059665871
0.239021479713604
0.384486873508353
0.56563245823389
0.447613365155131
0.491527446300716
1.00751789976134
0.39272076372315
0.483293556085919
0.576610978520286
0.324105011933174
0.280190930787589
0.195107398568019
0.118257756563246
0.244510739856802
0.568377088305489
0.420167064439141
0.233532219570406
0.650715990453461
0.73854415274463
0.477804295942721
0.288424821002387
0.549164677804296
0.5381861575179
0.617780429594272
0.826372315035799
0.516229116945107
0.181384248210024
0.239021479713604
0.436634844868735
0.115513126491647
0.579355608591885
0.417422434367542
0.378997613365155
0.807159904534606
0.727565632458234
0.233532219570406
0.337828162291169
0.760501193317422
0.36527446300716
0.475059665871122
0.153937947494033
0.384486873508353
0.562887828162291
1.16670644391408
0.562887828162291
0.65346062052506
0.395465393794749
0.217064439140811
1.1227923627685
0.744033412887828
0.359785202863962
0.669928400954654
0.716587112171838
0.373508353221957
0.88126491646778
0.527207637231504
0.0935560859188544
0.433890214797136
0.228042959427208
0.313126491646778
0.142959427207637
0.291169451073986
0.217064439140811
0.299403341288783
0.310381861575179
0.337828162291169
0.579355608591885
0.584844868735083
0.208830548926014
0.664439140811456
0.285680190930788
0.469570405727924
0.488782816229117
0.299403341288783
0.173150357995227
0.667183770883055
0.477804295942721
0.373508353221957
0.560143198090692
0.458591885441527
0.304892601431981
0.381742243436754
0.359785202863962
0.266467780429594
0.310381861575179
0.293914081145585
0.62326968973747
0.612291169451074
0.137470167064439
0.288424821002387
1.19689737470167
0.444868735083532
0.469570405727924
0.694630071599045
0.436634844868735
0.332338902147971
0.483293556085919
0.656205250596659
0.414677804295943
0.436634844868735
0.752267303102625
0.469570405727924
0.477804295942721
0.368019093078759
0.469570405727924
0.639737470167064
0.324105011933174
0.966348448687351
0.557398568019093
0.211575178997613
0.428400954653938
0.329594272076372
0.818138424821002
0.329594272076372
0.167661097852029
0.50799522673031
0.280190930787589
0.239021479713604
0.529952267303103
0.131980906921241
0.30763723150358
0.0249403341288783
0.398210023866348
0.491527446300716
0.282935560859189
0.790692124105012
0.337828162291169
0.461336515513126
0.368019093078759
0.417422434367542
0.126491646778043
0.532696897374702
0.488782816229117
0.878520286396181
0.554653937947494
0.389976133651551
0.439379474940334
0.189618138424821
0.274701670644391
0.332338902147971
0.288424821002387
0.656205250596659
0.477804295942721
1.86933174224344
1.30119331742243
1.09260143198091
0.318615751789976
0.678162291169451
0.310381861575179
0.464081145584725
0.442124105011933
0.617780429594272
0.521718377088305
0.626014319809069
0.206085918854415
0.156682577565632
0.417422434367542
0.42291169451074
0.461336515513126
0.368019093078759
0.442124105011933
0.0908114558472554
0.274701670644391
0.241766109785203
0.373508353221957
0.337828162291169
0.568377088305489
0.510739856801909
0.535441527446301
0.524463007159904
0.535441527446301
0.329594272076372
0.560143198090692
0.634248210023866
0.269212410501193
0.389976133651551
0.326849642004773
0.420167064439141
0.529952267303103
1.60035799522673
0.299403341288783
0.579355608591885
0.27744630071599
0.483293556085919
0.343317422434367
0.48054892601432
0.121002386634845
0.425656324582339
0.25
0.381742243436754
0.27744630071599
0.376252983293556
0.62326968973747
0.36527446300716
0.636992840095465
0.326849642004773
1.1145584725537
0.233532219570406
0.436634844868735
0.562887828162291
0.862052505966587
0.689140811455847
0.491527446300716
0.645226730310262
0.535441527446301
0.628758949880668
1.03496420047733
0.0167064439140811
1.03770883054893
0.914200477326969
0.631503579952267
0.214319809069212
0.343317422434367
0.118257756563246
0.354295942720764
1.18042959427208
1.55918854415274
0.765990453460621
0.400954653937947
0.447613365155131
0.45035799522673
0.903221957040573
0.225298329355609
0.546420047732697
0.486038186157518
0.417422434367542
0.590334128878282
0.524463007159904
0.346062052505967
0.568377088305489
0.400954653937947
0.337828162291169
0.389976133651551
0.0935560859188544
0.170405727923628
0.477804295942721
0.411933174224344
0.458591885441527
0.752267303102625
0.203341288782816
0.617780429594272
0.195107398568019
0.815393794749403
0.516229116945107
0.153937947494033
0.376252983293556
0.337828162291169
0.466825775656324
0.59582338902148
0.804415274463007
0.373508353221957
0.466825775656324
0.971837708830549
0.304892601431981
0.362529832935561
0.398210023866348
0.184128878281623
0.469570405727924
0.661694510739857
0.302147971360382
0.258233890214797
0.395465393794749
0.310381861575179
0.85381861575179
0.68090692124105
0.101789976133652
0.420167064439141
0.658949880668258
0.376252983293556
0.318615751789976
0.354295942720764
0.228042959427208
0.442124105011933
0.760501193317422
0.483293556085919
0.310381861575179
0.315871121718377
0.971837708830549
0.318615751789976
1.00202863961814
0.25
0.722076372315036
0.387231503579952
0.16491646778043
0.140214797136038
1.14474940334129
0.497016706443914
0.606801909307876
0.436634844868735
0.59582338902148
0.159427207637232
0.486038186157518
0.453102625298329
1.27649164677804
0.428400954653938
0.620525059665871
0.351551312649165
0.722076372315036
0.362529832935561
0.431145584725537
0.282935560859189
0.499761336515513
0.381742243436754
0.186873508353222
0.291169451073986
0.461336515513126
0.346062052505967
0.403699284009546
0.321360381861575
0.50799522673031
1.22708830548926
0.425656324582339
0.271957040572792
0.722076372315036
0.22255369928401
0.705608591885441
0.258233890214797
0.247255369928401
0.461336515513126
0.126491646778043
0.318615751789976
0.378997613365155
0.346062052505967
0.291169451073986
0.571121718377088
0.332338902147971
0.562887828162291
0.348806682577566
0.661694510739857
0.417422434367542
0.296658711217184
0.453102625298329
0.458591885441527
0.636992840095465
0.258233890214797
0.562887828162291
0.647971360381861
0.862052505966587
0.658949880668258
0.661694510739857
0.59307875894988
0.203341288782816
0.101789976133652
0.801670644391408
0.845584725536993
0.321360381861575
0.65346062052506
0.140214797136038
0.110023866348449
0.324105011933174
0.411933174224344
0.590334128878282
0.436634844868735
1.04594272076372
0.521718377088305
0.436634844868735
0.255489260143198
0.406443914081145
0.359785202863962
0.798926014319809
0.862052505966587
0.579355608591885
0.145704057279236
0.206085918854415
0.370763723150358
0.59307875894988
0.351551312649165
0.453102625298329
0.354295942720764
0.313126491646778
0.733054892601432
0.672673031026253
0.615035799522673
0.439379474940334
0.104534606205251
0.302147971360382
0.466825775656324
0.348806682577566
0.244510739856802
0.815393794749403
0.27744630071599
0.304892601431981
0.16491646778043
0.724821002386635
0.628758949880668
0.282935560859189
0.48054892601432
0.269212410501193
0.604057279236277
0.189618138424821
0.387231503579952
0.285680190930788
0.313126491646778
0.59307875894988
0.925178997613365
0.378997613365155
0.842840095465394
0.195107398568019
0.370763723150358
0.678162291169451
0.529952267303103
0.326849642004773
0.584844868735083
0.461336515513126
0.612291169451074
0.285680190930788
0.332338902147971
0.516229116945107
0.5381861575179
0.389976133651551
0.351551312649165
0.50799522673031
0.787947494033413
0.346062052505967
0.211575178997613
0.260978520286396
0.557398568019093
0.798926014319809
0.0468973747016706
0.195107398568019
0.299403341288783
0.428400954653938
0.359785202863962
0.606801909307876
0.197852028639618
0.689140811455847
0.529952267303103
0.785202863961814
0.798926014319809
0.475059665871122
0.354295942720764
0.417422434367542
0.27744630071599
0.535441527446301
0.348806682577566
0.296658711217184
0.27744630071599
0.5381861575179
0.48054892601432
0.230787589498807
0.348806682577566
0.302147971360382
0.326849642004773
0.406443914081145
0.293914081145585
0.362529832935561
0.33508353221957
0.609546539379475
0.186873508353222
0.746778042959427
0.497016706443914
0.186873508353222
0.867541766109785
0.518973747016706
0.694630071599045
0.411933174224344
0.65346062052506
1.30668257756563
0.431145584725537
0.985560859188544
0.483293556085919
0.329594272076372
0.851073985680191
0.730310262529833
0.271957040572792
0.436634844868735
0.30763723150358
0.140214797136038
0.50799522673031
0.746778042959427
0.203341288782816
0.189618138424821
0.73854415274463
0.378997613365155
1.03770883054893
0.370763723150358
0.702863961813842
0.354295942720764
0.389976133651551
0.974582338902148
0.431145584725537
0.472315035799523
0.244510739856802
0.0963007159904535
0.5381861575179
0.13472553699284
0.280190930787589
0.387231503579952
0.787947494033413
0.746778042959427
0.483293556085919
0.263723150357995
0.351551312649165
0.217064439140811
0.244510739856802
0.842840095465394
0.16491646778043
0.244510739856802
0.436634844868735
0.400954653937947
0.332338902147971
0.346062052505967
0.252744630071599
1.02947494033413
0.499761336515513
0.25
0.378997613365155
0.354295942720764
0.33508353221957
0.458591885441527
0.200596658711217
0.16491646778043
1.15023866348449
0.406443914081145
0.354295942720764
0.241766109785203
0.178639618138425
0.332338902147971
0.686396181384248
0.491527446300716
0.461336515513126
0.497016706443914
0.217064439140811
0.617780429594272
0.757756563245823
0.326849642004773
0.296658711217184
0.524463007159904
0.326849642004773
0.208830548926014
0.730310262529833
0.483293556085919
0.560143198090692
0.225298329355609
0.378997613365155
0.189618138424821
0.713842482100239
1.15572792362768
0.664439140811456
0.299403341288783
0.315871121718377
0.206085918854415
0.263723150357995
0.208830548926014
0.466825775656324
0.812649164677804
0.225298329355609
0.543675417661098
0.433890214797136
1.02398568019093
0.491527446300716
0.658949880668258
0.546420047732697
0.455847255369928
0.296658711217184
0.425656324582339
0.258233890214797
0.431145584725537
0.236276849642005
0.258233890214797
0.59307875894988
0.444868735083532
0.282935560859189
0.293914081145585
0.444868735083532
0.321360381861575
0.491527446300716
0.661694510739857
0.642482100238663
0.62326968973747
0.354295942720764
0.30763723150358
0.417422434367542
0.241766109785203
0.486038186157518
0.25
0.354295942720764
0.376252983293556
0.417422434367542
0.19236276849642
0.406443914081145
0.414677804295943
0.414677804295943
0.208830548926014
0.406443914081145
0.269212410501193
0.310381861575179
0.453102625298329
0.527207637231504
0.395465393794749
0.930668257756563
0.357040572792363
0.321360381861575
0.288424821002387
0.56563245823389
0.571121718377088
0.351551312649165
0.411933174224344
0.612291169451074
0.236276849642005
0.332338902147971
0.48054892601432
0.376252983293556
0.439379474940334
0.151193317422434
0.068854415274463
0.486038186157518
0.700119331742243
0.45035799522673
0.368019093078759
0.384486873508353
0.175894988066826
0.395465393794749
0.282935560859189
0.315871121718377
0.36527446300716
0.436634844868735
0.332338902147971
0.439379474940334
0.582100238663484
0.971837708830549
0.532696897374702
0.428400954653938
0.521718377088305
0.370763723150358
0.167661097852029
0.310381861575179
0.494272076372315
0.195107398568019
0.549164677804296
0.280190930787589
0.409188544152745
0.431145584725537
0.667183770883055
0.296658711217184
0.678162291169451
0.439379474940334
0.184128878281623
0.274701670644391
0.211575178997613
0.200596658711217
0.376252983293556
0.873031026252983
0.672673031026253
0.211575178997613
0.672673031026253
0.291169451073986
0.798926014319809
0.395465393794749
0.269212410501193
0.318615751789976
0.313126491646778
0.381742243436754
0.529952267303103
0.862052505966587
0.236276849642005
0.568377088305489
0.952625298329356
0.667183770883055
0.403699284009546
0.203341288782816
0.689140811455847
0.417422434367542
0.357040572792363
0.439379474940334
0.395465393794749
0.274701670644391
0.214319809069212
0.244510739856802
0.689140811455847
0.22255369928401
0.420167064439141
0.722076372315036
0.527207637231504
0.0935560859188544
0.752267303102625
0.697374701670644
1.67171837708831
0.414677804295943
0.271957040572792
0.560143198090692
0.302147971360382
0.502505966587112
0.406443914081145
0.368019093078759
0.99653937947494
0.453102625298329
0.310381861575179
0.296658711217184
0.557398568019093
0.582100238663484
0.488782816229117
0.271957040572792
0.211575178997613
0.573866348448687
0.999284009546539
0.551909307875895
0.260978520286396
0.873031026252983
0.263723150357995
0.389976133651551
0.499761336515513
0.121002386634845
0.439379474940334
0.285680190930788
0.118257756563246
0.464081145584725
0.516229116945107
0.151193317422434
0.269212410501193
0.645226730310262
0.400954653937947
0.288424821002387
0.129236276849642
0.389976133651551
0.568377088305489
0.678162291169451
0.310381861575179
0.571121718377088
0.280190930787589
0.280190930787589
0.420167064439141
0.488782816229117
0.219809069212411
0.700119331742243
0.304892601431981
1.01575178997613
0.549164677804296
0.121002386634845
0.19236276849642
0.318615751789976
0.299403341288783
0.442124105011933
0.543675417661098
0.45035799522673
0.310381861575179
0.291169451073986
0.667183770883055
0.760501193317422
0.510739856801909
0.491527446300716
0.587589498806683
0.573866348448687
0.510739856801909
0.587589498806683
0.472315035799523
0.601312649164678
0.282935560859189
0.406443914081145
0.370763723150358
0.499761336515513
0.376252983293556
0.0825775656324582
1.04045346062053
0.453102625298329
0.730310262529833
0.329594272076372
0.30763723150358
0.757756563245823
0.45035799522673
0.228042959427208
0.313126491646778
0.431145584725537
0.0606205250596659
0.326849642004773
0.582100238663484
0.387231503579952
0.241766109785203
0.36527446300716
0.56563245823389
0.516229116945107
0.296658711217184
0.733054892601432
0.453102625298329
0.543675417661098
0.411933174224344
0.516229116945107
0.403699284009546
0.809904534606205
0.48054892601432
0.293914081145585
0.689140811455847
0.433890214797136
0.304892601431981
0.19236276849642
1.9791169451074
0.831861575178998
0.521718377088305
0.700119331742243
0.516229116945107
0.433890214797136
0.395465393794749
0.280190930787589
0.370763723150358
0.0606205250596659
0.406443914081145
0.400954653937947
0.735799522673031
0.159427207637232
0.543675417661098
0.315871121718377
0.159427207637232
0.719331742243437
1.18591885441527
0.151193317422434
0.271957040572792
0.744033412887828
0.45035799522673
0.326849642004773
0.436634844868735
0.45035799522673
0.417422434367542
0.491527446300716
0.562887828162291
0.337828162291169
0.30763723150358
0.667183770883055
0.50799522673031
0.757756563245823
0.195107398568019
0.442124105011933
0.551909307875895
0.661694510739857
0.793436754176611
0.27744630071599
0.351551312649165
1.49331742243437
0.658949880668258
0.700119331742243
0.606801909307876
0.494272076372315
0.587589498806683
0.447613365155131
0.167661097852029
0.529952267303103
0.181384248210024
0.195107398568019
0.584844868735083
0.304892601431981
0.362529832935561
0.280190930787589
1.43019093078759
0.601312649164678
0.411933174224344
0.343317422434367
