5.00918854415274
4.74295942720764
3.76587112171838
3.48866348448687
4.82804295942721
17.8622911694511
3.09343675417661
4.64964200477327
3.9964200477327
4.20226730310262
6.5736276849642
5.38520286396181
4.75119331742243
3.06873508353222
3.48591885441527
3.88389021479714
4.11443914081145
3.61766109785203
3.37613365155131
3.34045346062052
5.85727923627685
3.29928400954654
3.33770883054893
2.38806682577566
4.12816229116945
5.64594272076372
3.59021479713604
2.50334128878282
4.67983293556086
6.32935560859188
3.23890214797136
5.25346062052506
9.81503579952267
3.92780429594272
3.85918854415274
4.82804295942721
3.73293556085919
3.34045346062052
6.8618138424821
4.33949880668258
3.73568019093079
3.64236276849642
4.21599045346062
2.8464200477327
5.79964200477327
5.20405727923628
2.41276849642005
2.01754176610978
8.09415274463007
3.93054892601432
5.73377088305489
3.85369928400955
2.77505966587112
3.46945107398568
3.54904534606205
3.90584725536993
2.5582338902148
4.10071599045346
4.17207637231504
4.15011933174224
2.70095465393795
3.63961813842482
4.8472553699284
2.52804295942721
5.28914081145585
4.93233890214797
5.09152744630071
7.16372315035799
6.05763723150358
2.40727923627685
5.80787589498807
4.51241050119332
6.15918854415274
3.9909307875895
3.80429594272076
5.87374701670644
9.37863961813842
5.47028639618138
3.19498806682577
3.49415274463007
3.51610978520286
2.47040572792363
8.42350835322196
2.2645584725537
2.86014319809069
5.08603818615752
3.14009546539379
4.69630071599045
5.30011933174224
6.94140811455847
5.22875894988067
3.64785202863962
5.57732696897375
3.65334128878282
4.60023866348449
5.86551312649165
4.78138424821002
6.70536992840095
3.88389021479714
5.9835322195704
3.4035799522673
2.59116945107399
3.60393794749403
4.01563245823389
5.02016706443914
5.97804295942721
4.99272076372315
3.94976133651551
4.61945107398568
5.50596658711217
2.93150357995227
3.1346062052506
4.16933174224344
4.04582338902148
4.39439140811456
3.44474940334129
2.71467780429594
23.6040572792363
4.12267303102625
3.82625298329356
4.39988066825776
4.11443914081145
5.06133651551313
3.85369928400955
3.56276849642005
4.89391408114558
5.30011933174224
3.26360381861575
6.67517899761336
2.34964200477327
2.48412887828162
4.03758949880668
2.20692124105012
5.17661097852029
10.5341288782816
4.79785202863962
3.34594272076372
18.6390214797136
2.5527446300716
2.58019093078759
5.1326968973747
7.32840095465394
4.08150357995227
2.98365155131265
6.26897374701671
4.24618138424821
7.50680190930787
17.8183770883055
9.32374701670644
4.37243436754177
5.1491646778043
4.35871121718377
3.53532219570406
8.64582338902148
3.42828162291169
3.51062052505967
3.57649164677804
4.65513126491647
6.37052505966587
5.1491646778043
5.95883054892601
2.90405727923628
5.23424821002387
3.4145584725537
6.41169451073986
4.53985680190931
9.30178997613365
6.39248210023866
5.92315035799523
3.37613365155131
7.31467780429594
5.75572792362768
4.95155131264916
4.72100238663484
8.76933174224344
3.83723150357995
7.4464200477327
4.29284009546539
4.79236276849642
12.4526252983294
2.88758949880668
3.74116945107399
4.65238663484487
2.8299522673031
5.01193317422434
7.4326968973747
6.01646778042959
3.91682577565632
5.68436754176611
5.32207637231503
4.57828162291169
5.33031026252983
3.20871121718377
4.53162291169451
4.36420047732697
2.48138424821002
4.53162291169451
4.5563245823389
3.78782816229117
2.51980906921241
6.26348448687351
3.44749403341289
2.95620525059666
7.49856801909308
5.87649164677804
4.61121718377088
10.100477326969
3.56002386634845
3.56551312649165
4.17756563245823
10.0126491646778
4.69355608591885
4.60298329355609
4.29009546539379
3.92780429594272
4.36968973747017
4.16384248210024
0.123747016706444
4.58651551312649
4.80883054892601
3.45572792362768
2.85190930787589
3.77684964200477
2.70095465393795
4.29009546539379
3.56825775656324
3.50787589498807
3.74940334128878
3.94976133651551
6.20859188544153
3.73568019093079
3.44749403341289
3.59021479713604
4.33400954653938
8.35214797136038
4.21050119331742
3.6835322195704
6.88377088305489
4.53711217183771
6.72458233890215
2.86014319809069
3.25262529832936
3.93878281622912
2.28926014319809
3.32398568019093
7.85811455847255
2.76682577565632
5.21778042959427
2.5445107398568
7.80871121718377
9.69427207637231
6.52422434367542
2.58293556085919
4.2791169451074
3.32124105011933
3.72744630071599
3.52159904534606
4.64415274463007
6.87553699284009
18.2767303102625
4.80608591885441
5.59105011933174
6.34856801909308
3.79606205250597
4.59749403341289
7.18842482100239
4.68257756563246
5.50047732696897
3.31026252983293
3.78782816229117
5.51694510739857
3.05775656324582
4.5563245823389
2.93699284009547
2.36336515513126
3.17028639618138
5.36599045346062
3.75763723150358
5.32756563245823
3.73842482100239
3.46670644391408
3.35966587112172
6.32661097852028
2.50059665871122
5.15739856801909
2.33591885441527
4.8527446300716
4.29558472553699
5.18210023866348
7.02100238663484
5.34952267303103
3.84546539379475
4.72100238663484
6.34582338902148
6.23878281622912
3.37064439140811
9.24964200477327
3.34594272076372
4.22147971360382
2.8299522673031
2.94248210023866
7.89928400954654
2.03126491646778
6.09880668257756
3.90310262529833
4.72649164677804
4.02935560859188
3.26360381861575
4.60572792362768
4.74295942720764
10.2733890214797
2.37983293556086
4.44379474940334
3.62315035799523
3.43651551312649
3.32124105011933
5.1491646778043
5.19856801909308
5.05859188544153
3.68078758949881
5.34403341288783
4.93233890214797
4.52064439140811
6.77673031026253
7.62207637231503
3.85095465393795
3.80429594272076
8.35763723150358
6.07684964200477
19.3608591885442
7.18568019093079
4.2736276849642
6.06861575178997
0.0331742243436754
12.0189737470167
4.53985680190931
1.9736276849642
2.71467780429594
3.87291169451074
2.92052505966587
2.63782816229117
12.2385441527446
4.09522673031026
3.35143198090692
4.74570405727924
3.30202863961814
2.91778042959427
4.65787589498807
6.2799522673031
2.58842482100239
2.92601431980907
6.76300715990453
3.22517899761336
8.8626491646778
3.50787589498807
4.91038186157518
3.65334128878282
3.39534606205251
8.07219570405728
5.26992840095465
3.49964200477327
10.2788782816229
8.09415274463007
6.99355608591885
4.04582338902148
2.24260143198091
3.26634844868735
6.19212410501193
2.30023866348449
3.4118138424821
2.48961813842482
38.4278042959427
3.86742243436754
6.72732696897375
3.67255369928401
5.56085918854415
3.77410501193317
2.87112171837709
5.57732696897375
3.71921241050119
4.59749403341289
3.90859188544153
4.5645584725537
7.45739856801909
3.91682577565632
11.3986873508353
8.0008353221957
2.67625298329356
10.3694510739857
2.8381861575179
5.1272076372315
2.76682577565632
2.14928400954654
2.5390214797136
8.16551312649165
5.86551312649165
4.19403341288783
4.21599045346062
2.61038186157518
5.05584725536993
3.67529832935561
4.48221957040573
5.4236276849642
10.6795942720764
2.91778042959427
6.80692124105012
3.4200477326969
4.47673031026253
4.22696897374702
3.96348448687351
9.81229116945107
3.71646778042959
5.4208830548926
3.44474940334129
3.03031026252983
4.18579952267303
4.38890214797136
3.14284009546539
4.14188544152745
4.42183770883055
5.18758949880668
2.77780429594272
4.62219570405728
6.96610978520286
3.87565632458234
5.40167064439141
4.37792362768496
7.24880668257756
5.45656324582339
12.0436754176611
5.73926014319809
10.6878281622912
3.15656324582339
4.51241050119332
3.87840095465394
6.02744630071599
5.87374701670644
4.41634844868735
3.37338902147971
6.32935560859188
4.30107398568019
4.05680190930788
4.13639618138425
5.9972553699284
3.1126491646778
7.01002386634845
3.77684964200477
5.80513126491647
3.18949880668258
4.07875894988067
4.64415274463007
3.84546539379475
2.50883054892601
4.8417661097852
5.76121718377088
3.14009546539379
7.77303102625298
9.20572792362768
2.44295942720764
9.86718377088305
3.95250596658711
4.33949880668258
4.53436754176611
5.23699284009546
5.1354415274463
5.80787589498807
2.80799522673031
8.28078758949881
12.0134844868735
5.46754176610978
3.94701670644391
4.281861575179
2.75859188544153
7.03198090692124
4.38341288782816
2.96169451073986
4.29558472553699
3.81527446300716
3.74116945107399
4.10346062052506
3.1373508353222
2.536276849642
7.88556085918854
2.51980906921241
2.77505966587112
4.71825775656325
2.74761336515513
5.67613365155131
6.44188544152744
3.65883054892601
3.25811455847255
3.686276849642
11.7198090692124
3.62589498806682
6.03568019093079
0.118257756563246
4.90763723150358
3.83723150357995
2.8272076372315
4.8554892601432
4.06229116945107
3.96073985680191
3.81527446300716
6.76300715990453
4.45477326968974
4.70178997613365
3.94152744630071
1.86109785202864
4.98174224343675
4.2626491646778
7.81694510739857
4.01837708830549
4.24069212410501
7.08687350835322
4.36968973747017
4.97076372315036
3.7054892601432
3.35692124105012
4.15560859188544
2.82171837708831
4.08699284009546
6.0082338902148
3.29105011933174
2.98090692124105
3.21968973747017
3.73293556085919
4.01563245823389
4.91587112171838
5.53890214797136
3.06050119331742
4.67434367541766
4.35871121718377
5.16288782816229
3.03579952267303
4.44928400954654
3.4255369928401
3.48042959427208
18.9766109785203
3.9772076372315
2.33591885441527
6.63949880668258
6.87828162291169
4.18305489260143
6.06312649164678
7.57541766109785
3.54081145584725
7.16372315035799
8.36038186157518
4.78412887828162
3.88114558472554
5.63770883054893
1.89403341288783
2.36885441527446
2.11360381861575
3.75214797136038
7.32291169451074
5.97529832935561
4.98448687350835
5.00918854415274
7.78126491646778
4.90763723150358
6.07959427207637
17.0389021479714
3.15930787589499
6.89200477326969
3.04677804295943
6.568138424821
3.83723150357995
3.90584725536993
3.1126491646778
4.49594272076372
3.03854415274463
4.65238663484487
1.3917661097852
6.30190930787589
3.63412887828162
4.02661097852029
3.26909307875895
5.9945107398568
2.19868735083532
6.64773269689737
3.46670644391408
1.89952267303103
4.13090692124105
4.47398568019093
4.12541766109785
6.34033412887828
10.1745823389021
6.2717183770883
6.54069212410501
2.50883054892601
3.15656324582339
6.32112171837709
3.49140811455847
3.9936754176611
3.57923627684964
4.2736276849642
4.48770883054893
10.558830548926
3.17303102625298
2.34415274463007
4.41909307875895
4.17207637231504
0.0386634844868735
6.15369928400955
6.45560859188544
4.65238663484487
3.52434367541766
2.93699284009547
6.24701670644391
8.20393794749403
4.06778042959427
3.81252983293556
3.00286396181384
5.31109785202864
4.45477326968974
2.74486873508353
4.49319809069212
5.77219570405728
3.59570405727924
3.52159904534606
5.4099045346062
3.9881861575179
4.89940334128878
10.73723150358
3.18949880668258
4.05131264916468
5.90942720763723
3.14009546539379
4.70178997613365
3.85369928400955
11.0528639618138
5.44558472553699
6.35131264916468
6.91396181384248
3.15381861575179
3.95525059665871
3.66431980906921
4.35322195704057
4.268138424821
7.85536992840095
7.39701670644391
5.09152744630071
4.65787589498807
3.14832935560859
3.89212410501193
7.68794749403341
2.53353221957041
8.19021479713604
3.62315035799523
7.45465393794749
3.06050119331742
5.7063245823389
4.43556085918854
5.55536992840095
5.32756563245823
1.77326968973747
5.31933174224344
4.5453460620525
15.0572792362768
3.80429594272076
3.01109785202864
3.07696897374702
3.05775656324582
3.38436754176611
3.77684964200477
2.52255369928401
2.87935560859188
4.69904534606205
4.33126491646778
3.95250596658711
4.40262529832935
4.76217183770883
3.9881861575179
4.32028639618138
4.34498806682577
3.00286396181384
5.40715990453461
13.6026252983294
3.9799522673031
5.78042959427207
5.54164677804296
3.19224343675418
3.29928400954654
5.59379474940334
4.04856801909308
4.5563245823389
3.79880668257756
3.87565632458234
2.95620525059666
6.03019093078759
8.90930787589499
2.64057279236277
3.86467780429594
5.31109785202864
4.01837708830549
5.09152744630071
5.64868735083532
3.63138424821002
5.89295942720764
4.19952267303103
9.25787589498806
2.64880668257757
3.09069212410501
4.02386634844869
9.20572792362768
3.56276849642005
3.38711217183771
5.52243436754176
2.80799522673031
7.40250596658711
5.87100238663484
4.46300715990453
4.71551312649165
3.71372315035799
5.28090692124105
2.45119331742243
3.20596658711217
5.44832935560859
5.77494033412888
6.73556085918854
3.35966587112172
3.96073985680191
4.31479713603819
4.30107398568019
4.38066825775656
3.48866348448687
3.59021479713604
4.71276849642005
23.4311455847255
5.9945107398568
4.24618138424821
4.47947494033413
2.94248210023866
3.55727923627685
3.01109785202864
5.19307875894988
3.03854415274463
7.41348448687351
4.20775656324582
1.92422434367542
4.67434367541766
2.8354415274463
12.2879474940334
5.32207637231503
6.09057279236277
5.38520286396181
4.47947494033413
3.24439140811456
3.85644391408114
3.62040572792363
6.21408114558472
4.23245823389021
4.91312649164678
2.99463007159905
3.57374701670644
4.04033412887828
8.73914081145585
3.33221957040573
3.88389021479714
9.23591885441527
5.73926014319809
18.6966587112172
5.40441527446301
4.81980906921241
5.31658711217184
3.50238663484487
7.55894988066826
6.03293556085919
3.75763723150358
2.29749403341289
6.53245823389021
2.79427207637231
3.84546539379475
3.53257756563246
7.92398568019093
4.94331742243437
10.045584725537
6.0054892601432
4.83078758949881
4.66062052505966
5.52792362768496
5.93687350835322
3.66431980906921
2.33591885441527
6.36778042959427
3.24164677804296
3.67255369928401
5.86002386634845
8.72541766109785
5.85453460620525
4.48496420047733
4.35596658711217
6.03568019093079
3.93878281622912
3.686276849642
5.4291169451074
4.11992840095465
2.59665871121718
2.71467780429594
4.45477326968974
5.34677804295943
3.45298329355608
4.5645584725537
3.00286396181384
4.77589498806682
4.69355608591885
5.28914081145585
4.33126491646778
3.37064439140811
4.24069212410501
4.36145584725537
3.60119331742243
7.74558472553699
3.88663484486873
2.95346062052506
2.71467780429594
4.5480906921241
2.45668257756563
2.06968973747017
5.88472553699284
4.58377088305489
4.34773269689737
5.73377088305489
5.29188544152745
3.23341288782816
2.8299522673031
5.53341288782816
6.23603818615752
3.51885441527446
2.98365155131265
4.01014319809069
4.2708830548926
3.63138424821002
3.00560859188544
5.95608591885441
4.75668257756563
4.14737470167064
3.59570405727924
3.26634844868735
4.92136038186157
4.86921241050119
3.84821002386635
3.15930787589499
4.00465393794749
3.76312649164678
4.49594272076372
5.01467780429594
4.8390214797136
4.97625298329356
3.9881861575179
4.44653937947494
5.4099045346062
6.52971360381861
3.38985680190931
5.07505966587112
3.49964200477327
4.00739856801909
3.64785202863962
5.75023866348449
4.5700477326969
5.76670644391408
85.0781622911694
4.2626491646778
3.4200477326969
6.18937947494033
3.01658711217184
5.25620525059666
3.9772076372315
4.12816229116945
7.4409307875895
8.16276849642005
3.07147971360382
3.76038186157518
3.54355608591885
4.42458233890215
6.24427207637231
7.63031026252983
3.92231503579952
3.84546539379475
3.16205250596659
3.58747016706444
2.5554892601432
4.34224343675418
4.08150357995227
5.26718377088305
2.28651551312649
2.94522673031026
6.03293556085919
7.4272076372315
3.47768496420048
4.10346062052506
6.18663484486873
12.4800715990453
4.92959427207637
6.62577565632458
9.74916467780429
5.31109785202864
5.84081145584725
3.26909307875895
4.38615751789976
4.5508353221957
4.02112171837709
5.51694510739857
3.4255369928401
7.22410501193317
4.22971360381861
2.91229116945107
7.08412887828162
4.50692124105012
3.01658711217184
2.64606205250597
3.02207637231504
4.16933174224344
4.5535799522673
4.58926014319809
3.56276849642005
4.94331742243437
5.45930787589499
4.31754176610978
5.17935560859188
8.0145584725537
6.44188544152744
4.53436754176611
4.69630071599045
4.46026252983294
5.1354415274463
5.06682577565632
3.1208830548926
7.28997613365155
5.7008353221957
6.92219570405728
4.61945107398568
3.82076372315036
3.02207637231504
4.25167064439141
2.62959427207637
3.90859188544153
4.97899761336515
7.61109785202864
2.14379474940334
4.49319809069212
4.45477326968974
5.90393794749403
3.36789976133651
3.04677804295943
5.72553699284009
5.30011933174224
2.73389021479714
4.19128878281623
5.07231503579952
3.18400954653938
5.54439140811456
4.46026252983294
3.87291169451074
3.28007159904535
8.21766109785203
5.67338902147971
2.70644391408115
3.28556085918854
12.2330548926014
4.14188544152745
5.51968973747017
6.05214797136038
2.77780429594272
2.74212410501193
7.50954653937947
3.38711217183771
4.07326968973747
2.79976133651551
4.23520286396181
5.32482100238663
3.00286396181384
4.10071599045346
2.77505966587112
8.96145584725537
3.09069212410501
4.80883054892601
3.38985680190931
4.20501193317422
4.77315035799523
5.44284009546539
3.51062052505967
4.2626491646778
3.68078758949881
2.78054892601432
3.92231503579952
4.11169451073986
2.87386634844869
6.12625298329356
3.31026252983293
4.33675417661098
4.64964200477327
3.58198090692124
4.53711217183771
3.34045346062052
10.5560859188544
3.131861575179
5.54988066825776
7.09236276849642
5.08329355608592
13.9566825775656
3.01384248210024
6.65322195704057
4.99272076372315
8.64582338902148
4.89940334128878
7.74284009546539
3.71921241050119
5.11348448687351
15.8065632458234
3.46121718377088
3.18126491646778
2.95620525059666
4.08699284009546
4.81431980906921
3.05501193317422
9.02458233890215
3.42828162291169
7.60286396181384
15.823031026253
4.40262529832935
3.07422434367542
6.05214797136038
4.67983293556086
6.38699284009546
6.15369928400955
4.61670644391408
5.08878281622912
5.82983293556086
5.22052505966587
4.2846062052506
5.55262529832935
4.36420047732697
4.5563245823389
3.44200477326969
3.79606205250597
3.80155131264916
5.38794749403341
3.15930787589499
4.67708830548926
3.82076372315036
3.9717183770883
2.52255369928401
9.06575178997613
5.75298329355608
3.85095465393795
4.20226730310262
3.45847255369928
3.34868735083532
6.87828162291169
3.27732696897375
4.06503579952267
4.79785202863962
9.02458233890215
3.01658711217184
2.79152744630072
7.04295942720764
7.16646778042959
6.60107398568019
4.91587112171838
4.97899761336515
3.03031026252983
6.75202863961814
3.54630071599045
8.2890214797136
4.30381861575179
4.31205250596659
2.60214797136038
3.93603818615752
6.12625298329356
3.37064439140811
3.66980906921241
5.76945107398568
4.03484486873508
3.28556085918854
4.43281622911694
6.31014319809069
1.99009546539379
4.40262529832935
3.52708830548926
3.62040572792363
5.46754176610978
6.45286396181384
5.78042959427207
5.58281622911694
4.05131264916468
2.96443914081146
5.37971360381862
8.64582338902148
3.76312649164678
4.32852028639618
5.81610978520286
3.84546539379475
4.08150357995227
3.1208830548926
6.18937947494033
3.89212410501193
3.00835322195704
3.55727923627685
2.67350835322196
6.05763723150358
3.80155131264916
2.36885441527446
3.88663484486873
4.14188544152745
2.94248210023866
4.71551312649165
7.4217183770883
3.35417661097852
3.02207637231504
2.89856801909308
5.83532219570406
4.38341288782816
4.18854415274463
3.47494033412888
0.200596658711217
7.35310262529833
6.03019093078759
2.07517899761336
2.75584725536993
10.1471360381862
5.05584725536993
4.78412887828162
3.49415274463007
2.42649164677804
4.61670644391408
14.6702863961814
6.34856801909308
4.29832935560859
3.7054892601432
5.65692124105012
3.57374701670644
3.09618138424821
5.81610978520286
2.93150357995227
4.95429594272076
3.96348448687351
3.96073985680191
4.97076372315036
5.44284009546539
5.89570405727924
4.10620525059666
4.28735083532219
6.75751789976134
3.22517899761336
3.90035799522673
4.64140811455847
3.77410501193317
3.79057279236277
5.62398568019093
3.86467780429594
2.28651551312649
4.64689737470167
6.22505966587112
3.06599045346062
4.64140811455847
2.8491646778043
5.24522673031026
3.03031026252983
2.20692124105012
2.64606205250597
2.73937947494033
6.63126491646778
3.43651551312649
4.75119331742243
5.66515513126491
3.81252983293556
6.01646778042959
2.79701670644391
3.67255369928401
5.30286396181384
3.77410501193317
4.09797136038186
1.78424821002387
3.1099045346062
3.54355608591885
5.44009546539379
8.19570405727923
3.21420047732697
3.57649164677804
4.73198090692124
4.44928400954654
8.09140811455847
2.52255369928401
6.26622911694511
3.30751789976134
3.47219570405728
5.00918854415274
3.50787589498807
4.8472553699284
0.587589498806683
8.0200477326969
3.37338902147971
17.2584725536993
4.76491646778043
7.46837708830549
5.09701670644391
6.17840095465394
3.74665871121718
3.45572792362768
2.70644391408115
6.93866348448687
2.71193317422434
5.34403341288783
4.40262529832935
4.58377088305489
3.09618138424821
4.42183770883055
4.8582338902148
5.76670644391408
4.78961813842482
3.57100238663484
3.51062052505967
4.68257756563246
4.35596658711217
3.50513126491647
1.87756563245823
5.47028639618138
3.78782816229117
3.01658711217184
2.74486873508353
2.94797136038186
3.6890214797136
2.74212410501193
4.69081145584725
3.85095465393795
4.40811455847255
2.78329355608592
5.59928400954654
4.22147971360382
4.61670644391408
4.81157517899761
3.64236276849642
3.28556085918854
2.07517899761336
3.49140811455847
4.80883054892601
2.16849642004773
3.07147971360382
5.68711217183771
3.30751789976134
6.71909307875895
3.30751789976134
3.27732696897375
3.6917661097852
4.19403341288783
7.08961813842482
3.82350835322196
3.18400954653938
6.03568019093079
3.31849642004773
5.30835322195704
3.52159904534606
3.31026252983293
3.23890214797136
5.4346062052506
6.95513126491647
5.81610978520286
3.78508353221957
3.49689737470167
4.10346062052506
5.9835322195704
3.32398568019093
3.1346062052506
6.5626491646778
3.22517899761336
4.8582338902148
3.1099045346062
5.85453460620525
14.7883054892601
5.20954653937947
3.96073985680191
4.21050119331742
5.49498806682577
3.89212410501193
2.02577565632458
4.69081145584725
6.51599045346062
4.97625298329356
7.05668257756563
4.79510739856802
3.14558472553699
5.62124105011933
3.05501193317422
5.1381861575179
6.64773269689737
2.45668257756563
4.58102625298329
4.04033412887828
5.31933174224344
13.9594272076372
5.66789976133651
5.53066825775656
4.52338902147971
7.66050119331742
5.66241050119332
4.58651551312649
6.62852028639618
7.10334128878281
4.11169451073986
6.54069212410501
3.73568019093079
6.09880668257756
1.6909307875895
4.75942720763723
8.08866348448687
4.03210023866348
3.34319809069212
4.63866348448687
3.51885441527446
6.39797136038186
4.60572792362768
8.06396181384248
2.00930787589499
6.66968973747017
2.63508353221957
4.25441527446301
3.65334128878282
5.66789976133651
3.17028639618138
2.07792362768496
5.87374701670644
8.22040572792363
3.75763723150358
4.49868735083532
5.27816229116945
2.16026252983294
5.47577565632458
7.7263723150358
7.54248210023866
5.61849642004773
4.2763723150358
3.43102625298329
4.44105011933174
2.59940334128878
3.25811455847255
4.32577565632458
2.96718377088305
4.8609785202864
4.35596658711217
5.26169451073986
4.82529832935561
12.1315035799523
3.82350835322196
5.58007159904535
9.89463007159904
6.76575178997613
5.06408114558472
4.35871121718377
5.44009546539379
3.34045346062052
4.85
10.46276849642
6.32112171837709
2.38532219570406
4.80883054892601
3.81252983293556
7.1335322195704
4.36968973747017
4.81431980906921
3.08794749403341
14.2805489260143
4.2599045346062
15.0106205250597
5.96431980906921
4.30930787589499
4.29284009546539
2.79701670644391
2.90954653937947
4.18305489260143
9.25238663484487
4.69630071599045
2.59116945107399
4.21599045346062
5.51968973747017
4.80883054892601
6.96885441527446
3.4090692124105
2.87935560859188
3.73019093078759
3.09892601431981
4.32577565632458
5.11348448687351
3.92505966587112
5.57183770883055
2.41002386634845
3.83448687350835
4.21599045346062
3.03854415274463
3.79606205250597
3.4145584725537
3.38711217183771
7.75107398568019
4.41360381861575
5.96157517899761
3.82350835322196
3.48591885441527
5.69260143198091
6
4.42732696897375
3.74940334128878
3.19498806682577
4.65238663484487
4.51515513126492
5.22052505966587
2.94248210023866
3.08245823389021
2.2563245823389
4.49594272076372
5.67064439140811
4.66062052505966
4.29284009546539
4.47398568019093
6.18937947494033
3.74665871121718
3.90310262529833
4.21324582338902
3.80155131264916
3.08245823389021
3.94976133651551
4.16658711217184
4.36420047732697
4.38615751789976
3.9854415274463
3.15107398568019
1.85011933174224
5.09152744630071
2.8381861575179
4.49594272076372
2.22338902147971
6.21682577565632
2.78329355608592
5.40167064439141
4.88019093078759
4.20501193317422
4.67434367541766
3.45298329355608
2.95894988066826
4.52887828162291
4.39164677804296
7.91300715990453
5.32207637231503
5.48400954653938
3.10715990453461
3.4145584725537
4.17482100238663
5.11348448687351
1.95167064439141
3.65334128878282
4.2599045346062
2.55
2.98914081145585
4.18579952267303
0.0112171837708831
4.33400954653938
7.76754176610978
6.03293556085919
4.5700477326969
4.61670644391408
2.71467780429594
5.27541766109785
4.18854415274463
11.3328162291169
9.12338902147971
3.43651551312649
2.5527446300716
7.23782816229117
4.43830548926014
5.75023866348449
6.46384248210024
3.4200477326969
4.29284009546539
4.34773269689737
5.28639618138425
3.67804295942721
7.69343675417661
4.52064439140811
3.96897374701671
3.4145584725537
5.73377088305489
4.91861575178998
3.56825775656324
3.118138424821
4.96801909307876
4.60572792362768
3.68078758949881
5.33031026252983
3.9744630071599
2.14379474940334
4.2736276849642
4.64415274463007
7.61658711217184
4.75668257756563
4.23245823389021
3.64785202863962
2.66252983293556
4.70727923627685
4.08424821002387
4.92136038186157
4.01014319809069
8.79952267303102
8.65405727923627
2.74761336515513
4.43281622911694
7.78949880668258
4.02112171837709
2.07243436754177
4.281861575179
5.46205250596659
5.00095465393795
5.81336515513126
6.23054892601432
3.44474940334129
3.62040572792363
5.64594272076372
4.48496420047733
3.1099045346062
5.17935560859188
3.27183770883055
7.27625298329356
6.39248210023866
4.49045346062052
3.94701670644391
5.29463007159904
3.58747016706444
3.9936754176611
3.10167064439141
4.90489260143198
7.21587112171838
5.05035799522673
2.95346062052506
11.3712410501193
6.99081145584725
5.87649164677804
6.77673031026253
2.96169451073986
32.2028639618138
4.53985680190931
10.3914081145585
3.66980906921241
3.02207637231504
5.51968973747017
3.90584725536993
2.86288782816229
9.1508353221957
4.66062052505966
4.14463007159904
4.8609785202864
3.1236276849642
3.90584725536993
4.95704057279236
1.81992840095465
2.82171837708831
4.91312649164678
4.42458233890215
5.22052505966587
3.72195704057279
3.80155131264916
3.84272076372315
4.19128878281623
3.58747016706444
5.31384248210024
3.38436754176611
2.97267303102625
2.79701670644391
5.57458233890215
4.10071599045346
4.47947494033413
3.77684964200477
3.05775656324582
3.54081145584725
5.59653937947494
4.50692124105012
3.9909307875895
3.26634844868735
4.52338902147971
4.43007159904534
3.1153937947494
5.03114558472554
3.46670644391408
3.59570405727924
20.8292362768496
5.31109785202864
4.05954653937947
2.78878281622912
3.92231503579952
2.77780429594272
4.35871121718377
3.79057279236277
7.41348448687351
2.71193317422434
5.86276849642005
2.22887828162291
4.18579952267303
5.84355608591885
2.44570405727924
4.75393794749403
3.26085918854415
4.89391408114558
5.97804295942721
4.29832935560859
6.18663484486873
25.7064439140811
4.30656324582339
2.98914081145585
5.1299522673031
3.92231503579952
7.65775656324582
3.19224343675418
3.09069212410501
2.81348448687351
5.1491646778043
5.9835322195704
5.39618138424821
5.36050119331742
5.32482100238663
3.48591885441527
4.2599045346062
5.54439140811456
2.5445107398568
4.63042959427208
3.4118138424821
6.48031026252983
2.60214797136038
5.78591885441527
5.21778042959427
3.45847255369928
5.32207637231503
4.53711217183771
4.92959427207637
4.38615751789976
3.02482100238663
4.14188544152745
3.29105011933174
4.06503579952267
4.16384248210024
3.4035799522673
2.2700477326969
8.05847255369928
3.57100238663484
10.1498806682578
9.38138424821002
5.68985680190931
3.57374701670644
2.8244630071599
8.17649164677804
5.08054892601432
3.53532219570406
4.47947494033413
5.22326968973747
7.38054892601432
6.8563245823389
5.87649164677804
5.82983293556086
8.85167064439141
4.25441527446301
5.75847255369928
4.80883054892601
9.4527446300716
7.25155131264916
3.54630071599045
3.31575178997613
4.97899761336515
4.30107398568019
8.40429594272076
5.45656324582339
4.41634844868735
4.60847255369928
6.82064439140811
6.50226730310262
5.87923627684964
6.03842482100239
10.018138424821
2.91778042959427
5.06957040572792
4.17207637231504
10.2871121718377
3.02207637231504
7.56169451073985
3.77410501193317
2.57470167064439
2.70095465393795
5.37971360381862
4.63591885441527
2.2673031026253
4.59200477326969
5.23424821002387
2.38806682577566
7.74832935560859
4.25715990453461
3.04403341288783
3.04952267303103
7.05668257756563
5.58281622911694
5.49224343675418
3.48042959427208
2.52529832935561
5.18210023866348
4.51515513126492
9.4582338902148
5.64594272076372
2.65155131264916
3.9717183770883
5.10250596658711
3.31300715990453
3.29379474940334
3.75214797136038
2.89307875894988
2.86288782816229
4.78138424821002
7.88830548926014
12.3620525059666
6.03842482100239
6.0027446300716
5.75298329355608
3.77136038186157
3.64785202863962
2.81897374701671
3.15930787589499
4.60298329355609
6.01921241050119
6.41169451073986
4.82804295942721
4.91587112171838
4.38341288782816
3.15930787589499
6.8700477326969
5.82434367541766
3.44200477326969
3.4227923627685
3.35417661097852
3.50238663484487
3.62863961813842
6.15918854415274
10.46276849642
5.34677804295943
4.31754176610978
6.8453460620525
4.21050119331742
8.31097852028639
3.65059665871122
2.8464200477327
3.53257756563246
3.42828162291169
3.23066825775656
5.4291169451074
3.08794749403341
6.0082338902148
4.13639618138425
5.1299522673031
4.29009546539379
3.07147971360382
4.40811455847255
3.22243436754177
3.89212410501193
4.24618138424821
10.3420047732697
6.67243436754176
3.78508353221957
4.48221957040573
7.85536992840095
2.52255369928401
4.5645584725537
3.44749403341289
3.10441527446301
3.36241050119332
5.83257756563246
2.40178997613365
1.93245823389021
6.37875894988067
3.20871121718377
3.38162291169451
7.36133651551313
4.01563245823389
5.67613365155131
4.23794749403341
3.81527446300716
6.16742243436754
10.1883054892601
4.43007159904534
3.52708830548926
3.52434367541766
3.9881861575179
4.18579952267303
14.5412887828162
4.99272076372315
7.78949880668258
3.91957040572792
3.85095465393795
3.25262529832936
2.44844868735083
3.59570405727924
2.536276849642
2.79701670644391
4.5673031026253
3.58472553699284
1.94069212410501
17.2968973747017
2.36062052505967
2.23162291169451
6.39522673031026
4.29284009546539
7.11980906921241
7.55071599045346
2.91778042959427
6.14272076372315
4.5645584725537
3.72195704057279
3.1208830548926
2.81897374701671
4.09797136038186
3.04128878281623
5.20405727923628
9.1535799522673
3.65334128878282
4.74021479713604
5.28639618138425
5.16563245823389
4.60298329355609
5.1491646778043
4.81706443914081
11.0363961813842
3.34594272076372
6.20035799522673
8.19295942720763
2.58568019093079
2.44295942720764
5.78042959427207
5.67064439140811
8.25883054892601
5.68162291169451
6.68341288782816
3.80429594272076
3.80429594272076
2.56372315035799
6.87279236276849
5.79689737470167
4.21050119331742
4.8609785202864
10.5670644391408
3.95799522673031
7.91026252983293
3.89761336515513
4.02935560859188
2.04498806682578
6.06587112171838
5.64868735083532
3.73293556085919
62.9838902147971
4.94057279236277
3.63412887828162
3.22792362768496
6.18937947494033
3.33221957040573
3.82076372315036
11.0116945107399
4.68806682577566
4.33400954653938
4.49045346062052
4.2846062052506
3.90310262529833
4.09797136038186
5.75023866348449
4.37243436754177
8.64033412887828
2.76682577565632
5.52792362768496
3.96073985680191
3.20596658711217
6.34307875894988
6.40620525059666
3.73293556085919
3.51336515513126
3.66431980906921
3.56551312649165
6.52147971360382
1.9653937947494
5.40167064439141
3.43377088305489
8.72816229116945
3.37613365155131
3.82350835322196
5.65966587112172
2.81897374701671
2.87112171837709
6.90023866348449
6.99904534606205
2.76682577565632
3.77410501193317
5.68711217183771
4.37517899761336
4.8445107398568
3.16479713603819
3.01109785202864
4.30381861575179
5.00918854415274
9.7409307875895
6.05763723150358
5.06408114558472
3.20596658711217
7.11980906921241
5.51694510739857
6.54618138424821
5.50596658711217
2.78603818615752
6.08233890214797
3.45298329355608
4.43556085918854
5.54713603818616
3.89761336515513
11.6731503579952
3.38162291169451
4.32577565632458
6.02744630071599
4.24343675417661
3.28830548926014
2.97541766109785
3.90310262529833
6.04940334128878
6.65596658711217
5.7063245823389
3.52983293556086
2.96443914081146
2.95894988066826
3.56551312649165
3.42828162291169
3.79880668257756
3.88389021479714
3.72195704057279
4.2653937947494
5.23424821002387
9.57350835322196
4.73472553699284
7.57267303102625
2.81073985680191
2.74486873508353
4.57553699284009
5.30560859188544
4.07052505966587
3.56825775656324
5.65417661097852
4.66062052505966
4.281861575179
3.90859188544153
5.4291169451074
4.35871121718377
5.25346062052506
2.58293556085919
11.4096658711217
2.73663484486873
11.8241050119332
4.02112171837709
12.4306682577566
6.31837708830549
2.43198090692124
6.09331742243437
4.94331742243437
5.56634844868735
5.10525059665871
5.11622911694511
2.95346062052506
5.51694510739857
6.21682577565632
4.13365155131265
4.99272076372315
2.55
4.38066825775656
3.03579952267303
6.07684964200477
7.85536992840095
3.61491646778043
5.62673031026253
14.4177804295943
4.5590692124105
3.52708830548926
3.87291169451074
4.77040572792363
2.64331742243437
6.98532219570406
3.6835322195704
4.75668257756563
2.80250596658711
2.99737470167064
4.66062052505966
3.89486873508353
4.08973747016706
3.63412887828162
4.34224343675418
3.18675417661098
2.90954653937947
3.51610978520286
4.10071599045346
8.04749403341289
3.84272076372315
2.8272076372315
2.73114558472554
7.21312649164678
3.84821002386635
5.87374701670644
6.33484486873508
5.77768496420048
3.9964200477327
5.61026252983293
2.68723150357995
6.14546539379475
4.97350835322196
3.48042959427208
5.7145584725537
2.5609785202864
3.1373508353222
4.34773269689737
5.50322195704057
4.92136038186157
2.86014319809069
3.52708830548926
6.55715990453461
5.02016706443914
6.04391408114558
6.06587112171838
4.16109785202864
4.58651551312649
7.24880668257756
3.22243436754177
3.64785202863962
3.85918854415274
3.92505966587112
3.00835322195704
4.86646778042959
3.19773269689737
4.16933174224344
4.35322195704057
2.68723150357995
3.78233890214797
5.90119331742243
6.13997613365155
6.04391408114558
4.44105011933174
4.09522673031026
8.05572792362768
5.11897374701671
5.72553699284009
4.2653937947494
5.52517899761336
5.67064439140811
3.686276849642
2.58019093078759
3.50238663484487
3.24164677804296
3.86742243436754
3.24164677804296
3.78233890214797
2.09713603818616
3.64785202863962
4.45202863961814
3.83723150357995
5.10525059665871
4.99821002386635
0.0441527446300716
4.62494033412888
6.71085918854415
5.25071599045346
2.2563245823389
7.28448687350835
4.44653937947494
2.73389021479714
3.9854415274463
3.88937947494033
4.61945107398568
8.98890214797136
5.32756563245823
4.07875894988067
2.89582338902148
4.41085918854415
4.66336515513126
3.88389021479714
4.10620525059666
5.47852028639618
10.4161097852029
6.33210023866348
2.71193317422434
5.06133651551313
3.87565632458234
2.59116945107399
3.83997613365155
4.29558472553699
2.5582338902148
5.68162291169451
3.4063245823389
4.86646778042959
4.52064439140811
2.64606205250597
5.21503579952267
3.53806682577566
5.64319809069212
3.55453460620525
2.91229116945107
2.01479713603819
3.02207637231504
4.88842482100239
5.37971360381862
2.28377088305489
5.68436754176611
5.23973747016706
5.57183770883055
5.53890214797136
4.01014319809069
2.90131264916468
3.23341288782816
4.86646778042959
6.59558472553699
5.73102625298329
5.83532219570406
3.02756563245823
3.30477326968974
3.93878281622912
5.21778042959427
6.80143198090692
3.37613365155131
4.21599045346062
2.52804295942721
6.06038186157518
3.66157517899761
3.18949880668258
4.99546539379475
2.40453460620525
3.02482100238663
6.53794749403341
6.17840095465394
2.62410501193317
6.05763723150358
6.09331742243437
4.76766109785203
4.47947494033413
2.18221957040573
3.59570405727924
3.74940334128878
4.51241050119332
3.7109785202864
6.83162291169451
3.4200477326969
9.24415274463007
6.31563245823389
2.62136038186157
5.27541766109785
8.03377088305489
5.18210023866348
4.33949880668258
6.83985680190931
9.09594272076372
5.30560859188544
4.33400954653938
3.28281622911694
3.18675417661098
3.51610978520286
2.38257756563246
2.8381861575179
3.57374701670644
5.30560859188544
6.80417661097852
3.62040572792363
11.5359188544153
7.4354415274463
3.77136038186157
3.75489260143198
5.59653937947494
4.73472553699284
4.13639618138425
6.31563245823389
3.46121718377088
5.02840095465394
5.53341288782816
3.1236276849642
9.26062052505966
3.48317422434367
3.26634844868735
3.66706443914081
2.08890214797136
2.82171837708831
3.10167064439141
8.07219570405728
3.35966587112172
4.71276849642005
6.54343675417661
4.99821002386635
5.20954653937947
4.77040572792363
6.06587112171838
4.42183770883055
6.2964200477327
3.04952267303103
4.16933174224344
2.43747016706444
3.66706443914081
3.03854415274463
4.52064439140811
2.16300715990453
2.76408114558473
4.40811455847255
9.51312649164678
2.90405727923628
4.80059665871122
3.35966587112172
3.91682577565632
3.51610978520286
5.7145584725537
4.03210023866348
5.11897374701671
3.39260143198091
6.31288782816229
6.8535799522673
8.76658711217184
4.89665871121718
10.3529832935561
4.70178997613365
3.72195704057279
3.19224343675418
6.18937947494033
3.76587112171838
3.82076372315036
2.73114558472554
4.14188544152745
4.01837708830549
5.89570405727924
3.54355608591885
5.02291169451074
4.07601431980907
7.06766109785203
2.8244630071599
4.80883054892601
5.67338902147971
5.82434367541766
3.9991646778043
5.25346062052506
3.58198090692124
7.1472553699284
3.17028639618138
4.62219570405728
6.20310262529833
5.36873508353222
3.91957040572792
5.40715990453461
2.5609785202864
11.3794749403341
2.72016706443914
5.35775656324582
3.73842482100239
3.53806682577566
6.64773269689737
6.90023866348449
4.2626491646778
3.92231503579952
5.59105011933174
5.64594272076372
5.10525059665871
2.65704057279236
6.5763723150358
3.03305489260143
4.98723150357995
3.67529832935561
4.15286396181384
5.33305489260143
5.02291169451074
4.58651551312649
10.3474940334129
3.4063245823389
6.62577565632458
2.78054892601432
2.49785202863962
2.8381861575179
3.60942720763723
4.91861575178998
2.90131264916468
4.66885441527446
7.25978520286396
2.46217183770883
6.47207637231504
3.33221957040573
3.17852028639618
12.6420047732697
2.81348448687351
3.18126491646778
8.06670644391408
4.32303102625298
4.94057279236277
7.06491646778043
4.15835322195704
3.26085918854415
4.76766109785203
3.02482100238663
3.54904534606205
5.25894988066826
3.28556085918854
6.26348448687351
2.59116945107399
4.77315035799523
3.63961813842482
11.1242243436754
13.6081145584726
2.38806682577566
4.66610978520286
4.05131264916468
4.43007159904534
4.01014319809069
4.94057279236277
3.09069212410501
8.53329355608592
6.71085918854415
9.10692124105012
4.44653937947494
6.80417661097852
2.93424821002387
5.60751789976134
5.00644391408114
3.46670644391408
3.35966587112172
3.79880668257756
8.13257756563246
3.65608591885441
14.8871121718377
2.30023866348449
3.4173031026253
2.37983293556086
3.74391408114558
4.07875894988067
4.11443914081145
7.18842482100239
7.4409307875895
3.91133651551313
3.00560859188544
5.24248210023866
5.49498806682577
3.30477326968974
4.35596658711217
4.32303102625298
4.02386634844869
2.8244630071599
12.8615751789976
3.63412887828162
5.27267303102625
6.23603818615752
6.83985680190931
5.22052505966587
5.75847255369928
3.87291169451074
5.22052505966587
4.51515513126492
3.25262529832936
3.60393794749403
4.09248210023866
3.7054892601432
8.66778042959427
6.76300715990453
2.34415274463007
2.73663484486873
3.83997613365155
2.87112171837709
4.30656324582339
3.6917661097852
4.17756563245823
3.28556085918854
7.31193317422434
2.07517899761336
3.55178997613365
4.836276849642
10.8442720763723
4.42732696897375
3.55727923627685
2.78603818615752
3.73842482100239
14.2887828162291
4.35322195704057
3.34319809069212
6.20584725536993
3.07422434367542
4.16933174224344
3.85369928400955
4.65513126491647
4.29832935560859
3.1236276849642
6.75202863961814
4.81706443914081
3.27458233890215
3.03305489260143
3.48317422434367
5.1326968973747
7.4244630071599
2.66801909307876
2.34964200477327
2.63782816229117
6.88651551312649
3.35692124105012
3.66980906921241
4.17756563245823
5.31109785202864
5.62947494033413
4.80334128878282
0.0194510739856802
3.64510739856802
4.91587112171838
4.47124105011933
0.354295942720764
3.09343675417661
3.89486873508353
5.32756563245823
5.06408114558472
5.35775656324582
6.14821002386635
4.91312649164678
5.84081145584725
6.70262529832935
2.69546539379475
3.82350835322196
5.03389021479714
6.71909307875895
3.82899761336515
4.41634844868735
3.88389021479714
4.08973747016706
0.19236276849642
3.78782816229117
5.79140811455847
4.64964200477327
6.02744630071599
4.97625298329356
5.93961813842482
9.77661097852029
2.8491646778043
4.75119331742243
3.44749403341289
6.23329355608592
6.51050119331742
2.89307875894988
4.77863961813842
5.82708830548926
5.57458233890215
7.50405727923628
3.67255369928401
3.27732696897375
3.58472553699284
4.53985680190931
7.75107398568019
3.81527446300716
3.71646778042959
4.23520286396181
6.11527446300716
2.74761336515513
9.06575178997613
4.18031026252983
5.88472553699284
5.06957040572792
6.34582338902148
3.54355608591885
3.9936754176611
2.78054892601432
3.6835322195704
5.48675417661098
3.58198090692124
5.69260143198091
2.58293556085919
2.87386634844869
4.31754176610978
3.48317422434367
4.02935560859188
10.1773269689737
4.05680190930788
1.59486873508353
3.4063245823389
3.21145584725537
4.19128878281623
4.5535799522673
6.55167064439141
3.14832935560859
3.23341288782816
6.35131264916468
7.09236276849642
2.19319809069212
11.859785202864
5.40715990453461
7.19116945107398
4.14463007159904
4.00190930787589
4.94057279236277
8.0227923627685
11.0144391408115
2.89033412887828
3.4090692124105
4.33400954653938
1.72386634844869
4.99272076372315
4.03758949880668
2.18770883054893
2.11634844868735
5.88198090692124
3.53532219570406
4.00465393794749
4.67159904534606
6.35405727923628
5.04212410501193
0.0551312649164678
3.73842482100239
11.2010739856802
5.25620525059666
4.05954653937947
4.25441527446301
3.00286396181384
3.18949880668258
4.47947494033413
6.581861575179
5.30011933174224
5.40715990453461
5.28090692124105
5.06682577565632
3.55727923627685
5.66789976133651
3.7027446300716
5.00644391408114
5.08603818615752
5.46479713603819
4.03758949880668
5.7200477326969
7.36682577565632
5.4208830548926
4.04307875894988
3.56002386634845
7.61109785202864
3.53532219570406
6.67792362768496
3.53806682577566
8.99713603818616
4.98448687350835
2.77505966587112
15.6144391408115
6.2826968973747
5.05035799522673
4.35322195704057
2.50883054892601
6.0054892601432
3.20871121718377
4.39988066825776
5.56360381861575
4.81431980906921
2.94248210023866
3.60942720763723
5.25894988066826
5.16837708830549
5.55262529832935
2.92052505966587
7.10608591885441
7.03747016706444
2.16849642004773
5.51694510739857
2.24809069212411
4.49045346062052
5.16288782816229
7.32016706443914
7.92398568019093
4.46575178997613
3.85644391408114
9.69152744630071
5.10250596658711
3.31575178997613
3.48866348448687
5.04486873508353
4.91587112171838
3.47219570405728
3.22243436754177
4.96527446300716
2.88210023866348
6.80692124105012
4.05680190930788
5.72828162291169
2.29474940334129
8.71169451073986
4.95155131264916
4.64140811455847
0.137470167064439
2.46766109785203
4.50417661097852
2.59940334128878
5.17661097852029
4.18031026252983
3.64236276849642
3.21968973747017
7.34761336515513
5.52243436754176
4.17207637231504
3.72470167064439
4.5700477326969
4.33675417661098
4.29284009546539
5.11348448687351
4.88842482100239
3.26634844868735
3.1153937947494
1.92147971360382
3.75489260143198
5.64868735083532
6.06038186157518
17.2365155131265
3.63687350835322
4.10894988066826
7.09785202863962
7.06491646778043
4.46575178997613
8.2972553699284
5.37696897374702
4.52064439140811
4.06503579952267
4.5727923627685
4.05680190930788
2.8244630071599
5.31109785202864
3.73842482100239
2.64331742243437
3.03305489260143
3.39260143198091
4.97625298329356
4.19677804295943
3.73842482100239
5.9972553699284
2.81622911694511
5.51968973747017
4.43007159904534
3.65608591885441
4.63042959427208
3.47768496420048
4.38615751789976
6.74928400954654
3.44200477326969
5.48675417661098
2.76682577565632
4.52338902147971
2.98090692124105
3.78233890214797
6.8508353221957
5.51968973747017
2.77505966587112
4.8335322195704
4.19952267303103
3.23890214797136
4.39713603818616
3.24713603818616
6.16467780429594
3.74665871121718
3.06599045346062
4.32028639618138
3.44200477326969
2.92326968973747
4.06229116945107
12.4169451073986
2.68174224343675
2.95620525059666
2.22613365155131
2.85465393794749
3.57374701670644
3.44200477326969
5.37147971360382
2.49236276849642
3.29105011933174
3.71921241050119
2.73663484486873
3.89761336515513
4.63317422434367
4.96801909307876
5.26718377088305
3.52434367541766
5.48126491646778
3.94976133651551
2.94797136038186
2.39904534606205
4.91312649164678
4.39439140811456
2.81622911694511
3.9881861575179
3.20871121718377
3.43377088305489
3.26909307875895
5.76396181384248
2.78603818615752
5.76396181384248
5.7008353221957
5.7008353221957
3.9826968973747
4.19952267303103
2.72291169451074
3.94427207637231
8.68150357995227
2.94522673031026
4.36145584725537
2.87386634844869
3.60668257756563
3.34045346062052
2.5582338902148
5.4099045346062
4.40811455847255
4.81431980906921
3.75214797136038
2.90405727923628
2.8409307875895
4.11992840095465
3.9717183770883
4.39439140811456
4.81431980906921
3.6835322195704
7.4189737470167
6.66694510739857
6.68615751789976
5.01193317422434
5.48675417661098
5.63770883054893
5.91491646778043
5.88747016706444
4.89940334128878
6.18663484486873
5.85178997613365
0.184128878281623
4.30656324582339
3.79880668257756
4.39164677804296
10.1443914081146
7.34486873508353
5.68162291169451
3.9881861575179
7.97064439140811
3.50238663484487
5.59928400954654
5.32482100238663
2.86288782816229
3.62863961813842
1.9873508353222
3.6917661097852
3.15930787589499
6.23878281622912
5.30560859188544
3.50513126491647
3.96897374701671
23.4750596658711
12.0519093078759
5.27816229116945
4.48496420047733
3.19773269689737
3.28281622911694
4.81706443914081
5.76670644391408
5.1436754176611
3.94976133651551
3.93329355608592
4.36420047732697
3.94976133651551
3.14832935560859
3.47219570405728
3.67255369928401
4.13914081145585
2.77780429594272
5.03663484486873
4.64689737470167
2.67899761336515
4.68532219570406
3.00011933174224
4.88842482100239
4.16933174224344
4.46849642004773
6.03842482100239
4.24892601431981
3.56825775656324
3.17303102625298
5.81610978520286
2.41551312649165
3.77684964200477
5.59379474940334
3.44474940334129
3.85918854415274
6.77673031026253
3.61217183770883
3.9881861575179
4.76491646778043
3.56825775656324
1.90501193317422
5.79964200477327
3.7054892601432
4.8335322195704
2.28102625298329
1.47684964200477
4.35047732696897
5.55811455847255
3.88937947494033
6.80692124105012
4.50966587112172
6.13174224343675
6.62303102625298
4.75119331742243
4.78687350835322
6.88102625298329
3.73019093078759
5.07780429594272
4.64140811455847
3.58472553699284
5.80238663484487
2.58019093078759
7.35584725536993
5.65143198090692
2.86014319809069
6.0054892601432
5.79415274463007
3.06324582338902
8.11885441527446
4.07601431980907
3.4255369928401
2.8409307875895
4.68532219570406
2.66252983293556
6.21408114558472
4.5645584725537
4.61396181384248
4.74844868735083
7.60835322195704
7.17744630071599
8.16002386634845
2.55
3.00835322195704
12.7572792362768
5.84904534606205
4.29832935560859
6.08508353221957
4.19952267303103
4.53711217183771
1.38078758949881
3.24988066825776
3.62589498806682
4.90763723150358
4.97899761336515
5.4346062052506
4.86372315035799
18.1889021479714
3.02207637231504
7.45739856801909
4.2626491646778
4.39713603818616
10.9156324582339
7.88830548926014
3.6972553699284
3.64236276849642
6.11527446300716
6.42267303102625
14.0033412887828
4.75393794749403
6.31014319809069
9.55429594272076
3.44200477326969
4.07875894988067
3.1263723150358
3.94976133651551
3.49415274463007
5.15739856801909
3.64236276849642
2.39904534606205
7.30644391408114
3.95799522673031
7.09785202863962
4.92959427207637
3.96348448687351
3.9881861575179
3.73568019093079
5.34403341288783
13.9210023866348
3.49140811455847
6.96336515513126
3.93329355608592
7.1582338902148
3.82899761336515
4.80059665871122
4.79785202863962
5.7090692124105
2.69546539379475
3.80429594272076
4.50143198090692
4.17207637231504
3.78508353221957
5.31933174224344
5.26443914081145
1.64427207637231
3.91133651551313
3.23615751789976
2.23985680190931
4.77589498806682
4.2599045346062
2.87386634844869
6.75751789976134
3.47494033412888
5.35501193317422
9.49665871121718
6.58735083532219
6.20310262529833
3.45572792362768
3.60668257756563
4.50417661097852
9.24415274463007
4.10346062052506
5.61026252983293
5.68162291169451
5.17661097852029
4.38341288782816
6.39248210023866
4.09522673031026
5.4208830548926
3.91682577565632
5.37147971360382
4.70727923627685
2.51980906921241
7.92124105011933
6.5791169451074
3.29105011933174
3.92505966587112
4.20501193317422
3.82899761336515
4.15011933174224
5.85727923627685
4.06503579952267
4.8609785202864
4.18031026252983
3.28281622911694
4.08150357995227
6.49128878281623
3.56825775656324
3.66157517899761
2.97816229116945
5.15190930787589
3.88937947494033
3.23615751789976
5.33031026252983
4.64964200477327
5.48126491646778
3.26360381861575
5.25071599045346
7.22136038186157
4.88293556085919
3.55727923627685
5.37147971360382
2.78603818615752
4.10346062052506
4.22147971360382
3.1126491646778
5.30835322195704
4.01837708830549
3.6972553699284
5.82434367541766
3.4200477326969
6.01646778042959
4.05131264916468
3.91133651551313
4.22971360381861
4.02112171837709
4.39988066825776
2.96718377088305
3.87840095465394
9.63937947494033
5.15465393794749
3.67255369928401
4.51515513126492
3.50238663484487
2.76682577565632
3.6890214797136
5.87649164677804
3.47494033412888
4.68257756563246
4.48496420047733
3.4035799522673
4.72923627684964
6.10704057279236
5.15190930787589
3.28830548926014
4.48496420047733
3.36515513126492
6
7.39427207637231
5.75023866348449
3.6890214797136
6.2826968973747
3.67804295942721
3.84272076372315
8.73914081145585
3.52983293556086
3.18675417661098
3.17028639618138
6.75477326968974
4.02386634844869
3.1236276849642
4.05405727923628
3.80155131264916
5.10525059665871
3.34319809069212
3.10441527446301
8.79952267303102
8.19295942720763
3.05775656324582
7.4299522673031
3.73019093078759
3.4063245823389
3.45847255369928
5.73651551312649
3.38985680190931
4.45751789976134
3.34868735083532
5.4099045346062
6.61754176610978
5.76945107398568
2.81897374701671
6.15095465393795
3.75763723150358
2.72840095465394
3.46396181384248
3.49964200477327
7.53424821002387
2.40727923627685
4.8335322195704
9.02732696897375
5.03663484486873
3.6972553699284
13.3556085918854
3.65608591885441
3.7
3.03305489260143
5.08329355608592
4.80608591885441
3.83448687350835
4.31754176610978
4.11992840095465
6.83436754176611
4.31479713603819
3.04403341288783
3.71372315035799
6.5708830548926
2.67625298329356
2.97541766109785
3.37887828162291
3.00286396181384
4.45202863961814
3.63961813842482
3.96622911694511
2.91503579952267
6.92494033412888
9.17279236276849
3.7027446300716
4.10346062052506
2.64331742243437
12.5514319809069
2.18496420047733
6.03019093078759
3.66980906921241
2.00381861575179
3.17852028639618
2.87112171837709
5.90668257756563
6.04116945107399
4.10894988066826
3.50787589498807
2.95071599045346
3.49689737470167
4.60572792362768
4.41909307875895
3.37064439140811
3.27458233890215
10.2349642004773
6.59832935560859
4.88019093078759
6.12625298329356
4.41360381861575
2.53078758949881
2.56646778042959
6.59284009546539
9.11515513126492
4.99546539379475
3.31026252983293
4.71002386634845
3.3980906921241
3.9799522673031
3.06050119331742
9.29355608591885
2.05047732696897
5.78866348448687
4.30107398568019
5.06682577565632
5.88747016706444
4.95978520286396
3.96897374701671
6.47207637231504
5.97804295942721
3.01933174224344
10.8250596658711
4.17756563245823
3.19498806682577
5.55262529832935
5.1326968973747
2.09713603818616
5.11897374701671
4.29832935560859
3.77684964200477
3.26909307875895
4.48496420047733
3.75489260143198
3.00835322195704
3.85918854415274
6.59832935560859
5.83806682577566
3.79880668257756
3.45023866348449
3.87840095465394
2.8381861575179
3.51885441527446
5.92863961813842
4.19403341288783
5.44832935560859
3.72470167064439
7.10608591885441
4.8445107398568
6.23878281622912
4.17482100238663
3.63687350835322
4.31205250596659
4.66336515513126
12.1342482100239
5.03114558472554
2.41276849642005
5.33579952267303
4.86372315035799
4.67708830548926
4.66336515513126
3.49689737470167
8.0227923627685
4.57553699284009
3.86742243436754
6.2881861575179
2.08341288782816
3.32124105011933
5.64319809069212
6.19761336515513
3.35966587112172
5.19856801909308
3.95525059665871
3.30477326968974
2.80525059665871
4.16109785202864
3.71372315035799
6.15369928400955
4.42183770883055
8.06396181384248
3.80978520286396
3.9772076372315
5.95883054892601
4.98723150357995
3.85918854415274
4.31479713603819
2.48961813842482
5.11622911694511
3.87291169451074
4.10071599045346
5.10799522673031
6.44463007159904
4.16109785202864
3.4118138424821
5.4263723150358
4.66336515513126
4.63591885441527
5.16288782816229
7.136276849642
4.34773269689737
4.61396181384248
7.67696897374702
2.69821002386635
3.57100238663484
4.15560859188544
5.90393794749403
3.34045346062052
3.01658711217184
3.35417661097852
3.75214797136038
5.1299522673031
5.1326968973747
4.41360381861575
5.45381861575179
4.25715990453461
5.06133651551313
2.39081145584725
4.88293556085919
3.00286396181384
5.00644391408114
4.32577565632458
6.2826968973747
5.17386634844869
11.8268496420048
5.16288782816229
5.08329355608592
4.2626491646778
3.79057279236277
3.15107398568019
4.66885441527446
6.89749403341289
3.17028639618138
3.16754176610978
4.60572792362768
4.58926014319809
3.52708830548926
4.78961813842482
3.45847255369928
4.5618138424821
2.47315035799523
3.53806682577566
4.99272076372315
7.31742243436754
3.87016706443914
6.17565632458234
20.6206443914081
3.49140811455847
5.431861575179
5.09152744630071
2.8299522673031
10.3200477326969
6.04940334128878
5.27816229116945
3.06599045346062
5.72828162291169
4.88568019093079
2.67899761336515
4.41085918854415
2.70918854415274
4.66336515513126
4.63866348448687
3.36241050119332
4.44105011933174
8.26157517899761
5.37422434367542
5.09152744630071
2.85465393794749
7.92947494033413
5.23699284009546
6.2744630071599
4.64140811455847
5.9972553699284
6.37326968973747
3.74940334128878
5.72553699284009
4.14737470167064
3.4227923627685
3.06324582338902
9.46921241050119
3.27732696897375
3.6972553699284
5.4263723150358
3.49964200477327
5.29188544152745
2.90131264916468
5.23973747016706
4.08699284009546
10.2898568019093
5.15190930787589
3.91133651551313
3.52434367541766
2.79976133651551
4.21873508353222
4.36694510739857
5.73102625298329
6.15095465393795
4.69630071599045
1.981861575179
6.5626491646778
5.9917661097852
5.07231503579952
3.76038186157518
2.44844868735083
3.03031026252983
8.80501193317422
5.25346062052506
5.23973747016706
3.9717183770883
2.72291169451074
4.5673031026253
5.62124105011933
4.58102625298329
3.81801909307876
5.03389021479714
2.99737470167064
3.78233890214797
3.77410501193317
2.79152744630072
5.45656324582339
6.44188544152744
2.76957040572792
4.09248210023866
3.65334128878282
6.44463007159904
6.73281622911694
4.96252983293556
6.03019093078759
5.31658711217184
2.93699284009547
5.55262529832935
9.4335322195704
7.4189737470167
8.97517899761336
3.66980906921241
4.78138424821002
3.9717183770883
2.8436754176611
4.50417661097852
3.72470167064439
2.33042959427208
7.36133651551313
5.83532219570406
2.16026252983294
6.19761336515513
4.75393794749403
7.22136038186157
3.18126491646778
2.8464200477327
4.61670644391408
3.9744630071599
4.15286396181384
4.2653937947494
3.72470167064439
5.96431980906921
4.29832935560859
4.06229116945107
5.39892601431981
4.00190930787589
4.8445107398568
2.41825775656325
3.53806682577566
6.32112171837709
2.69821002386635
4.66885441527446
6.07136038186157
5.96157517899761
4.64140811455847
11.6649164677804
5.78317422434368
3.06050119331742
3.85918854415274
4.49868735083532
9.79582338902148
3.86193317422434
3.7109785202864
5.77768496420048
4.52064439140811
4.41909307875895
7.32016706443914
3.73019093078759
3.51062052505967
3.66980906921241
3.59295942720764
4.02661097852029
3.4145584725537
4.73198090692124
3.56825775656324
5.85453460620525
2.86288782816229
7.52601431980907
3.84821002386635
4.72374701670644
4.268138424821
6.60930787589499
4.281861575179
4.12267303102625
6.65871121718377
6.07684964200477
8.78854415274463
4.38066825775656
6.65871121718377
5.51145584725537
7.19116945107398
2.62136038186157
4.28735083532219
3.14009546539379
9.50763723150358
4.5727923627685
2.98365155131265
5.66241050119332
4.90214797136038
5.79140811455847
5.54713603818616
4.2708830548926
6.13723150357995
2.8491646778043
8.51133651551313
4.02386634844869
3.33770883054893
4.13914081145585
7.67147971360382
2.18770883054893
3.57374701670644
2.80525059665871
3.07422434367542
4.50692124105012
5.49773269689737
3.81801909307876
5.91491646778043
3.9991646778043
3.04128878281623
5.1326968973747
3.89486873508353
3.38985680190931
9.93579952267303
5.30835322195704
5.26992840095465
3.84272076372315
6.90847255369928
4.64140811455847
2.60763723150358
19.8192124105012
5.4208830548926
3.45847255369928
2.39081145584725
4.36694510739857
2.91503579952267
3.45847255369928
7.47935560859188
5.83806682577566
4.32577565632458
6.48305489260143
2.72565632458234
5.19856801909308
3.88663484486873
6.73281622911694
11.7143198090692
6.05489260143198
4.60572792362768
3.9826968973747
3.20871121718377
4.97076372315036
3.84821002386635
3.57923627684964
4.2846062052506
5.05859188544153
4.00739856801909
2.8354415274463
5.12171837708831
3.90035799522673
7.24331742243437
3.73568019093079
4.67983293556086
4.31205250596659
2.67625298329356
3.19773269689737
7.15
2.74212410501193
2.18221957040573
3.00286396181384
4.94331742243437
3.83723150357995
3.118138424821
4.37792362768496
2.87112171837709
8.63484486873508
3.14009546539379
4.80059665871122
4.71825775656325
0.0468973747016706
2.15751789976134
4.18854415274463
5.94785202863962
3.45298329355608
11.2147971360382
9.79033412887828
9.4554892601432
3.21968973747017
3.76312649164678
2.42374701670644
4.92136038186157
2.57744630071599
7.08412887828162
4.95978520286396
4.69630071599045
3.05775656324582
3.9909307875895
4.72923627684964
2.8272076372315
5.96431980906921
3.86742243436754
4.24892601431981
3.62315035799523
4.49868735083532
5.59105011933174
7.26527446300716
3.82350835322196
3.1263723150358
7.22410501193317
3.9826968973747
5.11897374701671
3.09618138424821
7.75381861575179
4.99546539379475
4.52338902147971
5.95883054892601
3.34319809069212
5.08603818615752
4.23520286396181
4.97076372315036
4.23245823389021
5.01467780429594
4.8390214797136
3.16479713603819
5.37422434367542
4.14737470167064
3.77684964200477
3.90035799522673
4.57828162291169
9.48293556085919
5.72828162291169
5.39069212410501
4.89116945107398
5.15190930787589
4.94880668257756
3.78782816229117
3.49415274463007
4.36420047732697
3.72744630071599
6.72458233890215
15.5897374701671
4.5563245823389
4.5480906921241
4.19952267303103
4.89665871121718
5.31384248210024
6.90298329355609
3.65608591885441
2.51980906921241
7.26527446300716
4.03758949880668
5.01193317422434
8.0090692124105
3.53806682577566
4.22971360381861
3.63687350835322
4.77315035799523
3.28830548926014
0.0139618138424821
5.75023866348449
8.09964200477327
4.48221957040573
4.93508353221957
3.24439140811456
4.33126491646778
3.35692124105012
5.17935560859188
3.84272076372315
3.93054892601432
6.26622911694511
3.26085918854415
5.36050119331742
4.45751789976134
2.75584725536993
6.46933174224344
3.1099045346062
3.76587112171838
6.73830548926014
2.98090692124105
6.88102625298329
3.59844868735083
5.37147971360382
2.2590692124105
4.10071599045346
11.7417661097852
2.71467780429594
5.82708830548926
28.8051312649165
3.78782816229117
3.57649164677804
3.79057279236277
5.40441527446301
3.62315035799523
2.39355608591885
2.96443914081146
6.21408114558472
7.20214797136038
11.763723150358
4.43007159904534
5.07505966587112
6.55167064439141
4.77040572792363
6.68615751789976
7.18842482100239
3.26085918854415
4.60298329355609
7.58639618138425
2.94522673031026
5.59653937947494
4.02935560859188
3.39260143198091
4.70727923627685
2.87386634844869
3.00835322195704
3.34045346062052
5.01193317422434
3.24988066825776
5.1436754176611
3.09343675417661
7.91575178997613
4.64964200477327
6.21408114558472
7.29821002386635
5.1464200477327
3.32398568019093
5.33031026252983
4.01837708830549
6.47482100238663
2.41002386634845
3.31026252983293
2.17673031026253
5.58556085918854
2.68448687350835
4.61670644391408
3.09618138424821
2.61861575178998
3.87840095465394
4.81431980906921
5.08603818615752
2.51980906921241
3.79606205250597
4.82804295942721
3.93603818615752
3.09069212410501
2.88484486873508
2.79976133651551
14.3683770883055
5.96980906921241
5.19033412887828
2.10811455847255
2.19868735083532
8.18198090692124
9.70799522673031
3.4118138424821
2.95894988066826
4.14737470167064
3.00560859188544
4.13090692124105
3.82350835322196
3.61217183770883
3.94701670644391
3.56276849642005
2.72565632458234
3.09069212410501
3.28556085918854
16.1139618138425
2.92875894988067
5.78042959427207
3.33770883054893
6.5708830548926
3.37613365155131
4.16109785202864
4.29009546539379
2.87661097852029
16.0069212410501
8.09415274463007
10.0346062052506
16.5887828162291
4.78687350835322
8.16002386634845
6.79319809069212
4.02661097852029
6.52696897374701
5.4099045346062
5.01193317422434
2.66252983293556
1.87207637231504
6.70811455847255
6.21682577565632
2.57470167064439
3.79606205250597
2.98365155131265
4.47398568019093
6.89749403341289
13.8633651551313
5.34128878281623
3.82899761336515
10.2294749403341
2.94522673031026
4.63591885441527
6.71360381861575
5.78866348448687
5.21778042959427
4.49319809069212
2.51157517899761
3.23615751789976
3.78508353221957
5.44558472553699
2.92875894988067
4.39164677804296
3.00011933174224
2.08615751789976
4.33400954653938
4.22147971360382
2.77780429594272
3.55727923627685
3.00835322195704
2.49236276849642
4.836276849642
3.15107398568019
3.42828162291169
3.91133651551313
5.86002386634845
4.99546539379475
5.82708830548926
5.1491646778043
2.52255369928401
3.79606205250597
4.43830548926014
5.06957040572792
5.97804295942721
4.77040572792363
3.85918854415274
4.79236276849642
4.30656324582339
4.50692124105012
3.19498806682577
3.53806682577566
6.15918854415274
3.04677804295943
7.59737470167064
2.78878281622912
4.76766109785203
2.33042959427208
4.2763723150358
2.71742243436754
1.6772076372315
2.51980906921241
9.81503579952267
4.88293556085919
3.82076372315036
4.61396181384248
4.11443914081145
4.52064439140811
4.46026252983294
3.24988066825776
4.86372315035799
7.18568019093079
5.39069212410501
3.14284009546539
4.01837708830549
4.68257756563246
4.96527446300716
3.56002386634845
3.39534606205251
9.64761336515513
10.8662291169451
6.0082338902148
2.06145584725537
6.87553699284009
9.84248210023866
10.2075178997613
4.60298329355609
18.6856801909308
3.4227923627685
4.72649164677804
2.85465393794749
2.81897374701671
9.4527446300716
4.72649164677804
2.89033412887828
5.17935560859188
3.87016706443914
7.64128878281623
5.91491646778043
19.4678997613365
4.50417661097852
3.4008353221957
4.8445107398568
5.57458233890215
2.98365155131265
3.1208830548926
6.02744630071599
2.8381861575179
3.24164677804296
4.16933174224344
0.0359188544152745
5.96157517899761
9.25513126491647
3.71921241050119
2.81897374701671
6.35131264916468
3.4090692124105
3.64785202863962
3.94427207637231
3.43651551312649
4.36145584725537
2.91778042959427
2.98365155131265
6.42541766109785
4.2626491646778
5.96706443914081
7.95692124105012
4.74844868735083
9.91658711217184
2.79427207637231
3.34045346062052
4.71276849642005
4.11718377088305
4.15011933174224
3.46670644391408
3.84546539379475
5.7200477326969
3.51610978520286
5.11348448687351
2.78054892601432
2.23711217183771
4.99821002386635
3.31300715990453
3.73842482100239
4.64140811455847
7.136276849642
4.8417661097852
4.42732696897375
4.11169451073986
4.68257756563246
5.31109785202864
8.72541766109785
3.35692124105012
3.60942720763723
5.81062052505966
6.2964200477327
4.45751789976134
3.9799522673031
4.00739856801909
14.2201670644391
2.16300715990453
3.04403341288783
3.26909307875895
4.5727923627685
6.67517899761336
4.2626491646778
4.5673031026253
3.7082338902148
5.1326968973747
7.77852028639618
3.17028639618138
4.08150357995227
3.35966587112172
4.2791169451074
2.93699284009547
6.44188544152744
2.95071599045346
3.46945107398568
3.24988066825776
3.46945107398568
2.98639618138425
4.23245823389021
4.76766109785203
5.64868735083532
6.19761336515513
3.33221957040573
6.8480906921241
3.64510739856802
3.09618138424821
3.30202863961814
2.75035799522673
2.82171837708831
2.65978520286396
3.71921241050119
5.51694510739857
3.51885441527446
5.90942720763723
4.80608591885441
3.6972553699284
2.21789976133652
3.25536992840095
6.75477326968974
6.50501193317422
5.1326968973747
5.96980906921241
6.77124105011933
4.53985680190931
6.23603818615752
4.41634844868735
2.42923627684964
3.71921241050119
3.9826968973747
3.28007159904535
31.722553699284
9.24415274463007
4.61945107398568
5.27267303102625
3.1263723150358
3.22517899761336
3.23066825775656
3.4118138424821
3.26360381861575
7.80047732696897
3.32398568019093
4.69630071599045
7.29821002386635
3.29379474940334
3.15381861575179
2.91503579952267
3.47494033412888
13.2266109785203
5.86825775656324
8.94224343675418
4.88568019093079
3.57923627684964
2.87661097852029
3.80155131264916
3.90035799522673
5.95883054892601
2.77505966587112
4.8609785202864
3.79331742243437
3.73019093078759
6.32386634844869
2.87661097852029
2.73389021479714
2.15477326968974
4.76766109785203
3.90584725536993
3.14284009546539
4.24892601431981
3.6972553699284
3.37338902147971
3.91408114558473
3.58747016706444
5.00644391408114
4.37792362768496
4.59749403341289
4.8445107398568
2.8354415274463
5.49773269689737
5.18484486873508
3.9936754176611
3.49140811455847
2.98090692124105
3.52159904534606
10.9183770883055
6.06038186157518
5.7035799522673
5.10799522673031
4.43281622911694
5.91217183770883
4.8335322195704
8.36312649164678
9.47470167064439
4.02661097852029
4.72374701670644
3.37613365155131
6.87828162291169
5.51694510739857
4.50417661097852
4.81431980906921
6.99630071599045
3.48591885441527
9.11241050119332
2.57470167064439
5.05035799522673
4.75393794749403
4.75393794749403
2.37708830548926
6.62852028639618
1.22434367541766
6.2717183770883
5.57183770883055
5.40715990453461
4.05680190930788
4.40262529832935
3.38985680190931
3.56551312649165
2.75859188544153
4.5700477326969
5.7173031026253
2.48138424821002
0.0578758949880668
7.46014319809069
3.62315035799523
2.63782816229117
4.74021479713604
6.45011933174224
5.9890214797136
4.66885441527446
4.51515513126492
16.4899761336515
3.20322195704057
4.01837708830549
3.93329355608592
7.28723150357995
2.5609785202864
5.55262529832935
5.06133651551313
4.89391408114558
5.64868735083532
3.06599045346062
3.25262529832936
3.95525059665871
0.0798329355608592
8.17649164677804
2.73663484486873
3.1236276849642
2.8272076372315
3.15656324582339
3.48591885441527
6.61205250596659
3.7054892601432
5.97804295942721
5.37147971360382
4.51515513126492
1.89952267303103
3.76861575178998
5.78866348448687
5.85727923627685
9.88914081145584
2.34964200477327
3.82625298329356
4.80608591885441
6.8700477326969
3.59844868735083
4.94880668257756
2.2535799522673
2.11360381861575
2.69821002386635
6.35131264916468
21.7871121718377
3.73293556085919
3.65059665871122
7.49307875894988
3.67529832935561
4.14737470167064
2.50334128878282
8.05847255369928
4.49045346062052
3.83723150357995
3.02756563245823
6.34856801909308
3.57100238663484
7.4354415274463
7.48758949880668
4.15560859188544
3.17303102625298
4.268138424821
3.29105011933174
4.24892601431981
4.82255369928401
3.36789976133651
3.23890214797136
5.50322195704057
4.24892601431981
2.04773269689737
5.08329355608592
3.66706443914081
5.34128878281623
4.2626491646778
5.01742243436754
3.57923627684964
5.89295942720764
7.32291169451074
4.92684964200477
7.136276849642
3.88937947494033
4.06778042959427
6.76849642004773
4.60572792362768
2.13830548926014
5.48675417661098
7.39976133651551
2.62684964200477
3.45298329355608
3.7
6.55715990453461
4.68257756563246
3.1153937947494
11.6758949880668
3.49415274463007
5.50047732696897
4.12267303102625
6.35954653937947
4.20226730310262
3.4200477326969
4.96252983293556
5.00369928400955
7.46563245823389
4.82804295942721
5.56634844868735
4.50143198090692
3.44749403341289
5.03389021479714
3.23615751789976
6.34856801909308
6.95787589498807
3.95525059665871
5.30835322195704
4.91861575178998
1.9791169451074
3.4173031026253
3.92780429594272
3.38985680190931
4.29558472553699
3.4090692124105
4.63317422434367
6.04665871121718
4.70178997613365
6.2772076372315
2.8436754176611
4.49868735083532
2.75035799522673
8.23138424821002
4.48770883054893
5.20680190930787
14.05
3.52708830548926
2.70095465393795
6.77947494033413
6.72183770883055
3.35143198090692
3.4008353221957
4.31754176610978
3.61217183770883
2.8326968973747
2.47315035799523
2.78329355608592
6.40620525059666
5.19856801909308
5.03114558472554
3.94701670644391
2.91778042959427
5.26169451073986
3.92505966587112
3.91133651551313
4.06778042959427
7.7099045346062
7.32016706443914
5.75298329355608
7.68245823389021
5.431861575179
2.86837708830549
6.64773269689737
2.8244630071599
5.431861575179
2.2755369928401
4.17482100238663
7.22684964200477
5.07505966587112
3.91957040572792
3.63412887828162
2.87661097852029
3.78782816229117
3.73293556085919
5.16837708830549
7.17744630071599
9.09319809069212
5.68436754176611
4.01288782816229
8.22863961813842
3.62863961813842
5.12171837708831
4.40811455847255
5.08329355608592
4.83078758949881
5.28365155131265
5.17661097852029
4.41085918854415
3.24988066825776
3.31575178997613
7.36408114558472
5.61300715990453
5.28090692124105
4.81980906921241
5.07505966587112
3.54630071599045
1.981861575179
3.35692124105012
6.11527446300716
3.01109785202864
4.8527446300716
5.50596658711217
7.31193317422434
2.57470167064439
2.74761336515513
3.37064439140811
6.72183770883055
6.64498806682577
2.17398568019093
4.43556085918854
3.58198090692124
6.05489260143198
4.38066825775656
4.31205250596659
2.73937947494033
3.67804295942721
3.54355608591885
4.8609785202864
4.8445107398568
3.05501193317422
2.8354415274463
13.5038186157518
52.3514319809069
5.22052505966587
3.49415274463007
4.62768496420048
6.5846062052506
5.66515513126491
4.93233890214797
3.51336515513126
4.62219570405728
6.5708830548926
3.7027446300716
3.4008353221957
0.181384248210024
3.31300715990453
3.4008353221957
6.19212410501193
4.81157517899761
2.96992840095465
5.89844868735083
3.47494033412888
4.81157517899761
6
3.43377088305489
2.8436754176611
6.41992840095465
3.80155131264916
4.2736276849642
4.61945107398568
2.87386634844869
2.64331742243437
2.99463007159905
4.67159904534606
5.65692124105012
2.41551312649165
2.70095465393795
2.21241050119332
4.10346062052506
2.98914081145585
2.87386634844869
5.4291169451074
5.84355608591885
3.82899761336515
3.26360381861575
3.82350835322196
2.85190930787589
3.80978520286396
4.79510739856802
4.72649164677804
3.53257756563246
3.43102625298329
3.50513126491647
2.72016706443914
3.76861575178998
9.65584725536993
2.86563245823389
3.85095465393795
8.61288782816229
4.70178997613365
5.44009546539379
5.39892601431981
0.282935560859189
6.82613365155131
2.77780429594272
3.94976133651551
2.57744630071599
4.98997613365155
5.92040572792363
3.9826968973747
5.21229116945107
3.80429594272076
5.09427207637231
5.26992840095465
3.65059665871122
4.8335322195704
4.80883054892601
10.5423627684964
5.67338902147971
2.69272076372315
5.34952267303103
6.69439140811456
3.18675417661098
6.39248210023866
3.05775656324582
2.75859188544153
4.05131264916468
4.01563245823389
4.14737470167064
4.2763723150358
4.15011933174224
3.05775656324582
5.52792362768496
2.33042959427208
5.62673031026253
4.12267303102625
3.28007159904535
3.59570405727924
5.45930787589499
3.80155131264916
3.86193317422434
4.2708830548926
3.67529832935561
4.16658711217184
3.66157517899761
3.62589498806682
3.93054892601432
5.73926014319809
5.64045346062052
3.04677804295943
3.16754176610978
24.4219570405728
4.5590692124105
3.32673031026253
8.16002386634845
3.27183770883055
3.15930787589499
3.01933174224344
4.5618138424821
2.89033412887828
8.54152744630071
5.1244630071599
3.4255369928401
4.47947494033413
4.49045346062052
4.30381861575179
3.74116945107399
5.4263723150358
3.46396181384248
3.29928400954654
6.35954653937947
4.70727923627685
4.16109785202864
4.30107398568019
4.86646778042959
3.54630071599045
3.87016706443914
2.76133651551313
2.72291169451074
5.58007159904535
4.08973747016706
3.07696897374702
5.34952267303103
4.07601431980907
3.74940334128878
3.4145584725537
3.19224343675418
6.47482100238663
9.96873508353222
4.06503579952267
8.79403341288783
3.03854415274463
2.80525059665871
4.66610978520286
3.60119331742243
27.323031026253
2.86288782816229
3.38985680190931
6.74379474940334
3.1346062052506
3.73019093078759
3.75214797136038
3.53257756563246
7.36957040572792
6.66968973747017
4.62494033412888
5.24797136038186
4.85
5.11622911694511
3.17303102625298
3.37887828162291
3.1263723150358
5.48675417661098
5.23699284009546
8.98341288782816
5.59928400954654
3.76861575178998
4.80608591885441
3.00286396181384
6.07959427207637
2.95346062052506
2.32494033412888
2.90131264916468
4.91038186157518
4.32852028639618
6.90572792362768
5.59105011933174
8.44272076372315
2.8326968973747
4.21050119331742
3.79606205250597
3.4200477326969
6.18114558472554
5.24248210023866
4.14188544152745
7.97613365155131
5.22875894988067
8.54701670644391
4.2736276849642
5.75298329355608
4.94880668257756
3.52434367541766
7.75107398568019
3.25811455847255
2.76682577565632
6.26348448687351
9.50489260143198
4.19677804295943
13.9017899761336
20.313245823389
1.62505966587112
5.1436754176611
9.03007159904534
3.02482100238663
6.14272076372315
3.93603818615752
5.82708830548926
2.99463007159905
4.60298329355609
6.74105011933174
5.51145584725537
4.87195704057279
5.94510739856802
1.19689737470167
3.62863961813842
6.80966587112172
3.93603818615752
2.36062052505967
5.83257756563246
3.66431980906921
3.94701670644391
12.8066825775656
3.31026252983293
3.73568019093079
4.81706443914081
6.35954653937947
6.21408114558472
5.91217183770883
4.05405727923628
6.79868735083532
4.34498806682577
8.93675417661098
2.73114558472554
4.57553699284009
3.44200477326969
3.85369928400955
2.45942720763723
6.8563245823389
3.95250596658711
4.74295942720764
5.95334128878282
6.04665871121718
2.22338902147971
8.45095465393794
5.16014319809069
3.47768496420048
9.07124105011933
6.58735083532219
3.76861575178998
4.29284009546539
3.46121718377088
2.44844868735083
5.26443914081145
3.00011933174224
4.68257756563246
2.8244630071599
8.38233890214797
6.10978520286396
3.80155131264916
4.72923627684964
4.36145584725537
4.2846062052506
5.33031026252983
4.25167064439141
3.3980906921241
3.89761336515513
3.4063245823389
4.03484486873508
3.26360381861575
2.61861575178998
3.6835322195704
3.44200477326969
3.07147971360382
4.21873508353222
3.03854415274463
5.1381861575179
2.41276849642005
3.49415274463007
2.8272076372315
4.36145584725537
3.67529832935561
5.30286396181384
3.54081145584725
3.61766109785203
5.37147971360382
4.74844868735083
3.61217183770883
6.11801909307876
3.65608591885441
2.87386634844869
3.24164677804296
3.6835322195704
4.29832935560859
6.54343675417661
4.29832935560859
4.2626491646778
4.74844868735083
3.09069212410501
5.24248210023866
6.19486873508353
4.78412887828162
3.82899761336515
6.04116945107399
4.43007159904534
3.6917661097852
4.01288782816229
3.50238663484487
5.50322195704057
5.59653937947494
6.03019093078759
2.8244630071599
4.63317422434367
7.46837708830549
3.35417661097852
6.52971360381861
5.80787589498807
3.63138424821002
2.80799522673031
3.44200477326969
3.76312649164678
4.05405727923628
4.09797136038186
1.85560859188544
5.33031026252983
6.70811455847255
3.73293556085919
5.22052505966587
4.19952267303103
4.33126491646778
2.46217183770883
3.96073985680191
4.5727923627685
2.48138424821002
6.41992840095465
6.06587112171838
3.39260143198091
3.6890214797136
4.29558472553699
6.32112171837709
3.81527446300716
3.31300715990453
12.0985680190931
3.67804295942721
5.95608591885441
3.77959427207637
6.02195704057279
5.15465393794749
3.4200477326969
3.56002386634845
4.88568019093079
6.04391408114558
2.87386634844869
8.5826968973747
2.09439140811456
3.36515513126492
4.62219570405728
0.0990453460620525
4.81431980906921
2.65704057279236
4.13365155131265
5.67338902147971
2.76957040572792
2.2755369928401
3.18675417661098
3.34045346062052
2.74486873508353
2.8272076372315
5.88198090692124
4.80059665871122
2.64880668257757
2.89033412887828
3.28556085918854
2.95346062052506
7.01825775656325
5.20954653937947
6.80692124105012
4.95704057279236
4.45477326968974
4.8609785202864
4.92410501193317
3.49964200477327
5.77494033412888
4.93782816229117
3.9717183770883
3.96897374701671
3.87291169451074
3.90584725536993
6.32935560859188
7.85811455847255
4.13365155131265
5.15739856801909
8.39880668257756
3.88937947494033
4.07052505966587
4.64140811455847
6.10155131264916
4.48221957040573
3.07422434367542
3.95250596658711
4.02386634844869
4.39713603818616
3.29105011933174
3.27183770883055
1.75405727923628
4.90489260143198
4.45477326968974
3.63687350835322
5.21229116945107
6.55441527446301
2.8381861575179
5.03937947494033
2.30298329355609
4.77315035799523
4.38890214797136
3.3980906921241
3.9909307875895
4.25441527446301
2.49785202863962
4.43007159904534
3.35966587112172
3.17303102625298
4.53711217183771
3.21145584725537
3.32398568019093
4.04582338902148
4.2791169451074
3.56825775656324
5.52243436754176
3.91957040572792
3.95525059665871
2.10536992840095
5.76121718377088
3.83174224343675
4.36420047732697
4.04856801909308
6.38424821002387
5.97255369928401
2.49236276849642
5.21778042959427
3.18126491646778
5.35775656324582
3.85644391408114
3.03579952267303
5.34952267303103
4.98997613365155
3.88937947494033
4.5727923627685
7.46014319809069
1.78973747016706
4.25715990453461
2.87935560859188
7.38054892601432
3.91957040572792
8.21766109785203
5.11073985680191
7.86634844868735
4.2763723150358
3.35417661097852
4.50966587112172
2.5472553699284
3.9717183770883
2.73937947494033
4.33949880668258
2.03675417661098
2.99463007159905
3.23890214797136
4.22971360381861
3.83997613365155
6.38699284009546
5.56360381861575
6.63126491646778
3.03854415274463
4.32303102625298
2.51431980906921
4.17482100238663
3.07422434367542
4.46300715990453
3.28007159904535
3.53532219570406
2.2590692124105
4.76217183770883
3.50238663484487
4.74021479713604
5.75023866348449
8.60465393794749
0.0331742243436754
4.32303102625298
7.26801909307876
4.21599045346062
4.42732696897375
4.2599045346062
2.95620525059666
3.46945107398568
4.98997613365155
4.21873508353222
2.89307875894988
3.32398568019093
3.84546539379475
2.98914081145585
8.37136038186157
8.08866348448687
3.71646778042959
4.02112171837709
15.1643198090692
3.57100238663484
5.97255369928401
15.6912887828162
4.82529832935561
3.15656324582339
2.90954653937947
2.38532219570406
3.55178997613365
3.92231503579952
5.30560859188544
3.4118138424821
5.4236276849642
3.34868735083532
4.00465393794749
2.96443914081146
2.8436754176611
4.20775656324582
4.33675417661098
4.96801909307876
7.32565632458234
2.71467780429594
4.61121718377088
4.10894988066826
2.73663484486873
3.72470167064439
6.37326968973747
5.00095465393795
4.16384248210024
4.91587112171838
3.76861575178998
5.97529832935561
4.01837708830549
2.42374701670644
4.31205250596659
6.73830548926014
4.78687350835322
3.52434367541766
0.425656324582339
5.26992840095465
7.07040572792363
4.60572792362768
6.06038186157518
4.80059665871122
3.96073985680191
14.9639618138425
1.6991646778043
2.74486873508353
7.12255369928401
2.78603818615752
5.24522673031026
2.22064439140811
4.14463007159904
3.93054892601432
3.83174224343675
2.96443914081146
2.61312649164678
6.31288782816229
5.84630071599045
2.73663484486873
4.5645584725537
5.00918854415274
4.02661097852029
2.48412887828162
3.6917661097852
3.09892601431981
3.84272076372315
6.04391408114558
2.49785202863962
5.87100238663484
4.13639618138425
4.89391408114558
5.44832935560859
4.15835322195704
3.02756563245823
4.47398568019093
3.34045346062052
6.38150357995227
5.11622911694511
3.32124105011933
1.86933174224344
4.268138424821
2.79152744630072
3.83723150357995
5.4099045346062
4.17207637231504
7.49582338902148
2.89307875894988
3.83174224343675
3.54081145584725
3.9772076372315
2.11909307875895
7.58365155131265
2.94522673031026
4.39713603818616
2.8326968973747
5.24522673031026
6.63126491646778
6.60930787589499
4.77315035799523
2.76133651551313
3.67804295942721
6.0082338902148
2.71742243436754
4.10346062052506
0.00572792362768497
7.33114558472554
6.01921241050119
4.97899761336515
8.08591885441527
10.1690930787589
3.34594272076372
3.44200477326969
2.73937947494033
3.7054892601432
4.81706443914081
4.75668257756563
2.92601431980907
3.85369928400955
5.81062052505966
3.94427207637231
2.56372315035799
5.20131264916468
2.46766109785203
4.62494033412888
4.93233890214797
5.94785202863962
4.31479713603819
0.184128878281623
5.80787589498807
4.10346062052506
7.00727923627685
3.58198090692124
8.18747016706444
5.93687350835322
3.64236276849642
3.4173031026253
5.25346062052506
2.8272076372315
5.38520286396181
3.50513126491647
2.37434367541766
5.46754176610978
6.21408114558472
3.48591885441527
2.34140811455847
4.31754176610978
4.74844868735083
3.17852028639618
3.6945107398568
5.31658711217184
2.04773269689737
3.36515513126492
5.53341288782816
5.69260143198091
2.66527446300716
5.28914081145585
4.35047732696897
3.4035799522673
5.33579952267303
4.24892601431981
7.01276849642005
3.14832935560859
4.02112171837709
3.50513126491647
3.17303102625298
5.95608591885441
4.60572792362768
3.30202863961814
4.5480906921241
5.02565632458234
4.10894988066826
4.22147971360382
3.05501193317422
3.87840095465394
5.46754176610978
6.96885441527446
6.45835322195704
6.24976133651551
1.80620525059666
3.00835322195704
4.16933174224344
4.5535799522673
3.4227923627685
3.08794749403341
5.84081145584725
3.31849642004773
6.68890214797136
5.28914081145585
4.38890214797136
3.17852028639618
3.28007159904535
3.62040572792363
3.24164677804296
5.76670644391408
3.72744630071599
5.44832935560859
3.59021479713604
9.84522673031026
4.98997613365155
4.2846062052506
4.07052505966587
2.59665871121718
3.65608591885441
3.89761336515513
4.07326968973747
3.26634844868735
3.71372315035799
5.52792362768496
8.41252983293556
2.64331742243437
3.72744630071599
4.77589498806682
3.52983293556086
2.57744630071599
3.68078758949881
2.8409307875895
5.88198090692124
3.87291169451074
3.26085918854415
6.34856801909308
4.02661097852029
3.4008353221957
4.20226730310262
2.89856801909308
4.65238663484487
5.75298329355608
6.51873508353222
2.95346062052506
5.50596658711217
5.93687350835322
4.32577565632458
8.85167064439141
4.92136038186157
6.92494033412888
4.53436754176611
4.10894988066826
3.23341288782816
5.418138424821
2.39904534606205
3.84821002386635
2.62410501193317
3.45572792362768
4.47398568019093
3.61491646778043
3.48317422434367
4.33949880668258
7.01276849642005
3.05775656324582
4.03210023866348
4.89665871121718
10.1059665871122
3.47494033412888
3.57649164677804
4.40262529832935
2.87386634844869
2.99188544152745
3.07971360381862
4.46026252983294
4.05131264916468
4.13365155131265
4.8609785202864
5.07505966587112
4.03484486873508
4.79510739856802
3.32124105011933
2.49510739856802
5.08054892601432
6.79594272076372
6.39522673031026
4.24618138424821
4.15011933174224
5.15465393794749
2.98914081145585
3.17303102625298
3.77684964200477
4.82255369928401
5.7035799522673
4.14737470167064
9.06849642004773
3.63412887828162
3.10715990453461
3.07696897374702
4.65787589498807
5.16837708830549
3.24439140811456
6.87553699284009
10.1608591885442
8.69248210023866
4.12816229116945
4.09797136038186
6.48579952267303
6.8618138424821
2.8354415274463
4.31754176610978
3.73293556085919
5.32756563245823
3.31300715990453
2.8272076372315
5.62124105011933
3.75763723150358
4.07875894988067
6.18663484486873
4.33126491646778
5.55811455847255
3.6917661097852
4.46575178997613
4.36968973747017
6.50775656324582
4.21873508353222
4.29009546539379
3.06324582338902
8.02828162291169
2.61038186157518
5.07780429594272
4.42732696897375
4.36968973747017
11.5661097852029
4.10620525059666
5.92589498806682
4.07052505966587
5.56085918854415
3.08520286396181
5.40167064439141
3.96897374701671
3.26085918854415
5.87374701670644
6.55715990453461
5.60477326968974
3.16754176610978
4.98174224343675
6.23878281622912
4.99821002386635
4.53162291169451
3.83723150357995
7.25155131264916
6.66968973747017
5.15465393794749
4.2626491646778
4.30107398568019
5.27816229116945
4.99546539379475
5.93687350835322
3.05775656324582
2.58293556085919
3.4008353221957
5.37696897374702
5.11073985680191
4.32852028639618
3.4200477326969
4.47947494033413
4.32303102625298
2.72291169451074
4.24343675417661
6.72458233890215
6.67243436754176
6.21408114558472
3.94976133651551
2.41002386634845
5.19033412887828
2.8381861575179
9.4554892601432
4.46575178997613
5.86276849642005
16.1798329355609
3.60393794749403
5.97804295942721
6.22780429594272
2.5554892601432
4.32852028639618
3.52159904534606
6.49128878281623
2.59940334128878
5.27816229116945
2.39355608591885
2.2590692124105
5.64319809069212
6.44188544152744
3.29928400954654
3.46945107398568
6.92219570405728
3.53257756563246
3.82899761336515
4.03210023866348
4.02935560859188
6.31288782816229
5.15465393794749
3.84821002386635
3.1291169451074
2.47863961813842
