0.236276849642005
0.167661097852029
0.381742243436754
0.247255369928401
0.354295942720764
0.214319809069212
0.0167064439140811
0.200596658711217
0.115513126491647
0.184128878281623
0.0990453460620525
0.302147971360382
0.0249403341288783
0.389976133651551
0.639737470167064
0.181384248210024
0.170405727923628
0.118257756563246
0.156682577565632
0.68090692124105
0.118257756563246
0.148448687350835
0.0359188544152745
0.10727923627685
0.121002386634845
1.3945107398568
0.159427207637232
0.121002386634845
0.414677804295943
0.110023866348449
0.0523866348448687
0.195107398568019
0.241766109785203
0.115513126491647
0.0523866348448687
0.285680190930788
0.137470167064439
0.351551312649165
0.36527446300716
0.0167064439140811
0.123747016706444
0.181384248210024
0.584844868735083
0.197852028639618
0.068854415274463
0.10727923627685
0.0359188544152745
0.225298329355609
0.293914081145585
0.140214797136038
0.0963007159904535
0.140214797136038
0.00572792362768497
0.217064439140811
0.203341288782816
0.189618138424821
0.0551312649164678
0.0414081145584726
0.255489260143198
0.0963007159904535
0.137470167064439
0.0770883054892601
0.230787589498807
0.16491646778043
0.656205250596659
0.554653937947494
0.376252983293556
0.370763723150358
0.252744630071599
0.211575178997613
0.0853221957040573
0.112768496420048
0.280190930787589
0.071599045346062
0.368019093078759
0.0359188544152745
0.233532219570406
0.10727923627685
0.442124105011933
0.315871121718377
0.263723150357995
0.310381861575179
0.329594272076372
0.236276849642005
0.837350835322196
0.197852028639618
0.159427207637232
0.0880668257756563
0.387231503579952
0.140214797136038
0.126491646778043
0.0606205250596659
0.175894988066826
0.0908114558472554
0.0441527446300716
0.214319809069212
0.455847255369928
0.381742243436754
0.13472553699284
0.0276849642004773
0.200596658711217
0.142959427207637
0.0880668257756563
0.203341288782816
0.313126491646778
0.239021479713604
0.16491646778043
0.343317422434367
0.241766109785203
0.137470167064439
0.0606205250596659
0.0331742243436754
0.343317422434367
0.318615751789976
0.324105011933174
0.475059665871122
0.502505966587112
0.148448687350835
0.140214797136038
0.159427207637232
0.066109785202864
0.381742243436754
0.211575178997613
0.340572792362768
0.167661097852029
0.112768496420048
0.0331742243436754
0.142959427207637
0.101789976133652
0.121002386634845
0.315871121718377
0.0798329355608592
0.228042959427208
0.203341288782816
0.263723150357995
0.186873508353222
0.156682577565632
0.0908114558472554
0.217064439140811
0.0633651551312649
0.271957040572792
0.129236276849642
0.16491646778043
0.0194510739856802
0.252744630071599
0.195107398568019
0.50799522673031
0.219809069212411
0.151193317422434
0.291169451073986
0.247255369928401
0.400954653937947
0.27744630071599
0.0551312649164678
0.126491646778043
0.291169451073986
0.247255369928401
0.384486873508353
0.159427207637232
0.376252983293556
0.181384248210024
0.00298329355608592
0.0551312649164678
0.0990453460620525
0.247255369928401
0.230787589498807
0.39272076372315
0.10727923627685
0.137470167064439
0.123747016706444
0.197852028639618
0.475059665871122
0.0221957040572792
0.0221957040572792
0.101789976133652
0.373508353221957
0.112768496420048
0.0523866348448687
0.104534606205251
0.252744630071599
0.0139618138424821
0.00847255369928401
0.173150357995227
0.16491646778043
0.241766109785203
0.000238663484486879
0.351551312649165
0.110023866348449
0.0304295942720764
0.131980906921241
0.244510739856802
0.0825775656324582
0.214319809069212
0.0578758949880668
0.612291169451074
0.115513126491647
0.22255369928401
0.0249403341288783
0.145704057279236
0.00298329355608592
0.255489260143198
0.269212410501193
0.236276849642005
0.126491646778043
0.186873508353222
0.197852028639618
0.101789976133652
0.477804295942721
0.13472553699284
0.000238663484486879
0.153937947494033
0.0249403341288783
0.217064439140811
0.351551312649165
0.167661097852029
0.233532219570406
0.112768496420048
0.110023866348449
0.214319809069212
0.200596658711217
0.230787589498807
0.0468973747016706
0.329594272076372
0.10727923627685
0.0853221957040573
0.173150357995227
0.156682577565632
0.140214797136038
0.357040572792363
0.296658711217184
0.387231503579952
0.0633651551312649
0.25
0.318615751789976
0.33508353221957
0.200596658711217
0.22255369928401
0.233532219570406
0.121002386634845
0.326849642004773
0.689140811455847
0.0853221957040573
0.0798329355608592
0.123747016706444
0.178639618138425
0.175894988066826
0.181384248210024
0.0880668257756563
0.260978520286396
0.562887828162291
0.384486873508353
0.282935560859189
0.27744630071599
0.0853221957040573
0.0578758949880668
0.0167064439140811
0.066109785202864
0.181384248210024
0.131980906921241
0.25
0.255489260143198
0.145704057279236
0.0441527446300716
0.137470167064439
0.727565632458234
0.252744630071599
0.206085918854415
0.252744630071599
0.247255369928401
0.16491646778043
0.324105011933174
0.151193317422434
0.584844868735083
0.0139618138424821
0.066109785202864
0.0880668257756563
0.16491646778043
0.208830548926014
0.0441527446300716
0.129236276849642
0.362529832935561
0.156682577565632
0.461336515513126
0.346062052505967
0.22255369928401
0.0963007159904535
0.318615751789976
0.0359188544152745
0.0633651551312649
0.214319809069212
0.0441527446300716
0.189618138424821
0.230787589498807
0.142959427207637
0.236276849642005
0.0331742243436754
0.0249403341288783
0.425656324582339
0.0249403341288783
0.159427207637232
0.0578758949880668
0.137470167064439
0.195107398568019
0.0194510739856802
0.118257756563246
0.175894988066826
0.263723150357995
0.304892601431981
0.0221957040572792
0.228042959427208
0.0167064439140811
0.560143198090692
0.184128878281623
0.189618138424821
0.45035799522673
0.0633651551312649
0.354295942720764
0.195107398568019
0.252744630071599
0.985560859188544
0.208830548926014
0.184128878281623
0.417422434367542
0.140214797136038
0.27744630071599
0.0496420047732697
0.25
0.203341288782816
0.211575178997613
0.211575178997613
0.348806682577566
0.0606205250596659
0.167661097852029
0.406443914081145
0.101789976133652
0.30763723150358
0.274701670644391
0.0331742243436754
0.0386634844868735
0.30763723150358
0.571121718377088
0.343317422434367
0.110023866348449
0.101789976133652
0.0963007159904535
0.10727923627685
0.466825775656324
0.409188544152745
0.373508353221957
0.0414081145584726
0.0167064439140811
0.200596658711217
0.142959427207637
0.299403341288783
0.162171837708831
0.189618138424821
0.000238663484486879
0.280190930787589
0.0496420047732697
0.00847255369928401
0.0743436754176611
0.0880668257756563
0.411933174224344
0.466825775656324
0.123747016706444
0.293914081145585
0.151193317422434
0.244510739856802
0.285680190930788
0.181384248210024
0.151193317422434
0.274701670644391
0.0963007159904535
0.241766109785203
0.22255369928401
0.299403341288783
0.288424821002387
0.263723150357995
0.239021479713604
0.368019093078759
0.22255369928401
0.0798329355608592
0.606801909307876
0.22255369928401
0.200596658711217
0.0935560859188544
0.395465393794749
0.153937947494033
0.200596658711217
0.159427207637232
0.0221957040572792
0.142959427207637
0.0523866348448687
0.19236276849642
0.282935560859189
0.140214797136038
0.368019093078759
0.239021479713604
0.00847255369928401
0.0935560859188544
0.170405727923628
0.115513126491647
0.464081145584725
0.0743436754176611
0.0139618138424821
0.867541766109785
0.0551312649164678
0.13472553699284
0.247255369928401
0.178639618138425
0.244510739856802
0.315871121718377
0.436634844868735
0.13472553699284
0.101789976133652
0.0743436754176611
0.131980906921241
0.162171837708831
0.118257756563246
0.181384248210024
0.755011933174224
0.118257756563246
0.486038186157518
0.244510739856802
0.258233890214797
0.217064439140811
0.0880668257756563
0.368019093078759
0.263723150357995
0.115513126491647
0.269212410501193
0.398210023866348
0.110023866348449
0.186873508353222
0.219809069212411
0.22255369928401
0.0578758949880668
0.211575178997613
0.121002386634845
0.197852028639618
0.19236276849642
0.170405727923628
0.0578758949880668
0.0578758949880668
0.156682577565632
0.258233890214797
0.151193317422434
0.280190930787589
0.167661097852029
0.376252983293556
0.658949880668258
0.131980906921241
0.0194510739856802
0.151193317422434
0.329594272076372
0.203341288782816
0.280190930787589
0.0606205250596659
0.0523866348448687
0.184128878281623
0.0825775656324582
0.112768496420048
0.162171837708831
0.167661097852029
0.0935560859188544
0.137470167064439
0.0935560859188544
0.228042959427208
0.239021479713604
0.195107398568019
0.252744630071599
0.137470167064439
0.173150357995227
0.200596658711217
0.19236276849642
0.447613365155131
0.269212410501193
0.274701670644391
0.324105011933174
0.145704057279236
0.348806682577566
0.252744630071599
0.162171837708831
0.269212410501193
0.291169451073986
0.381742243436754
0.318615751789976
0.16491646778043
0.0112171837708831
0.148448687350835
0.219809069212411
0.326849642004773
0.178639618138425
0.313126491646778
0.206085918854415
0.0441527446300716
0.153937947494033
0.129236276849642
0.211575178997613
0.129236276849642
0.131980906921241
0.066109785202864
0.112768496420048
0.167661097852029
0.151193317422434
0.403699284009546
0.13472553699284
0.115513126491647
0.252744630071599
0.148448687350835
0.584844868735083
0.162171837708831
0.211575178997613
0.19236276849642
0.159427207637232
0.252744630071599
0.148448687350835
0.0578758949880668
0.0606205250596659
0.208830548926014
0.186873508353222
0.068854415274463
0.153937947494033
0.551909307875895
0.13472553699284
0.0414081145584726
0.13472553699284
0.00298329355608592
0.162171837708831
0.0496420047732697
0.0743436754176611
0.145704057279236
0.0633651551312649
0.0908114558472554
0.472315035799523
0.112768496420048
0.230787589498807
0.195107398568019
0.239021479713604
0.162171837708831
0.186873508353222
0.346062052505967
0.162171837708831
0.145704057279236
0.368019093078759
0.0331742243436754
0.170405727923628
0.131980906921241
0.00847255369928401
0.228042959427208
0.217064439140811
0.217064439140811
0.266467780429594
0.225298329355609
0.313126491646778
0.159427207637232
0.56563245823389
0.214319809069212
0.175894988066826
0.16491646778043
0.25
0.0798329355608592
0.162171837708831
0.329594272076372
0.0963007159904535
0.247255369928401
0.291169451073986
0.131980906921241
0.255489260143198
0.0798329355608592
0.189618138424821
0.241766109785203
0.189618138424821
0.0359188544152745
0.0606205250596659
0.00847255369928401
0.170405727923628
0.0359188544152745
0.0523866348448687
0.491527446300716
0.22255369928401
0.118257756563246
0.173150357995227
0.381742243436754
0.0825775656324582
0.16491646778043
0.159427207637232
0.148448687350835
0.175894988066826
0.000238663484486879
1.89128878281623
0.10727923627685
0.905966587112172
0.291169451073986
0.195107398568019
0.282935560859189
0.208830548926014
0.0276849642004773
0.239021479713604
0.30763723150358
0.0496420047732697
0.148448687350835
0.112768496420048
0.110023866348449
0.244510739856802
0.274701670644391
0.175894988066826
0.0880668257756563
0.285680190930788
0.129236276849642
0.255489260143198
0.0990453460620525
0.206085918854415
0.101789976133652
0.16491646778043
0.225298329355609
0.310381861575179
0.151193317422434
0.348806682577566
0.19236276849642
0.189618138424821
0.16491646778043
0.140214797136038
0.296658711217184
0.181384248210024
0.387231503579952
0.211575178997613
0.0304295942720764
0.173150357995227
0.121002386634845
0.118257756563246
0.112768496420048
0.145704057279236
0.0606205250596659
0.159427207637232
0.288424821002387
0.255489260143198
0.148448687350835
0.288424821002387
0.0935560859188544
0.211575178997613
0.477804295942721
0.258233890214797
0.0331742243436754
0.239021479713604
0.48054892601432
0.447613365155131
0.145704057279236
0.162171837708831
0.0935560859188544
0.00298329355608592
0.173150357995227
0.203341288782816
0.153937947494033
0.381742243436754
0.208830548926014
0.208830548926014
0.0935560859188544
0.337828162291169
0.159427207637232
0.241766109785203
0.293914081145585
0.326849642004773
0.145704057279236
0.274701670644391
0.0276849642004773
0.255489260143198
0.0880668257756563
0.159427207637232
0.153937947494033
0.0798329355608592
0.162171837708831
0.121002386634845
0.293914081145585
0.10727923627685
0.0194510739856802
0.131980906921241
0.0496420047732697
0.068854415274463
0.126491646778043
0.184128878281623
0.170405727923628
0.241766109785203
0.244510739856802
0.0304295942720764
0.299403341288783
0.000238663484486879
0.357040572792363
0.217064439140811
0.195107398568019
0.535441527446301
0.302147971360382
0.145704057279236
0.329594272076372
0.200596658711217
0.159427207637232
0.568377088305489
0.19236276849642
0.0633651551312649
0.118257756563246
0.357040572792363
0.0139618138424821
0.0606205250596659
0.378997613365155
0.10727923627685
0.066109785202864
0.0743436754176611
0.0770883054892601
0.601312649164678
0.101789976133652
0.13472553699284
0.225298329355609
0.590334128878282
0.362529832935561
0.0770883054892601
0.112768496420048
0.282935560859189
0.145704057279236
0.101789976133652
0.255489260143198
0.110023866348449
0.0963007159904535
0.0908114558472554
0.118257756563246
0.0880668257756563
0.606801909307876
0.129236276849642
0.066109785202864
0.121002386634845
0.129236276849642
0.0221957040572792
0.0798329355608592
0.00572792362768497
0.131980906921241
0.469570405727924
0.104534606205251
0.101789976133652
0.173150357995227
0.318615751789976
0.184128878281623
0.184128878281623
0.173150357995227
0.0853221957040573
0.22255369928401
0.417422434367542
0.274701670644391
0.200596658711217
0.288424821002387
0.0798329355608592
0.219809069212411
0.173150357995227
0.425656324582339
0.33508353221957
0.239021479713604
0.214319809069212
0.0468973747016706
0.211575178997613
0.337828162291169
0.19236276849642
0.131980906921241
0.0963007159904535
0.225298329355609
0.19236276849642
0.071599045346062
0.0578758949880668
0.0276849642004773
0.126491646778043
0.266467780429594
0.340572792362768
0.0249403341288783
0.0441527446300716
0.225298329355609
0.181384248210024
0.73854415274463
0.123747016706444
0.00572792362768497
0.071599045346062
0.16491646778043
0.211575178997613
0.587589498806683
0.0551312649164678
0.260978520286396
0.313126491646778
0.236276849642005
0.0551312649164678
0.0935560859188544
0.184128878281623
0.19236276849642
0.36527446300716
0.258233890214797
0.326849642004773
0.433890214797136
0.233532219570406
0.50799522673031
0.131980906921241
0.675417661097852
0.368019093078759
0.321360381861575
0.0139618138424821
0.324105011933174
0.389976133651551
0.241766109785203
0.45035799522673
0.0633651551312649
0.0249403341288783
0.302147971360382
0.118257756563246
0.310381861575179
0.148448687350835
0.299403341288783
0.0908114558472554
0.0798329355608592
0.0935560859188544
0.219809069212411
0.0551312649164678
0.110023866348449
0.239021479713604
0.381742243436754
0.140214797136038
0.126491646778043
0.140214797136038
0.211575178997613
0.195107398568019
0.453102625298329
0.291169451073986
0.189618138424821
0.211575178997613
0.0331742243436754
0.310381861575179
0.0112171837708831
0.266467780429594
0.447613365155131
0.145704057279236
0.0441527446300716
0.066109785202864
0.228042959427208
0.170405727923628
0.13472553699284
0.206085918854415
0.636992840095465
0.313126491646778
0.299403341288783
0.0633651551312649
0.178639618138425
0.0523866348448687
0.0798329355608592
0.25
0.16491646778043
0.0825775656324582
0.126491646778043
0.145704057279236
0.178639618138425
0.293914081145585
0.414677804295943
0.387231503579952
0.16491646778043
0.263723150357995
0.274701670644391
0.403699284009546
0.271957040572792
0.269212410501193
0.211575178997613
0.0853221957040573
0.269212410501193
0.263723150357995
0.137470167064439
0.27744630071599
0.233532219570406
0.131980906921241
0.068854415274463
0.0386634844868735
0.0359188544152745
0.494272076372315
0.0441527446300716
0.260978520286396
0.0770883054892601
0.126491646778043
0.0112171837708831
0.299403341288783
0.123747016706444
0.255489260143198
0.431145584725537
0.0386634844868735
0.263723150357995
0.354295942720764
0.219809069212411
0.225298329355609
0.0633651551312649
0.148448687350835
0.236276849642005
0.110023866348449
0.140214797136038
0.118257756563246
0.118257756563246
0.129236276849642
0.0880668257756563
0.562887828162291
0.16491646778043
0.25
0.121002386634845
0.0359188544152745
0.162171837708831
0.206085918854415
0.288424821002387
0.293914081145585
0.302147971360382
0.200596658711217
0.343317422434367
0.266467780429594
0.260978520286396
0.159427207637232
0.131980906921241
0.0880668257756563
0.10727923627685
0.178639618138425
0.197852028639618
0.153937947494033
0.258233890214797
0.315871121718377
0.288424821002387
0.115513126491647
0.16491646778043
0.282935560859189
0.217064439140811
0.153937947494033
0.25
0.568377088305489
0.13472553699284
0.162171837708831
0.13472553699284
0.0496420047732697
0.0468973747016706
0.348806682577566
0.744033412887828
0.321360381861575
0.36527446300716
0.0606205250596659
0.582100238663484
0.195107398568019
0.332338902147971
0.258233890214797
0.13472553699284
0.142959427207637
0.0468973747016706
0.0167064439140811
0.142959427207637
0.137470167064439
0.0276849642004773
0.126491646778043
0.184128878281623
0.0167064439140811
0.228042959427208
0.175894988066826
0.121002386634845
0.0880668257756563
0.104534606205251
0.200596658711217
0.151193317422434
0.0743436754176611
0.0990453460620525
0.280190930787589
0.296658711217184
0.219809069212411
0.33508353221957
0.066109785202864
0.186873508353222
0.321360381861575
0.239021479713604
0.214319809069212
0.0935560859188544
0.0935560859188544
0.129236276849642
0.0633651551312649
0.0880668257756563
0.195107398568019
0.0249403341288783
0.59582338902148
0.0304295942720764
0.123747016706444
0.217064439140811
0.0935560859188544
0.153937947494033
0.0386634844868735
0.329594272076372
0.203341288782816
0.0853221957040573
0.140214797136038
0.189618138424821
0.0880668257756563
0.0798329355608592
0.0606205250596659
0.282935560859189
0.22255369928401
0.10727923627685
0.0606205250596659
0.266467780429594
0.436634844868735
0.170405727923628
0.068854415274463
0.0578758949880668
0.244510739856802
0.293914081145585
0.263723150357995
0.466825775656324
0.318615751789976
0.178639618138425
0.30763723150358
0.00847255369928401
0.203341288782816
0.101789976133652
0.219809069212411
0.0853221957040573
0.247255369928401
0.329594272076372
0.252744630071599
0.33508353221957
0.00298329355608592
0.0523866348448687
0.0386634844868735
0.129236276849642
0.217064439140811
0.217064439140811
0.27744630071599
0.0908114558472554
0.068854415274463
0.19236276849642
0.368019093078759
0.151193317422434
0.140214797136038
0.16491646778043
0.10727923627685
0.140214797136038
0.304892601431981
0.549164677804296
0.178639618138425
0.0908114558472554
0.318615751789976
0.137470167064439
0.0963007159904535
0.153937947494033
0.247255369928401
0.19236276849642
0.0606205250596659
0.19236276849642
0.071599045346062
0.378997613365155
0.121002386634845
0.39272076372315
0.10727923627685
0.167661097852029
0.340572792362768
0.189618138424821
0.0249403341288783
0.066109785202864
0.140214797136038
0.244510739856802
0.233532219570406
0.236276849642005
0.263723150357995
0.293914081145585
0.131980906921241
0.148448687350835
0.068854415274463
0.181384248210024
0.313126491646778
0.0825775656324582
0.0908114558472554
0.151193317422434
0.477804295942721
0.206085918854415
0.0880668257756563
0.263723150357995
0.0853221957040573
0.304892601431981
0.293914081145585
0.173150357995227
0.263723150357995
0.10727923627685
0.175894988066826
0.159427207637232
0.0194510739856802
0.436634844868735
0.118257756563246
0.137470167064439
0.181384248210024
0.184128878281623
0.62326968973747
0.140214797136038
0.239021479713604
0.260978520286396
0.101789976133652
0.291169451073986
0.33508353221957
0.0880668257756563
0.00847255369928401
0.071599045346062
0.0606205250596659
0.0276849642004773
0.263723150357995
0.131980906921241
0.112768496420048
0.252744630071599
0.466825775656324
0.071599045346062
0.217064439140811
0.233532219570406
0.153937947494033
0.288424821002387
0.173150357995227
0.153937947494033
0.25
0.27744630071599
0.200596658711217
0.186873508353222
0.252744630071599
0.13472553699284
0.112768496420048
0.318615751789976
0.101789976133652
0.409188544152745
0.170405727923628
0.359785202863962
0.195107398568019
0.00298329355608592
0.170405727923628
0.0112171837708831
0.33508353221957
0.110023866348449
0.0139618138424821
0.258233890214797
0.145704057279236
0.115513126491647
0.0853221957040573
0.123747016706444
0.142959427207637
0.10727923627685
0.178639618138425
0.368019093078759
0.173150357995227
0.343317422434367
0.370763723150358
0.381742243436754
0.25
0.175894988066826
0.219809069212411
0.0359188544152745
0.346062052505967
0.255489260143198
0.148448687350835
0.255489260143198
0.362529832935561
0.10727923627685
0.184128878281623
0.0853221957040573
0.420167064439141
0.131980906921241
0.282935560859189
0.178639618138425
0.0386634844868735
0.271957040572792
0.137470167064439
0.282935560859189
0.239021479713604
0.33508353221957
0.0523866348448687
0.225298329355609
0.0880668257756563
0.296658711217184
0.252744630071599
0.244510739856802
0.140214797136038
0.387231503579952
0.228042959427208
0.420167064439141
0.101789976133652
0.398210023866348
0.27744630071599
0.162171837708831
0.167661097852029
0.170405727923628
0.110023866348449
0.0853221957040573
0.318615751789976
0.137470167064439
0.142959427207637
0.0743436754176611
0.0908114558472554
0.206085918854415
0.211575178997613
0.189618138424821
0.324105011933174
0.208830548926014
0.376252983293556
0.266467780429594
0.0331742243436754
0.260978520286396
0.162171837708831
0.0825775656324582
0.10727923627685
0.0194510739856802
0.175894988066826
0.0386634844868735
0.186873508353222
0.068854415274463
0.241766109785203
0.499761336515513
0.115513126491647
0.00298329355608592
0.112768496420048
0.112768496420048
0.115513126491647
0.296658711217184
0.121002386634845
0.409188544152745
0.0194510739856802
0.184128878281623
0.0606205250596659
0.337828162291169
0.118257756563246
0.173150357995227
0.439379474940334
0.211575178997613
0.228042959427208
0.22255369928401
0.110023866348449
0.189618138424821
0.156682577565632
0.175894988066826
0.376252983293556
0.159427207637232
0.0331742243436754
0.0770883054892601
0.195107398568019
0.178639618138425
0.219809069212411
0.167661097852029
0.217064439140811
0.260978520286396
0.167661097852029
0.280190930787589
0.118257756563246
0.0990453460620525
0.406443914081145
0.123747016706444
0.219809069212411
0.315871121718377
0.148448687350835
0.266467780429594
0.0853221957040573
0.140214797136038
0.296658711217184
0.0908114558472554
0.472315035799523
0.19236276849642
0.381742243436754
0.0551312649164678
0.206085918854415
0.137470167064439
0.282935560859189
0.228042959427208
0.228042959427208
0.56563245823389
0.170405727923628
0.129236276849642
0.321360381861575
0.521718377088305
0.326849642004773
0.118257756563246
0.343317422434367
0.0523866348448687
0.200596658711217
0.0880668257756563
0.10727923627685
0.0359188544152745
0.181384248210024
0.39272076372315
0.340572792362768
0.0249403341288783
0.354295942720764
0.0468973747016706
0.173150357995227
0.260978520286396
0.0441527446300716
0.510739856801909
0.126491646778043
0.0770883054892601
0.798926014319809
0.0276849642004773
0.219809069212411
0.104534606205251
0.230787589498807
0.181384248210024
0.433890214797136
0.678162291169451
0.228042959427208
0.304892601431981
0.195107398568019
0.313126491646778
0.39272076372315
0.19236276849642
0.167661097852029
0.491527446300716
0.137470167064439
0.22255369928401
1.3890214797136
0.0908114558472554
0.0221957040572792
0.148448687350835
0.195107398568019
0.159427207637232
0.19236276849642
0.274701670644391
0.129236276849642
0.255489260143198
0.129236276849642
0.247255369928401
0.137470167064439
0.148448687350835
0.0963007159904535
0.318615751789976
0.137470167064439
0.115513126491647
0.0990453460620525
0.203341288782816
0.200596658711217
0.269212410501193
0.313126491646778
0.123747016706444
0.225298329355609
0.110023866348449
0.186873508353222
0.359785202863962
0.068854415274463
0.241766109785203
0.123747016706444
0.0743436754176611
0.110023866348449
0.118257756563246
0.428400954653938
0.104534606205251
0.167661097852029
0.403699284009546
0.167661097852029
0.175894988066826
0.0963007159904535
0.0139618138424821
0.173150357995227
0.0606205250596659
0.0606205250596659
0.101789976133652
0.178639618138425
0.228042959427208
0.340572792362768
0.0441527446300716
0.230787589498807
0.0276849642004773
0.104534606205251
0.313126491646778
0.269212410501193
0.0578758949880668
0.137470167064439
0.178639618138425
0.00298329355608592
0.260978520286396
0.304892601431981
0.230787589498807
0.181384248210024
0.241766109785203
0.398210023866348
0.00847255369928401
0.214319809069212
0.274701670644391
0.0990453460620525
0.068854415274463
0.131980906921241
0.0523866348448687
0.170405727923628
0.13472553699284
0.131980906921241
0.175894988066826
0.071599045346062
0.0304295942720764
0.173150357995227
0.0331742243436754
0.0743436754176611
0.189618138424821
0.140214797136038
0.25
0.175894988066826
0.159427207637232
0.321360381861575
0.211575178997613
0.442124105011933
0.299403341288783
0.131980906921241
0.129236276849642
0.0798329355608592
0.142959427207637
0.167661097852029
0.285680190930788
0.151193317422434
0.162171837708831
0.13472553699284
0.346062052505967
0.27744630071599
0.0523866348448687
0.357040572792363
0.228042959427208
0.140214797136038
0.16491646778043
0.255489260143198
0.173150357995227
0.071599045346062
0.211575178997613
0.0935560859188544
0.0770883054892601
0.0441527446300716
0.126491646778043
0.211575178997613
0.068854415274463
0.184128878281623
0.0468973747016706
0.156682577565632
0.112768496420048
0.219809069212411
0.0798329355608592
0.0194510739856802
0.16491646778043
0.071599045346062
0.145704057279236
0.280190930787589
0.274701670644391
0.0194510739856802
0.173150357995227
0.357040572792363
0.0221957040572792
0.0633651551312649
0.33508353221957
0.263723150357995
0.208830548926014
0.326849642004773
0.285680190930788
0.0304295942720764
0.288424821002387
0.27744630071599
0.269212410501193
0.260978520286396
0.186873508353222
0.497016706443914
0.0743436754176611
0.491527446300716
0.068854415274463
0.0606205250596659
0.33508353221957
0.162171837708831
0.27744630071599
0.0935560859188544
0.19236276849642
0.200596658711217
0.13472553699284
0.241766109785203
0.0496420047732697
0.0331742243436754
0.184128878281623
0.178639618138425
0.22255369928401
0.0139618138424821
0.121002386634845
0.351551312649165
0.431145584725537
0.16491646778043
0.16491646778043
0.112768496420048
0.45035799522673
0.45035799522673
0.700119331742243
0.186873508353222
0.189618138424821
0.532696897374702
0.10727923627685
0.22255369928401
0.189618138424821
0.0386634844868735
0.228042959427208
0.142959427207637
0.16491646778043
0.0825775656324582
0.211575178997613
0.151193317422434
0.123747016706444
0.0578758949880668
0.0249403341288783
0.126491646778043
0.167661097852029
0.433890214797136
0.173150357995227
0.123747016706444
0.219809069212411
0.42291169451074
0.0880668257756563
0.0386634844868735
0.228042959427208
0.148448687350835
0.186873508353222
0.197852028639618
0.0853221957040573
0.068854415274463
0.175894988066826
0.0414081145584726
0.0578758949880668
0.291169451073986
0.247255369928401
0.357040572792363
0.25
0.230787589498807
0.228042959427208
0.13472553699284
0.359785202863962
0.464081145584725
0.0249403341288783
0.19236276849642
0.0167064439140811
0.0880668257756563
0.115513126491647
0.0468973747016706
0.184128878281623
0.233532219570406
0.123747016706444
0.892243436754177
0.0880668257756563
0.376252983293556
0.173150357995227
0.189618138424821
0.206085918854415
0.0770883054892601
0.491527446300716
0.266467780429594
0.302147971360382
0.296658711217184
0.206085918854415
0.178639618138425
0.167661097852029
0.0221957040572792
0.217064439140811
0.359785202863962
0.285680190930788
0.274701670644391
0.274701670644391
0.126491646778043
0.296658711217184
0.181384248210024
0.252744630071599
0.115513126491647
0.225298329355609
0.381742243436754
0.269212410501193
0.0633651551312649
0.00572792362768497
0.376252983293556
0.0414081145584726
0.22255369928401
0.370763723150358
0.156682577565632
0.444868735083532
0.0331742243436754
0.0908114558472554
0.318615751789976
0.510739856801909
0.184128878281623
0.123747016706444
0.30763723150358
0.126491646778043
0.186873508353222
0.351551312649165
0.302147971360382
0.104534606205251
0.0194510739856802
0.118257756563246
0.30763723150358
0.101789976133652
0.159427207637232
0.304892601431981
0.0935560859188544
0.181384248210024
0.137470167064439
0.228042959427208
0.206085918854415
0.340572792362768
0.241766109785203
0.19236276849642
0.131980906921241
0.159427207637232
0.104534606205251
0.244510739856802
0.697374701670644
0.321360381861575
0.19236276849642
0.167661097852029
0.219809069212411
0.225298329355609
0.247255369928401
0.217064439140811
0.13472553699284
0.123747016706444
0.153937947494033
0.0578758949880668
0.142959427207637
0.0770883054892601
0.269212410501193
0.0276849642004773
0.332338902147971
0.118257756563246
0.101789976133652
0.219809069212411
0.0523866348448687
0.173150357995227
0.189618138424821
0.0990453460620525
0.291169451073986
0.0221957040572792
0.332338902147971
0.0578758949880668
0.129236276849642
0.0935560859188544
0.225298329355609
0.280190930787589
0.0606205250596659
0.145704057279236
0.233532219570406
0.189618138424821
0.0414081145584726
0.137470167064439
0.115513126491647
0.170405727923628
0.0112171837708831
0.16491646778043
0.280190930787589
0.211575178997613
0.189618138424821
0.30763723150358
0.255489260143198
0.066109785202864
0.409188544152745
0.197852028639618
0.170405727923628
0.260978520286396
0.0441527446300716
0.162171837708831
0.0414081145584726
0.123747016706444
0.208830548926014
0.458591885441527
0.0304295942720764
0.162171837708831
0.112768496420048
0.0523866348448687
0.208830548926014
0.178639618138425
0.068854415274463
0.798926014319809
0.499761336515513
0.266467780429594
0.101789976133652
0.0276849642004773
0.260978520286396
0.0880668257756563
0.175894988066826
0.337828162291169
0.153937947494033
0.0276849642004773
0.0633651551312649
0.0194510739856802
0.244510739856802
0.0139618138424821
0.376252983293556
0.0496420047732697
0.16491646778043
0.219809069212411
0.200596658711217
0.121002386634845
0.0880668257756563
0.104534606205251
0.148448687350835
0.239021479713604
0.131980906921241
0.288424821002387
0.22255369928401
0.411933174224344
0.19236276849642
0.13472553699284
0.170405727923628
0.129236276849642
0.118257756563246
0.19236276849642
0.153937947494033
0.0963007159904535
0.247255369928401
0.129236276849642
0.0606205250596659
0.181384248210024
0.406443914081145
0.184128878281623
0.0551312649164678
0.200596658711217
0.573866348448687
0.142959427207637
0.346062052505967
0.315871121718377
0.159427207637232
0.299403341288783
0.293914081145585
0.357040572792363
0.151193317422434
0.214319809069212
0.0139618138424821
0.170405727923628
0.10727923627685
0.068854415274463
0.25
0.214319809069212
0.0551312649164678
0.118257756563246
0.129236276849642
0.239021479713604
0.318615751789976
0.00847255369928401
0.170405727923628
0.071599045346062
0.324105011933174
0.00298329355608592
0.0935560859188544
0.0359188544152745
0.167661097852029
0.263723150357995
0.241766109785203
0.340572792362768
0.0990453460620525
0.162171837708831
0.0249403341288783
0.123747016706444
0.0990453460620525
0.200596658711217
0.241766109785203
0.13472553699284
0.137470167064439
0.0633651551312649
0.0194510739856802
0.0523866348448687
0.151193317422434
0.22255369928401
0.0551312649164678
0.071599045346062
0.0414081145584726
0.10727923627685
0.0825775656324582
0.228042959427208
0.000238663484486879
0.159427207637232
0.189618138424821
0.0523866348448687
0.0990453460620525
0.282935560859189
0.104534606205251
0.118257756563246
0.271957040572792
0.104534606205251
0.22255369928401
0.0414081145584726
0.162171837708831
0.00572792362768497
0.214319809069212
0.071599045346062
0.140214797136038
0.0441527446300716
0.0908114558472554
0.0496420047732697
0.140214797136038
0.10727923627685
0.0770883054892601
0.351551312649165
0.115513126491647
0.126491646778043
0.173150357995227
0.228042959427208
0.142959427207637
0.42291169451074
0.313126491646778
0.389976133651551
0.156682577565632
0.219809069212411
0.126491646778043
0.354295942720764
0.247255369928401
0.167661097852029
0.175894988066826
0.263723150357995
0.068854415274463
0.071599045346062
0.228042959427208
0.0276849642004773
0.101789976133652
0.115513126491647
0.0963007159904535
0.137470167064439
0.214319809069212
0.299403341288783
0.239021479713604
0.170405727923628
0.999284009546539
0.271957040572792
0.683651551312649
0.071599045346062
0.214319809069212
0.255489260143198
0.068854415274463
0.206085918854415
0.0606205250596659
0.420167064439141
0.368019093078759
0.0139618138424821
0.178639618138425
0.145704057279236
0.0221957040572792
0.13472553699284
0.131980906921241
0.0139618138424821
0.626014319809069
0.173150357995227
0.175894988066826
0.214319809069212
0.140214797136038
0.178639618138425
0.115513126491647
0.126491646778043
0.236276849642005
0.0853221957040573
0.0935560859188544
0.252744630071599
0.118257756563246
0.285680190930788
0.233532219570406
0.233532219570406
0.145704057279236
0.321360381861575
0.101789976133652
0.0990453460620525
0.244510739856802
0.299403341288783
0.0935560859188544
0.181384248210024
0.0606205250596659
0.110023866348449
0.247255369928401
0.200596658711217
0.186873508353222
0.197852028639618
0.266467780429594
0.263723150357995
0.241766109785203
0.195107398568019
0.25
0.233532219570406
0.0276849642004773
0.203341288782816
0.315871121718377
0.0414081145584726
0.181384248210024
0.112768496420048
0.0139618138424821
0.184128878281623
0.351551312649165
0.260978520286396
0.195107398568019
0.296658711217184
0.214319809069212
0.368019093078759
0.0386634844868735
0.142959427207637
0.0249403341288783
0.148448687350835
0.22255369928401
0.145704057279236
0.162171837708831
0.425656324582339
0.260978520286396
0.197852028639618
0.0221957040572792
0.340572792362768
0.263723150357995
0.0963007159904535
0.140214797136038
0.167661097852029
0.162171837708831
0.137470167064439
0.129236276849642
0.066109785202864
0.271957040572792
0.236276849642005
0.0331742243436754
0.370763723150358
0.189618138424821
0.247255369928401
0.066109785202864
0.239021479713604
0.173150357995227
0.211575178997613
0.239021479713604
0.376252983293556
0.203341288782816
0.214319809069212
0.368019093078759
0.241766109785203
0.285680190930788
0.293914081145585
0.0963007159904535
0.123747016706444
0.10727923627685
0.219809069212411
0.304892601431981
0.351551312649165
0.0578758949880668
0.19236276849642
0.123747016706444
0.173150357995227
0.0853221957040573
0.0825775656324582
0.186873508353222
0.0359188544152745
0.0386634844868735
0.351551312649165
0.173150357995227
0.00572792362768497
0.131980906921241
0.228042959427208
0.282935560859189
0.129236276849642
0.123747016706444
0.151193317422434
0.225298329355609
0.184128878281623
0.310381861575179
0.329594272076372
0.0167064439140811
0.313126491646778
0.340572792362768
0.19236276849642
0.219809069212411
0.293914081145585
0.137470167064439
0.255489260143198
0.225298329355609
0.315871121718377
0.378997613365155
0.151193317422434
0.115513126491647
0.0468973747016706
0.285680190930788
0.357040572792363
0.170405727923628
0.288424821002387
0.217064439140811
0.173150357995227
0.266467780429594
0.25
0.247255369928401
0.184128878281623
0.175894988066826
0.16491646778043
0.0221957040572792
0.381742243436754
0.101789976133652
0.217064439140811
0.39272076372315
0.233532219570406
0.126491646778043
0.282935560859189
0.0441527446300716
0.357040572792363
0.0359188544152745
0.131980906921241
0.068854415274463
0.184128878281623
0.0386634844868735
0.296658711217184
0.274701670644391
0.101789976133652
0.779713603818616
0.00847255369928401
0.121002386634845
0.373508353221957
0.131980906921241
0.343317422434367
0.395465393794749
0.244510739856802
0.170405727923628
0.370763723150358
0.233532219570406
0.159427207637232
0.25
0.203341288782816
0.491527446300716
0.0880668257756563
0.0221957040572792
0.153937947494033
0.0441527446300716
0.255489260143198
0.0139618138424821
0.071599045346062
0.0990453460620525
0.0798329355608592
0.271957040572792
0.291169451073986
0.378997613365155
0.0743436754176611
0.22255369928401
0.0743436754176611
0.0221957040572792
0.186873508353222
0.162171837708831
0.0276849642004773
0.239021479713604
0.195107398568019
0.357040572792363
0.151193317422434
0.0935560859188544
0.206085918854415
0.151193317422434
0.368019093078759
0.206085918854415
0.433890214797136
0.0194510739856802
0.203341288782816
0.123747016706444
0.236276849642005
0.203341288782816
0.310381861575179
0.299403341288783
0.200596658711217
0.197852028639618
0.724821002386635
0.233532219570406
0.112768496420048
0.148448687350835
0.30763723150358
0.0441527446300716
0.0578758949880668
0.0331742243436754
0.50799522673031
0.167661097852029
0.228042959427208
0.217064439140811
0.115513126491647
0.175894988066826
0.236276849642005
0.203341288782816
0.162171837708831
0.208830548926014
0.354295942720764
0.291169451073986
0.0990453460620525
0.315871121718377
0.217064439140811
0.101789976133652
0.148448687350835
0.260978520286396
0.13472553699284
0.398210023866348
0.068854415274463
0.0441527446300716
0.170405727923628
0.0825775656324582
0.271957040572792
0.247255369928401
0.156682577565632
0.0963007159904535
0.167661097852029
0.153937947494033
0.112768496420048
0.137470167064439
0.170405727923628
0.153937947494033
0.532696897374702
0.0633651551312649
0.110023866348449
0.159427207637232
0.0578758949880668
0.387231503579952
0.101789976133652
0.173150357995227
0.433890214797136
0.159427207637232
0.19236276849642
0.118257756563246
0.129236276849642
0.0963007159904535
0.162171837708831
0.123747016706444
0.269212410501193
0.228042959427208
0.148448687350835
0.104534606205251
0.337828162291169
0.25
0.689140811455847
0.260978520286396
0.228042959427208
0.148448687350835
0.45035799522673
0.378997613365155
0.148448687350835
0.206085918854415
0.00572792362768497
0.293914081145585
0.184128878281623
0.170405727923628
0.274701670644391
0.156682577565632
0.228042959427208
0.217064439140811
0.189618138424821
0.162171837708831
0.0963007159904535
0.0414081145584726
0.112768496420048
0.266467780429594
0.271957040572792
0.184128878281623
0.260978520286396
0.260978520286396
0.304892601431981
0.178639618138425
0.0770883054892601
0.203341288782816
0.0112171837708831
0.42291169451074
0.140214797136038
0.000238663484486879
0.104534606205251
0.0770883054892601
0.428400954653938
0.30763723150358
0.288424821002387
0.417422434367542
0.115513126491647
0.19236276849642
0.260978520286396
0.0770883054892601
0.0825775656324582
0.620525059665871
1.09534606205251
0.395465393794749
0.10727923627685
0.332338902147971
0.142959427207637
0.208830548926014
0.162171837708831
0.233532219570406
0.00847255369928401
0.230787589498807
0.00298329355608592
0.214319809069212
0.285680190930788
0.0633651551312649
0.071599045346062
0.167661097852029
0.0304295942720764
0.260978520286396
0.483293556085919
0.13472553699284
0.211575178997613
0.115513126491647
0.0194510739856802
0.071599045346062
0.354295942720764
0.118257756563246
0.118257756563246
0.0770883054892601
0.0139618138424821
0.241766109785203
0.129236276849642
0.0935560859188544
0.126491646778043
0.27744630071599
0.378997613365155
0.0606205250596659
0.282935560859189
0.140214797136038
0.181384248210024
0.0743436754176611
0.126491646778043
0.170405727923628
0.318615751789976
0.175894988066826
0.0551312649164678
0.104534606205251
0.302147971360382
0.112768496420048
0.156682577565632
0.749522673031026
0.444868735083532
0.282935560859189
0.140214797136038
0.0468973747016706
0.142959427207637
0.115513126491647
0.318615751789976
0.162171837708831
0.271957040572792
0.33508353221957
0.118257756563246
0.153937947494033
0.145704057279236
0.200596658711217
0.181384248210024
0.431145584725537
0.159427207637232
0.195107398568019
0.175894988066826
0.126491646778043
0.406443914081145
0.0167064439140811
0.260978520286396
0.123747016706444
0.156682577565632
0.173150357995227
0.126491646778043
0.186873508353222
0.551909307875895
0.0551312649164678
0.576610978520286
0.142959427207637
0.329594272076372
0.211575178997613
0.0386634844868735
0.104534606205251
1.08985680190931
0.33508353221957
0.129236276849642
0.071599045346062
0.0359188544152745
0.233532219570406
0.362529832935561
0.45035799522673
0.137470167064439
0.167661097852029
0.131980906921241
0.0935560859188544
0.167661097852029
0.255489260143198
0.779713603818616
0.131980906921241
0.000238663484486879
0.0908114558472554
0.137470167064439
0.348806682577566
0.315871121718377
0.0276849642004773
0.414677804295943
0.112768496420048
0.0880668257756563
0.444868735083532
0.263723150357995
0.071599045346062
0.0167064439140811
0.214319809069212
0.0990453460620525
0.131980906921241
0.296658711217184
0.260978520286396
0.225298329355609
0.351551312649165
0.373508353221957
0.321360381861575
0.173150357995227
0.431145584725537
0.0606205250596659
0.208830548926014
0.112768496420048
0.252744630071599
0.282935560859189
0.159427207637232
0.370763723150358
0.206085918854415
0.494272076372315
0.126491646778043
0.104534606205251
0.208830548926014
0.0468973747016706
0.178639618138425
0.126491646778043
0.142959427207637
0.0770883054892601
0.104534606205251
0.137470167064439
0.211575178997613
0.0386634844868735
0.00298329355608592
0.0331742243436754
0.101789976133652
0.148448687350835
0.230787589498807
0.0606205250596659
0.0468973747016706
0.16491646778043
0.112768496420048
0.302147971360382
0.156682577565632
0.318615751789976
0.25
0.151193317422434
0.0523866348448687
0.181384248210024
0.329594272076372
0.0935560859188544
0.217064439140811
0.0908114558472554
0.0523866348448687
0.25
0.389976133651551
0.244510739856802
0.200596658711217
0.129236276849642
0.239021479713604
0.244510739856802
0.0990453460620525
0.142959427207637
0.071599045346062
0.0606205250596659
0.0743436754176611
0.354295942720764
0.200596658711217
0.0496420047732697
0.0167064439140811
0.145704057279236
0.280190930787589
0.0880668257756563
0.186873508353222
0.0276849642004773
0.0386634844868735
0.129236276849642
0.291169451073986
0.362529832935561
0.0743436754176611
0.0880668257756563
0.225298329355609
0.0633651551312649
0.0578758949880668
0.13472553699284
0.0304295942720764
0.225298329355609
0.10727923627685
0.378997613365155
0.211575178997613
0.101789976133652
0.255489260143198
0.181384248210024
0.0249403341288783
0.16491646778043
0.0743436754176611
0.0304295942720764
0.203341288782816
0.16491646778043
0.0990453460620525
0.13472553699284
0.214319809069212
0.162171837708831
0.22255369928401
0.0853221957040573
0.0798329355608592
0.0578758949880668
0.131980906921241
0.151193317422434
0.162171837708831
0.513484486873508
0.153937947494033
0.145704057279236
0.0551312649164678
0.170405727923628
0.189618138424821
0.156682577565632
0.0331742243436754
0.142959427207637
0.258233890214797
0.373508353221957
0.181384248210024
0.22255369928401
0.142959427207637
0.233532219570406
0.241766109785203
0.288424821002387
0.0112171837708831
0.110023866348449
0.59307875894988
0.310381861575179
0.0468973747016706
0.258233890214797
0.217064439140811
0.296658711217184
0.244510739856802
0.0496420047732697
0.291169451073986
0.159427207637232
0.387231503579952
0.219809069212411
0.123747016706444
0.197852028639618
0.285680190930788
0.115513126491647
0.208830548926014
0.112768496420048
0.0880668257756563
0.115513126491647
0.145704057279236
0.0112171837708831
0.42291169451074
0.156682577565632
0.00298329355608592
0.0880668257756563
0.0935560859188544
0.22255369928401
0.313126491646778
0.151193317422434
0.203341288782816
0.0112171837708831
0.0167064439140811
0.173150357995227
0.348806682577566
0.0880668257756563
0.329594272076372
0.071599045346062
2.49785202863962
0.252744630071599
0.302147971360382
0.274701670644391
0.156682577565632
0.0359188544152745
0.203341288782816
0.184128878281623
0.313126491646778
0.362529832935561
0.0825775656324582
0.121002386634845
0.225298329355609
0.137470167064439
0.288424821002387
0.0908114558472554
0.30763723150358
0.219809069212411
0.181384248210024
0.0880668257756563
0.0825775656324582
0.271957040572792
0.324105011933174
0.414677804295943
0.10727923627685
0.236276849642005
0.0414081145584726
0.337828162291169
0.0167064439140811
0.318615751789976
0.395465393794749
0.217064439140811
0.219809069212411
0.137470167064439
0.197852028639618
0.13472553699284
0.384486873508353
0.186873508353222
0.13472553699284
0.153937947494033
0.181384248210024
0.0139618138424821
0.137470167064439
0.129236276849642
0.071599045346062
0.315871121718377
0.241766109785203
0.186873508353222
0.195107398568019
0.266467780429594
0.239021479713604
0.121002386634845
0.101789976133652
0.189618138424821
0.0935560859188544
0.153937947494033
0.104534606205251
0.170405727923628
0.252744630071599
0.0221957040572792
0.285680190930788
0.247255369928401
0.0880668257756563
0.0853221957040573
0.175894988066826
0.230787589498807
0.137470167064439
0.36527446300716
0.101789976133652
0.636992840095465
0.225298329355609
0.0496420047732697
0.140214797136038
0.217064439140811
0.142959427207637
0.296658711217184
0.370763723150358
0.255489260143198
0.156682577565632
0.112768496420048
0.313126491646778
0.0468973747016706
0.121002386634845
0.247255369928401
0.354295942720764
0.42291169451074
0.145704057279236
0.16491646778043
0.0331742243436754
0.071599045346062
0.321360381861575
0.167661097852029
0.642482100238663
0.151193317422434
0.148448687350835
0.228042959427208
0.00298329355608592
0.0551312649164678
0.0468973747016706
0.181384248210024
0.927923627684964
0.228042959427208
0.200596658711217
0.121002386634845
0.131980906921241
0.19236276849642
0.066109785202864
0.255489260143198
0.208830548926014
0.642482100238663
0.357040572792363
0.25
0.288424821002387
0.178639618138425
0.0523866348448687
0.304892601431981
0.110023866348449
0.0963007159904535
0.285680190930788
0.0304295942720764
0.346062052505967
0.0523866348448687
0.348806682577566
0.101789976133652
0.252744630071599
0.178639618138425
0.186873508353222
0.321360381861575
0.241766109785203
0.258233890214797
0.25
0.33508353221957
0.288424821002387
0.151193317422434
0.373508353221957
0.0139618138424821
0.25
0.0990453460620525
1.6772076372315
0.151193317422434
0.0523866348448687
0.137470167064439
0.0221957040572792
0.255489260143198
0.252744630071599
0.0551312649164678
0.420167064439141
0.0935560859188544
0.197852028639618
0.211575178997613
0.0825775656324582
0.0935560859188544
0.071599045346062
0.252744630071599
0.354295942720764
0.162171837708831
0.129236276849642
0.145704057279236
0.178639618138425
0.0880668257756563
0.112768496420048
0.184128878281623
0.22255369928401
0.0935560859188544
0.239021479713604
0.131980906921241
0.175894988066826
0.313126491646778
0.326849642004773
0.208830548926014
0.115513126491647
0.0221957040572792
0.068854415274463
0.181384248210024
0.230787589498807
0.214319809069212
0.0414081145584726
0.110023866348449
0.112768496420048
0.115513126491647
0.0441527446300716
0.16491646778043
0.162171837708831
0.112768496420048
0.318615751789976
0.197852028639618
0.211575178997613
0.0963007159904535
0.30763723150358
0.184128878281623
0.406443914081145
0.0990453460620525
0.126491646778043
0.299403341288783
0.112768496420048
0.159427207637232
0.066109785202864
0.0990453460620525
0.332338902147971
0.0441527446300716
0.173150357995227
0.274701670644391
0.411933174224344
0.101789976133652
0.252744630071599
0.197852028639618
0.211575178997613
0.428400954653938
0.071599045346062
0.129236276849642
0.274701670644391
1.73484486873508
0.258233890214797
0.0496420047732697
0.554653937947494
0.156682577565632
0.260978520286396
0.131980906921241
0.200596658711217
0.239021479713604
0.230787589498807
0.274701670644391
0.197852028639618
0.00572792362768497
0.00847255369928401
0.310381861575179
0.140214797136038
0.140214797136038
0.121002386634845
0.208830548926014
0.0304295942720764
0.115513126491647
0.398210023866348
0.260978520286396
0.123747016706444
0.0139618138424821
0.068854415274463
0.0743436754176611
0.285680190930788
0.486038186157518
0.571121718377088
0.178639618138425
0.13472553699284
0.403699284009546
0.0523866348448687
0.0523866348448687
0.126491646778043
0.228042959427208
0.142959427207637
0.00298329355608592
0.255489260143198
0.211575178997613
0.299403341288783
0.175894988066826
0.239021479713604
0.126491646778043
0.145704057279236
0.233532219570406
0.148448687350835
0.00298329355608592
0.10727923627685
0.219809069212411
0.10727923627685
0.131980906921241
0.0633651551312649
0.159427207637232
0.258233890214797
0.332338902147971
0.228042959427208
0.0578758949880668
0.175894988066826
0.208830548926014
0.0990453460620525
0.13472553699284
0.142959427207637
0.167661097852029
0.442124105011933
0.175894988066826
0.45035799522673
0.208830548926014
0.271957040572792
0.170405727923628
0.0386634844868735
0.123747016706444
0.0194510739856802
0.0139618138424821
0.442124105011933
0.19236276849642
0.260978520286396
0.359785202863962
0.241766109785203
0.110023866348449
0.271957040572792
0.0633651551312649
0.197852028639618
0.197852028639618
0.354295942720764
0.19236276849642
0.129236276849642
0.368019093078759
0.0935560859188544
0.329594272076372
0.370763723150358
0.296658711217184
0.104534606205251
0.13472553699284
0.258233890214797
0.299403341288783
0.214319809069212
0.0880668257756563
0.195107398568019
0.0221957040572792
0.315871121718377
0.0606205250596659
0.162171837708831
0.971837708830549
0.101789976133652
0.266467780429594
0.13472553699284
0.326849642004773
0.39272076372315
0.184128878281623
0.181384248210024
0.0880668257756563
0.118257756563246
0.27744630071599
0.315871121718377
0.469570405727924
0.197852028639618
0.0990453460620525
0.142959427207637
0.189618138424821
0.263723150357995
0.0167064439140811
0.13472553699284
0.271957040572792
0.269212410501193
0.244510739856802
0.131980906921241
0.329594272076372
0.140214797136038
0.19236276849642
0.151193317422434
0.228042959427208
0.0798329355608592
0.0825775656324582
0.129236276849642
0.145704057279236
0.0853221957040573
0.16491646778043
0.351551312649165
0.0578758949880668
0.0770883054892601
0.27744630071599
0.167661097852029
0.123747016706444
0.066109785202864
0.0606205250596659
0.30763723150358
0.219809069212411
0.0468973747016706
0.598568019093079
0.186873508353222
0.178639618138425
0.0825775656324582
0.140214797136038
0.22255369928401
0.214319809069212
0.0578758949880668
0.104534606205251
0.175894988066826
0.288424821002387
0.200596658711217
0.529952267303103
0.208830548926014
0.121002386634845
0.211575178997613
0.00572792362768497
0.10727923627685
0.131980906921241
0.296658711217184
0.0935560859188544
0.173150357995227
0.354295942720764
0.203341288782816
0.431145584725537
0.10727923627685
0.296658711217184
4.02935560859188
0.33508353221957
0.236276849642005
0.351551312649165
0.151193317422434
0.247255369928401
0.118257756563246
0.19236276849642
0.126491646778043
0.0963007159904535
0.162171837708831
0.274701670644391
0.112768496420048
0.178639618138425
0.121002386634845
1.57840095465394
0.071599045346062
0.244510739856802
0.324105011933174
0.466825775656324
0.258233890214797
0.0798329355608592
0.329594272076372
0.299403341288783
0.101789976133652
0.13472553699284
0.244510739856802
0.0249403341288783
0.131980906921241
0.123747016706444
0.260978520286396
0.411933174224344
0.184128878281623
0.0276849642004773
0.395465393794749
0.115513126491647
0.162171837708831
0.173150357995227
0.285680190930788
0.0606205250596659
0.148448687350835
0.274701670644391
0.406443914081145
0.217064439140811
0.255489260143198
0.0743436754176611
0.280190930787589
0.148448687350835
0.203341288782816
0.285680190930788
0.0990453460620525
0.354295942720764
0.0386634844868735
0.071599045346062
0.236276849642005
0.189618138424821
0.151193317422434
0.173150357995227
0.217064439140811
0.0331742243436754
0.255489260143198
0.219809069212411
0.0935560859188544
0.148448687350835
0.110023866348449
0.208830548926014
0.0414081145584726
0.170405727923628
0.203341288782816
0.0743436754176611
0.170405727923628
0.0386634844868735
0.211575178997613
0.0386634844868735
0.359785202863962
0.104534606205251
0.123747016706444
0.387231503579952
0.329594272076372
0.0578758949880668
0.274701670644391
0.241766109785203
0.395465393794749
0.741288782816229
0.42291169451074
0.178639618138425
0.0551312649164678
0.0386634844868735
0.387231503579952
0.167661097852029
0.153937947494033
0.280190930787589
0.0606205250596659
0.263723150357995
0.809904534606205
0.0441527446300716
0.892243436754177
0.151193317422434
0.0825775656324582
0.225298329355609
0.101789976133652
0.0468973747016706
0.121002386634845
0.0990453460620525
0.219809069212411
0.0798329355608592
0.206085918854415
0.173150357995227
0.409188544152745
0.0468973747016706
0.173150357995227
0.370763723150358
0.0825775656324582
0.219809069212411
0.0963007159904535
0.131980906921241
0.324105011933174
0.0825775656324582
0.0880668257756563
0.151193317422434
0.123747016706444
0.217064439140811
0.145704057279236
0.137470167064439
0.0825775656324582
0.175894988066826
0.42291169451074
0.181384248210024
0.271957040572792
0.0468973747016706
0.175894988066826
0.121002386634845
0.162171837708831
0.42291169451074
0.241766109785203
0.274701670644391
0.403699284009546
0.208830548926014
0.162171837708831
0.0331742243436754
0.101789976133652
0.217064439140811
0.110023866348449
0.126491646778043
0.285680190930788
0.0414081145584726
0.112768496420048
0.0304295942720764
0.071599045346062
0.115513126491647
0.296658711217184
0.0331742243436754
0.0167064439140811
0.167661097852029
0.260978520286396
0.0880668257756563
0.244510739856802
0.444868735083532
0.129236276849642
0.159427207637232
0.0112171837708831
0.129236276849642
0.266467780429594
0.324105011933174
0.104534606205251
0.197852028639618
0.206085918854415
0.351551312649165
0.225298329355609
0.170405727923628
0.326849642004773
0.162171837708831
0.239021479713604
0.280190930787589
0.200596658711217
0.19236276849642
0.324105011933174
0.00298329355608592
0.0908114558472554
0.123747016706444
0.0578758949880668
0.0276849642004773
0.269212410501193
0.326849642004773
0.302147971360382
0.173150357995227
0.173150357995227
0.288424821002387
0.225298329355609
0.110023866348449
0.217064439140811
0.241766109785203
0.219809069212411
0.280190930787589
0.99653937947494
0.181384248210024
0.153937947494033
0.129236276849642
0.173150357995227
0.0441527446300716
0.288424821002387
0.370763723150358
0.0359188544152745
0.798926014319809
0.123747016706444
0.282935560859189
0.0853221957040573
0.137470167064439
0.197852028639618
0.304892601431981
0.0743436754176611
0.263723150357995
0.195107398568019
0.178639618138425
0.557398568019093
0.271957040572792
0.153937947494033
0.123747016706444
0.271957040572792
0.137470167064439
0.197852028639618
0.142959427207637
0.200596658711217
0.0578758949880668
0.310381861575179
0.48054892601432
0.173150357995227
0.359785202863962
0.296658711217184
0.156682577565632
0.230787589498807
0.16491646778043
0.118257756563246
0.634248210023866
0.45035799522673
0.0276849642004773
0.22255369928401
0.181384248210024
0.162171837708831
0.0825775656324582
0.151193317422434
0.170405727923628
0.36527446300716
0.206085918854415
0.123747016706444
0.239021479713604
0.189618138424821
0.244510739856802
0.140214797136038
0.195107398568019
0.140214797136038
0.219809069212411
0.0468973747016706
0.0770883054892601
0.0990453460620525
0.0496420047732697
0.425656324582339
0.13472553699284
0.145704057279236
0.324105011933174
0.0221957040572792
0.269212410501193
0.167661097852029
0.00847255369928401
0.239021479713604
0.370763723150358
0.266467780429594
0.0468973747016706
0.447613365155131
0.0633651551312649
0.156682577565632
0.302147971360382
0.181384248210024
0.260978520286396
0.148448687350835
0.27744630071599
0.0853221957040573
0.110023866348449
0.324105011933174
0.0825775656324582
0.206085918854415
0.126491646778043
0.225298329355609
0.291169451073986
0.217064439140811
0.151193317422434
0.0825775656324582
0.0359188544152745
0.167661097852029
0.162171837708831
0.288424821002387
0.0853221957040573
0.299403341288783
0.0221957040572792
0.118257756563246
0.0496420047732697
0.241766109785203
0.409188544152745
0.258233890214797
0.137470167064439
0.299403341288783
0.332338902147971
0.104534606205251
0.173150357995227
0.123747016706444
0.310381861575179
0.524463007159904
0.189618138424821
0.0606205250596659
0.0908114558472554
0.0770883054892601
0.228042959427208
0.236276849642005
0.406443914081145
0.329594272076372
1.15298329355609
0.351551312649165
0.0468973747016706
0.304892601431981
0.211575178997613
0.170405727923628
0.151193317422434
0.156682577565632
0.263723150357995
0.197852028639618
0.159427207637232
0.0304295942720764
0.115513126491647
0.19236276849642
0.228042959427208
0.27744630071599
0.403699284009546
0.167661097852029
0.068854415274463
0.27744630071599
0.0496420047732697
0.260978520286396
0.219809069212411
0.200596658711217
0.101789976133652
0.274701670644391
0.0578758949880668
0.0853221957040573
0.159427207637232
0.368019093078759
0.208830548926014
0.00847255369928401
0.247255369928401
0.19236276849642
0.0908114558472554
0.123747016706444
0.129236276849642
0.131980906921241
0.0414081145584726
0.293914081145585
0.626014319809069
0.381742243436754
0.274701670644391
0.148448687350835
0.189618138424821
0.444868735083532
0.126491646778043
0.00847255369928401
0.293914081145585
0.0304295942720764
0.208830548926014
0.0908114558472554
0.170405727923628
0.140214797136038
0.123747016706444
0.0249403341288783
0.208830548926014
0.145704057279236
0.291169451073986
0.16491646778043
0.10727923627685
0.19236276849642
0.162171837708831
0.378997613365155
0.403699284009546
0.25
0.0770883054892601
0.178639618138425
0.126491646778043
0.197852028639618
0.252744630071599
0.389976133651551
0.348806682577566
0.101789976133652
0.217064439140811
0.228042959427208
0.0304295942720764
0.296658711217184
0.230787589498807
0.233532219570406
0.0990453460620525
0.151193317422434
0.10727923627685
0.0441527446300716
0.587589498806683
0.131980906921241
0.170405727923628
0.414677804295943
0.186873508353222
0.225298329355609
0.00298329355608592
0.208830548926014
0.211575178997613
0.115513126491647
0.0825775656324582
0.131980906921241
0.288424821002387
0.0770883054892601
0.112768496420048
0.0359188544152745
0.260978520286396
0.112768496420048
0.0551312649164678
0.568377088305489
0.0606205250596659
0.321360381861575
0.274701670644391
0.0990453460620525
0.30763723150358
0.137470167064439
0.148448687350835
0.19236276849642
0.208830548926014
0.140214797136038
0.228042959427208
0.211575178997613
0.206085918854415
0.131980906921241
0.315871121718377
0.101789976133652
0.228042959427208
0.497016706443914
0.346062052505967
0.0606205250596659
0.200596658711217
0.475059665871122
0.326849642004773
0.121002386634845
0.233532219570406
0.0551312649164678
0.0853221957040573
0.00847255369928401
0.159427207637232
0.271957040572792
0.0798329355608592
0.252744630071599
0.200596658711217
0.0798329355608592
0.145704057279236
0.258233890214797
0.200596658711217
0.068854415274463
0.280190930787589
0.066109785202864
0.280190930787589
0.0935560859188544
0.0578758949880668
0.0908114558472554
0.417422434367542
0.186873508353222
0.461336515513126
0.266467780429594
0.0496420047732697
0.121002386634845
0.22255369928401
0.0853221957040573
0.129236276849642
0.203341288782816
0.378997613365155
0.282935560859189
0.066109785202864
0.302147971360382
0.357040572792363
0.10727923627685
0.211575178997613
0.186873508353222
0.189618138424821
0.296658711217184
0.206085918854415
0.112768496420048
0.247255369928401
0.110023866348449
0.153937947494033
0.326849642004773
0.266467780429594
0.112768496420048
0.145704057279236
0.195107398568019
0.0468973747016706
0.0359188544152745
0.173150357995227
0.0386634844868735
0.304892601431981
0.00847255369928401
0.0194510739856802
0.121002386634845
0.48054892601432
0.247255369928401
0.181384248210024
0.197852028639618
0.0935560859188544
0.326849642004773
0.068854415274463
0.244510739856802
0.318615751789976
0.39272076372315
0.50799522673031
0.255489260143198
0.208830548926014
0.527207637231504
0.142959427207637
0.343317422434367
0.00847255369928401
0.110023866348449
0.0990453460620525
0.469570405727924
0.217064439140811
0.200596658711217
0.118257756563246
0.110023866348449
0.159427207637232
0.16491646778043
0.00572792362768497
0.22255369928401
0.315871121718377
0.162171837708831
0.137470167064439
0.110023866348449
0.280190930787589
0.104534606205251
0.239021479713604
0.321360381861575
0.195107398568019
0.373508353221957
0.551909307875895
0.258233890214797
0.153937947494033
0.636992840095465
0.19236276849642
0.0112171837708831
0.442124105011933
0.195107398568019
0.25
0.112768496420048
0.206085918854415
0.346062052505967
0.22255369928401
0.25
0.0578758949880668
0.118257756563246
0.181384248210024
0.0880668257756563
0.411933174224344
0.0633651551312649
0.230787589498807
0.381742243436754
0.22255369928401
0.00572792362768497
0.142959427207637
0.0304295942720764
0.0963007159904535
0.137470167064439
0.260978520286396
0.326849642004773
0.0551312649164678
0.236276849642005
0.0990453460620525
0.0633651551312649
0.145704057279236
0.0414081145584726
0.104534606205251
0.0935560859188544
0.110023866348449
0.123747016706444
0.258233890214797
0.0496420047732697
0.162171837708831
0.282935560859189
0.0359188544152745
0.285680190930788
0.247255369928401
0.241766109785203
0.175894988066826
0.101789976133652
0.129236276849642
0.184128878281623
0.068854415274463
0.606801909307876
0.110023866348449
0.153937947494033
0.219809069212411
0.13472553699284
0.381742243436754
0.104534606205251
0.13472553699284
0.497016706443914
0.0633651551312649
0.101789976133652
0.354295942720764
0.131980906921241
0.0414081145584726
0.0990453460620525
0.10727923627685
0.186873508353222
0.208830548926014
0.0276849642004773
0.362529832935561
0.0441527446300716
0.101789976133652
0.348806682577566
0.384486873508353
0.247255369928401
0.0112171837708831
0.148448687350835
0.291169451073986
0.271957040572792
0.0633651551312649
0.228042959427208
0.321360381861575
0.123747016706444
0.27744630071599
0.197852028639618
0.464081145584725
0.181384248210024
0.0523866348448687
0.22255369928401
0.137470167064439
0.370763723150358
0.142959427207637
0.104534606205251
0.313126491646778
0.288424821002387
0.066109785202864
0.186873508353222
0.318615751789976
0.348806682577566
0.101789976133652
0.162171837708831
0.126491646778043
0.529952267303103
0.112768496420048
0.0276849642004773
0.214319809069212
0.455847255369928
0.0990453460620525
0.184128878281623
0.354295942720764
0.112768496420048
0.142959427207637
0.131980906921241
0.173150357995227
0.129236276849642
0.148448687350835
0.299403341288783
0.131980906921241
0.184128878281623
0.219809069212411
0.359785202863962
0.071599045346062
0.184128878281623
0.321360381861575
0.0414081145584726
0.370763723150358
0.170405727923628
0.19236276849642
0.0990453460620525
0.159427207637232
0.0414081145584726
0.162171837708831
0.304892601431981
0.25
0.0633651551312649
0.186873508353222
0.329594272076372
0.184128878281623
0.175894988066826
0.0414081145584726
0.167661097852029
0.208830548926014
0.296658711217184
0.0798329355608592
0.170405727923628
0.0551312649164678
0.203341288782816
0.178639618138425
0.142959427207637
0.0825775656324582
0.0441527446300716
0.280190930787589
0.173150357995227
0.357040572792363
0.156682577565632
0.10727923627685
0.00847255369928401
0.068854415274463
0.0359188544152745
0.266467780429594
0.175894988066826
0.118257756563246
0.167661097852029
0.0304295942720764
0.0908114558472554
0.140214797136038
0.0606205250596659
0.247255369928401
0.228042959427208
0.535441527446301
0.0468973747016706
0.71109785202864
0.0880668257756563
0.439379474940334
0.0468973747016706
0.0194510739856802
0.354295942720764
0.252744630071599
0.502505966587112
0.10727923627685
0.332338902147971
0.464081145584725
0.233532219570406
0.22255369928401
0.291169451073986
0.162171837708831
0.148448687350835
0.181384248210024
0.453102625298329
0.304892601431981
0.068854415274463
0.066109785202864
0.296658711217184
0.477804295942721
0.197852028639618
0.0880668257756563
0.10727923627685
0.332338902147971
0.30763723150358
0.208830548926014
0.16491646778043
0.0606205250596659
0.110023866348449
0.0551312649164678
0.0770883054892601
0.00572792362768497
0.332338902147971
0.219809069212411
0.321360381861575
0.0496420047732697
0.175894988066826
0.326849642004773
0.186873508353222
0.378997613365155
0.0798329355608592
0.178639618138425
0.156682577565632
0.181384248210024
0.0112171837708831
0.110023866348449
0.175894988066826
0.266467780429594
0.0633651551312649
0.0551312649164678
0.348806682577566
0.178639618138425
0.142959427207637
0.0798329355608592
0.184128878281623
0.118257756563246
0.181384248210024
0.505250596658711
0.258233890214797
0.266467780429594
0.195107398568019
0.304892601431981
0.318615751789976
0.00298329355608592
0.219809069212411
0.0853221957040573
0.39272076372315
0.0770883054892601
0.0414081145584726
0.324105011933174
0.395465393794749
0.208830548926014
0.121002386634845
0.414677804295943
0.0386634844868735
0.33508353221957
0.0221957040572792
0.398210023866348
0.153937947494033
0.291169451073986
0.288424821002387
0.110023866348449
0.0523866348448687
0.0990453460620525
0.13472553699284
0.236276849642005
0.0798329355608592
0.0990453460620525
0.156682577565632
0.0798329355608592
0.255489260143198
0.0853221957040573
0.184128878281623
0.104534606205251
0.153937947494033
0.274701670644391
0.0633651551312649
0.156682577565632
0.000238663484486879
0.159427207637232
0.376252983293556
0.0853221957040573
0.115513126491647
0.373508353221957
0.228042959427208
0.0331742243436754
0.142959427207637
0.0276849642004773
0.302147971360382
0.30763723150358
0.10727923627685
0.118257756563246
0.071599045346062
0.25
0.469570405727924
0.373508353221957
0.121002386634845
0.337828162291169
0.16491646778043
0.0551312649164678
0.368019093078759
0.0935560859188544
0.0468973747016706
0.389976133651551
0.247255369928401
0.175894988066826
0.0221957040572792
0.186873508353222
0.181384248210024
0.159427207637232
0.225298329355609
0.230787589498807
0.343317422434367
0.214319809069212
0.203341288782816
0.0578758949880668
0.0990453460620525
0.178639618138425
0.16491646778043
0.293914081145585
0.151193317422434
3.4063245823389
0.247255369928401
0.258233890214797
0.0770883054892601
0.00847255369928401
0.159427207637232
0.776968973747017
0.0578758949880668
0.145704057279236
0.348806682577566
0.315871121718377
0.395465393794749
0.280190930787589
0.0414081145584726
0.159427207637232
0.159427207637232
0.200596658711217
0.129236276849642
0.241766109785203
0.162171837708831
0.271957040572792
0.00847255369928401
0.0908114558472554
0.126491646778043
0.10727923627685
0.118257756563246
0.13472553699284
0.151193317422434
0.167661097852029
0.0853221957040573
0.271957040572792
0.25
0.131980906921241
0.236276849642005
0.304892601431981
0.384486873508353
0.263723150357995
0.208830548926014
0.178639618138425
0.321360381861575
0.101789976133652
0.337828162291169
0.521718377088305
0.214319809069212
0.228042959427208
0.214319809069212
0.326849642004773
0.151193317422434
0.0606205250596659
0.332338902147971
0.398210023866348
0.140214797136038
0.197852028639618
0.131980906921241
0.162171837708831
0.252744630071599
0.326849642004773
0.200596658711217
0.145704057279236
0.217064439140811
0.255489260143198
0.280190930787589
0.068854415274463
0.000238663484486879
0.0633651551312649
0.343317422434367
0.0935560859188544
0.167661097852029
0.175894988066826
0.387231503579952
0.288424821002387
0.291169451073986
0.13472553699284
0.131980906921241
0.214319809069212
0.159427207637232
0.244510739856802
0.0606205250596659
0.260978520286396
0.170405727923628
0.189618138424821
0.387231503579952
0.304892601431981
1.90501193317422
0.247255369928401
0.255489260143198
0.0743436754176611
0.206085918854415
0.115513126491647
0.409188544152745
0.167661097852029
0.293914081145585
0.0496420047732697
0.142959427207637
0.197852028639618
0.071599045346062
0.173150357995227
0.384486873508353
0.318615751789976
0.115513126491647
0.000238663484486879
0.0551312649164678
0.10727923627685
0.315871121718377
0.0167064439140811
0.0825775656324582
0.252744630071599
0.142959427207637
0.263723150357995
0.266467780429594
0.159427207637232
0.0386634844868735
0.247255369928401
0.0496420047732697
0.260978520286396
0.219809069212411
0.159427207637232
0.206085918854415
0.263723150357995
0.19236276849642
0.126491646778043
0.140214797136038
0.19236276849642
0.068854415274463
0.0331742243436754
0.779713603818616
0.230787589498807
0.241766109785203
0.0331742243436754
0.0496420047732697
0.348806682577566
0.285680190930788
0.280190930787589
0.159427207637232
0.071599045346062
0.329594272076372
0.151193317422434
0.206085918854415
0.203341288782816
0.373508353221957
0.066109785202864
0.411933174224344
0.214319809069212
0.25
0.0606205250596659
0.068854415274463
0.0578758949880668
0.068854415274463
0.0853221957040573
0.233532219570406
0.0276849642004773
0.0249403341288783
0.16491646778043
0.195107398568019
0.22255369928401
0.123747016706444
0.0414081145584726
0.118257756563246
0.184128878281623
0.340572792362768
0.145704057279236
0.0194510739856802
0.197852028639618
0.310381861575179
0.340572792362768
0.0167064439140811
0.318615751789976
0.376252983293556
0.115513126491647
0.126491646778043
0.400954653937947
0.293914081145585
0.702863961813842
0.118257756563246
0.131980906921241
0.0578758949880668
0.702863961813842
0.131980906921241
0.203341288782816
0.271957040572792
0.00847255369928401
0.118257756563246
0.244510739856802
0.285680190930788
0.153937947494033
0.477804295942721
0.0331742243436754
0.230787589498807
0.686396181384248
0.16491646778043
0.230787589498807
0.505250596658711
0.0606205250596659
0.104534606205251
0.137470167064439
0.186873508353222
0.126491646778043
0.203341288782816
0.195107398568019
0.252744630071599
0.211575178997613
0.121002386634845
0.304892601431981
0.159427207637232
0.263723150357995
0.178639618138425
0.274701670644391
0.19236276849642
0.0468973747016706
0.13472553699284
0.148448687350835
0.247255369928401
0.296658711217184
0.543675417661098
0.153937947494033
0.115513126491647
0.153937947494033
0.153937947494033
0.0880668257756563
0.142959427207637
0.447613365155131
0.137470167064439
0.442124105011933
0.225298329355609
0.0606205250596659
0.0249403341288783
0.0551312649164678
0.19236276849642
0.173150357995227
0.148448687350835
0.066109785202864
0.315871121718377
0.33508353221957
0.0359188544152745
0.173150357995227
0.121002386634845
0.066109785202864
0.151193317422434
0.126491646778043
0.247255369928401
0.0414081145584726
0.247255369928401
0.0825775656324582
0.384486873508353
0.148448687350835
0.068854415274463
0.066109785202864
0.0523866348448687
0.0441527446300716
0.066109785202864
0.241766109785203
0.326849642004773
0.0551312649164678
0.142959427207637
0.0825775656324582
0.45035799522673
0.22255369928401
0.346062052505967
0.304892601431981
0.101789976133652
0.145704057279236
0.0908114558472554
0.0414081145584726
0.373508353221957
0.184128878281623
0.148448687350835
0.10727923627685
0.162171837708831
0.118257756563246
0.110023866348449
0.0743436754176611
0.167661097852029
0.326849642004773
0.269212410501193
0.293914081145585
0.0194510739856802
0.483293556085919
0.247255369928401
0.370763723150358
0.10727923627685
0.131980906921241
0.200596658711217
0.0578758949880668
0.0276849642004773
0.0578758949880668
0.162171837708831
0.121002386634845
0.137470167064439
0.0468973747016706
0.255489260143198
0.181384248210024
0.16491646778043
0.0194510739856802
0.5381861575179
0.0386634844868735
0.203341288782816
0.197852028639618
0.153937947494033
0.230787589498807
0.071599045346062
0.244510739856802
0.0304295942720764
0.145704057279236
0.0880668257756563
0.186873508353222
1.26551312649165
1.1035799522673
0.318615751789976
0.170405727923628
0.461336515513126
0.0935560859188544
0.181384248210024
0.282935560859189
0.101789976133652
0.258233890214797
0.25
0.0468973747016706
0.214319809069212
0.162171837708831
0.000238663484486879
0.153937947494033
0.162171837708831
0.137470167064439
0.25
0.00298329355608592
0.208830548926014
0.118257756563246
0.324105011933174
0.241766109785203
0.0770883054892601
0.420167064439141
0.329594272076372
0.156682577565632
0.142959427207637
0.0468973747016706
0.0468973747016706
0.225298329355609
0.142959427207637
0.0908114558472554
0.121002386634845
0.0743436754176611
0.195107398568019
0.313126491646778
0.066109785202864
0.288424821002387
0.178639618138425
0.0139618138424821
0.0825775656324582
0.115513126491647
0.115513126491647
0.0853221957040573
0.0825775656324582
0.137470167064439
0.0633651551312649
0.25
0.27744630071599
0.217064439140811
0.197852028639618
0.211575178997613
0.121002386634845
0.00847255369928401
0.0606205250596659
0.255489260143198
0.340572792362768
0.494272076372315
0.634248210023866
0.252744630071599
0.230787589498807
0.604057279236277
0.359785202863962
0.101789976133652
0.282935560859189
0.068854415274463
0.126491646778043
0.378997613365155
0.126491646778043
0.112768496420048
0.0386634844868735
0.315871121718377
0.16491646778043
0.233532219570406
0.0853221957040573
0.153937947494033
0.0276849642004773
0.170405727923628
0.258233890214797
0.332338902147971
0.0194510739856802
0.252744630071599
0.170405727923628
0.140214797136038
0.0304295942720764
0.293914081145585
0.0853221957040573
0.381742243436754
0.683651551312649
0.131980906921241
0.110023866348449
0.110023866348449
0.167661097852029
0.159427207637232
0.260978520286396
1.1090692124105
0.129236276849642
0.167661097852029
0.214319809069212
0.126491646778043
0.36527446300716
0.302147971360382
0.315871121718377
0.615035799522673
0.19236276849642
0.13472553699284
0.200596658711217
0.271957040572792
0.280190930787589
0.0770883054892601
0.68090692124105
0.189618138424821
0.0825775656324582
0.217064439140811
0.255489260143198
0.0853221957040573
0.228042959427208
0.151193317422434
0.170405727923628
0.971837708830549
0.260978520286396
0.153937947494033
0.206085918854415
0.195107398568019
0.208830548926014
0.0963007159904535
0.447613365155131
0.346062052505967
0.214319809069212
0.239021479713604
0.110023866348449
0.260978520286396
0.0825775656324582
0.197852028639618
0.00572792362768497
0.233532219570406
0.233532219570406
0.0523866348448687
0.115513126491647
0.42291169451074
0.304892601431981
0.304892601431981
0.208830548926014
0.387231503579952
0.0331742243436754
0.13472553699284
0.280190930787589
0.129236276849642
0.291169451073986
0.148448687350835
0.247255369928401
0.137470167064439
0.0468973747016706
0.266467780429594
0.153937947494033
0.0276849642004773
0.0359188544152745
0.0908114558472554
0.131980906921241
0.579355608591885
0.241766109785203
0.104534606205251
0.104534606205251
0.10727923627685
0.233532219570406
0.30763723150358
0.162171837708831
0.217064439140811
0.255489260143198
0.121002386634845
0.324105011933174
0.110023866348449
0.145704057279236
0.156682577565632
0.230787589498807
0.211575178997613
0.0468973747016706
0.22255369928401
0.280190930787589
0.156682577565632
0.203341288782816
0.351551312649165
0.211575178997613
0.19236276849642
0.0743436754176611
0.296658711217184
1.60859188544153
0.288424821002387
0.255489260143198
0.225298329355609
0.241766109785203
0.258233890214797
0.315871121718377
0.48054892601432
0.381742243436754
0.110023866348449
0.203341288782816
0.0441527446300716
0.206085918854415
0.0551312649164678
0.0880668257756563
0.13472553699284
0.206085918854415
0.19236276849642
0.151193317422434
0.0249403341288783
0.266467780429594
0.200596658711217
0.384486873508353
0.0963007159904535
0.142959427207637
0.269212410501193
0.178639618138425
0.156682577565632
0.214319809069212
0.126491646778043
0.296658711217184
0.0880668257756563
0.36527446300716
0.0880668257756563
0.0935560859188544
0.0221957040572792
0.0798329355608592
0.332338902147971
0.293914081145585
0.260978520286396
0.186873508353222
0.318615751789976
0.0386634844868735
0.123747016706444
0.22255369928401
0.156682577565632
0.189618138424821
0.0496420047732697
0.142959427207637
0.071599045346062
0.16491646778043
0.208830548926014
0.348806682577566
0.219809069212411
0.0770883054892601
0.10727923627685
0.22255369928401
0.329594272076372
0.368019093078759
0.0221957040572792
0.186873508353222
0.115513126491647
0.389976133651551
0.151193317422434
0.0112171837708831
0.269212410501193
0.329594272076372
0.140214797136038
0.118257756563246
0.282935560859189
0.104534606205251
0.414677804295943
0.263723150357995
0.387231503579952
0.159427207637232
0.310381861575179
0.332338902147971
0.398210023866348
0.175894988066826
0.351551312649165
0.282935560859189
0.137470167064439
0.505250596658711
0.357040572792363
0.0496420047732697
0.0578758949880668
0.00847255369928401
0.433890214797136
0.068854415274463
0.197852028639618
0.153937947494033
0.33508353221957
0.151193317422434
0.16491646778043
0.0331742243436754
0.148448687350835
0.22255369928401
0.140214797136038
0.225298329355609
0.702863961813842
0.0963007159904535
0.700119331742243
0.181384248210024
0.167661097852029
0.282935560859189
0.0523866348448687
0.291169451073986
0.101789976133652
0.126491646778043
0.148448687350835
0.167661097852029
0.175894988066826
0.200596658711217
0.0249403341288783
0.0853221957040573
0.112768496420048
0.0414081145584726
0.126491646778043
0.266467780429594
0.000238663484486879
0.0441527446300716
0.00572792362768497
0.175894988066826
0.398210023866348
0.162171837708831
0.266467780429594
0.184128878281623
0.447613365155131
0.181384248210024
0.442124105011933
0.123747016706444
0.233532219570406
0.145704057279236
0.225298329355609
0.184128878281623
0.167661097852029
0.123747016706444
0.0414081145584726
0.0853221957040573
0.0167064439140811
0.19236276849642
0.0990453460620525
0.211575178997613
0.0908114558472554
0.236276849642005
0.293914081145585
0.142959427207637
0.173150357995227
0.066109785202864
0.112768496420048
0.112768496420048
0.178639618138425
0.0523866348448687
0.56563245823389
0.368019093078759
0.304892601431981
0.236276849642005
0.230787589498807
0.239021479713604
0.521718377088305
0.104534606205251
0.173150357995227
0.0194510739856802
0.153937947494033
0.280190930787589
0.115513126491647
0.282935560859189
0.0825775656324582
0.260978520286396
0.145704057279236
0.562887828162291
0.203341288782816
0.0496420047732697
0.115513126491647
0.217064439140811
0.129236276849642
0.0633651551312649
0.0249403341288783
0.0770883054892601
0.228042959427208
0.664439140811456
0.8236276849642
0.110023866348449
0.348806682577566
0.129236276849642
0.0963007159904535
0.598568019093079
0.324105011933174
0.00847255369928401
0.206085918854415
0.173150357995227
0.066109785202864
0.0249403341288783
0.233532219570406
0.126491646778043
0.173150357995227
0.145704057279236
0.354295942720764
0.0825775656324582
0.510739856801909
0.197852028639618
0.233532219570406
0.211575178997613
0.0112171837708831
0.219809069212411
0.842840095465394
0.184128878281623
0.0990453460620525
0.10727923627685
0.071599045346062
0.16491646778043
0.0523866348448687
0.255489260143198
0.282935560859189
0.354295942720764
0.387231503579952
0.142959427207637
0.326849642004773
0.186873508353222
0.269212410501193
0.469570405727924
0.200596658711217
0.269212410501193
0.0743436754176611
0.118257756563246
0.255489260143198
0.219809069212411
0.206085918854415
0.560143198090692
0.071599045346062
0.186873508353222
0.310381861575179
0.228042959427208
0.293914081145585
0.370763723150358
0.291169451073986
0.302147971360382
0.252744630071599
0.211575178997613
0.282935560859189
0.219809069212411
0.258233890214797
0.115513126491647
0.129236276849642
0.140214797136038
0.0770883054892601
0.722076372315036
0.39272076372315
0.271957040572792
0.464081145584725
0.19236276849642
0.0770883054892601
0.148448687350835
0.104534606205251
0.230787589498807
0.425656324582339
0.121002386634845
0.56563245823389
0.123747016706444
0.27744630071599
0.236276849642005
0.112768496420048
0.499761336515513
0.304892601431981
0.066109785202864
0.0578758949880668
0.16491646778043
0.137470167064439
0.156682577565632
0.395465393794749
0.217064439140811
0.0139618138424821
0.0139618138424821
0.373508353221957
0.173150357995227
0.000238663484486879
0.10727923627685
0.239021479713604
0.0441527446300716
0.0523866348448687
0.258233890214797
0.126491646778043
0.340572792362768
0.00298329355608592
0.269212410501193
0.19236276849642
0.233532219570406
0.0606205250596659
0.337828162291169
0.266467780429594
0.137470167064439
0.000238663484486879
0.0331742243436754
0.10727923627685
0.0441527446300716
0.604057279236277
0.16491646778043
0.148448687350835
0.217064439140811
0.0276849642004773
0.110023866348449
0.0770883054892601
0.228042959427208
0.104534606205251
0.417422434367542
0.159427207637232
0.068854415274463
0.0633651551312649
0.263723150357995
0.137470167064439
0.121002386634845
0.475059665871122
0.0963007159904535
0.0606205250596659
0.203341288782816
0.285680190930788
0.0414081145584726
0.110023866348449
0.25
0.137470167064439
0.30763723150358
0.354295942720764
0.200596658711217
0.0276849642004773
0.291169451073986
0.285680190930788
0.167661097852029
0.173150357995227
0.271957040572792
0.200596658711217
0.214319809069212
0.153937947494033
0.208830548926014
0.266467780429594
0.612291169451074
0.10727923627685
0.0825775656324582
0.499761336515513
0.0633651551312649
0.326849642004773
0.417422434367542
0.195107398568019
0.326849642004773
0.33508353221957
0.0194510739856802
0.110023866348449
0.181384248210024
0.0853221957040573
0.167661097852029
0.145704057279236
0.071599045346062
0.271957040572792
0.123747016706444
0.0908114558472554
0.153937947494033
0.151193317422434
0.110023866348449
0.173150357995227
0.417422434367542
0.431145584725537
0.304892601431981
0.140214797136038
0.186873508353222
0.186873508353222
0.00572792362768497
0.332338902147971
0.142959427207637
0.0880668257756563
0.266467780429594
0.255489260143198
0.318615751789976
0.346062052505967
0.0606205250596659
0.351551312649165
0.217064439140811
0.239021479713604
0.0414081145584726
0.425656324582339
0.384486873508353
0.425656324582339
0.101789976133652
0.131980906921241
0.170405727923628
0.433890214797136
0.225298329355609
0.0963007159904535
0.0798329355608592
0.0221957040572792
0.233532219570406
0.156682577565632
0.178639618138425
0.230787589498807
0.233532219570406
0.0633651551312649
0.228042959427208
0.178639618138425
0.271957040572792
0.10727923627685
0.16491646778043
0.156682577565632
0.228042959427208
0.140214797136038
0.186873508353222
0.145704057279236
0.104534606205251
0.071599045346062
0.214319809069212
0.153937947494033
0.282935560859189
0.173150357995227
0.310381861575179
0.208830548926014
0.112768496420048
0.348806682577566
0.282935560859189
0.0386634844868735
0.178639618138425
0.329594272076372
0.10727923627685
0.110023866348449
0.25
0.148448687350835
0.225298329355609
0.25
0.304892601431981
0.219809069212411
0.0441527446300716
0.0880668257756563
0.203341288782816
0.142959427207637
0.206085918854415
0.0770883054892601
0.0359188544152745
0.274701670644391
0.0304295942720764
0.0990453460620525
0.00847255369928401
0.0853221957040573
0.233532219570406
0.280190930787589
0.0908114558472554
0.178639618138425
0.280190930787589
0.368019093078759
0.518973747016706
0.22255369928401
0.068854415274463
0.244510739856802
0.282935560859189
0.175894988066826
0.0743436754176611
0.123747016706444
0.464081145584725
0.0825775656324582
0.0441527446300716
0.0359188544152745
0.066109785202864
0.115513126491647
0.225298329355609
0.156682577565632
0.131980906921241
0.13472553699284
0.123747016706444
0.145704057279236
0.318615751789976
0.354295942720764
0.269212410501193
0.101789976133652
0.137470167064439
0.121002386634845
0.271957040572792
0.0908114558472554
0.140214797136038
0.346062052505967
0.16491646778043
0.126491646778043
0.230787589498807
0.110023866348449
0.0194510739856802
0.19236276849642
0.274701670644391
0.112768496420048
0.173150357995227
0.326849642004773
0.400954653937947
0.0853221957040573
0.239021479713604
0.0963007159904535
0.142959427207637
0.343317422434367
0.10727923627685
0.206085918854415
0.068854415274463
0.0139618138424821
0.217064439140811
0.27744630071599
0.27744630071599
0.121002386634845
0.19236276849642
0.0523866348448687
0.00572792362768497
0.0523866348448687
0.573866348448687
0.247255369928401
0.661694510739857
0.431145584725537
0.263723150357995
0.313126491646778
0.142959427207637
0.318615751789976
0.0441527446300716
0.241766109785203
0.263723150357995
0.153937947494033
0.151193317422434
0.181384248210024
0.068854415274463
0.406443914081145
0.184128878281623
0.131980906921241
0.10727923627685
0.296658711217184
0.266467780429594
