0.521718377088305
0.513484486873508
0.947136038186157
0.516229116945107
0.59582338902148
0.908711217183771
1.1118138424821
0.809904534606205
0.543675417661098
0.749522673031026
1.20513126491647
0.812649164677804
0.351551312649165
0.5381861575179
0.870286396181384
0.56563245823389
0.381742243436754
0.532696897374702
0.398210023866348
0.285680190930788
0.329594272076372
0.59307875894988
0.645226730310262
0.919689737470167
1.53997613365155
0.724821002386635
0.776968973747017
2.36610978520286
0.395465393794749
0.483293556085919
0.845584725536993
0.521718377088305
0.700119331742243
0.351551312649165
0.400954653937947
0.59582338902148
0.439379474940334
0.878520286396181
1.37529832935561
0.730310262529833
0.730310262529833
0.560143198090692
0.488782816229117
0.889498806682578
0.439379474940334
0.735799522673031
0.650715990453461
0.568377088305489
0.837350835322196
0.776968973747017
0.982816229116945
0.669928400954654
0.801670644391408
0.765990453460621
1.21885441527446
0.269212410501193
0.664439140811456
0.370763723150358
0.628758949880668
0.442124105011933
0.494272076372315
0.573866348448687
0.886754176610978
0.85381861575179
0.587589498806683
0.417422434367542
1.19140811455847
0.672673031026253
0.159427207637232
0.486038186157518
0.76873508353222
0.236276849642005
0.722076372315036
0.27744630071599
0.431145584725537
0.378997613365155
0.645226730310262
0.444868735083532
0.582100238663484
0.963603818615752
0.755011933174224
0.620525059665871
0.48054892601432
0.411933174224344
0.411933174224344
0.70835322195704
0.831861575178998
1.07338902147971
0.33508353221957
0.927923627684964
0.867541766109785
0.549164677804296
0.417422434367542
0.812649164677804
0.774224343675418
0.628758949880668
0.804415274463007
0.724821002386635
0.50799522673031
0.667183770883055
0.752267303102625
1.01026252983294
0.554653937947494
0.601312649164678
0.68090692124105
0.104534606205251
0.518973747016706
0.546420047732697
0.612291169451074
0.45035799522673
0.368019093078759
1.34510739856802
0.557398568019093
0.991050119331742
0.661694510739857
0.903221957040573
0.678162291169451
0.864797136038186
0.700119331742243
0.719331742243437
0.735799522673031
0.497016706443914
0.436634844868735
0.741288782816229
0.590334128878282
0.326849642004773
1.1255369928401
1.15023866348449
0.669928400954654
0.590334128878282
0.884009546539379
0.741288782816229
0.532696897374702
0.700119331742243
0.952625298329356
0.442124105011933
3.9964200477327
0.634248210023866
0.351551312649165
0.329594272076372
0.974582338902148
0.59582338902148
0.56563245823389
0.0963007159904535
0.897732696897375
0.513484486873508
0.587589498806683
0.897732696897375
0.905966587112172
0.71109785202864
0.45035799522673
0.735799522673031
1.26825775656325
0.647971360381861
0.359785202863962
0.425656324582339
0.247255369928401
0.763245823389021
0.488782816229117
1.1008353221957
0.483293556085919
0.752267303102625
0.30763723150358
0.645226730310262
1.15572792362768
0.744033412887828
1.18866348448687
0.532696897374702
0.505250596658711
0.820883054892601
0.486038186157518
0.713842482100239
0.121002386634845
0.697374701670644
0.661694510739857
0.604057279236277
0.431145584725537
1.1035799522673
0.505250596658711
0.664439140811456
1.20238663484487
0.384486873508353
0.398210023866348
0.291169451073986
1.3945107398568
0.870286396181384
0.255489260143198
0.672673031026253
0.878520286396181
0.36527446300716
0.59582338902148
1.80620525059666
0.669928400954654
0.842840095465394
0.549164677804296
0.999284009546539
1.19689737470167
0.50799522673031
0.963603818615752
0.719331742243437
0.730310262529833
0.661694510739857
0.62326968973747
0.826372315035799
0.771479713603819
0.702863961813842
0.455847255369928
0.8236276849642
0.324105011933174
0.27744630071599
1.34236276849642
0.62326968973747
0.50799522673031
0.818138424821002
0.590334128878282
1.13102625298329
1.64427207637231
0.551909307875895
0.329594272076372
0.993794749403341
0.790692124105012
1.71288782816229
0.576610978520286
0.45035799522673
0.354295942720764
1.03496420047733
1.53174224343675
0.845584725536993
0.282935560859189
0.65346062052506
1.18866348448687
0.362529832935561
0.573866348448687
1.58937947494033
0.658949880668258
0.497016706443914
0.842840095465394
1.36706443914081
0.702863961813842
0.963603818615752
0.562887828162291
0.362529832935561
0.884009546539379
0.499761336515513
0.829116945107399
0.36527446300716
0.697374701670644
0.661694510739857
0.282935560859189
0.626014319809069
0.700119331742243
0.601312649164678
0.755011933174224
0.129236276849642
0.752267303102625
0.389976133651551
0.664439140811456
0.744033412887828
1.12828162291169
0.65346062052506
0.59582338902148
1.35059665871122
0.848329355608592
0.562887828162291
0.13472553699284
0.851073985680191
0.862052505966587
1.16945107398568
0.749522673031026
0.626014319809069
0.359785202863962
0.417422434367542
2.27828162291169
0.955369928400955
0.820883054892601
0.529952267303103
0.878520286396181
1.16121718377088
0.472315035799523
0.617780429594272
0.999284009546539
0.398210023866348
0.458591885441527
0.678162291169451
0.771479713603819
0.686396181384248
0.499761336515513
0.529952267303103
1.22708830548926
1.04594272076372
0.848329355608592
0.840095465393795
0.208830548926014
1.26825775656325
0.189618138424821
0.755011933174224
0.576610978520286
0.354295942720764
2.02303102625298
0.68090692124105
0.398210023866348
0.820883054892601
0.782458233890215
1.0980906921241
0.606801909307876
1.05692124105012
0.337828162291169
0.442124105011933
0.433890214797136
0.724821002386635
0.546420047732697
0.927923627684964
0.864797136038186
0.518973747016706
1.16396181384248
0.340572792362768
1.03221957040573
0.477804295942721
1.47410501193317
1.22434367541766
0.867541766109785
0.285680190930788
0.694630071599045
0.466825775656324
0.840095465393795
0.93890214797136
0.45035799522673
0.730310262529833
0.56563245823389
1.07613365155131
0.779713603818616
0.927923627684964
0.584844868735083
0.486038186157518
0.444868735083532
0.664439140811456
0.590334128878282
0.584844868735083
0.776968973747017
1.08436754176611
0.79618138424821
0.590334128878282
0.332338902147971
0.389976133651551
0.68090692124105
0.669928400954654
0.604057279236277
1.01026252983294
0.700119331742243
0.499761336515513
0.840095465393795
0.505250596658711
0.730310262529833
0.727565632458234
0.472315035799523
1.19140811455847
0.746778042959427
0.947136038186157
0.744033412887828
0.620525059665871
0.620525059665871
0.48054892601432
0.560143198090692
0.389976133651551
0.233532219570406
0.318615751789976
0.50799522673031
0.562887828162291
0.661694510739857
1.4
0.798926014319809
1.07613365155131
0.491527446300716
0.444868735083532
0.433890214797136
0.472315035799523
0.579355608591885
1.00202863961814
0.576610978520286
0.244510739856802
0.598568019093079
0.697374701670644
0.343317422434367
0.765990453460621
0.694630071599045
0.535441527446301
0.713842482100239
0.351551312649165
0.944391408114558
0.497016706443914
0.691885441527446
1.03770883054893
0.639737470167064
0.755011933174224
0.922434367541766
0.798926014319809
0.716587112171838
0.631503579952267
0.656205250596659
0.617780429594272
0.658949880668258
1.36431980906921
0.510739856801909
0.636992840095465
0.45035799522673
0.801670644391408
1.01300715990453
0.818138424821002
0.892243436754177
0.50799522673031
0.472315035799523
0.8236276849642
0.414677804295943
1.3890214797136
0.343317422434367
0.420167064439141
1.0980906921241
0.639737470167064
1.94069212410501
0.870286396181384
0.779713603818616
1.4
0.760501193317422
1.25178997613365
0.686396181384248
1.08985680190931
0.615035799522673
1.00751789976134
0.258233890214797
0.675417661097852
0.233532219570406
0.359785202863962
0.840095465393795
0.518973747016706
0.724821002386635
0.812649164677804
0.604057279236277
0.963603818615752
0.977326968973747
0.669928400954654
0.447613365155131
3.08245823389021
0.845584725536993
0.604057279236277
0.425656324582339
0.96909307875895
1.08985680190931
0.604057279236277
0.774224343675418
0.403699284009546
0.461336515513126
0.497016706443914
0.689140811455847
0.458591885441527
0.702863961813842
0.689140811455847
0.535441527446301
0.329594272076372
0.200596658711217
0.414677804295943
0.387231503579952
0.801670644391408
0.318615751789976
0.524463007159904
0.683651551312649
0.798926014319809
0.955369928400955
0.977326968973747
0.620525059665871
0.483293556085919
0.48054892601432
0.19236276849642
0.645226730310262
0.33508353221957
0.370763723150358
1.3945107398568
0.977326968973747
0.332338902147971
1.50155131264916
0.491527446300716
0.343317422434367
0.886754176610978
0.615035799522673
0.878520286396181
0.464081145584725
0.842840095465394
0.705608591885441
0.466825775656324
0.22255369928401
1.14200477326969
0.280190930787589
0.765990453460621
0.735799522673031
0.447613365155131
0.376252983293556
0.291169451073986
1.00751789976134
0.378997613365155
1.18317422434368
0.33508353221957
0.48054892601432
1.44116945107399
0.343317422434367
0.993794749403341
0.658949880668258
1.17219570405728
1.0980906921241
0.340572792362768
0.669928400954654
0.340572792362768
0.469570405727924
0.626014319809069
0.337828162291169
1.16121718377088
0.689140811455847
0.326849642004773
0.42291169451074
0.455847255369928
0.491527446300716
0.543675417661098
0.604057279236277
0.529952267303103
0.406443914081145
0.219809069212411
0.362529832935561
0.667183770883055
0.59582338902148
0.510739856801909
0.741288782816229
0.590334128878282
1.34236276849642
0.557398568019093
0.604057279236277
0.378997613365155
0.189618138424821
1.44391408114558
1.06789976133652
0.571121718377088
0.757756563245823
1.34510739856802
0.744033412887828
0.557398568019093
0.398210023866348
0.384486873508353
0.571121718377088
0.612291169451074
0.749522673031026
0.587589498806683
0.562887828162291
0.867541766109785
0.615035799522673
0.359785202863962
0.568377088305489
0.510739856801909
0.571121718377088
0.48054892601432
0.433890214797136
0.71109785202864
0.184128878281623
0.387231503579952
0.247255369928401
0.359785202863962
0.36527446300716
0.417422434367542
0.321360381861575
0.73854415274463
0.483293556085919
0.491527446300716
0.543675417661098
0.905966587112172
0.225298329355609
0.428400954653938
0.905966587112172
0.447613365155131
0.645226730310262
0.475059665871122
0.716587112171838
0.373508353221957
0.636992840095465
0.639737470167064
0.42291169451074
0.609546539379475
0.856563245823389
0.730310262529833
0.48054892601432
0.162171837708831
0.587589498806683
1.02124105011933
0.403699284009546
0.875775656324582
0.746778042959427
0.793436754176611
0.529952267303103
0.845584725536993
0.546420047732697
0.521718377088305
0.85381861575179
0.958114558472554
0.455847255369928
0.411933174224344
0.472315035799523
0.461336515513126
1.09260143198091
0.886754176610978
0.856563245823389
1.84188544152745
0.661694510739857
0.469570405727924
0.551909307875895
0.433890214797136
0.282935560859189
0.540930787589499
0.675417661097852
1.66897374701671
0.233532219570406
0.491527446300716
0.513484486873508
0.488782816229117
0.897732696897375
0.472315035799523
1.84737470167064
0.469570405727924
0.897732696897375
0.455847255369928
0.908711217183771
0.683651551312649
0.636992840095465
0.477804295942721
0.65346062052506
1.43019093078759
0.79618138424821
0.455847255369928
1.48508353221957
0.458591885441527
0.642482100238663
0.488782816229117
0.705608591885441
0.686396181384248
0.291169451073986
1.34236276849642
0.96909307875895
0.658949880668258
0.324105011933174
0.845584725536993
0.719331742243437
0.727565632458234
1.18591885441527
1.05966587112172
0.818138424821002
0.579355608591885
0.236276849642005
0.288424821002387
0.702863961813842
0.502505966587112
0.510739856801909
0.889498806682578
1.09260143198091
0.790692124105012
1.05692124105012
1.41646778042959
0.27744630071599
0.439379474940334
0.483293556085919
0.477804295942721
0.568377088305489
0.966348448687351
1.01575178997613
0.779713603818616
0.636992840095465
0.88126491646778
0.568377088305489
0.505250596658711
0.697374701670644
0.590334128878282
0.930668257756563
0.587589498806683
0.549164677804296
0.488782816229117
0.590334128878282
0.845584725536993
0.617780429594272
0.645226730310262
1.23257756563246
1.4
0.417422434367542
0.955369928400955
0.499761336515513
0.464081145584725
0.96909307875895
0.469570405727924
0.521718377088305
1.32863961813842
0.73854415274463
0.65346062052506
0.776968973747017
0.875775656324582
0.444868735083532
0.650715990453461
0.675417661097852
0.683651551312649
0.960859188544153
0.68090692124105
0.266467780429594
0.540930787589499
0.999284009546539
0.395465393794749
1.14474940334129
0.521718377088305
0.892243436754177
0.656205250596659
0.50799522673031
0.826372315035799
0.466825775656324
0.922434367541766
0.587589498806683
0.713842482100239
0.851073985680191
0.453102625298329
1.01849642004773
0.765990453460621
0.296658711217184
0.782458233890215
0.73854415274463
0.831861575178998
0.68090692124105
0.656205250596659
0.650715990453461
0.905966587112172
0.357040572792363
0.518973747016706
0.604057279236277
0.818138424821002
1.06789976133652
0.774224343675418
0.513484486873508
0.848329355608592
0.765990453460621
0.988305489260143
1.27374701670644
0.488782816229117
0.73854415274463
0.645226730310262
0.785202863961814
0.00572792362768497
0.741288782816229
0.664439140811456
0.5381861575179
0.59582338902148
0.755011933174224
0.461336515513126
0.549164677804296
0.59307875894988
1.07064439140811
0.787947494033413
0.79618138424821
0.549164677804296
0.455847255369928
0.609546539379475
0.870286396181384
1.27923627684964
0.980071599045346
1.04868735083532
0.730310262529833
0.598568019093079
1.01300715990453
1.27374701670644
0.859307875894988
1.18317422434368
0.332338902147971
0.535441527446301
0.763245823389021
0.667183770883055
0.560143198090692
0.884009546539379
0.705608591885441
1.26551312649165
1.1255369928401
0.36527446300716
0.763245823389021
0.601312649164678
0.442124105011933
1.64701670644391
1.01026252983294
0.782458233890215
0.661694510739857
0.650715990453461
0.439379474940334
0.370763723150358
0.936157517899761
0.557398568019093
0.647971360381861
0.85381861575179
0.557398568019093
0.590334128878282
0.615035799522673
0.329594272076372
0.546420047732697
0.672673031026253
0.447613365155131
0.886754176610978
1.72935560859189
0.502505966587112
0.760501193317422
0.486038186157518
0.955369928400955
0.370763723150358
0.411933174224344
0.71109785202864
0.650715990453461
1.08985680190931
1.03221957040573
0.727565632458234
0.321360381861575
0.510739856801909
0.862052505966587
0.48054892601432
0.494272076372315
0.42291169451074
0.601312649164678
0.524463007159904
0.56563245823389
0.845584725536993
0.683651551312649
0.765990453460621
0.483293556085919
0.469570405727924
0.269212410501193
0.502505966587112
3.31849642004773
0.340572792362768
0.469570405727924
1.13377088305489
0.818138424821002
0.636992840095465
1.02947494033413
0.801670644391408
0.425656324582339
0.587589498806683
0.604057279236277
0.0249403341288783
0.873031026252983
0.722076372315036
0.45035799522673
0.68090692124105
1.08436754176611
0.675417661097852
0.713842482100239
0.340572792362768
0.645226730310262
0.5381861575179
0.244510739856802
0.730310262529833
0.395465393794749
0.513484486873508
4.76217183770883
0.809904534606205
0.444868735083532
0.697374701670644
0.178639618138425
0.486038186157518
0.252744630071599
0.864797136038186
0.39272076372315
0.197852028639618
0.952625298329356
0.411933174224344
0.790692124105012
0.48054892601432
0.304892601431981
0.518973747016706
0.661694510739857
0.765990453460621
0.582100238663484
0.494272076372315
0.362529832935561
0.936157517899761
0.897732696897375
0.826372315035799
1.09534606205251
0.48054892601432
0.540930787589499
0.831861575178998
1.02124105011933
0.337828162291169
1.52350835322196
0.730310262529833
0.993794749403341
0.582100238663484
0.642482100238663
0.993794749403341
1.92147971360382
0.417422434367542
0.615035799522673
0.645226730310262
1.22983293556086
2.72016706443914
0.829116945107399
0.464081145584725
0.439379474940334
0.606801909307876
0.510739856801909
1.64427207637231
0.343317422434367
0.672673031026253
0.513484486873508
0.626014319809069
0.776968973747017
0.746778042959427
0.601312649164678
0.741288782816229
1.24630071599045
0.233532219570406
0.733054892601432
0.598568019093079
0.678162291169451
0.329594272076372
1.1227923627685
0.499761336515513
2.07243436754177
1.02673031026253
0.856563245823389
0.428400954653938
0.689140811455847
1.20238663484487
1.1173031026253
0.645226730310262
0.689140811455847
0.903221957040573
1.27374701670644
0.634248210023866
0.557398568019093
1.30393794749403
0.845584725536993
0.439379474940334
0.65346062052506
1.66348448687351
1.04319809069212
0.672673031026253
0.239021479713604
0.562887828162291
0.247255369928401
0.313126491646778
0.455847255369928
0.735799522673031
0.812649164677804
0.65346062052506
0.121002386634845
0.960859188544153
0.694630071599045
7.46288782816229
0.584844868735083
0.576610978520286
0.620525059665871
1.31217183770883
0.617780429594272
0.658949880668258
0.469570405727924
0.417422434367542
0.527207637231504
0.716587112171838
0.889498806682578
0.115513126491647
0.963603818615752
0.628758949880668
0.620525059665871
0.576610978520286
0.71109785202864
0.45035799522673
0.428400954653938
0.472315035799523
0.56563245823389
0.48054892601432
0.299403341288783
1.06515513126492
0.411933174224344
0.0249403341288783
0.326849642004773
0.546420047732697
0.411933174224344
0.8236276849642
1.03496420047733
0.650715990453461
1.58663484486874
1.44116945107399
2.46766109785203
0.326849642004773
0.667183770883055
0.620525059665871
0.529952267303103
0.233532219570406
0.472315035799523
0.68090692124105
1.08711217183771
0.568377088305489
1.25453460620525
0.658949880668258
0.343317422434367
0.36527446300716
0.521718377088305
1.13926014319809
0.414677804295943
0.604057279236277
0.551909307875895
3.24164677804296
0.658949880668258
0.65346062052506
1.06789976133652
0.678162291169451
0.963603818615752
0.557398568019093
0.206085918854415
0.340572792362768
1.1227923627685
0.568377088305489
0.549164677804296
2.18496420047733
0.461336515513126
0.801670644391408
0.315871121718377
0.719331742243437
1.15572792362768
0.848329355608592
0.949880668257757
1.02673031026253
0.798926014319809
0.447613365155131
0.551909307875895
0.466825775656324
0.516229116945107
0.447613365155131
0.686396181384248
0.56563245823389
1.37529832935561
0.549164677804296
0.0276849642004773
0.59307875894988
0.601312649164678
0.439379474940334
0.516229116945107
0.656205250596659
1.17768496420048
0.779713603818616
0.793436754176611
0.535441527446301
0.573866348448687
0.76873508353222
0.557398568019093
0.299403341288783
0.639737470167064
0.944391408114558
0.455847255369928
0.667183770883055
0.315871121718377
0.524463007159904
0.787947494033413
0.818138424821002
0.62326968973747
0.568377088305489
0.661694510739857
1.61682577565632
0.50799522673031
0.425656324582339
1.05417661097852
2.59391408114558
0.845584725536993
0.689140811455847
0.609546539379475
0.744033412887828
0.897732696897375
0.42291169451074
0.702863961813842
0.807159904534606
0.730310262529833
0.636992840095465
0.829116945107399
0.211575178997613
0.980071599045346
0.752267303102625
0.999284009546539
0.96909307875895
0.713842482100239
0.560143198090692
0.727565632458234
0.96909307875895
0.686396181384248
0.510739856801909
0.686396181384248
0.842840095465394
0.650715990453461
0.282935560859189
1.43568019093079
0.543675417661098
0.475059665871122
0.631503579952267
0.557398568019093
0.439379474940334
0.672673031026253
0.436634844868735
1.14474940334129
0.590334128878282
0.551909307875895
0.30763723150358
0.403699284009546
0.486038186157518
0.483293556085919
0.617780429594272
0.749522673031026
0.45035799522673
0.801670644391408
0.579355608591885
0.779713603818616
0.719331742243437
1.02124105011933
1.37804295942721
0.0414081145584726
0.752267303102625
0.546420047732697
0.302147971360382
1.25453460620525
0.683651551312649
0.763245823389021
0.639737470167064
0.469570405727924
0.491527446300716
0.551909307875895
1.08162291169451
0.65346062052506
0.540930787589499
0.702863961813842
0.395465393794749
0.804415274463007
0.368019093078759
0.683651551312649
0.42291169451074
0.48054892601432
0.661694510739857
0.988305489260143
0.661694510739857
0.354295942720764
0.771479713603819
0.324105011933174
1.05417661097852
0.727565632458234
0.488782816229117
0.812649164677804
0.318615751789976
0.672673031026253
0.691885441527446
0.59582338902148
0.469570405727924
0.941646778042959
1.47136038186158
0.153937947494033
0.233532219570406
0.491527446300716
0.831861575178998
1.08162291169451
0.5381861575179
0.960859188544153
0.615035799522673
0.59582338902148
0.628758949880668
1.05143198090692
0.239021479713604
3.15656324582339
0.755011933174224
0.497016706443914
0.505250596658711
0.958114558472554
0.145704057279236
0.45035799522673
0.815393794749403
0.543675417661098
0.475059665871122
0.472315035799523
0.664439140811456
0.378997613365155
0.867541766109785
0.414677804295943
0.606801909307876
0.697374701670644
0.905966587112172
1.03496420047733
0.368019093078759
0.378997613365155
1.15298329355609
0.469570405727924
0.497016706443914
0.579355608591885
0.927923627684964
0.409188544152745
0.683651551312649
1.02673031026253
0.524463007159904
0.291169451073986
0.763245823389021
0.642482100238663
0.628758949880668
0.285680190930788
1.08985680190931
0.664439140811456
0.790692124105012
0.71109785202864
1.4109785202864
0.941646778042959
0.71109785202864
0.963603818615752
0.494272076372315
0.431145584725537
0.411933174224344
0.549164677804296
0.790692124105012
0.71109785202864
0.686396181384248
0.444868735083532
0.326849642004773
0.606801909307876
0.208830548926014
0.590334128878282
0.88126491646778
0.0825775656324582
0.488782816229117
0.900477326968974
1.04045346062053
0.900477326968974
0.757756563245823
0.763245823389021
0.557398568019093
0.115513126491647
0.406443914081145
0.845584725536993
0.936157517899761
1.02673031026253
0.892243436754177
0.697374701670644
0.378997613365155
0.620525059665871
0.930668257756563
0.368019093078759
0.894988066825776
0.455847255369928
1.01300715990453
0.966348448687351
0.626014319809069
0.724821002386635
0.269212410501193
0.282935560859189
0.532696897374702
0.573866348448687
0.628758949880668
1.42195704057279
0.672673031026253
0.568377088305489
0.689140811455847
0.521718377088305
0.606801909307876
0.433890214797136
0.85381861575179
0.357040572792363
0.266467780429594
0.604057279236277
0.568377088305489
0.859307875894988
0.472315035799523
0.620525059665871
0.197852028639618
0.464081145584725
0.675417661097852
0.518973747016706
0.296658711217184
0.675417661097852
0.376252983293556
0.831861575178998
0.499761336515513
1.55644391408115
0.30763723150358
0.609546539379475
0.900477326968974
0.73854415274463
0.502505966587112
0.713842482100239
0.535441527446301
0.354295942720764
0.417422434367542
1.30668257756563
0.65346062052506
0.282935560859189
0.870286396181384
0.483293556085919
0.546420047732697
0.436634844868735
0.42291169451074
0.428400954653938
0.642482100238663
0.672673031026253
0.554653937947494
0.757756563245823
0.518973747016706
0.562887828162291
0.68090692124105
0.862052505966587
0.510739856801909
0.576610978520286
0.403699284009546
0.59582338902148
0.716587112171838
0.472315035799523
0.919689737470167
0.551909307875895
0.582100238663484
1.04594272076372
0.650715990453461
1.61957040572792
0.985560859188544
0.793436754176611
1.60859188544153
0.675417661097852
0.864797136038186
0.59582338902148
0.45035799522673
0.299403341288783
0.922434367541766
1.05692124105012
0.121002386634845
0.521718377088305
1.1008353221957
0.722076372315036
0.491527446300716
0.431145584725537
0.927923627684964
0.417422434367542
0.626014319809069
0.527207637231504
1.1145584725537
0.886754176610978
0.598568019093079
1.07338902147971
0.590334128878282
0.540930787589499
0.584844868735083
0.313126491646778
2.11085918854415
0.62326968973747
0.568377088305489
1.1255369928401
0.560143198090692
0.672673031026253
1.29570405727924
1.3945107398568
0.62326968973747
0.529952267303103
0.908711217183771
0.752267303102625
0.694630071599045
0.48054892601432
0.477804295942721
0.8236276849642
0.691885441527446
0.672673031026253
1.3917661097852
0.746778042959427
0.494272076372315
0.851073985680191
0.815393794749403
0.620525059665871
0.694630071599045
0.812649164677804
0.491527446300716
0.669928400954654
1.17219570405728
0.70835322195704
0.346062052505967
0.373508353221957
0.494272076372315
0.318615751789976
0.378997613365155
0.694630071599045
0.584844868735083
0.815393794749403
1.20787589498807
0.647971360381861
2.16026252983294
1.71837708830549
0.326849642004773
0.601312649164678
0.546420047732697
0.963603818615752
0.326849642004773
0.45035799522673
0.505250596658711
1.1173031026253
0.70835322195704
0.499761336515513
0.562887828162291
0.650715990453461
0.444868735083532
0.628758949880668
0.0551312649164678
0.521718377088305
0.831861575178998
0.636992840095465
0.925178997613365
1.56467780429594
0.678162291169451
0.466825775656324
0.601312649164678
0.661694510739857
0.620525059665871
0.56563245823389
0.359785202863962
0.722076372315036
0.952625298329356
0.208830548926014
0.59307875894988
0.527207637231504
0.45035799522673
0.601312649164678
0.403699284009546
1.15847255369928
0.453102625298329
0.310381861575179
0.442124105011933
1.18317422434368
0.875775656324582
0.744033412887828
0.733054892601432
0.39272076372315
0.409188544152745
0.516229116945107
0.36527446300716
0.697374701670644
0.675417661097852
1.1063245823389
0.469570405727924
0.831861575178998
0.458591885441527
1.20238663484487
0.274701670644391
0.873031026252983
0.551909307875895
0.724821002386635
0.486038186157518
0.436634844868735
0.417422434367542
0.727565632458234
0.584844868735083
0.617780429594272
1.14474940334129
0.755011933174224
0.949880668257757
0.351551312649165
1.02124105011933
0.461336515513126
0.774224343675418
0.661694510739857
0.85381861575179
0.59582338902148
0.71109785202864
0.332338902147971
2.5582338902148
0.000238663484486879
0.258233890214797
0.886754176610978
0.491527446300716
0.730310262529833
0.444868735083532
0.373508353221957
0.33508353221957
0.582100238663484
0.568377088305489
0.315871121718377
0.389976133651551
2.13556085918854
0.417422434367542
0.862052505966587
0.453102625298329
0.0825775656324582
0.650715990453461
0.579355608591885
0.744033412887828
0.527207637231504
0.804415274463007
0.373508353221957
0.933412887828162
1.20513126491647
0.499761336515513
0.540930787589499
0.697374701670644
0.746778042959427
2.96992840095465
1.16945107398568
1.30119331742243
0.22255369928401
0.873031026252983
1.26002386634845
0.812649164677804
0.398210023866348
0.807159904534606
0.494272076372315
1.03221957040573
0.598568019093079
0.266467780429594
0.760501193317422
1.27100238663484
0.691885441527446
1.05692124105012
0.560143198090692
0.431145584725537
0.436634844868735
0.494272076372315
0.894988066825776
0.436634844868735
0.982816229116945
1.07613365155131
0.529952267303103
0.993794749403341
0.612291169451074
0.395465393794749
0.494272076372315
0.873031026252983
0.691885441527446
0.395465393794749
0.604057279236277
0.516229116945107
1.29295942720764
0.274701670644391
0.414677804295943
0.579355608591885
0.505250596658711
0.50799522673031
0.807159904534606
0.510739856801909
0.318615751789976
0.472315035799523
0.867541766109785
0.658949880668258
0.645226730310262
0.62326968973747
0.571121718377088
0.927923627684964
0.332338902147971
0.280190930787589
0.993794749403341
0.719331742243437
0.546420047732697
0.774224343675418
0.461336515513126
1.28747016706444
0.744033412887828
0.661694510739857
0.527207637231504
0.848329355608592
0.546420047732697
0.845584725536993
0.543675417661098
0.576610978520286
0.719331742243437
0.551909307875895
0.842840095465394
0.678162291169451
1.4054892601432
1.1090692124105
0.494272076372315
0.483293556085919
1.17219570405728
0.549164677804296
1.55644391408115
0.958114558472554
0.686396181384248
0.554653937947494
0.719331742243437
1.28198090692124
0.980071599045346
1.61408114558473
1.12828162291169
0.431145584725537
0.689140811455847
0.93890214797136
0.763245823389021
0.584844868735083
0.875775656324582
0.159427207637232
0.727565632458234
0.543675417661098
0.285680190930788
0.963603818615752
0.433890214797136
0.661694510739857
0.757756563245823
0.217064439140811
0.464081145584725
0.820883054892601
0.483293556085919
0.848329355608592
0.620525059665871
0.389976133651551
0.398210023866348
1.02947494033413
0.540930787589499
1.18317422434368
0.782458233890215
0.647971360381861
0.121002386634845
0.425656324582339
0.919689737470167
0.524463007159904
1.4082338902148
0.958114558472554
0.433890214797136
1.02947494033413
0.617780429594272
0.178639618138425
0.733054892601432
0.389976133651551
0.50799522673031
0.584844868735083
2.31121718377088
0.389976133651551
0.689140811455847
0.590334128878282
0.357040572792363
0.787947494033413
0.543675417661098
0.491527446300716
0.266467780429594
0.713842482100239
0.697374701670644
0.765990453460621
0.785202863961814
0.455847255369928
1.05143198090692
0.502505966587112
0.656205250596659
0.540930787589499
0.560143198090692
0.582100238663484
0.598568019093079
2.04773269689737
0.348806682577566
0.469570405727924
0.389976133651551
1.02124105011933
0.0112171837708831
0.420167064439141
0.812649164677804
0.689140811455847
0.466825775656324
0.620525059665871
0.332338902147971
1.17219570405728
0.626014319809069
0.916945107398568
0.79618138424821
0.395465393794749
0.878520286396181
0.546420047732697
0.549164677804296
0.851073985680191
0.527207637231504
0.497016706443914
0.414677804295943
0.634248210023866
0.892243436754177
0.310381861575179
1.04045346062053
0.755011933174224
2.85739856801909
0.195107398568019
0.955369928400955
0.985560859188544
0.302147971360382
0.562887828162291
0.491527446300716
0.71109785202864
0.807159904534606
0.56563245823389
0.510739856801909
0.735799522673031
0.919689737470167
0.568377088305489
0.744033412887828
0.870286396181384
0.864797136038186
1.05692124105012
0.697374701670644
0.669928400954654
0.321360381861575
1.23257756563246
0.505250596658711
1.21062052505967
0.807159904534606
0.499761336515513
0.927923627684964
0.667183770883055
0.606801909307876
0.609546539379475
0.50799522673031
0.601312649164678
0.524463007159904
1.27923627684964
1.55095465393795
0.573866348448687
0.617780429594272
0.568377088305489
1.06515513126492
0.436634844868735
1.32863961813842
0.560143198090692
0.420167064439141
0.505250596658711
0.755011933174224
0.447613365155131
0.486038186157518
0.71109785202864
0.502505966587112
0.922434367541766
0.991050119331742
0.378997613365155
0.749522673031026
0.730310262529833
0.414677804295943
0.378997613365155
0.359785202863962
0.700119331742243
0.700119331742243
0.963603818615752
0.351551312649165
1.13651551312649
1.01849642004773
0.510739856801909
0.362529832935561
0.433890214797136
0.551909307875895
1.1173031026253
1.33412887828162
1.08162291169451
1.80346062052506
0.914200477326969
0.645226730310262
0.315871121718377
0.71109785202864
0.757756563245823
0.447613365155131
0.472315035799523
1.03496420047733
0.584844868735083
0.173150357995227
0.735799522673031
0.241766109785203
0.571121718377088
0.919689737470167
0.354295942720764
1.08162291169451
0.529952267303103
0.332338902147971
1.21062052505967
0.45035799522673
0.936157517899761
0.820883054892601
0.859307875894988
0.609546539379475
0.521718377088305
0.851073985680191
0.510739856801909
0.313126491646778
0.59307875894988
2.76957040572792
0.315871121718377
0.447613365155131
0.48054892601432
0.516229116945107
0.39272076372315
0.71109785202864
0.686396181384248
0.639737470167064
0.211575178997613
0.612291169451074
0.494272076372315
0.466825775656324
0.494272076372315
0.263723150357995
0.549164677804296
0.395465393794749
0.667183770883055
0.664439140811456
0.436634844868735
0.447613365155131
1.42195704057279
0.609546539379475
0.606801909307876
0.985560859188544
0.936157517899761
0.697374701670644
0.694630071599045
0.604057279236277
0.477804295942721
0.36527446300716
0.700119331742243
0.73854415274463
0.642482100238663
0.705608591885441
0.45035799522673
0.991050119331742
0.73854415274463
0.357040572792363
0.628758949880668
0.343317422434367
0.856563245823389
0.617780429594272
1.14474940334129
0.639737470167064
0.645226730310262
0.302147971360382
0.395465393794749
0.669928400954654
0.840095465393795
0.650715990453461
0.461336515513126
0.903221957040573
0.985560859188544
0.683651551312649
0.510739856801909
0.532696897374702
0.752267303102625
1.13651551312649
0.71109785202864
0.62326968973747
0.560143198090692
0.757756563245823
0.167661097852029
0.601312649164678
0.647971360381861
0.636992840095465
0.999284009546539
0.634248210023866
0.722076372315036
1.07613365155131
0.472315035799523
0.513484486873508
0.0963007159904535
0.650715990453461
0.557398568019093
0.291169451073986
0.551909307875895
0.812649164677804
0.716587112171838
0.486038186157518
0.431145584725537
0.370763723150358
0.414677804295943
0.368019093078759
0.516229116945107
0.381742243436754
0.497016706443914
0.598568019093079
2.30847255369928
0.30763723150358
0.433890214797136
0.475059665871122
0.993794749403341
0.798926014319809
0.617780429594272
0.65346062052506
0.568377088305489
0.604057279236277
0.93890214797136
0.36527446300716
0.409188544152745
0.568377088305489
1.61133651551313
0.606801909307876
0.697374701670644
0.683651551312649
1.29021479713604
0.746778042959427
0.475059665871122
0.62326968973747
0.590334128878282
0.521718377088305
1.06515513126492
0.675417661097852
0.118257756563246
0.818138424821002
0.439379474940334
0.790692124105012
0.403699284009546
1.73210023866348
0.776968973747017
0.867541766109785
0.5381861575179
0.436634844868735
0.532696897374702
0.826372315035799
0.787947494033413
0.582100238663484
0.30763723150358
0.436634844868735
0.626014319809069
1.01300715990453
0.804415274463007
0.280190930787589
0.831861575178998
0.403699284009546
0.982816229116945
0.126491646778043
0.540930787589499
0.33508353221957
0.551909307875895
0.749522673031026
1.01575178997613
0.378997613365155
0.62326968973747
0.999284009546539
0.0853221957040573
0.878520286396181
0.211575178997613
0.197852028639618
1.15847255369928
0.551909307875895
0.389976133651551
0.787947494033413
0.875775656324582
0.864797136038186
0.856563245823389
1.80071599045346
0.428400954653938
0.636992840095465
0.381742243436754
0.645226730310262
0.801670644391408
1.00202863961814
0.59582338902148
0.862052505966587
0.513484486873508
0.785202863961814
0.683651551312649
0.516229116945107
0.601312649164678
0.809904534606205
0.875775656324582
0.661694510739857
1.13926014319809
0.733054892601432
0.749522673031026
0.716587112171838
0.700119331742243
0.359785202863962
0.782458233890215
0.368019093078759
0.790692124105012
0.829116945107399
1.4109785202864
0.458591885441527
0.889498806682578
0.302147971360382
0.88126491646778
0.645226730310262
0.790692124105012
0.927923627684964
0.834606205250597
0.510739856801909
0.829116945107399
0.856563245823389
0.398210023866348
0.56563245823389
0.469570405727924
0.351551312649165
0.774224343675418
0.406443914081145
0.378997613365155
0.50799522673031
0.848329355608592
0.546420047732697
0.678162291169451
0.535441527446301
0.683651551312649
0.321360381861575
0.571121718377088
2.01754176610978
1.03496420047733
1.01575178997613
0.782458233890215
0.568377088305489
0.897732696897375
0.719331742243437
0.702863961813842
0.782458233890215
0.354295942720764
0.615035799522673
0.647971360381861
0.947136038186157
0.351551312649165
0.579355608591885
0.527207637231504
0.840095465393795
0.606801909307876
0.582100238663484
0.719331742243437
0.873031026252983
0.856563245823389
0.486038186157518
1.01300715990453
0.782458233890215
0.527207637231504
1.14200477326969
1.24355608591885
0.598568019093079
0.414677804295943
2.94797136038186
0.927923627684964
0.39272076372315
0.30763723150358
0.486038186157518
0.798926014319809
0.702863961813842
0.930668257756563
0.658949880668258
0.664439140811456
0.678162291169451
2.19868735083532
0.494272076372315
0.76873508353222
0.636992840095465
0.549164677804296
0.381742243436754
0.494272076372315
0.184128878281623
0.626014319809069
0.606801909307876
0.873031026252983
0.326849642004773
0.27744630071599
0.524463007159904
0.626014319809069
0.702863961813842
0.384486873508353
0.626014319809069
0.524463007159904
0.557398568019093
0.576610978520286
0.820883054892601
0.991050119331742
0.804415274463007
0.626014319809069
0.612291169451074
0.664439140811456
1.4109785202864
1.23257756563246
0.431145584725537
0.735799522673031
0.359785202863962
0.787947494033413
0.387231503579952
0.420167064439141
0.420167064439141
0.532696897374702
0.368019093078759
0.73854415274463
0.211575178997613
0.510739856801909
0.318615751789976
0.573866348448687
0.68090692124105
1.42470167064439
0.395465393794749
0.378997613365155
0.771479713603819
0.455847255369928
0.678162291169451
0.472315035799523
0.88126491646778
0.315871121718377
0.411933174224344
0.217064439140811
0.387231503579952
0.634248210023866
0.700119331742243
0.475059665871122
0.568377088305489
1.60035799522673
0.713842482100239
0.524463007159904
1.06515513126492
0.70835322195704
0.741288782816229
0.79618138424821
1.04319809069212
0.540930787589499
0.62326968973747
1.01026252983294
0.875775656324582
0.56563245823389
0.878520286396181
0.700119331742243
0.963603818615752
0.96909307875895
0.39272076372315
0.647971360381861
0.486038186157518
0.529952267303103
0.546420047732697
0.362529832935561
1.22159904534606
0.878520286396181
0.889498806682578
1.01849642004773
1.58114558472554
0.502505966587112
0.645226730310262
0.373508353221957
0.678162291169451
1.1227923627685
0.48054892601432
0.458591885441527
0.606801909307876
0.584844868735083
0.562887828162291
0.39272076372315
0.650715990453461
1.18866348448687
0.398210023866348
0.886754176610978
0.30763723150358
0.417422434367542
0.678162291169451
1.52899761336515
0.873031026252983
0.45035799522673
1.08436754176611
0.414677804295943
0.892243436754177
0.230787589498807
1.09534606205251
0.760501193317422
0.288424821002387
1.91050119331742
0.453102625298329
0.636992840095465
0.373508353221957
0.477804295942721
0.73854415274463
1.16670644391408
0.705608591885441
0.757756563245823
2.17398568019093
0.834606205250597
0.211575178997613
1.13926014319809
0.282935560859189
0.609546539379475
1.21062052505967
0.406443914081145
1.53448687350835
0.400954653937947
1.13102625298329
0.332338902147971
1.13926014319809
0.491527446300716
0.0853221957040573
0.76873508353222
0.442124105011933
0.5381861575179
0.790692124105012
0.85381861575179
0.765990453460621
1.22983293556086
0.719331742243437
1.55918854415274
0.280190930787589
0.483293556085919
0.486038186157518
0.505250596658711
0.735799522673031
0.321360381861575
0.466825775656324
0.873031026252983
0.417422434367542
0.867541766109785
1.08985680190931
0.837350835322196
0.840095465393795
0.746778042959427
0.455847255369928
0.428400954653938
0.304892601431981
0.697374701670644
0.735799522673031
0.59307875894988
0.211575178997613
0.359785202863962
0.88126491646778
1.01849642004773
0.744033412887828
0.411933174224344
0.469570405727924
0.68090692124105
1.43842482100239
0.431145584725537
0.85381861575179
0.760501193317422
0.859307875894988
0.88126491646778
1.08436754176611
0.661694510739857
0.329594272076372
0.612291169451074
0.771479713603819
0.453102625298329
0.686396181384248
0.658949880668258
0.488782816229117
0.5381861575179
0.381742243436754
0.65346062052506
0.922434367541766
0.683651551312649
1.01575178997613
1.47959427207637
0.735799522673031
0.389976133651551
0.549164677804296
0.510739856801909
0.546420047732697
0.694630071599045
0.606801909307876
0.85381861575179
2.46766109785203
0.357040572792363
0.417422434367542
0.562887828162291
0.433890214797136
0.439379474940334
0.571121718377088
0.324105011933174
0.516229116945107
0.639737470167064
1.01300715990453
0.354295942720764
0.488782816229117
0.820883054892601
0.255489260143198
0.464081145584725
1.15023866348449
0.694630071599045
0.302147971360382
0.642482100238663
0.840095465393795
0.417422434367542
0.960859188544153
0.678162291169451
0.50799522673031
0.403699284009546
0.760501193317422
1.19415274463007
0.582100238663484
0.00847255369928401
1.05966587112172
0.746778042959427
0.702863961813842
0.763245823389021
1.15023866348449
0.878520286396181
0.411933174224344
0.206085918854415
0.554653937947494
0.960859188544153
0.598568019093079
1.55369928400955
0.68090692124105
1.06789976133652
0.744033412887828
0.491527446300716
0.686396181384248
0.626014319809069
0.368019093078759
2.08890214797136
0.159427207637232
0.642482100238663
0.658949880668258
1.08711217183771
0.151193317422434
0.884009546539379
0.557398568019093
0.203341288782816
0.346062052505967
0.529952267303103
0.554653937947494
0.431145584725537
0.612291169451074
0.389976133651551
1.01026252983294
0.453102625298329
0.612291169451074
0.579355608591885
1.18042959427208
0.36527446300716
0.505250596658711
0.433890214797136
1.79797136038186
0.5381861575179
0.612291169451074
0.293914081145585
0.763245823389021
0.241766109785203
0.960859188544153
0.568377088305489
0.551909307875895
0.400954653937947
0.744033412887828
0.900477326968974
0.617780429594272
0.458591885441527
0.96909307875895
0.744033412887828
0.469570405727924
0.247255369928401
0.955369928400955
0.258233890214797
5.1354415274463
0.546420047732697
0.584844868735083
0.417422434367542
1.1035799522673
0.905966587112172
0.647971360381861
0.65346062052506
0.664439140811456
0.551909307875895
0.464081145584725
0.617780429594272
0.735799522673031
0.68090692124105
0.428400954653938
0.818138424821002
0.340572792362768
0.378997613365155
0.343317422434367
1.6854415274463
0.573866348448687
0.686396181384248
0.62326968973747
1.04868735083532
0.403699284009546
0.59582338902148
0.678162291169451
0.42291169451074
0.59307875894988
0.601312649164678
0.988305489260143
1.03770883054893
0.656205250596659
0.400954653937947
0.315871121718377
0.282935560859189
0.442124105011933
0.829116945107399
0.771479713603819
0.414677804295943
0.571121718377088
0.771479713603819
1.00202863961814
0.966348448687351
0.626014319809069
1.03221957040573
0.837350835322196
0.527207637231504
0.560143198090692
0.702863961813842
0.782458233890215
1.26825775656325
0.719331742243437
1.45489260143198
0.804415274463007
0.650715990453461
0.384486873508353
1.09534606205251
1.06241050119332
0.694630071599045
0.554653937947494
0.604057279236277
1.26551312649165
0.370763723150358
0.516229116945107
1.1090692124105
0.612291169451074
0.453102625298329
0.916945107398568
0.225298329355609
0.59307875894988
0.230787589498807
0.497016706443914
0.5381861575179
0.444868735083532
0.787947494033413
0.42291169451074
0.620525059665871
2.87661097852029
0.30763723150358
0.903221957040573
0.793436754176611
0.543675417661098
0.65346062052506
0.724821002386635
0.475059665871122
0.400954653937947
0.664439140811456
1.04045346062053
0.486038186157518
0.505250596658711
0.744033412887828
0.831861575178998
0.571121718377088
0.458591885441527
0.636992840095465
0.669928400954654
0.346062052505967
0.461336515513126
1.06515513126492
0.5381861575179
0.491527446300716
0.532696897374702
0.568377088305489
0.453102625298329
0.110023866348449
0.400954653937947
0.65346062052506
0.45035799522673
0.505250596658711
0.510739856801909
2.73663484486873
1.16670644391408
0.142959427207637
0.634248210023866
0.518973747016706
0.831861575178998
0.587589498806683
1.52350835322196
0.916945107398568
1.26825775656325
0.39272076372315
0.889498806682578
0.524463007159904
0.664439140811456
0.763245823389021
0.691885441527446
0.310381861575179
0.862052505966587
0.518973747016706
1.1145584725537
0.779713603818616
0.543675417661098
0.68090692124105
0.628758949880668
0.848329355608592
0.535441527446301
1.01300715990453
0.458591885441527
0.642482100238663
0.826372315035799
0.62326968973747
0.601312649164678
0.337828162291169
0.497016706443914
0.30763723150358
0.667183770883055
0.483293556085919
0.491527446300716
0.516229116945107
0.667183770883055
0.73854415274463
0.576610978520286
0.494272076372315
0.346062052505967
1.02124105011933
0.370763723150358
0.411933174224344
0.656205250596659
1.35608591885442
0.466825775656324
0.658949880668258
0.878520286396181
0.636992840095465
0.466825775656324
0.486038186157518
0.845584725536993
0.664439140811456
0.724821002386635
0.271957040572792
0.884009546539379
0.656205250596659
0.606801909307876
0.497016706443914
1.45214797136038
0.304892601431981
0.73854415274463
0.0633651551312649
0.930668257756563
2.21515513126492
0.785202863961814
1.22434367541766
0.573866348448687
1.63329355608592
0.516229116945107
0.763245823389021
1.86109785202864
0.313126491646778
0.661694510739857
0.354295942720764
0.48054892601432
0.892243436754177
0.785202863961814
0.417422434367542
0.466825775656324
1.35334128878282
0.549164677804296
1.09260143198091
1.27374701670644
0.985560859188544
0.269212410501193
2.95071599045346
0.156682577565632
0.472315035799523
0.546420047732697
0.48054892601432
0.735799522673031
1.57840095465394
2.06694510739857
0.497016706443914
0.228042959427208
1.30119331742243
0.856563245823389
0.71109785202864
0.892243436754177
0.458591885441527
0.27744630071599
0.271957040572792
0.818138424821002
0.809904534606205
0.76873508353222
0.5381861575179
0.546420047732697
0.343317422434367
0.370763723150358
1.05417661097852
0.521718377088305
0.400954653937947
0.351551312649165
0.337828162291169
0.296658711217184
0.656205250596659
0.535441527446301
0.650715990453461
0.988305489260143
0.554653937947494
0.700119331742243
1.41646778042959
0.239021479713604
0.724821002386635
0.892243436754177
1.82541766109785
0.444868735083532
0.933412887828162
0.604057279236277
0.636992840095465
0.321360381861575
0.615035799522673
0.579355608591885
0.414677804295943
0.554653937947494
0.617780429594272
2.10536992840095
0.980071599045346
0.862052505966587
0.373508353221957
0.999284009546539
0.609546539379475
0.409188544152745
0.658949880668258
0.829116945107399
0.700119331742243
0.546420047732697
0.741288782816229
0.873031026252983
0.626014319809069
0.91145584725537
0.628758949880668
0.0825775656324582
0.741288782816229
0.757756563245823
0.472315035799523
0.79618138424821
0.518973747016706
1.3972553699284
0.730310262529833
1.08436754176611
0.793436754176611
0.70835322195704
0.211575178997613
0.527207637231504
0.886754176610978
0.543675417661098
0.389976133651551
0.568377088305489
1.23806682577566
0.749522673031026
0.815393794749403
0.85381861575179
0.752267303102625
1.06241050119332
1.09534606205251
0.71109785202864
1.61133651551313
0.409188544152745
0.845584725536993
0.461336515513126
0.763245823389021
0.749522673031026
0.683651551312649
0.661694510739857
0.225298329355609
0.464081145584725
1.15572792362768
1.16945107398568
0.400954653937947
0.48054892601432
0.615035799522673
0.694630071599045
1.413723150358
1.35608591885442
0.414677804295943
0.669928400954654
0.864797136038186
0.354295942720764
0.362529832935561
0.949880668257757
0.50799522673031
0.763245823389021
0.551909307875895
0.453102625298329
0.433890214797136
0.475059665871122
1.02398568019093
0.787947494033413
0.499761336515513
0.562887828162291
0.686396181384248
0.650715990453461
0.705608591885441
1.1118138424821
0.343317422434367
0.661694510739857
0.453102625298329
0.960859188544153
0.735799522673031
0.431145584725537
0.845584725536993
0.411933174224344
0.615035799522673
0.609546539379475
0.62326968973747
0.76873508353222
0.85381861575179
0.483293556085919
0.782458233890215
0.282935560859189
0.466825775656324
0.694630071599045
0.444868735083532
1.14200477326969
0.42291169451074
0.510739856801909
0.746778042959427
0.62326968973747
0.590334128878282
0.694630071599045
0.647971360381861
0.812649164677804
0.71109785202864
0.444868735083532
0.48054892601432
0.999284009546539
0.510739856801909
0.571121718377088
0.571121718377088
0.411933174224344
0.73854415274463
0.859307875894988
0.36527446300716
0.68090692124105
0.288424821002387
0.744033412887828
1.50429594272076
0.546420047732697
1.05143198090692
0.425656324582339
0.458591885441527
0.411933174224344
0.455847255369928
0.549164677804296
0.68090692124105
0.466825775656324
0.820883054892601
1.16121718377088
0.33508353221957
0.475059665871122
0.395465393794749
0.713842482100239
0.573866348448687
0.56563245823389
0.518973747016706
0.173150357995227
0.914200477326969
1.1145584725537
0.774224343675418
0.76873508353222
0.557398568019093
1.66897374701671
0.332338902147971
0.543675417661098
0.406443914081145
0.39272076372315
0.42291169451074
1.23257756563246
0.384486873508353
0.486038186157518
0.678162291169451
0.444868735083532
0.905966587112172
0.812649164677804
0.510739856801909
0.502505966587112
0.99653937947494
0.636992840095465
0.604057279236277
0.590334128878282
0.705608591885441
0.612291169451074
1.06515513126492
0.376252983293556
1.03221957040573
0.590334128878282
0.776968973747017
0.579355608591885
0.733054892601432
0.568377088305489
0.491527446300716
1.01026252983294
0.980071599045346
0.76873508353222
0.346062052505967
0.464081145584725
1.32315035799523
1.06789976133652
1.1145584725537
0.776968973747017
0.50799522673031
0.560143198090692
0.71109785202864
0.340572792362768
0.409188544152745
0.873031026252983
0.0963007159904535
0.664439140811456
1.00751789976134
0.787947494033413
0.266467780429594
0.497016706443914
0.214319809069212
0.431145584725537
0.845584725536993
0.247255369928401
0.886754176610978
0.606801909307876
0.76873508353222
0.941646778042959
0.606801909307876
0.683651551312649
0.491527446300716
0.733054892601432
0.568377088305489
0.0880668257756563
0.510739856801909
0.403699284009546
0.658949880668258
0.560143198090692
0.535441527446301
0.343317422434367
0.694630071599045
0.381742243436754
0.952625298329356
0.628758949880668
0.752267303102625
0.376252983293556
0.0578758949880668
1.88031026252983
0.140214797136038
1.02947494033413
0.966348448687351
0.579355608591885
0.200596658711217
0.727565632458234
0.384486873508353
0.694630071599045
3.08794749403341
0.488782816229117
0.346062052505967
0.878520286396181
0.886754176610978
0.326849642004773
1.76503579952267
1.02947494033413
0.384486873508353
1.29570405727924
0.897732696897375
0.980071599045346
0.864797136038186
0.524463007159904
0.0304295942720764
0.527207637231504
1.19964200477327
0.636992840095465
0.617780429594272
0.993794749403341
0.486038186157518
0.398210023866348
1.1118138424821
0.403699284009546
0.88126491646778
0.540930787589499
0.919689737470167
0.669928400954654
0.258233890214797
0.820883054892601
0.472315035799523
0.905966587112172
0.453102625298329
0.285680190930788
0.27744630071599
0.582100238663484
1.91599045346062
0.527207637231504
0.42291169451074
0.606801909307876
0.689140811455847
0.826372315035799
0.293914081145585
0.62326968973747
1.03770883054893
0.873031026252983
0.584844868735083
0.299403341288783
0.779713603818616
0.642482100238663
0.826372315035799
0.439379474940334
0.903221957040573
1.04594272076372
0.271957040572792
0.497016706443914
0.916945107398568
1.19415274463007
0.247255369928401
0.691885441527446
1.49331742243437
0.842840095465394
0.573866348448687
0.604057279236277
0.282935560859189
0.411933174224344
0.428400954653938
0.669928400954654
1.1090692124105
0.403699284009546
0.551909307875895
0.812649164677804
0.601312649164678
0.62326968973747
0.417422434367542
0.354295942720764
0.647971360381861
0.590334128878282
0.540930787589499
0.175894988066826
0.425656324582339
0.518973747016706
0.502505966587112
0.258233890214797
0.76873508353222
0.560143198090692
0.955369928400955
1.18042959427208
0.749522673031026
0.409188544152745
0.691885441527446
0.513484486873508
1.25727923627685
0.689140811455847
0.916945107398568
0.469570405727924
0.313126491646778
0.497016706443914
0.966348448687351
0.818138424821002
0.332338902147971
0.587589498806683
0.820883054892601
0.892243436754177
0.730310262529833
0.535441527446301
0.776968973747017
0.33508353221957
1.08711217183771
0.466825775656324
1.66348448687351
0.551909307875895
0.62326968973747
0.444868735083532
1.25453460620525
0.428400954653938
0.804415274463007
0.340572792362768
0.815393794749403
0.532696897374702
1.57016706443914
1.13377088305489
0.661694510739857
0.612291169451074
0.543675417661098
0.535441527446301
0.587589498806683
1.26551312649165
0.88126491646778
1.1008353221957
0.554653937947494
0.598568019093079
0.36527446300716
0.521718377088305
0.494272076372315
0.280190930787589
0.543675417661098
1.31766109785203
1.29295942720764
0.543675417661098
2.2618138424821
2.44295942720764
0.831861575178998
0.604057279236277
1.1090692124105
1.1063245823389
0.56563245823389
0.626014319809069
0.219809069212411
0.197852028639618
0.324105011933174
0.760501193317422
0.315871121718377
0.837350835322196
0.571121718377088
0.974582338902148
0.667183770883055
0.285680190930788
0.513484486873508
0.453102625298329
0.628758949880668
0.875775656324582
0.735799522673031
1.52350835322196
0.713842482100239
0.91145584725537
1.04319809069212
0.694630071599045
0.705608591885441
0.491527446300716
0.735799522673031
0.864797136038186
1.01300715990453
0.291169451073986
0.554653937947494
1.29570405727924
0.304892601431981
0.65346062052506
1.33961813842482
0.321360381861575
0.980071599045346
0.735799522673031
0.491527446300716
0.518973747016706
0.787947494033413
0.395465393794749
0.59582338902148
1.31217183770883
0.343317422434367
1.02398568019093
0.494272076372315
0.466825775656324
0.420167064439141
0.466825775656324
0.590334128878282
0.606801909307876
0.447613365155131
1.20513126491647
1.01849642004773
1.1035799522673
0.486038186157518
0.433890214797136
0.491527446300716
0.406443914081145
0.348806682577566
0.746778042959427
0.730310262529833
0.831861575178998
0.571121718377088
0.664439140811456
1.02673031026253
0.93890214797136
1.05692124105012
0.765990453460621
0.173150357995227
0.368019093078759
0.236276849642005
0.771479713603819
0.675417661097852
0.318615751789976
0.373508353221957
0.505250596658711
0.56563245823389
0.343317422434367
0.395465393794749
1.63878281622912
0.837350835322196
0.466825775656324
0.91145584725537
0.598568019093079
0.779713603818616
0.763245823389021
0.85381861575179
0.793436754176611
0.604057279236277
0.68090692124105
0.73854415274463
0.617780429594272
0.274701670644391
2.22064439140811
0.50799522673031
1.00202863961814
0.532696897374702
0.409188544152745
0.804415274463007
0.359785202863962
1.14200477326969
0.497016706443914
1.20787589498807
1.01300715990453
0.50799522673031
0.793436754176611
0.683651551312649
0.700119331742243
1.1118138424821
0.524463007159904
0.472315035799523
0.878520286396181
0.420167064439141
0.497016706443914
0.809904534606205
0.604057279236277
0.719331742243437
0.389976133651551
1.20238663484487
0.370763723150358
1.15298329355609
0.669928400954654
1.18866348448687
0.518973747016706
0.787947494033413
0.88126491646778
0.332338902147971
0.343317422434367
0.45035799522673
0.628758949880668
0.247255369928401
0.851073985680191
1.27923627684964
0.914200477326969
1.29570405727924
1.15847255369928
0.8236276849642
1.35608591885442
0.79618138424821
0.862052505966587
0.359785202863962
0.527207637231504
0.557398568019093
0.302147971360382
0.763245823389021
0.933412887828162
0.658949880668258
1.41921241050119
0.798926014319809
1.0980906921241
1.02124105011933
1.24904534606205
0.529952267303103
0.368019093078759
0.626014319809069
0.845584725536993
0.0331742243436754
0.447613365155131
0.458591885441527
0.551909307875895
0.897732696897375
0.197852028639618
0.5381861575179
0.686396181384248
0.529952267303103
0.56563245823389
0.406443914081145
0.560143198090692
0.601312649164678
0.930668257756563
0.647971360381861
1.57565632458234
0.612291169451074
0.571121718377088
0.765990453460621
1.18042959427208
0.848329355608592
0.864797136038186
0.39272076372315
0.727565632458234
0.870286396181384
0.302147971360382
0.886754176610978
0.535441527446301
1.26551312649165
0.524463007159904
0.208830548926014
1.36431980906921
0.664439140811456
0.744033412887828
0.675417661097852
0.897732696897375
0.195107398568019
0.529952267303103
0.713842482100239
0.59307875894988
0.458591885441527
0.329594272076372
0.62326968973747
0.716587112171838
1.53997613365155
0.395465393794749
0.527207637231504
0.782458233890215
0.0853221957040573
0.400954653937947
0.472315035799523
0.488782816229117
0.562887828162291
0.845584725536993
0.991050119331742
0.812649164677804
0.296658711217184
0.269212410501193
0.793436754176611
0.464081145584725
0.56563245823389
0.818138424821002
1.38078758949881
0.453102625298329
0.381742243436754
0.601312649164678
0.513484486873508
0.584844868735083
0.617780429594272
0.705608591885441
0.39272076372315
0.535441527446301
0.944391408114558
1.29844868735084
0.985560859188544
0.59582338902148
0.42291169451074
0.340572792362768
0.941646778042959
0.477804295942721
0.469570405727924
0.68090692124105
0.683651551312649
0.477804295942721
0.513484486873508
1.82267303102625
0.894988066825776
1.1173031026253
0.395465393794749
1.25453460620525
1.29844868735084
1.26276849642005
0.678162291169451
0.39272076372315
0.5381861575179
0.798926014319809
1.01575178997613
0.159427207637232
0.488782816229117
0.790692124105012
0.922434367541766
1.1118138424821
0.626014319809069
0.807159904534606
0.848329355608592
0.999284009546539
1.36706443914081
1.02673031026253
0.727565632458234
0.733054892601432
1.75954653937947
0.362529832935561
0.557398568019093
0.521718377088305
0.755011933174224
1.29570405727924
0.384486873508353
0.70835322195704
0.604057279236277
0.787947494033413
0.532696897374702
0.642482100238663
0.65346062052506
1.16121718377088
0.431145584725537
1.14474940334129
0.91145584725537
0.713842482100239
0.461336515513126
0.724821002386635
0.524463007159904
0.661694510739857
1.22434367541766
1.17768496420048
0.62326968973747
0.93890214797136
0.200596658711217
0.488782816229117
0.466825775656324
0.346062052505967
0.420167064439141
0.724821002386635
1.27649164677804
0.573866348448687
0.115513126491647
0.573866348448687
0.831861575178998
0.483293556085919
0.889498806682578
0.387231503579952
0.842840095465394
0.411933174224344
0.551909307875895
0.477804295942721
0.955369928400955
0.499761336515513
0.642482100238663
0.329594272076372
0.642482100238663
0.771479713603819
0.664439140811456
0.384486873508353
0.837350835322196
0.510739856801909
0.291169451073986
0.233532219570406
0.524463007159904
1.32315035799523
0.744033412887828
0.658949880668258
0.524463007159904
0.590334128878282
0.39272076372315
0.428400954653938
0.590334128878282
0.472315035799523
0.458591885441527
0.458591885441527
0.302147971360382
0.716587112171838
0.686396181384248
0.631503579952267
0.949880668257757
0.549164677804296
1.02398568019093
0.562887828162291
1.15298329355609
1.17494033412888
0.820883054892601
0.609546539379475
1.1035799522673
0.315871121718377
1.3972553699284
0.719331742243437
0.757756563245823
0.582100238663484
0.842840095465394
0.76873508353222
0.527207637231504
1.66897374701671
0.497016706443914
1.1063245823389
1.1008353221957
0.864797136038186
0.606801909307876
0.807159904534606
0.225298329355609
0.705608591885441
0.793436754176611
0.584844868735083
1.12828162291169
0.466825775656324
1.81992840095465
0.702863961813842
0.475059665871122
1.53723150357995
0.431145584725537
0.59307875894988
0.771479713603819
1.00202863961814
0.919689737470167
0.233532219570406
0.634248210023866
0.678162291169451
0.744033412887828
0.466825775656324
1.06241050119332
0.76873508353222
0.85381861575179
1.14749403341289
0.612291169451074
0.779713603818616
0.27744630071599
0.691885441527446
0.439379474940334
1.05143198090692
0.483293556085919
0.697374701670644
0.856563245823389
0.988305489260143
0.980071599045346
0.650715990453461
0.414677804295943
0.642482100238663
0.50799522673031
0.571121718377088
0.892243436754177
0.398210023866348
0.376252983293556
0.944391408114558
0.697374701670644
0.340572792362768
0.510739856801909
0.867541766109785
2.80799522673031
0.477804295942721
1.4027446300716
1.08985680190931
0.974582338902148
0.359785202863962
0.184128878281623
0.661694510739857
1.82816229116945
1.72661097852029
1.1035799522673
0.573866348448687
0.486038186157518
0.546420047732697
0.694630071599045
0.354295942720764
0.812649164677804
0.458591885441527
0.582100238663484
0.521718377088305
1.07613365155131
2.06694510739857
0.787947494033413
1.1255369928401
0.513484486873508
0.826372315035799
1.05143198090692
0.288424821002387
0.744033412887828
0.870286396181384
0.48054892601432
0.546420047732697
0.455847255369928
0.862052505966587
0.705608591885441
0.859307875894988
0.472315035799523
0.776968973747017
1.29844868735084
0.271957040572792
0.650715990453461
0.801670644391408
0.582100238663484
0.771479713603819
0.551909307875895
0.321360381861575
0.941646778042959
1.08436754176611
0.733054892601432
1.04868735083532
1.22434367541766
0.985560859188544
0.947136038186157
0.370763723150358
0.497016706443914
0.905966587112172
0.826372315035799
0.719331742243437
0.340572792362768
1.29570405727924
0.85381861575179
0.604057279236277
0.820883054892601
0.208830548926014
0.99653937947494
0.59582338902148
0.615035799522673
0.576610978520286
0.447613365155131
0.716587112171838
0.535441527446301
0.228042959427208
0.697374701670644
0.579355608591885
0.65346062052506
0.617780429594272
0.598568019093079
0.741288782816229
1.03770883054893
0.771479713603819
0.842840095465394
0.804415274463007
0.815393794749403
0.403699284009546
0.332338902147971
0.551909307875895
0.571121718377088
0.716587112171838
0.628758949880668
0.573866348448687
0.464081145584725
1.27100238663484
0.733054892601432
0.252744630071599
0.590334128878282
0.694630071599045
1.04045346062053
0.867541766109785
0.59582338902148
0.864797136038186
0.722076372315036
0.483293556085919
0.557398568019093
0.829116945107399
0.870286396181384
1.19964200477327
0.540930787589499
0.993794749403341
0.48054892601432
0.667183770883055
0.464081145584725
0.694630071599045
0.587589498806683
0.557398568019093
0.573866348448687
0.936157517899761
0.908711217183771
0.299403341288783
0.59582338902148
0.447613365155131
0.576610978520286
0.925178997613365
0.214319809069212
0.884009546539379
0.529952267303103
1.1227923627685
0.576610978520286
1.54272076372315
1.06515513126492
0.790692124105012
0.502505966587112
1.25453460620525
0.62326968973747
0.606801909307876
0.112768496420048
0.897732696897375
0.716587112171838
0.0551312649164678
0.491527446300716
0.271957040572792
0.269212410501193
0.620525059665871
0.930668257756563
0.59307875894988
1.34785202863962
0.543675417661098
0.576610978520286
0.472315035799523
0.337828162291169
0.0908114558472554
0.497016706443914
1.08985680190931
0.359785202863962
0.604057279236277
1.42744630071599
0.903221957040573
0.722076372315036
0.505250596658711
0.433890214797136
0.955369928400955
0.820883054892601
0.488782816229117
0.840095465393795
0.203341288782816
0.722076372315036
0.447613365155131
0.809904534606205
0.672673031026253
0.760501193317422
0.916945107398568
0.615035799522673
0.587589498806683
0.579355608591885
0.389976133651551
0.925178997613365
0.801670644391408
1.61682577565632
0.829116945107399
0.590334128878282
0.683651551312649
0.741288782816229
0.178639618138425
0.425656324582339
0.628758949880668
0.42291169451074
0.634248210023866
0.296658711217184
0.606801909307876
0.475059665871122
0.598568019093079
0.65346062052506
1.09534606205251
0.85381861575179
0.318615751789976
1.18042959427208
2.14928400954654
0.488782816229117
0.834606205250597
0.752267303102625
0.694630071599045
0.521718377088305
0.656205250596659
0.606801909307876
1.21885441527446
0.436634844868735
0.56563245823389
0.557398568019093
0.560143198090692
0.744033412887828
0.291169451073986
1.00202863961814
1.15847255369928
0.636992840095465
1.27923627684964
0.466825775656324
1.03770883054893
0.689140811455847
0.576610978520286
0.505250596658711
0.486038186157518
0.425656324582339
0.285680190930788
0.820883054892601
0.70835322195704
0.615035799522673
0.590334128878282
0.615035799522673
0.291169451073986
0.826372315035799
0.8236276849642
1.00751789976134
0.56563245823389
0.362529832935561
0.516229116945107
0.540930787589499
0.963603818615752
1.24355608591885
0.884009546539379
0.214319809069212
0.79618138424821
0.315871121718377
1.02398568019093
0.980071599045346
0.68090692124105
0.571121718377088
0.560143198090692
0.513484486873508
0.658949880668258
1.01026252983294
0.801670644391408
0.384486873508353
0.475059665871122
0.444868735083532
1.44665871121718
0.590334128878282
0.620525059665871
0.606801909307876
0.491527446300716
0.735799522673031
1.87756563245823
0.793436754176611
0.626014319809069
0.310381861575179
0.587589498806683
0.527207637231504
0.71109785202864
1.21610978520286
0.820883054892601
0.546420047732697
0.999284009546539
0.477804295942721
0.411933174224344
0.475059665871122
1.04319809069212
0.439379474940334
0.697374701670644
0.873031026252983
1.19415274463007
0.420167064439141
1.36706443914081
0.409188544152745
0.713842482100239
1.31491646778043
0.636992840095465
0.749522673031026
0.488782816229117
0.894988066825776
0.442124105011933
0.65346062052506
0.697374701670644
0.582100238663484
0.790692124105012
2.39630071599045
0.368019093078759
0.436634844868735
0.373508353221957
0.304892601431981
0.184128878281623
0.612291169451074
0.576610978520286
0.346062052505967
0.411933174224344
0.815393794749403
0.647971360381861
0.395465393794749
0.5381861575179
0.949880668257757
0.260978520286396
0.612291169451074
1.08985680190931
0.417422434367542
1.03496420047733
0.658949880668258
0.642482100238663
0.889498806682578
0.645226730310262
0.656205250596659
0.922434367541766
0.571121718377088
0.521718377088305
0.601312649164678
0.491527446300716
1.07338902147971
0.491527446300716
0.952625298329356
0.675417661097852
0.288424821002387
0.752267303102625
0.645226730310262
0.70835322195704
0.62326968973747
1.49606205250597
0.524463007159904
0.436634844868735
0.461336515513126
0.864797136038186
0.395465393794749
0.845584725536993
0.497016706443914
0.760501193317422
0.153937947494033
0.626014319809069
0.757756563245823
1.36980906921241
0.587589498806683
0.431145584725537
0.59307875894988
0.466825775656324
0.980071599045346
0.746778042959427
0.689140811455847
0.562887828162291
1.28198090692124
0.91145584725537
0.571121718377088
0.689140811455847
0.584844868735083
0.362529832935561
0.76873508353222
1.53723150357995
0.56563245823389
0.749522673031026
0.5381861575179
0.694630071599045
0.543675417661098
0.807159904534606
0.716587112171838
1.01849642004773
0.362529832935561
0.302147971360382
0.425656324582339
0.70835322195704
0.582100238663484
0.730310262529833
0.225298329355609
0.359785202863962
1.77326968973747
0.483293556085919
0.886754176610978
0.664439140811456
0.656205250596659
0.634248210023866
0.645226730310262
0.713842482100239
0.535441527446301
1.00202863961814
0.568377088305489
0.455847255369928
1.1255369928401
0.96909307875895
0.263723150357995
0.604057279236277
0.933412887828162
1.02673031026253
0.562887828162291
0.494272076372315
0.211575178997613
0.22255369928401
1.06789976133652
0.579355608591885
0.39272076372315
0.318615751789976
0.505250596658711
0.667183770883055
0.584844868735083
0.502505966587112
0.582100238663484
0.68090692124105
1.13926014319809
0.486038186157518
0.472315035799523
0.620525059665871
0.444868735083532
0.142959427207637
0.889498806682578
0.562887828162291
0.664439140811456
0.705608591885441
0.387231503579952
0.42291169451074
0.252744630071599
1.23257756563246
0.579355608591885
1.02398568019093
0.403699284009546
0.304892601431981
1.1145584725537
0.631503579952267
0.727565632458234
1.00202863961814
0.30763723150358
0.719331742243437
0.403699284009546
0.343317422434367
1.41921241050119
0.549164677804296
0.436634844868735
1.08436754176611
0.672673031026253
0.543675417661098
1.51527446300716
0.56563245823389
0.829116945107399
0.293914081145585
0.741288782816229
1.44940334128878
0.472315035799523
1.03221957040573
0.774224343675418
0.993794749403341
0.568377088305489
0.760501193317422
0.96909307875895
0.524463007159904
0.513484486873508
0.417422434367542
0.903221957040573
0.700119331742243
0.351551312649165
0.801670644391408
0.271957040572792
0.329594272076372
0.576610978520286
0.560143198090692
0.804415274463007
1.01575178997613
0.488782816229117
0.532696897374702
0.30763723150358
0.884009546539379
0.93890214797136
0.620525059665871
0.71109785202864
0.510739856801909
0.658949880668258
0.724821002386635
0.776968973747017
0.587589498806683
0.535441527446301
0.406443914081145
0.442124105011933
0.516229116945107
0.733054892601432
0.241766109785203
0.39272076372315
0.892243436754177
0.302147971360382
1.02947494033413
1.55095465393795
0.936157517899761
1.08985680190931
0.771479713603819
0.642482100238663
0.502505966587112
0.848329355608592
0.590334128878282
0.8236276849642
0.557398568019093
0.282935560859189
0.862052505966587
0.702863961813842
0.612291169451074
1.4054892601432
0.650715990453461
1.13377088305489
0.615035799522673
0.573866348448687
0.477804295942721
0.675417661097852
0.661694510739857
0.516229116945107
0.661694510739857
0.949880668257757
0.713842482100239
0.669928400954654
0.557398568019093
0.529952267303103
0.716587112171838
0.406443914081145
0.505250596658711
0.991050119331742
0.815393794749403
0.609546539379475
0.554653937947494
0.444868735083532
1.05143198090692
0.862052505966587
0.804415274463007
0.573866348448687
0.702863961813842
0.48054892601432
0.50799522673031
0.88126491646778
0.266467780429594
0.859307875894988
0.744033412887828
0.389976133651551
0.878520286396181
0.59307875894988
0.425656324582339
0.908711217183771
0.722076372315036
0.826372315035799
0.444868735083532
0.900477326968974
0.543675417661098
0.560143198090692
1.01575178997613
0.870286396181384
0.549164677804296
0.639737470167064
0.22255369928401
0.381742243436754
0.636992840095465
0.529952267303103
0.724821002386635
0.376252983293556
0.387231503579952
0.137470167064439
0.491527446300716
1.25453460620525
1.06241050119332
0.293914081145585
0.647971360381861
1.13651551312649
0.988305489260143
0.903221957040573
0.875775656324582
0.689140811455847
0.875775656324582
0.93890214797136
0.455847255369928
0.518973747016706
0.941646778042959
1.16945107398568
2.66801909307876
0.71109785202864
0.524463007159904
0.112768496420048
0.518973747016706
0.584844868735083
1.30393794749403
0.960859188544153
0.941646778042959
0.518973747016706
1.36980906921241
1.60035799522673
0.65346062052506
0.716587112171838
0.579355608591885
0.62326968973747
0.782458233890215
1.16396181384248
0.716587112171838
0.475059665871122
1.33412887828162
0.455847255369928
0.499761336515513
0.373508353221957
1.36157517899761
0.5381861575179
2.21515513126492
0.683651551312649
0.529952267303103
0.834606205250597
0.587589498806683
0.955369928400955
1.05143198090692
0.675417661097852
0.642482100238663
0.722076372315036
0.579355608591885
0.400954653937947
0.30763723150358
0.801670644391408
0.804415274463007
0.560143198090692
0.71109785202864
0.936157517899761
1.01026252983294
0.88126491646778
1.15847255369928
0.735799522673031
0.884009546539379
0.247255369928401
1.00202863961814
0.752267303102625
0.568377088305489
0.903221957040573
0.864797136038186
0.974582338902148
0.00298329355608592
0.540930787589499
2.08341288782816
0.417422434367542
0.502505966587112
0.576610978520286
1.75954653937947
0.425656324582339
0.252744630071599
0.217064439140811
1.03496420047733
0.310381861575179
0.302147971360382
0.56563245823389
0.543675417661098
0.933412887828162
0.65346062052506
1.20513126491647
0.916945107398568
1.99284009546539
1.31491646778043
0.560143198090692
0.93890214797136
0.829116945107399
0.568377088305489
0.433890214797136
0.370763723150358
0.568377088305489
0.702863961813842
0.875775656324582
0.966348448687351
0.529952267303103
0.560143198090692
0.247255369928401
0.944391408114558
0.475059665871122
0.664439140811456
0.702863961813842
0.5381861575179
0.919689737470167
1.06515513126492
0.376252983293556
0.458591885441527
0.609546539379475
1.00477326968974
0.348806682577566
1.02947494033413
0.296658711217184
0.801670644391408
1.1118138424821
0.584844868735083
0.963603818615752
0.960859188544153
1.1063245823389
0.50799522673031
0.949880668257757
0.562887828162291
0.873031026252983
0.425656324582339
0.411933174224344
0.62326968973747
0.809904534606205
0.0386634844868735
0.5381861575179
0.683651551312649
0.658949880668258
0.941646778042959
0.318615751789976
0.343317422434367
1.74307875894988
0.694630071599045
0.59582338902148
0.900477326968974
0.933412887828162
0.604057279236277
0.73854415274463
0.62326968973747
0.68090692124105
0.431145584725537
0.546420047732697
0.922434367541766
1.80894988066826
0.472315035799523
0.554653937947494
0.211575178997613
1.74856801909308
1.03221957040573
0.713842482100239
0.672673031026253
0.749522673031026
0.76873508353222
0.982816229116945
0.477804295942721
0.694630071599045
0.71109785202864
1.53723150357995
0.505250596658711
0.540930787589499
0.527207637231504
1.07338902147971
0.851073985680191
0.181384248210024
1.4
0.362529832935561
0.560143198090692
0.219809069212411
0.658949880668258
0.884009546539379
0.304892601431981
0.76873508353222
0.93890214797136
0.453102625298329
0.604057279236277
0.403699284009546
0.324105011933174
0.417422434367542
0.524463007159904
0.949880668257757
1.18591885441527
0.502505966587112
0.916945107398568
0.521718377088305
0.442124105011933
1.17219570405728
0.801670644391408
0.963603818615752
0.428400954653938
0.76873508353222
0.239021479713604
0.411933174224344
0.930668257756563
0.626014319809069
0.549164677804296
0.59307875894988
0.672673031026253
0.406443914081145
0.368019093078759
2.19594272076372
0.724821002386635
0.689140811455847
0.378997613365155
0.763245823389021
0.400954653937947
0.582100238663484
0.395465393794749
0.809904534606205
0.672673031026253
0.288424821002387
0.878520286396181
0.774224343675418
0.68090692124105
0.587589498806683
0.620525059665871
0.562887828162291
0.25
0.820883054892601
0.842840095465394
0.91145584725537
0.230787589498807
0.499761336515513
0.469570405727924
0.919689737470167
0.573866348448687
1.33138424821002
0.686396181384248
0.952625298329356
4.8527446300716
0.733054892601432
1.29570405727924
1.17219570405728
0.746778042959427
0.45035799522673
0.409188544152745
0.551909307875895
0.532696897374702
0.376252983293556
0.529952267303103
0.905966587112172
0.527207637231504
0.554653937947494
0.672673031026253
0.963603818615752
2.41002386634845
0.700119331742243
1.24355608591885
1.72661097852029
0.387231503579952
0.790692124105012
0.48054892601432
0.735799522673031
0.936157517899761
0.505250596658711
0.582100238663484
0.958114558472554
0.398210023866348
1.05143198090692
0.59307875894988
0.930668257756563
0.378997613365155
0.461336515513126
0.642482100238663
0.505250596658711
0.85381861575179
1.72935560859189
0.340572792362768
0.326849642004773
0.376252983293556
0.713842482100239
0.642482100238663
0.516229116945107
0.856563245823389
0.776968973747017
0.494272076372315
0.730310262529833
0.991050119331742
0.337828162291169
0.776968973747017
0.661694510739857
0.988305489260143
0.70835322195704
0.285680190930788
0.486038186157518
0.513484486873508
0.453102625298329
0.428400954653938
1.1035799522673
0.856563245823389
0.749522673031026
0.472315035799523
0.466825775656324
0.587589498806683
0.598568019093079
0.50799522673031
0.626014319809069
1.1063245823389
0.658949880668258
0.724821002386635
0.477804295942721
0.521718377088305
0.282935560859189
0.774224343675418
1.36157517899761
0.502505966587112
0.664439140811456
0.722076372315036
0.486038186157518
0.686396181384248
0.414677804295943
0.513484486873508
0.617780429594272
0.612291169451074
0.752267303102625
0.851073985680191
0.45035799522673
0.620525059665871
0.667183770883055
0.590334128878282
0.22255369928401
3.06324582338902
0.705608591885441
0.733054892601432
0.236276849642005
2.47863961813842
0.647971360381861
0.56563245823389
0.807159904534606
1.1118138424821
0.5381861575179
0.466825775656324
0.571121718377088
0.886754176610978
0.551909307875895
0.398210023866348
0.834606205250597
0.400954653937947
0.8236276849642
0.724821002386635
0.354295942720764
0.184128878281623
0.73854415274463
0.513484486873508
0.403699284009546
0.686396181384248
1.1227923627685
0.733054892601432
0.518973747016706
0.274701670644391
0.735799522673031
0.129236276849642
0.91145584725537
1.09260143198091
0.36527446300716
1.01026252983294
0.862052505966587
0.735799522673031
0.719331742243437
0.543675417661098
0.606801909307876
1.20513126491647
0.0304295942720764
0.873031026252983
1.50429594272076
0.779713603818616
0.744033412887828
0.304892601431981
0.669928400954654
0.848329355608592
0.318615751789976
0.812649164677804
0.667183770883055
0.755011933174224
0.486038186157518
3.48317422434367
0.573866348448687
0.45035799522673
0.609546539379475
1.04868735083532
0.722076372315036
0.420167064439141
0.919689737470167
0.274701670644391
0.554653937947494
0.628758949880668
0.752267303102625
0.340572792362768
0.894988066825776
0.65346062052506
0.543675417661098
0.357040572792363
0.455847255369928
0.444868735083532
0.705608591885441
0.381742243436754
0.571121718377088
0.417422434367542
0.389976133651551
0.730310262529833
0.211575178997613
1.79248210023866
0.601312649164678
0.859307875894988
0.982816229116945
0.483293556085919
0.601312649164678
0.502505966587112
0.455847255369928
0.516229116945107
0.908711217183771
1.35059665871122
0.455847255369928
1.01849642004773
0.442124105011933
0.65346062052506
0.68090692124105
0.56563245823389
1.31491646778043
0.381742243436754
0.62326968973747
1.20238663484487
1.17494033412888
0.370763723150358
0.321360381861575
0.458591885441527
0.642482100238663
0.562887828162291
0.571121718377088
0.568377088305489
0.33508353221957
0.746778042959427
0.233532219570406
0.461336515513126
0.524463007159904
1.04594272076372
0.236276849642005
0.807159904534606
0.45035799522673
1.45489260143198
0.820883054892601
0.546420047732697
1.23532219570406
0.521718377088305
0.447613365155131
0.560143198090692
0.774224343675418
0.656205250596659
0.944391408114558
0.765990453460621
0.733054892601432
0.524463007159904
0.713842482100239
0.359785202863962
0.384486873508353
0.540930787589499
0.477804295942721
0.702863961813842
0.409188544152745
0.524463007159904
0.543675417661098
0.310381861575179
0.584844868735083
1.22159904534606
0.436634844868735
0.8236276849642
0.612291169451074
0.722076372315036
0.532696897374702
0.521718377088305
0.414677804295943
0.798926014319809
1.29021479713604
0.667183770883055
0.228042959427208
0.400954653937947
0.431145584725537
0.505250596658711
0.486038186157518
0.645226730310262
0.431145584725537
0.612291169451074
0.464081145584725
0.499761336515513
1.56467780429594
0.99653937947494
1.01575178997613
0.066109785202864
0.587589498806683
0.620525059665871
0.903221957040573
0.601312649164678
0.39272076372315
0.236276849642005
1.02673031026253
0.626014319809069
0.774224343675418
0.50799522673031
0.914200477326969
0.672673031026253
0.974582338902148
0.675417661097852
0.91145584725537
0.362529832935561
0.675417661097852
0.387231503579952
1.23806682577566
0.862052505966587
0.516229116945107
0.650715990453461
0.826372315035799
0.543675417661098
0.856563245823389
0.686396181384248
0.919689737470167
0.719331742243437
0.409188544152745
0.620525059665871
0.590334128878282
0.620525059665871
1.51252983293556
0.425656324582339
0.524463007159904
0.230787589498807
0.406443914081145
0.636992840095465
0.178639618138425
0.529952267303103
0.557398568019093
0.362529832935561
0.488782816229117
0.733054892601432
0.851073985680191
0.631503579952267
0.744033412887828
0.870286396181384
0.436634844868735
0.45035799522673
0.669928400954654
0.746778042959427
0.48054892601432
0.203341288782816
0.486038186157518
0.604057279236277
1.22434367541766
0.930668257756563
1.24904534606205
0.826372315035799
0.598568019093079
0.549164677804296
0.628758949880668
0.626014319809069
1.22159904534606
0.409188544152745
0.557398568019093
0.39272076372315
0.785202863961814
0.39272076372315
0.801670644391408
0.601312649164678
0.513484486873508
0.414677804295943
1.42195704057279
0.529952267303103
0.510739856801909
0.266467780429594
1.19964200477327
0.664439140811456
0.889498806682578
6.25799522673031
0.669928400954654
0.702863961813842
0.241766109785203
0.587589498806683
0.513484486873508
0.329594272076372
0.518973747016706
0.483293556085919
0.461336515513126
0.497016706443914
0.546420047732697
0.606801909307876
0.282935560859189
0.647971360381861
0.68090692124105
0.702863961813842
0.826372315035799
1.20238663484487
0.455847255369928
0.697374701670644
0.669928400954654
0.612291169451074
1.1145584725537
0.206085918854415
0.815393794749403
0.529952267303103
1.76778042959427
0.661694510739857
1.33961813842482
0.96909307875895
0.947136038186157
1.07064439140811
1.1200477326969
0.587589498806683
0.713842482100239
0.851073985680191
0.354295942720764
0.582100238663484
0.730310262529833
0.765990453460621
0.620525059665871
6.01921241050119
0.815393794749403
0.529952267303103
1.17219570405728
0.702863961813842
0.403699284009546
0.837350835322196
0.785202863961814
0.716587112171838
0.417422434367542
0.79618138424821
0.793436754176611
0.560143198090692
0.546420047732697
0.425656324582339
0.697374701670644
0.765990453460621
0.324105011933174
0.977326968973747
0.798926014319809
0.763245823389021
0.79618138424821
0.329594272076372
0.510739856801909
1.02398568019093
0.894988066825776
0.378997613365155
0.639737470167064
0.516229116945107
0.733054892601432
0.812649164677804
0.870286396181384
0.425656324582339
0.702863961813842
0.686396181384248
0.554653937947494
0.604057279236277
0.991050119331742
0.626014319809069
1.25453460620525
0.845584725536993
0.208830548926014
0.873031026252983
0.513484486873508
0.477804295942721
0.269212410501193
0.609546539379475
0.755011933174224
0.214319809069212
0.980071599045346
0.639737470167064
0.598568019093079
0.27744630071599
0.722076372315036
0.999284009546539
1.64701670644391
0.389976133651551
0.905966587112172
0.573866348448687
0.889498806682578
0.71109785202864
0.505250596658711
0.230787589498807
0.755011933174224
0.444868735083532
0.551909307875895
0.304892601431981
0.343317422434367
1.22708830548926
0.842840095465394
0.486038186157518
0.716587112171838
0.749522673031026
0.428400954653938
0.527207637231504
0.469570405727924
1.02673031026253
0.982816229116945
0.524463007159904
0.472315035799523
0.244510739856802
0.636992840095465
0.560143198090692
0.664439140811456
0.798926014319809
0.757756563245823
0.420167064439141
0.801670644391408
0.543675417661098
0.384486873508353
0.22255369928401
0.568377088305489
0.362529832935561
0.420167064439141
0.381742243436754
0.406443914081145
1.37804295942721
0.403699284009546
0.804415274463007
1.60035799522673
1.18866348448687
0.697374701670644
0.752267303102625
0.834606205250597
0.557398568019093
0.543675417661098
0.439379474940334
0.694630071599045
0.370763723150358
0.540930787589499
0.293914081145585
0.351551312649165
0.477804295942721
0.686396181384248
0.741288782816229
0.230787589498807
1.16945107398568
0.518973747016706
0.916945107398568
1.23257756563246
0.502505966587112
0.615035799522673
1.13377088305489
0.332338902147971
1.13926014319809
0.837350835322196
0.716587112171838
0.760501193317422
0.875775656324582
0.562887828162291
0.455847255369928
0.785202863961814
0.288424821002387
0.856563245823389
0.428400954653938
0.527207637231504
1.1035799522673
0.719331742243437
0.206085918854415
0.626014319809069
0.315871121718377
0.293914081145585
0.346062052505967
0.39272076372315
0.686396181384248
1.18866348448687
0.494272076372315
0.398210023866348
0.927923627684964
0.903221957040573
0.626014319809069
0.359785202863962
0.373508353221957
0.389976133651551
0.370763723150358
0.977326968973747
0.919689737470167
0.609546539379475
0.916945107398568
1.17494033412888
0.922434367541766
0.505250596658711
0.417422434367542
0.867541766109785
0.324105011933174
0.908711217183771
0.705608591885441
0.609546539379475
0.543675417661098
0.110023866348449
0.647971360381861
0.50799522673031
1.17494033412888
0.826372315035799
0.557398568019093
0.560143198090692
0.59307875894988
0.521718377088305
0.521718377088305
0.875775656324582
0.71109785202864
0.33508353221957
0.686396181384248
0.389976133651551
0.598568019093079
0.79618138424821
0.59582338902148
2.45668257756563
0.436634844868735
0.785202863961814
1.1008353221957
0.535441527446301
0.686396181384248
0.735799522673031
0.947136038186157
0.59307875894988
0.848329355608592
1.20238663484487
0.933412887828162
0.439379474940334
0.362529832935561
0.414677804295943
0.516229116945107
0.678162291169451
0.724821002386635
0.702863961813842
0.25
0.587589498806683
0.733054892601432
0.65346062052506
0.892243436754177
1.51252983293556
0.579355608591885
0.620525059665871
0.727565632458234
0.678162291169451
0.776968973747017
0.669928400954654
0.829116945107399
0.304892601431981
0.453102625298329
0.549164677804296
0.815393794749403
1.24355608591885
2.08341288782816
1.15298329355609
1.63329355608592
0.955369928400955
1.4027446300716
0.735799522673031
0.628758949880668
0.626014319809069
0.409188544152745
0.752267303102625
0.650715990453461
0.727565632458234
0.667183770883055
0.491527446300716
1.12828162291169
0.30763723150358
0.472315035799523
0.631503579952267
0.741288782816229
0.859307875894988
0.91145584725537
1.07613365155131
0.820883054892601
1.60310262529833
0.856563245823389
0.831861575178998
0.700119331742243
0.949880668257757
1.17494033412888
0.804415274463007
1.1063245823389
0.689140811455847
0.71109785202864
0.900477326968974
0.914200477326969
0.461336515513126
0.466825775656324
0.502505966587112
0.634248210023866
0.549164677804296
0.420167064439141
0.716587112171838
0.664439140811456
1.26825775656325
0.691885441527446
0.582100238663484
0.689140811455847
0.727565632458234
1.1200477326969
0.494272076372315
0.271957040572792
0.925178997613365
0.672673031026253
0.826372315035799
0.442124105011933
0.73854415274463
0.848329355608592
0.966348448687351
0.469570405727924
0.601312649164678
0.455847255369928
0.686396181384248
1.6881861575179
0.579355608591885
0.664439140811456
0.787947494033413
0.527207637231504
0.88126491646778
0.170405727923628
1.00202863961814
0.433890214797136
2.77231503579952
1.03221957040573
1.13926014319809
1.0980906921241
0.535441527446301
0.477804295942721
0.48054892601432
0.348806682577566
0.636992840095465
1.00202863961814
0.269212410501193
0.389976133651551
0.645226730310262
0.886754176610978
0.368019093078759
0.612291169451074
0.626014319809069
0.697374701670644
0.486038186157518
0.343317422434367
1.74582338902148
1.05692124105012
0.348806682577566
0.384486873508353
0.266467780429594
0.551909307875895
0.598568019093079
0.304892601431981
0.584844868735083
0.411933174224344
0.919689737470167
0.667183770883055
0.587589498806683
0.886754176610978
2.42100238663484
0.447613365155131
0.568377088305489
0.486038186157518
0.280190930787589
0.59307875894988
0.749522673031026
0.966348448687351
0.477804295942721
0.461336515513126
1.43842482100239
1.08711217183771
0.829116945107399
0.700119331742243
0.524463007159904
0.870286396181384
0.403699284009546
0.403699284009546
0.433890214797136
0.433890214797136
0.203341288782816
1.09534606205251
0.645226730310262
0.428400954653938
0.359785202863962
0.524463007159904
0.949880668257757
0.524463007159904
0.809904534606205
0.763245823389021
1.78150357995227
0.411933174224344
0.73854415274463
0.148448687350835
0.842840095465394
1.22708830548926
0.491527446300716
0.30763723150358
0.958114558472554
2.16300715990453
0.686396181384248
0.669928400954654
0.203341288782816
0.606801909307876
0.716587112171838
0.612291169451074
0.755011933174224
0.59582338902148
0.645226730310262
1.22434367541766
0.691885441527446
1.04319809069212
0.741288782816229
0.73854415274463
0.324105011933174
0.447613365155131
1.01849642004773
0.469570405727924
0.288424821002387
0.647971360381861
1.22983293556086
1.1173031026253
0.661694510739857
0.45035799522673
0.697374701670644
0.776968973747017
0.282935560859189
0.420167064439141
0.442124105011933
0.760501193317422
0.420167064439141
0.206085918854415
0.702863961813842
0.444868735083532
0.645226730310262
0.634248210023866
0.326849642004773
0.560143198090692
0.411933174224344
0.39272076372315
0.697374701670644
0.428400954653938
0.776968973747017
0.549164677804296
0.818138424821002
1.07338902147971
0.439379474940334
1.07064439140811
0.826372315035799
0.516229116945107
0.636992840095465
0.458591885441527
0.433890214797136
0.977326968973747
0.620525059665871
0.647971360381861
1.15847255369928
0.33508353221957
0.985560859188544
0.628758949880668
1.13377088305489
0.68090692124105
1.63878281622912
0.387231503579952
0.343317422434367
0.68090692124105
1.27100238663484
1.33961813842482
0.716587112171838
0.755011933174224
0.713842482100239
0.864797136038186
0.763245823389021
0.683651551312649
0.33508353221957
0.400954653937947
0.752267303102625
0.505250596658711
0.56563245823389
0.991050119331742
0.859307875894988
0.650715990453461
0.661694510739857
0.804415274463007
0.486038186157518
0.123747016706444
0.68090692124105
0.873031026252983
0.587589498806683
0.612291169451074
6.87553699284009
0.546420047732697
0.27744630071599
0.634248210023866
0.208830548926014
0.291169451073986
0.351551312649165
0.59582338902148
0.675417661097852
0.837350835322196
0.845584725536993
0.683651551312649
0.472315035799523
0.601312649164678
0.302147971360382
0.368019093078759
2.67076372315036
0.535441527446301
0.763245823389021
0.779713603818616
0.870286396181384
0.400954653937947
0.384486873508353
0.255489260143198
0.955369928400955
1.06515513126492
0.45035799522673
1.47684964200477
0.993794749403341
0.667183770883055
0.958114558472554
0.178639618138425
0.93890214797136
0.236276849642005
0.398210023866348
0.842840095465394
0.521718377088305
0.765990453460621
0.549164677804296
0.247255369928401
0.384486873508353
0.801670644391408
0.713842482100239
1.09260143198091
0.524463007159904
0.604057279236277
0.919689737470167
0.444868735083532
0.774224343675418
0.678162291169451
0.466825775656324
0.351551312649165
0.532696897374702
0.782458233890215
0.604057279236277
0.50799522673031
1.02124105011933
0.346062052505967
0.604057279236277
0.675417661097852
0.626014319809069
0.442124105011933
0.71109785202864
0.562887828162291
0.900477326968974
1.26002386634845
0.727565632458234
1.44116945107399
0.571121718377088
0.765990453460621
0.856563245823389
0.601312649164678
0.958114558472554
0.5381861575179
0.30763723150358
0.288424821002387
0.571121718377088
0.771479713603819
0.296658711217184
1.26825775656325
1.44391408114558
1.63054892601432
0.491527446300716
0.782458233890215
0.59582338902148
1.20513126491647
0.529952267303103
0.546420047732697
0.634248210023866
1.05692124105012
0.873031026252983
0.922434367541766
0.400954653937947
0.554653937947494
0.886754176610978
0.870286396181384
0.705608591885441
1.54546539379475
0.411933174224344
0.50799522673031
0.672673031026253
0.650715990453461
0.96909307875895
0.244510739856802
0.313126491646778
0.71109785202864
0.694630071599045
0.579355608591885
1.07613365155131
0.658949880668258
1.15023866348449
0.573866348448687
0.722076372315036
1.08436754176611
1.03496420047733
0.22255369928401
0.650715990453461
0.433890214797136
1.52350835322196
0.76873508353222
1.06789976133652
0.612291169451074
0.110023866348449
0.922434367541766
0.634248210023866
0.892243436754177
0.389976133651551
0.444868735083532
0.469570405727924
0.398210023866348
1.71014319809069
0.368019093078759
0.362529832935561
0.845584725536993
0.494272076372315
1.03221957040573
0.532696897374702
1.02947494033413
0.818138424821002
0.376252983293556
0.840095465393795
0.639737470167064
0.406443914081145
0.713842482100239
0.878520286396181
0.346062052505967
0.763245823389021
0.664439140811456
0.669928400954654
0.488782816229117
0.384486873508353
0.486038186157518
1.89403341288783
0.875775656324582
0.612291169451074
0.952625298329356
0.867541766109785
0.551909307875895
0.540930787589499
0.982816229116945
0.744033412887828
0.936157517899761
1.37804295942721
1.03770883054893
0.318615751789976
0.387231503579952
0.497016706443914
0.798926014319809
0.477804295942721
0.658949880668258
0.491527446300716
0.815393794749403
0.851073985680191
0.947136038186157
0.851073985680191
0.988305489260143
0.357040572792363
0.472315035799523
0.598568019093079
0.398210023866348
0.529952267303103
1.17219570405728
0.39272076372315
0.568377088305489
0.713842482100239
0.475059665871122
0.661694510739857
0.873031026252983
0.587589498806683
0.321360381861575
1.06241050119332
0.464081145584725
0.724821002386635
1.19689737470167
0.667183770883055
0.68090692124105
0.579355608591885
0.807159904534606
0.444868735083532
