0.0331742243436754
0.197852028639618
0.184128878281623
0.0496420047732697
0.0798329355608592
0.255489260143198
0.13472553699284
0.0551312649164678
0.0908114558472554
0.22255369928401
0.258233890214797
0.0276849642004773
0.0167064439140811
0.00298329355608592
0.142959427207637
0.0468973747016706
0.0551312649164678
0.0606205250596659
0.0798329355608592
0.118257756563246
0.118257756563246
0.0770883054892601
0.0304295942720764
0.142959427207637
0.101789976133652
0.0249403341288783
0.115513126491647
0.0304295942720764
0.156682577565632
0.156682577565632
0.145704057279236
0.233532219570406
0.206085918854415
0.0770883054892601
0.71109785202864
0.0825775656324582
0.131980906921241
0.13472553699284
0.230787589498807
0.071599045346062
0.142959427207637
0.0249403341288783
0.0249403341288783
0.411933174224344
0.0167064439140811
0.10727923627685
0.126491646778043
0.137470167064439
0.0304295942720764
0.318615751789976
0.153937947494033
0.0743436754176611
0.269212410501193
0.071599045346062
0.0468973747016706
0.304892601431981
0.0798329355608592
0.0414081145584726
0.0633651551312649
0.0551312649164678
0.175894988066826
0.0825775656324582
0.178639618138425
0.0249403341288783
0.0414081145584726
0.62326968973747
0.0441527446300716
0.0441527446300716
0.0194510739856802
0.131980906921241
0.219809069212411
0.0414081145584726
0.118257756563246
0.0496420047732697
0.211575178997613
0.0276849642004773
0.206085918854415
0.0551312649164678
0.239021479713604
0.197852028639618
0.0359188544152745
0.153937947494033
0.0853221957040573
0.203341288782816
0.0414081145584726
0.0249403341288783
0.118257756563246
0.22255369928401
0.112768496420048
0.00847255369928401
0.0523866348448687
0.0551312649164678
0.0606205250596659
0.0963007159904535
0.527207637231504
0.0606205250596659
0.10727923627685
0.0606205250596659
0.0990453460620525
0.115513126491647
0.142959427207637
0.0441527446300716
0.104534606205251
0.151193317422434
0.0523866348448687
0.0743436754176611
0.19236276849642
0.0908114558472554
0.0304295942720764
0.214319809069212
0.0331742243436754
0.118257756563246
0.0770883054892601
0.0304295942720764
0.0276849642004773
0.0935560859188544
0.0578758949880668
0.0468973747016706
0.00847255369928401
0.167661097852029
0.0743436754176611
0.0496420047732697
0.315871121718377
0.0551312649164678
0.0990453460620525
0.159427207637232
0.181384248210024
0.137470167064439
0.0523866348448687
0.0825775656324582
0.33508353221957
0.217064439140811
0.126491646778043
0.0468973747016706
0.131980906921241
0.0139618138424821
0.214319809069212
0.0523866348448687
0.131980906921241
0.189618138424821
0.620525059665871
0.271957040572792
0.0139618138424821
0.101789976133652
0.071599045346062
0.175894988066826
0.30763723150358
0.208830548926014
0.0770883054892601
0.123747016706444
0.233532219570406
0.0606205250596659
0.0770883054892601
0.0386634844868735
0.0606205250596659
0.071599045346062
0.359785202863962
0.104534606205251
0.131980906921241
0.247255369928401
0.131980906921241
0.0249403341288783
0.0276849642004773
0.112768496420048
0.0880668257756563
0.071599045346062
0.0770883054892601
0.170405727923628
0.22255369928401
0.0990453460620525
0.0606205250596659
0.346062052505967
0.068854415274463
0.0496420047732697
0.0770883054892601
0.175894988066826
0.131980906921241
0.13472553699284
0.110023866348449
0.178639618138425
0.203341288782816
0.0908114558472554
0.131980906921241
0.247255369928401
0.241766109785203
0.115513126491647
0.0578758949880668
0.0468973747016706
0.129236276849642
0.203341288782816
0.0359188544152745
0.0249403341288783
0.10727923627685
0.0551312649164678
0.13472553699284
0.0990453460620525
0.0249403341288783
0.0633651551312649
0.0304295942720764
0.162171837708831
0.0798329355608592
0.0908114558472554
0.0880668257756563
0.0386634844868735
0.13472553699284
0.173150357995227
0.178639618138425
0.0633651551312649
0.0386634844868735
0.112768496420048
0.0523866348448687
0.0468973747016706
0.0551312649164678
0.0633651551312649
0.112768496420048
0.13472553699284
0.0304295942720764
0.167661097852029
0.0468973747016706
0.0578758949880668
0.0112171837708831
0.153937947494033
0.00847255369928401
0.0112171837708831
0.0578758949880668
0.16491646778043
0.0386634844868735
0.0633651551312649
0.280190930787589
0.27744630071599
0.126491646778043
0.195107398568019
0.071599045346062
0.104534606205251
0.0963007159904535
0.0908114558472554
0.00572792362768497
0.381742243436754
0.126491646778043
0.299403341288783
0.121002386634845
0.071599045346062
0.112768496420048
0.13472553699284
0.159427207637232
0.121002386634845
0.0908114558472554
0.0194510739856802
0.066109785202864
0.112768496420048
0.000238663484486879
0.280190930787589
0.145704057279236
0.0523866348448687
0.0770883054892601
0.0633651551312649
0.137470167064439
0.0194510739856802
0.329594272076372
0.200596658711217
0.195107398568019
0.129236276849642
0.0359188544152745
0.121002386634845
0.145704057279236
0.203341288782816
0.189618138424821
0.000238663484486879
0.0221957040572792
0.071599045346062
0.126491646778043
0.126491646778043
0.296658711217184
0.0990453460620525
0.0441527446300716
0.208830548926014
0.0798329355608592
0.0359188544152745
0.200596658711217
0.112768496420048
0.0167064439140811
0.0249403341288783
0.00572792362768497
0.0414081145584726
0.0221957040572792
0.0139618138424821
0.110023866348449
0.00572792362768497
0.118257756563246
0.181384248210024
0.0743436754176611
0.189618138424821
0.137470167064439
0.066109785202864
0.16491646778043
0.0331742243436754
0.0825775656324582
0.0935560859188544
0.203341288782816
0.071599045346062
0.291169451073986
0.00572792362768497
0.00847255369928401
0.0414081145584726
0.071599045346062
0.123747016706444
0.0139618138424821
0.0853221957040573
0.101789976133652
0.115513126491647
0.233532219570406
0.0743436754176611
0.140214797136038
0.071599045346062
0.131980906921241
0.0825775656324582
0.181384248210024
0.068854415274463
0.0359188544152745
0.203341288782816
0.219809069212411
0.16491646778043
0.0221957040572792
0.0990453460620525
0.0359188544152745
0.0551312649164678
0.0908114558472554
0.0414081145584726
0.513484486873508
0.217064439140811
0.121002386634845
0.101789976133652
0.110023866348449
0.066109785202864
0.0441527446300716
0.110023866348449
0.126491646778043
0.0633651551312649
0.0386634844868735
0.19236276849642
0.19236276849642
0.10727923627685
0.173150357995227
0.0414081145584726
0.0276849642004773
0.173150357995227
0.211575178997613
0.0551312649164678
0.483293556085919
0.0221957040572792
0.340572792362768
0.0139618138424821
0.0523866348448687
0.206085918854415
0.066109785202864
0.0825775656324582
0.112768496420048
0.219809069212411
0.0633651551312649
0.0743436754176611
0.112768496420048
0.112768496420048
0.0112171837708831
0.228042959427208
0.228042959427208
0.195107398568019
0.0551312649164678
0.313126491646778
0.178639618138425
0.0331742243436754
0.16491646778043
0.121002386634845
0.175894988066826
0.0221957040572792
0.126491646778043
0.0386634844868735
0.10727923627685
0.148448687350835
0.0414081145584726
0.0551312649164678
0.110023866348449
0.0935560859188544
0.0276849642004773
0.0331742243436754
0.0414081145584726
0.0194510739856802
0.126491646778043
0.0935560859188544
0.131980906921241
0.151193317422434
0.200596658711217
0.129236276849642
0.0139618138424821
0.0414081145584726
0.0551312649164678
0.104534606205251
0.0798329355608592
0.00298329355608592
0.225298329355609
0.0633651551312649
0.167661097852029
0.0441527446300716
0.115513126491647
0.167661097852029
0.0908114558472554
0.0880668257756563
0.0990453460620525
0.0578758949880668
0.110023866348449
0.0880668257756563
0.661694510739857
0.0249403341288783
0.0167064439140811
0.066109785202864
0.0414081145584726
0.101789976133652
0.142959427207637
0.315871121718377
0.236276849642005
0.16491646778043
0.0167064439140811
0.0606205250596659
0.112768496420048
0.0798329355608592
0.121002386634845
0.200596658711217
0.13472553699284
0.0414081145584726
0.0990453460620525
0.145704057279236
0.0990453460620525
0.181384248210024
0.071599045346062
0.0359188544152745
0.285680190930788
0.288424821002387
0.140214797136038
0.0468973747016706
0.126491646778043
0.0441527446300716
0.0221957040572792
0.189618138424821
0.0221957040572792
0.0551312649164678
0.112768496420048
0.066109785202864
0.123747016706444
0.0386634844868735
0.10727923627685
0.206085918854415
0.156682577565632
0.0468973747016706
0.142959427207637
0.0221957040572792
0.0798329355608592
0.0496420047732697
0.131980906921241
0.148448687350835
0.247255369928401
0.189618138424821
0.186873508353222
0.0853221957040573
0.071599045346062
0.148448687350835
0.131980906921241
0.170405727923628
0.126491646778043
0.0249403341288783
0.142959427207637
0.0963007159904535
0.208830548926014
0.0359188544152745
0.0770883054892601
0.228042959427208
0.0249403341288783
0.0441527446300716
0.0606205250596659
0.285680190930788
0.13472553699284
0.153937947494033
0.00847255369928401
0.0990453460620525
0.186873508353222
0.151193317422434
0.115513126491647
0.0249403341288783
0.0414081145584726
0.197852028639618
0.0633651551312649
0.389976133651551
0.00298329355608592
0.121002386634845
0.0167064439140811
0.0523866348448687
0.0276849642004773
0.0414081145584726
0.0908114558472554
0.00298329355608592
0.0112171837708831
0.260978520286396
0.241766109785203
0.159427207637232
0.184128878281623
0.153937947494033
0.071599045346062
0.244510739856802
0.0221957040572792
0.151193317422434
0.068854415274463
0.066109785202864
0.0194510739856802
0.208830548926014
0.101789976133652
0.0935560859188544
0.200596658711217
0.145704057279236
0.0880668257756563
0.00847255369928401
0.148448687350835
0.0359188544152745
0.302147971360382
0.362529832935561
0.118257756563246
0.420167064439141
0.115513126491647
0.0304295942720764
0.186873508353222
0.244510739856802
0.252744630071599
0.071599045346062
0.0221957040572792
0.142959427207637
0.112768496420048
0.129236276849642
0.0112171837708831
0.0523866348448687
0.0990453460620525
0.0331742243436754
0.112768496420048
0.225298329355609
0.203341288782816
0.137470167064439
0.211575178997613
0.129236276849642
0.0825775656324582
0.195107398568019
0.184128878281623
0.0606205250596659
0.184128878281623
0.0743436754176611
0.0441527446300716
0.123747016706444
0.0331742243436754
0.258233890214797
0.0853221957040573
0.121002386634845
0.0276849642004773
0.373508353221957
0.00847255369928401
0.919689737470167
0.217064439140811
0.0112171837708831
0.170405727923628
0.0304295942720764
0.263723150357995
0.00572792362768497
0.140214797136038
0.0908114558472554
0.115513126491647
0.0523866348448687
0.126491646778043
0.118257756563246
0.112768496420048
0.0523866348448687
0.167661097852029
0.0990453460620525
0.140214797136038
0.112768496420048
0.0990453460620525
0.0551312649164678
0.129236276849642
0.123747016706444
0.233532219570406
0.228042959427208
0.0578758949880668
0.214319809069212
0.233532219570406
0.0853221957040573
0.247255369928401
0.293914081145585
0.00572792362768497
0.140214797136038
0.0743436754176611
0.0496420047732697
0.0551312649164678
0.0880668257756563
0.0414081145584726
0.123747016706444
0.00298329355608592
0.0112171837708831
0.0221957040572792
0.0825775656324582
0.066109785202864
0.0633651551312649
0.0990453460620525
0.173150357995227
0.140214797136038
0.0798329355608592
0.101789976133652
0.0880668257756563
0.159427207637232
0.0551312649164678
0.0935560859188544
0.0743436754176611
0.153937947494033
0.0386634844868735
0.068854415274463
0.228042959427208
0.206085918854415
0.0167064439140811
0.252744630071599
0.19236276849642
0.0304295942720764
0.071599045346062
0.173150357995227
0.0523866348448687
0.206085918854415
0.104534606205251
0.0468973747016706
0.0578758949880668
0.00572792362768497
0.414677804295943
0.0167064439140811
0.156682577565632
0.131980906921241
0.195107398568019
0.153937947494033
0.131980906921241
0.0468973747016706
0.129236276849642
0.0304295942720764
0.0606205250596659
0.373508353221957
0.0496420047732697
0.189618138424821
0.151193317422434
0.197852028639618
0.0853221957040573
0.0304295942720764
0.148448687350835
0.0414081145584726
0.156682577565632
0.00847255369928401
0.0359188544152745
0.101789976133652
0.0633651551312649
0.0825775656324582
0.159427207637232
0.142959427207637
0.00298329355608592
0.068854415274463
0.206085918854415
0.175894988066826
0.170405727923628
0.228042959427208
0.16491646778043
0.156682577565632
0.10727923627685
0.0880668257756563
0.0825775656324582
0.230787589498807
0.0798329355608592
0.0194510739856802
0.00298329355608592
0.0468973747016706
0.0167064439140811
0.140214797136038
0.0633651551312649
0.156682577565632
0.22255369928401
0.0112171837708831
0.071599045346062
0.123747016706444
0.0990453460620525
0.129236276849642
0.282935560859189
0.228042959427208
0.121002386634845
0.0963007159904535
0.131980906921241
0.00298329355608592
0.0551312649164678
0.066109785202864
0.0468973747016706
0.0798329355608592
0.0743436754176611
0.0963007159904535
0.0414081145584726
0.0880668257756563
0.0221957040572792
0.0798329355608592
0.159427207637232
0.16491646778043
0.13472553699284
0.203341288782816
0.0743436754176611
0.0359188544152745
0.0249403341288783
0.0606205250596659
0.0935560859188544
0.071599045346062
0.0139618138424821
0.0496420047732697
0.0194510739856802
0.189618138424821
0.516229116945107
0.104534606205251
0.0167064439140811
0.178639618138425
0.0441527446300716
0.255489260143198
0.0359188544152745
0.0167064439140811
0.252744630071599
0.0908114558472554
0.455847255369928
0.0908114558472554
0.071599045346062
0.0578758949880668
0.153937947494033
0.131980906921241
0.0990453460620525
0.313126491646778
0.0880668257756563
0.247255369928401
0.126491646778043
0.00572792362768497
0.263723150357995
0.0633651551312649
0.153937947494033
0.0606205250596659
0.0633651551312649
0.00847255369928401
0.343317422434367
0.206085918854415
0.0304295942720764
0.252744630071599
0.433890214797136
0.274701670644391
0.274701670644391
0.115513126491647
0.066109785202864
0.0139618138424821
0.189618138424821
0.162171837708831
0.156682577565632
0.236276849642005
0.0633651551312649
0.0276849642004773
0.0359188544152745
0.137470167064439
0.0606205250596659
0.0551312649164678
0.0496420047732697
0.126491646778043
0.0523866348448687
0.00847255369928401
0.0331742243436754
0.0331742243436754
0.203341288782816
0.239021479713604
0.0963007159904535
0.230787589498807
0.115513126491647
0.0359188544152745
0.0633651551312649
0.0194510739856802
0.0825775656324582
0.159427207637232
0.137470167064439
0.129236276849642
0.0386634844868735
0.0221957040572792
0.200596658711217
0.0112171837708831
0.129236276849642
0.214319809069212
0.19236276849642
0.0853221957040573
0.0825775656324582
0.0249403341288783
0.104534606205251
0.068854415274463
0.0551312649164678
0.0551312649164678
0.145704057279236
0.137470167064439
0.321360381861575
0.0194510739856802
0.0414081145584726
0.129236276849642
0.0194510739856802
0.203341288782816
0.118257756563246
0.0990453460620525
0.066109785202864
0.0880668257756563
0.0578758949880668
0.0194510739856802
0.104534606205251
0.241766109785203
0.00847255369928401
0.263723150357995
0.071599045346062
0.10727923627685
0.0496420047732697
0.0276849642004773
0.142959427207637
0.00572792362768497
0.0468973747016706
0.068854415274463
0.173150357995227
0.0496420047732697
0.0523866348448687
0.162171837708831
0.0139618138424821
0.0770883054892601
0.0221957040572792
0.175894988066826
0.162171837708831
0.0853221957040573
0.0908114558472554
0.151193317422434
0.0194510739856802
0.140214797136038
0.0359188544152745
0.153937947494033
0.0249403341288783
0.299403341288783
0.129236276849642
0.126491646778043
0.203341288782816
0.0523866348448687
0.0414081145584726
0.0990453460620525
0.0468973747016706
0.282935560859189
0.266467780429594
0.225298329355609
0.167661097852029
0.00298329355608592
0.0331742243436754
0.0112171837708831
0.219809069212411
0.0853221957040573
0.151193317422434
0.195107398568019
0.0468973747016706
0.123747016706444
0.293914081145585
0.118257756563246
0.145704057279236
0.0990453460620525
0.0853221957040573
0.071599045346062
0.167661097852029
0.066109785202864
0.159427207637232
0.0551312649164678
0.239021479713604
0.0743436754176611
0.148448687350835
0.110023866348449
0.0743436754176611
0.0908114558472554
1.30393794749403
0.0441527446300716
0.159427207637232
0.000238663484486879
0.118257756563246
0.145704057279236
0.0331742243436754
0.170405727923628
0.0112171837708831
0.175894988066826
0.0935560859188544
0.068854415274463
0.066109785202864
0.170405727923628
0.0496420047732697
0.0194510739856802
0.0249403341288783
0.0743436754176611
0.112768496420048
0.252744630071599
0.129236276849642
0.159427207637232
0.0770883054892601
0.126491646778043
0.0194510739856802
0.0304295942720764
0.16491646778043
0.123747016706444
0.0386634844868735
0.195107398568019
0.112768496420048
0.00572792362768497
0.0304295942720764
0.112768496420048
0.189618138424821
0.0221957040572792
0.000238663484486879
0.140214797136038
0.16491646778043
0.00572792362768497
0.27744630071599
0.126491646778043
0.0990453460620525
0.0770883054892601
0.208830548926014
0.170405727923628
0.0743436754176611
0.0414081145584726
0.0990453460620525
0.0770883054892601
0.0633651551312649
0.151193317422434
0.0468973747016706
0.0963007159904535
0.115513126491647
0.167661097852029
0.121002386634845
0.274701670644391
0.00847255369928401
0.184128878281623
0.170405727923628
0.0880668257756563
0.206085918854415
0.236276849642005
0.0194510739856802
0.151193317422434
0.206085918854415
0.282935560859189
0.126491646778043
0.244510739856802
0.0496420047732697
0.156682577565632
0.0359188544152745
0.112768496420048
0.0249403341288783
0.200596658711217
0.0606205250596659
0.186873508353222
0.145704057279236
0.0633651551312649
0.0468973747016706
0.0167064439140811
0.0139618138424821
0.181384248210024
0.0139618138424821
0.0853221957040573
0.0633651551312649
0.903221957040573
0.0633651551312649
0.0743436754176611
0.148448687350835
0.110023866348449
0.0908114558472554
0.0331742243436754
0.142959427207637
0.145704057279236
0.733054892601432
0.195107398568019
0.184128878281623
0.00298329355608592
0.0963007159904535
0.0633651551312649
0.068854415274463
0.00847255369928401
0.0880668257756563
0.0633651551312649
0.0359188544152745
0.351551312649165
0.0825775656324582
0.0935560859188544
0.0743436754176611
0.0414081145584726
0.0798329355608592
0.167661097852029
0.173150357995227
0.266467780429594
0.0139618138424821
0.142959427207637
0.0331742243436754
0.071599045346062
0.115513126491647
0.0331742243436754
0.0551312649164678
0.0441527446300716
0.189618138424821
0.0496420047732697
0.0441527446300716
0.0359188544152745
0.123747016706444
0.0331742243436754
0.310381861575179
0.260978520286396
0.197852028639618
0.0853221957040573
0.252744630071599
0.0194510739856802
0.228042959427208
0.241766109785203
0.071599045346062
0.178639618138425
0.0880668257756563
0.123747016706444
0.0221957040572792
0.200596658711217
0.0578758949880668
0.0633651551312649
0.129236276849642
0.200596658711217
0.170405727923628
0.00572792362768497
0.148448687350835
0.0633651551312649
0.0743436754176611
0.266467780429594
0.236276849642005
0.0990453460620525
0.208830548926014
0.153937947494033
0.0853221957040573
0.156682577565632
0.302147971360382
0.0468973747016706
0.0359188544152745
0.068854415274463
0.0304295942720764
0.110023866348449
0.0331742243436754
0.0935560859188544
0.197852028639618
0.129236276849642
0.104534606205251
0.181384248210024
0.00847255369928401
0.0468973747016706
0.0551312649164678
0.181384248210024
0.10727923627685
0.140214797136038
0.137470167064439
0.0798329355608592
0.123747016706444
0.123747016706444
0.244510739856802
0.0963007159904535
0.131980906921241
0.0770883054892601
0.208830548926014
0.10727923627685
0.066109785202864
0.0221957040572792
0.071599045346062
0.260978520286396
0.0578758949880668
0.233532219570406
0.10727923627685
0.0853221957040573
0.110023866348449
0.0551312649164678
0.00847255369928401
0.403699284009546
0.148448687350835
0.195107398568019
0.101789976133652
0.0194510739856802
0.118257756563246
0.0139618138424821
0.110023866348449
0.131980906921241
0.0935560859188544
0.0935560859188544
0.175894988066826
0.203341288782816
0.151193317422434
0.0990453460620525
0.0606205250596659
0.178639618138425
0.0468973747016706
0.0825775656324582
0.0990453460620525
0.121002386634845
0.121002386634845
0.0414081145584726
0.181384248210024
0.444868735083532
0.0167064439140811
0.10727923627685
0.255489260143198
0.123747016706444
0.137470167064439
0.068854415274463
0.0770883054892601
0.0139618138424821
0.315871121718377
0.0633651551312649
0.22255369928401
0.101789976133652
0.0249403341288783
0.0276849642004773
0.0551312649164678
0.200596658711217
0.0935560859188544
0.302147971360382
0.0221957040572792
0.101789976133652
0.00572792362768497
0.153937947494033
0.173150357995227
0.121002386634845
0.0743436754176611
0.0880668257756563
0.118257756563246
0.068854415274463
0.175894988066826
0.104534606205251
0.239021479713604
0.148448687350835
0.071599045346062
0.560143198090692
0.0139618138424821
0.186873508353222
0.178639618138425
0.225298329355609
0.0249403341288783
0.178639618138425
0.0167064439140811
0.159427207637232
0.239021479713604
0.0194510739856802
0.159427207637232
0.121002386634845
0.0798329355608592
0.0249403341288783
0.0825775656324582
0.255489260143198
0.110023866348449
0.302147971360382
0.186873508353222
0.0249403341288783
0.129236276849642
0.101789976133652
0.0139618138424821
0.0633651551312649
0.0606205250596659
0.13472553699284
0.126491646778043
0.129236276849642
0.0331742243436754
0.0990453460620525
0.197852028639618
0.0468973747016706
0.175894988066826
0.0496420047732697
0.175894988066826
0.0276849642004773
0.121002386634845
0.0743436754176611
0.066109785202864
0.162171837708831
0.151193317422434
0.153937947494033
0.0935560859188544
0.0441527446300716
0.0414081145584726
0.145704057279236
0.13472553699284
0.0359188544152745
0.068854415274463
0.071599045346062
0.0139618138424821
0.066109785202864
0.184128878281623
0.145704057279236
0.156682577565632
0.406443914081145
0.068854415274463
0.0578758949880668
0.0963007159904535
0.0743436754176611
0.145704057279236
0.0578758949880668
0.066109785202864
0.129236276849642
0.0523866348448687
0.0414081145584726
0.170405727923628
0.0990453460620525
0.0414081145584726
0.162171837708831
0.0633651551312649
0.13472553699284
0.0276849642004773
0.140214797136038
0.0633651551312649
0.0853221957040573
0.178639618138425
0.10727923627685
0.0194510739856802
0.121002386634845
0.0194510739856802
0.162171837708831
0.16491646778043
0.0880668257756563
0.0633651551312649
0.214319809069212
0.0880668257756563
0.0112171837708831
0.0468973747016706
0.348806682577566
0.0743436754176611
0.0523866348448687
0.0496420047732697
0.447613365155131
0.118257756563246
0.0798329355608592
0.118257756563246
0.156682577565632
0.0935560859188544
0.0304295942720764
0.0414081145584726
0.293914081145585
0.0496420047732697
0.494272076372315
0.066109785202864
0.0990453460620525
0.140214797136038
0.0606205250596659
0.0112171837708831
0.118257756563246
0.167661097852029
0.068854415274463
0.186873508353222
0.170405727923628
0.0221957040572792
0.244510739856802
0.00298329355608592
0.197852028639618
0.142959427207637
0.0249403341288783
0.189618138424821
0.00847255369928401
0.0908114558472554
0.0304295942720764
0.260978520286396
0.0249403341288783
0.159427207637232
0.0249403341288783
0.0194510739856802
0.13472553699284
0.241766109785203
0.0633651551312649
0.142959427207637
0.129236276849642
0.16491646778043
0.145704057279236
0.0414081145584726
0.0798329355608592
0.184128878281623
0.0468973747016706
0.195107398568019
0.156682577565632
0.000238663484486879
0.123747016706444
0.362529832935561
0.0743436754176611
0.066109785202864
0.181384248210024
0.0523866348448687
0.142959427207637
0.0304295942720764
0.0743436754176611
0.0798329355608592
0.0112171837708831
0.071599045346062
0.126491646778043
0.104534606205251
0.233532219570406
0.0743436754176611
0.0825775656324582
0.0523866348448687
0.110023866348449
0.0908114558472554
0.153937947494033
0.0825775656324582
0.217064439140811
0.167661097852029
0.137470167064439
0.112768496420048
0.189618138424821
0.129236276849642
0.0304295942720764
0.00847255369928401
0.068854415274463
0.0304295942720764
0.0880668257756563
0.0112171837708831
0.0304295942720764
0.0167064439140811
0.104534606205251
0.0935560859188544
0.228042959427208
0.0963007159904535
0.0963007159904535
0.0551312649164678
0.16491646778043
0.0249403341288783
0.0606205250596659
0.121002386634845
0.0331742243436754
0.104534606205251
0.131980906921241
0.0990453460620525
0.195107398568019
0.0496420047732697
0.129236276849642
0.0496420047732697
0.0523866348448687
0.255489260143198
0.258233890214797
0.121002386634845
0.0523866348448687
0.10727923627685
0.0359188544152745
0.0551312649164678
0.214319809069212
0.0331742243436754
0.0249403341288783
0.129236276849642
0.0441527446300716
0.0304295942720764
0.0331742243436754
0.115513126491647
0.0853221957040573
0.280190930787589
0.0221957040572792
0.0770883054892601
0.0414081145584726
0.129236276849642
0.118257756563246
0.118257756563246
0.137470167064439
0.0331742243436754
0.156682577565632
0.0331742243436754
0.0249403341288783
0.0798329355608592
0.288424821002387
0.0112171837708831
0.0331742243436754
0.178639618138425
0.0386634844868735
0.346062052505967
0.0633651551312649
0.0633651551312649
0.121002386634845
0.115513126491647
0.0770883054892601
0.225298329355609
0.315871121718377
0.162171837708831
0.0853221957040573
0.0441527446300716
0.071599045346062
0.214319809069212
0.27744630071599
0.255489260143198
0.0853221957040573
0.0276849642004773
0.0112171837708831
0.178639618138425
0.195107398568019
0.258233890214797
0.0167064439140811
0.19236276849642
0.0853221957040573
0.00847255369928401
0.156682577565632
0.258233890214797
0.214319809069212
0.126491646778043
0.203341288782816
0.0798329355608592
0.0743436754176611
0.101789976133652
0.22255369928401
0.173150357995227
0.217064439140811
0.148448687350835
0.13472553699284
0.123747016706444
0.19236276849642
0.123747016706444
0.110023866348449
0.0633651551312649
0.203341288782816
0.203341288782816
0.137470167064439
0.142959427207637
0.104534606205251
0.285680190930788
0.0468973747016706
0.110023866348449
0.22255369928401
0.230787589498807
0.0551312649164678
0.0386634844868735
0.263723150357995
0.0798329355608592
0.16491646778043
0.137470167064439
0.0633651551312649
0.0770883054892601
0.0606205250596659
0.288424821002387
0.178639618138425
0.0276849642004773
0.173150357995227
0.00847255369928401
0.0770883054892601
0.115513126491647
0.0935560859188544
0.123747016706444
0.0414081145584726
0.0441527446300716
0.0249403341288783
0.0606205250596659
0.16491646778043
0.071599045346062
0.00847255369928401
0.110023866348449
0.376252983293556
0.0853221957040573
0.16491646778043
0.0551312649164678
0.0249403341288783
0.554653937947494
0.236276849642005
0.151193317422434
0.0963007159904535
0.239021479713604
0.0441527446300716
0.162171837708831
0.217064439140811
0.068854415274463
0.0578758949880668
0.0194510739856802
0.214319809069212
0.0880668257756563
0.0112171837708831
0.159427207637232
0.0990453460620525
0.0304295942720764
0.310381861575179
0.200596658711217
0.0578758949880668
0.126491646778043
0.189618138424821
0.269212410501193
0.0468973747016706
0.0770883054892601
0.00298329355608592
0.0743436754176611
0.0551312649164678
0.153937947494033
0.066109785202864
0.0441527446300716
0.142959427207637
0.153937947494033
0.0359188544152745
0.0990453460620525
0.0853221957040573
0.293914081145585
0.0633651551312649
0.0331742243436754
0.230787589498807
0.101789976133652
0.0496420047732697
0.195107398568019
0.129236276849642
0.112768496420048
0.203341288782816
0.00572792362768497
0.121002386634845
0.236276849642005
0.0880668257756563
0.184128878281623
0.304892601431981
0.0496420047732697
0.0798329355608592
0.0221957040572792
0.0880668257756563
0.0441527446300716
0.104534606205251
0.0221957040572792
0.0331742243436754
0.0908114558472554
0.0359188544152745
0.173150357995227
0.0496420047732697
0.0386634844868735
0.068854415274463
0.0167064439140811
0.00298329355608592
0.0935560859188544
0.0496420047732697
0.0441527446300716
0.0468973747016706
0.0880668257756563
0.10727923627685
0.0770883054892601
0.142959427207637
0.0304295942720764
0.156682577565632
0.0331742243436754
0.0331742243436754
0.0990453460620525
0.0633651551312649
0.175894988066826
0.0167064439140811
0.131980906921241
0.203341288782816
0.159427207637232
0.167661097852029
0.110023866348449
0.225298329355609
0.00847255369928401
0.0276849642004773
0.112768496420048
0.170405727923628
0.0441527446300716
0.0633651551312649
0.068854415274463
0.241766109785203
0.0112171837708831
0.00298329355608592
0.0770883054892601
0.0304295942720764
0.0139618138424821
0.156682577565632
0.0935560859188544
0.175894988066826
0.175894988066826
0.071599045346062
0.104534606205251
0.0414081145584726
0.10727923627685
0.118257756563246
0.0496420047732697
0.0606205250596659
0.13472553699284
0.291169451073986
0.142959427207637
0.0853221957040573
0.066109785202864
0.131980906921241
0.0880668257756563
0.145704057279236
0.0468973747016706
0.0743436754176611
0.0359188544152745
0.145704057279236
0.233532219570406
0.066109785202864
0.0523866348448687
0.0496420047732697
0.0935560859188544
0.0606205250596659
0.121002386634845
0.0194510739856802
0.214319809069212
0.0276849642004773
0.203341288782816
0.299403341288783
0.0221957040572792
0.140214797136038
0.214319809069212
0.280190930787589
0.398210023866348
0.230787589498807
0.121002386634845
0.326849642004773
0.0139618138424821
0.101789976133652
0.0908114558472554
0.189618138424821
0.0194510739856802
0.0825775656324582
0.296658711217184
0.159427207637232
0.159427207637232
0.167661097852029
0.126491646778043
0.0139618138424821
0.170405727923628
0.0770883054892601
0.071599045346062
0.239021479713604
0.0578758949880668
0.19236276849642
0.219809069212411
0.066109785202864
0.123747016706444
0.0935560859188544
0.0304295942720764
0.244510739856802
0.217064439140811
0.0249403341288783
0.159427207637232
0.0633651551312649
0.066109785202864
0.255489260143198
0.0853221957040573
0.0139618138424821
0.0908114558472554
0.066109785202864
0.0139618138424821
0.329594272076372
0.126491646778043
0.208830548926014
0.0359188544152745
0.0194510739856802
0.0414081145584726
0.244510739856802
0.10727923627685
0.313126491646778
0.0359188544152745
0.151193317422434
0.0798329355608592
0.0276849642004773
0.148448687350835
0.0908114558472554
0.0304295942720764
0.156682577565632
0.126491646778043
0.178639618138425
0.068854415274463
0.0770883054892601
0.0853221957040573
0.535441527446301
0.118257756563246
0.110023866348449
0.129236276849642
0.0908114558472554
0.00298329355608592
0.0880668257756563
0.206085918854415
0.0798329355608592
0.0853221957040573
0.280190930787589
0.0468973747016706
0.066109785202864
0.175894988066826
0.197852028639618
0.104534606205251
0.170405727923628
0.123747016706444
0.239021479713604
0.112768496420048
0.236276849642005
0.121002386634845
0.170405727923628
0.461336515513126
0.0331742243436754
0.162171837708831
0.00298329355608592
0.203341288782816
0.00847255369928401
0.0523866348448687
0.0386634844868735
0.0304295942720764
0.170405727923628
0.0359188544152745
0.159427207637232
0.178639618138425
0.151193317422434
0.000238663484486879
0.0386634844868735
0.129236276849642
0.0990453460620525
0.16491646778043
0.110023866348449
0.0276849642004773
0.197852028639618
0.285680190930788
0.0825775656324582
0.00572792362768497
0.0551312649164678
0.0578758949880668
0.313126491646778
0.142959427207637
0.10727923627685
0.0578758949880668
0.121002386634845
0.0112171837708831
0.195107398568019
0.0112171837708831
0.0112171837708831
0.0414081145584726
0.0221957040572792
0.126491646778043
0.0359188544152745
0.10727923627685
0.00847255369928401
0.186873508353222
0.175894988066826
0.395465393794749
0.173150357995227
0.148448687350835
0.145704057279236
0.101789976133652
0.00847255369928401
0.0304295942720764
0.066109785202864
0.0551312649164678
0.0468973747016706
0.0112171837708831
0.403699284009546
0.0139618138424821
0.0221957040572792
0.184128878281623
0.0468973747016706
0.0743436754176611
0.0963007159904535
0.0825775656324582
0.112768496420048
0.0578758949880668
0.0304295942720764
0.0112171837708831
0.00847255369928401
0.0798329355608592
0.0908114558472554
0.0496420047732697
0.131980906921241
0.0798329355608592
0.0935560859188544
0.0304295942720764
0.0194510739856802
0.186873508353222
0.10727923627685
0.00298329355608592
0.0963007159904535
0.142959427207637
0.304892601431981
0.131980906921241
0.00572792362768497
0.16491646778043
0.186873508353222
0.195107398568019
0.203341288782816
0.00572792362768497
0.00298329355608592
0.178639618138425
0.162171837708831
0.0880668257756563
0.0633651551312649
0.0743436754176611
0.282935560859189
0.252744630071599
0.112768496420048
0.126491646778043
0.0853221957040573
0.0578758949880668
0.241766109785203
0.145704057279236
0.0386634844868735
0.0167064439140811
0.184128878281623
0.104534606205251
0.0139618138424821
0.200596658711217
0.13472553699284
0.00847255369928401
0.0853221957040573
0.0139618138424821
0.16491646778043
0.110023866348449
0.121002386634845
0.0633651551312649
0.00298329355608592
0.00847255369928401
0.266467780429594
0.0606205250596659
0.206085918854415
0.162171837708831
0.274701670644391
0.340572792362768
0.0441527446300716
1.31217183770883
0.00298329355608592
0.121002386634845
0.0167064439140811
0.0935560859188544
0.148448687350835
0.0798329355608592
0.167661097852029
0.0825775656324582
0.0112171837708831
0.0606205250596659
0.126491646778043
0.071599045346062
0.123747016706444
0.068854415274463
0.10727923627685
0.000238663484486879
0.101789976133652
0.0167064439140811
0.142959427207637
0.00298329355608592
0.0167064439140811
0.068854415274463
0.0578758949880668
0.206085918854415
0.0331742243436754
0.159427207637232
0.189618138424821
0.115513126491647
0.0441527446300716
0.0359188544152745
0.42291169451074
0.140214797136038
0.121002386634845
0.178639618138425
0.0963007159904535
0.0304295942720764
0.0551312649164678
0.368019093078759
0.282935560859189
0.0880668257756563
0.0853221957040573
0.0523866348448687
0.0304295942720764
0.170405727923628
0.0798329355608592
0.156682577565632
0.0496420047732697
0.071599045346062
0.0414081145584726
0.0798329355608592
0.121002386634845
0.0194510739856802
0.0633651551312649
0.263723150357995
0.0112171837708831
0.0606205250596659
0.00298329355608592
0.071599045346062
0.0276849642004773
0.0935560859188544
0.0633651551312649
0.066109785202864
0.112768496420048
0.19236276849642
0.0743436754176611
0.0743436754176611
0.0304295942720764
0.299403341288783
0.0523866348448687
0.115513126491647
0.0304295942720764
0.0551312649164678
0.0880668257756563
0.16491646778043
0.0798329355608592
0.142959427207637
0.118257756563246
0.378997613365155
0.13472553699284
0.233532219570406
0.0112171837708831
0.071599045346062
0.0578758949880668
0.0249403341288783
0.214319809069212
0.0853221957040573
0.066109785202864
0.299403341288783
0.241766109785203
0.228042959427208
0.104534606205251
0.118257756563246
0.252744630071599
0.145704057279236
0.00847255369928401
0.156682577565632
0.10727923627685
0.0386634844868735
0.118257756563246
0.0963007159904535
0.19236276849642
0.178639618138425
0.10727923627685
0.0880668257756563
0.0880668257756563
0.0825775656324582
0.140214797136038
0.0606205250596659
0.0468973747016706
0.0441527446300716
0.156682577565632
0.140214797136038
0.184128878281623
0.206085918854415
0.110023866348449
0.0551312649164678
0.101789976133652
0.184128878281623
0.291169451073986
0.0578758949880668
0.247255369928401
0.0770883054892601
0.131980906921241
0.142959427207637
0.10727923627685
0.219809069212411
0.0606205250596659
0.0880668257756563
0.217064439140811
0.0743436754176611
0.200596658711217
0.219809069212411
0.0743436754176611
0.066109785202864
0.0578758949880668
0.225298329355609
0.0770883054892601
0.22255369928401
0.13472553699284
0.0880668257756563
0.167661097852029
0.244510739856802
0.0441527446300716
0.340572792362768
0.104534606205251
0.0990453460620525
0.189618138424821
0.0276849642004773
0.068854415274463
0.0194510739856802
0.359785202863962
0.00572792362768497
0.13472553699284
0.0441527446300716
0.16491646778043
0.260978520286396
0.0523866348448687
0.0633651551312649
0.175894988066826
0.112768496420048
0.214319809069212
0.121002386634845
0.140214797136038
0.0221957040572792
0.0743436754176611
0.0249403341288783
0.071599045346062
0.142959427207637
0.0386634844868735
0.230787589498807
0.0798329355608592
0.0221957040572792
0.101789976133652
0.0523866348448687
0.0331742243436754
0.0139618138424821
0.0414081145584726
0.0249403341288783
0.151193317422434
0.101789976133652
0.200596658711217
0.00298329355608592
0.13472553699284
0.104534606205251
0.639737470167064
0.126491646778043
0.162171837708831
0.173150357995227
0.296658711217184
0.170405727923628
0.0331742243436754
0.0880668257756563
0.145704057279236
0.175894988066826
0.0935560859188544
0.140214797136038
0.0386634844868735
0.324105011933174
0.184128878281623
0.186873508353222
0.110023866348449
0.159427207637232
0.466825775656324
0.104534606205251
0.178639618138425
0.170405727923628
0.0633651551312649
0.121002386634845
0.131980906921241
0.19236276849642
0.148448687350835
0.126491646778043
0.0276849642004773
0.0798329355608592
0.071599045346062
0.27744630071599
0.0798329355608592
0.126491646778043
0.0990453460620525
0.0194510739856802
0.0468973747016706
0.0194510739856802
0.000238663484486879
0.0167064439140811
0.000238663484486879
0.181384248210024
0.304892601431981
0.0359188544152745
0.151193317422434
0.110023866348449
0.0139618138424821
0.112768496420048
0.104534606205251
0.10727923627685
0.255489260143198
0.145704057279236
0.131980906921241
0.184128878281623
0.170405727923628
0.0496420047732697
0.068854415274463
0.258233890214797
0.0963007159904535
0.293914081145585
0.0798329355608592
0.324105011933174
0.123747016706444
0.173150357995227
0.181384248210024
0.104534606205251
0.203341288782816
0.0963007159904535
0.126491646778043
0.118257756563246
0.13472553699284
0.0194510739856802
0.0276849642004773
0.0743436754176611
0.145704057279236
0.0139618138424821
0.0990453460620525
0.0441527446300716
0.156682577565632
0.0963007159904535
0.118257756563246
0.00572792362768497
0.0825775656324582
0.110023866348449
0.0743436754176611
0.252744630071599
0.0249403341288783
0.121002386634845
0.0139618138424821
0.126491646778043
0.0414081145584726
0.0139618138424821
0.0606205250596659
0.326849642004773
0.19236276849642
0.0221957040572792
0.0414081145584726
0.0551312649164678
0.121002386634845
0.25
0.22255369928401
0.0249403341288783
0.343317422434367
0.115513126491647
0.0468973747016706
0.0880668257756563
0.184128878281623
0.0770883054892601
0.0853221957040573
0.0633651551312649
0.112768496420048
0.0990453460620525
0.266467780429594
0.104534606205251
0.0908114558472554
0.148448687350835
0.156682577565632
0.0359188544152745
0.00298329355608592
0.228042959427208
0.0221957040572792
0.0386634844868735
0.123747016706444
0.0496420047732697
0.332338902147971
0.0578758949880668
0.0880668257756563
0.0853221957040573
0.0880668257756563
0.0221957040572792
0.206085918854415
0.129236276849642
0.068854415274463
0.13472553699284
0.118257756563246
0.123747016706444
0.0825775656324582
0.0743436754176611
0.0331742243436754
0.121002386634845
0.10727923627685
0.252744630071599
0.0359188544152745
0.0139618138424821
0.148448687350835
0.131980906921241
0.123747016706444
0.0935560859188544
0.195107398568019
0.0935560859188544
0.162171837708831
0.071599045346062
0.0908114558472554
0.068854415274463
0.137470167064439
0.000238663484486879
0.0990453460620525
0.0523866348448687
0.337828162291169
0.123747016706444
0.101789976133652
0.101789976133652
0.145704057279236
0.140214797136038
0.0935560859188544
0.151193317422434
0.0880668257756563
0.151193317422434
0.0825775656324582
0.203341288782816
0.00298329355608592
0.068854415274463
0.066109785202864
0.0221957040572792
0.175894988066826
0.247255369928401
0.126491646778043
0.101789976133652
0.258233890214797
0.121002386634845
0.167661097852029
0.244510739856802
0.0523866348448687
0.200596658711217
0.000238663484486879
0.310381861575179
0.00298329355608592
0.0139618138424821
0.173150357995227
0.0633651551312649
0.19236276849642
0.071599045346062
0.0578758949880668
0.00298329355608592
0.0880668257756563
0.0990453460620525
0.0331742243436754
0.186873508353222
0.0825775656324582
0.123747016706444
0.118257756563246
0.0496420047732697
0.0908114558472554
0.0825775656324582
0.255489260143198
0.151193317422434
0.162171837708831
0.0880668257756563
0.0825775656324582
0.0578758949880668
0.115513126491647
0.329594272076372
0.00847255369928401
0.0441527446300716
0.0331742243436754
0.340572792362768
0.0770883054892601
0.0825775656324582
0.131980906921241
0.0551312649164678
0.16491646778043
0.173150357995227
0.0386634844868735
0.0468973747016706
0.118257756563246
0.0194510739856802
0.170405727923628
0.145704057279236
0.140214797136038
0.0386634844868735
0.0880668257756563
0.357040572792363
0.266467780429594
0.167661097852029
0.0633651551312649
0.271957040572792
0.214319809069212
0.137470167064439
0.0496420047732697
0.0880668257756563
0.142959427207637
0.0414081145584726
0.247255369928401
0.071599045346062
0.0908114558472554
0.0359188544152745
0.285680190930788
0.175894988066826
0.0112171837708831
0.112768496420048
0.112768496420048
0.126491646778043
0.068854415274463
0.0578758949880668
0.129236276849642
0.186873508353222
0.0221957040572792
0.00572792362768497
0.0414081145584726
0.19236276849642
0.0139618138424821
0.258233890214797
0.0414081145584726
0.151193317422434
0.255489260143198
0.200596658711217
0.153937947494033
0.101789976133652
0.0359188544152745
0.137470167064439
0.560143198090692
0.0853221957040573
0.0523866348448687
0.0139618138424821
0.197852028639618
0.0468973747016706
0.0359188544152745
0.170405727923628
0.101789976133652
0.156682577565632
0.0935560859188544
0.068854415274463
0.0633651551312649
0.00572792362768497
0.115513126491647
0.0523866348448687
0.137470167064439
0.071599045346062
0.0798329355608592
0.066109785202864
0.00572792362768497
0.348806682577566
0.140214797136038
0.000238663484486879
0.071599045346062
0.071599045346062
0.0194510739856802
0.153937947494033
0.151193317422434
0.0825775656324582
0.197852028639618
0.25
0.691885441527446
0.0441527446300716
0.0331742243436754
0.140214797136038
0.247255369928401
0.0963007159904535
0.186873508353222
0.0221957040572792
0.0304295942720764
0.0386634844868735
0.0112171837708831
0.0743436754176611
0.0249403341288783
0.0523866348448687
0.129236276849642
0.129236276849642
0.140214797136038
0.101789976133652
0.0825775656324582
0.145704057279236
0.0825775656324582
0.142959427207637
0.400954653937947
0.167661097852029
0.260978520286396
0.0139618138424821
0.145704057279236
0.123747016706444
0.0798329355608592
0.0276849642004773
0.417422434367542
0.137470167064439
0.16491646778043
0.129236276849642
0.156682577565632
0.00847255369928401
0.0112171837708831
0.233532219570406
0.162171837708831
0.068854415274463
0.104534606205251
0.0112171837708831
0.156682577565632
0.0304295942720764
0.118257756563246
0.10727923627685
0.258233890214797
0.16491646778043
0.0990453460620525
0.0743436754176611
0.0551312649164678
0.0468973747016706
0.00847255369928401
0.0770883054892601
0.10727923627685
0.148448687350835
0.0798329355608592
0.0990453460620525
0.153937947494033
0.269212410501193
0.156682577565632
0.252744630071599
0.123747016706444
0.0578758949880668
0.00298329355608592
0.0496420047732697
0.101789976133652
0.00298329355608592
0.0331742243436754
0.131980906921241
0.162171837708831
0.00847255369928401
0.302147971360382
0.258233890214797
0.0551312649164678
0.104534606205251
0.151193317422434
0.13472553699284
0.066109785202864
0.0880668257756563
0.0825775656324582
0.115513126491647
0.27744630071599
0.0578758949880668
0.0386634844868735
0.368019093078759
0.151193317422434
0.0359188544152745
0.153937947494033
0.159427207637232
0.142959427207637
0.0167064439140811
0.195107398568019
0.162171837708831
0.159427207637232
0.0743436754176611
0.195107398568019
0.123747016706444
0.0853221957040573
0.159427207637232
0.949880668257757
0.359785202863962
0.110023866348449
0.153937947494033
0.131980906921241
0.0743436754176611
0.0606205250596659
0.354295942720764
0.0963007159904535
0.00298329355608592
0.140214797136038
0.0304295942720764
0.10727923627685
0.068854415274463
0.225298329355609
0.236276849642005
0.0167064439140811
0.170405727923628
0.145704057279236
0.0798329355608592
0.0798329355608592
0.0304295942720764
0.0633651551312649
0.101789976133652
0.0853221957040573
0.0304295942720764
0.211575178997613
0.225298329355609
0.0386634844868735
0.0386634844868735
0.0194510739856802
0.0578758949880668
0.0194510739856802
0.296658711217184
0.0331742243436754
0.0578758949880668
0.10727923627685
0.16491646778043
0.123747016706444
0.0331742243436754
0.0963007159904535
0.071599045346062
0.27744630071599
0.173150357995227
0.142959427207637
0.219809069212411
0.068854415274463
0.302147971360382
0.071599045346062
0.00847255369928401
0.0963007159904535
0.0359188544152745
0.263723150357995
0.0523866348448687
0.0743436754176611
0.241766109785203
0.0468973747016706
0.104534606205251
0.0276849642004773
0.239021479713604
0.208830548926014
0.066109785202864
0.162171837708831
0.162171837708831
0.0386634844868735
0.0112171837708831
0.118257756563246
0.0496420047732697
0.25
0.112768496420048
0.266467780429594
0.0633651551312649
0.0770883054892601
0.19236276849642
0.0112171837708831
0.304892601431981
0.0770883054892601
0.0414081145584726
0.173150357995227
0.239021479713604
0.0770883054892601
0.0359188544152745
0.0743436754176611
0.395465393794749
0.0770883054892601
0.068854415274463
0.0551312649164678
0.260978520286396
0.0386634844868735
0.0825775656324582
0.156682577565632
0.000238663484486879
0.118257756563246
0.0112171837708831
0.121002386634845
0.0167064439140811
0.0770883054892601
0.162171837708831
0.101789976133652
0.156682577565632
0.110023866348449
0.00847255369928401
0.148448687350835
0.170405727923628
0.271957040572792
0.0496420047732697
0.126491646778043
0.126491646778043
0.162171837708831
0.104534606205251
0.145704057279236
0.0194510739856802
0.066109785202864
0.0414081145584726
0.0441527446300716
0.178639618138425
0.200596658711217
0.271957040572792
0.0468973747016706
0.0441527446300716
0.0633651551312649
0.0139618138424821
0.110023866348449
0.0798329355608592
0.068854415274463
0.0880668257756563
0.121002386634845
0.0990453460620525
0.13472553699284
0.0990453460620525
0.0386634844868735
0.071599045346062
0.0304295942720764
0.121002386634845
0.0331742243436754
0.0139618138424821
0.0633651551312649
0.104534606205251
0.260978520286396
0.118257756563246
0.071599045346062
0.10727923627685
0.0935560859188544
0.0935560859188544
0.115513126491647
0.200596658711217
0.30763723150358
0.0249403341288783
0.123747016706444
0.0633651551312649
0.0523866348448687
0.230787589498807
0.0112171837708831
0.110023866348449
0.0276849642004773
0.244510739856802
0.0304295942720764
0.269212410501193
0.140214797136038
0.00847255369928401
0.153937947494033
0.184128878281623
0.178639618138425
0.066109785202864
0.0441527446300716
0.208830548926014
0.211575178997613
0.260978520286396
0.173150357995227
0.274701670644391
0.206085918854415
0.00847255369928401
0.104534606205251
0.0935560859188544
0.162171837708831
0.186873508353222
0.0276849642004773
0.153937947494033
0.068854415274463
0.145704057279236
0.217064439140811
0.0441527446300716
0.19236276849642
0.22255369928401
0.197852028639618
0.066109785202864
0.48054892601432
0.0331742243436754
0.0496420047732697
0.0825775656324582
0.239021479713604
0.159427207637232
0.0963007159904535
0.115513126491647
0.00298329355608592
0.310381861575179
0.219809069212411
0.200596658711217
0.181384248210024
0.258233890214797
0.252744630071599
0.266467780429594
0.104534606205251
0.0633651551312649
0.0963007159904535
0.200596658711217
0.0304295942720764
0.19236276849642
0.0633651551312649
0.0359188544152745
0.0551312649164678
0.0112171837708831
0.184128878281623
0.0770883054892601
0.214319809069212
0.0935560859188544
0.0963007159904535
0.0249403341288783
0.208830548926014
0.066109785202864
0.0304295942720764
0.0523866348448687
0.0249403341288783
0.0331742243436754
0.110023866348449
0.181384248210024
0.10727923627685
0.000238663484486879
0.186873508353222
0.110023866348449
0.0770883054892601
0.0304295942720764
0.167661097852029
0.000238663484486879
0.00298329355608592
0.282935560859189
0.0606205250596659
0.357040572792363
0.368019093078759
0.0880668257756563
0.0331742243436754
0.140214797136038
0.0606205250596659
0.233532219570406
0.123747016706444
0.0359188544152745
0.0770883054892601
0.225298329355609
0.153937947494033
0.0276849642004773
0.178639618138425
0.189618138424821
0.0304295942720764
0.0578758949880668
0.0414081145584726
0.0551312649164678
0.189618138424821
0.10727923627685
0.0496420047732697
0.0963007159904535
0.0880668257756563
0.13472553699284
0.142959427207637
0.170405727923628
0.066109785202864
0.13472553699284
0.0496420047732697
0.00572792362768497
0.0578758949880668
0.00572792362768497
0.0743436754176611
0.0935560859188544
0.0386634844868735
0.000238663484486879
0.126491646778043
0.0633651551312649
0.184128878281623
0.0414081145584726
0.19236276849642
0.0194510739856802
0.271957040572792
0.0304295942720764
0.0853221957040573
0.0414081145584726
0.066109785202864
0.0468973747016706
0.211575178997613
0.0112171837708831
0.16491646778043
0.255489260143198
0.0414081145584726
0.066109785202864
0.0633651551312649
0.162171837708831
0.118257756563246
0.299403341288783
0.140214797136038
0.000238663484486879
0.203341288782816
0.121002386634845
0.10727923627685
0.0853221957040573
0.13472553699284
0.0825775656324582
0.0276849642004773
0.142959427207637
0.0880668257756563
0.0496420047732697
0.255489260143198
0.0221957040572792
0.241766109785203
0.110023866348449
0.214319809069212
0.0770883054892601
0.0523866348448687
0.0963007159904535
0.0880668257756563
0.0963007159904535
0.56563245823389
0.0935560859188544
0.118257756563246
0.0112171837708831
0.0908114558472554
0.0523866348448687
0.129236276849642
0.549164677804296
0.110023866348449
0.10727923627685
0.118257756563246
0.0551312649164678
0.104534606205251
0.0194510739856802
0.0359188544152745
0.0441527446300716
0.0221957040572792
0.197852028639618
0.189618138424821
0.206085918854415
0.0523866348448687
0.145704057279236
0.110023866348449
0.0359188544152745
0.0468973747016706
0.0441527446300716
0.0908114558472554
0.0331742243436754
0.0194510739856802
0.104534606205251
0.0304295942720764
0.0496420047732697
0.121002386634845
0.0578758949880668
0.140214797136038
0.131980906921241
0.0853221957040573
0.0304295942720764
0.0304295942720764
0.153937947494033
0.0578758949880668
0.0304295942720764
0.0468973747016706
0.0990453460620525
0.0798329355608592
0.140214797136038
0.217064439140811
0.159427207637232
0.115513126491647
0.0359188544152745
0.0633651551312649
0.19236276849642
0.200596658711217
0.233532219570406
0.13472553699284
0.162171837708831
0.0249403341288783
0.0523866348448687
0.071599045346062
0.239021479713604
0.142959427207637
0.137470167064439
0.068854415274463
0.0194510739856802
0.244510739856802
0.0331742243436754
0.0386634844868735
0.0194510739856802
0.0880668257756563
0.0523866348448687
0.310381861575179
0.0963007159904535
0.0441527446300716
0.0386634844868735
0.10727923627685
0.148448687350835
0.129236276849642
0.071599045346062
0.0112171837708831
0.153937947494033
0.175894988066826
0.27744630071599
0.329594272076372
0.175894988066826
0.110023866348449
0.068854415274463
0.291169451073986
0.167661097852029
0.0853221957040573
0.0139618138424821
0.000238663484486879
0.0798329355608592
0.189618138424821
0.0441527446300716
0.173150357995227
0.22255369928401
0.068854415274463
0.255489260143198
0.0853221957040573
0.0414081145584726
0.0551312649164678
0.175894988066826
0.0606205250596659
0.184128878281623
0.0496420047732697
0.0112171837708831
0.0523866348448687
0.0825775656324582
0.123747016706444
0.0523866348448687
0.0743436754176611
0.0551312649164678
0.274701670644391
0.0990453460620525
0.00847255369928401
0.0276849642004773
0.151193317422434
0.129236276849642
0.0496420047732697
0.228042959427208
0.0963007159904535
0.156682577565632
0.0880668257756563
0.211575178997613
0.129236276849642
0.137470167064439
0.0249403341288783
0.269212410501193
0.167661097852029
0.0194510739856802
0.148448687350835
0.184128878281623
0.271957040572792
0.0908114558472554
0.126491646778043
0.0798329355608592
0.167661097852029
0.19236276849642
0.0523866348448687
0.0304295942720764
0.142959427207637
0.200596658711217
0.0304295942720764
0.181384248210024
0.0880668257756563
0.0468973747016706
0.0770883054892601
0.0496420047732697
0.255489260143198
0.112768496420048
0.0304295942720764
0.121002386634845
0.0825775656324582
0.0523866348448687
0.189618138424821
0.0139618138424821
0.0276849642004773
0.10727923627685
0.140214797136038
0.181384248210024
0.0304295942720764
0.247255369928401
0.0798329355608592
0.121002386634845
0.156682577565632
0.0221957040572792
0.0276849642004773
0.0770883054892601
0.0112171837708831
0.233532219570406
0.068854415274463
0.0935560859188544
0.0523866348448687
0.000238663484486879
0.066109785202864
0.0441527446300716
0.0359188544152745
0.13472553699284
0.148448687350835
0.0112171837708831
0.0112171837708831
0.288424821002387
0.170405727923628
0.0770883054892601
0.068854415274463
0.598568019093079
0.0798329355608592
0.0194510739856802
0.126491646778043
0.0249403341288783
0.0963007159904535
0.0798329355608592
0.0468973747016706
0.0139618138424821
0.121002386634845
0.241766109785203
0.0112171837708831
0.0496420047732697
0.068854415274463
0.0523866348448687
0.0633651551312649
0.0139618138424821
0.225298329355609
0.0386634844868735
0.0551312649164678
0.00298329355608592
0.318615751789976
0.0743436754176611
0.101789976133652
0.258233890214797
0.10727923627685
0.225298329355609
0.13472553699284
0.104534606205251
0.115513126491647
0.0221957040572792
0.0359188544152745
0.0523866348448687
0.110023866348449
0.0331742243436754
0.0304295942720764
0.112768496420048
0.129236276849642
0.244510739856802
0.121002386634845
0.247255369928401
0.153937947494033
0.115513126491647
0.0551312649164678
0.0359188544152745
0.285680190930788
0.0880668257756563
0.664439140811456
0.0304295942720764
0.0221957040572792
0.00847255369928401
0.0304295942720764
0.115513126491647
0.0221957040572792
0.0167064439140811
0.0386634844868735
0.0139618138424821
0.208830548926014
0.0880668257756563
0.217064439140811
0.0908114558472554
0.370763723150358
0.0551312649164678
0.0853221957040573
0.0908114558472554
0.0304295942720764
0.0304295942720764
0.0551312649164678
0.0523866348448687
0.0441527446300716
0.0935560859188544
0.121002386634845
0.00298329355608592
0.0112171837708831
0.066109785202864
0.0167064439140811
0.0331742243436754
0.178639618138425
0.0523866348448687
0.0304295942720764
0.22255369928401
0.33508353221957
0.0167064439140811
0.0359188544152745
0.0798329355608592
0.131980906921241
0.00847255369928401
0.0825775656324582
0.0468973747016706
0.186873508353222
0.0496420047732697
0.068854415274463
0.0112171837708831
0.129236276849642
0.0112171837708831
0.0935560859188544
0.118257756563246
0.0935560859188544
0.170405727923628
0.0249403341288783
0.0853221957040573
0.13472553699284
0.104534606205251
0.0551312649164678
0.0990453460620525
0.0798329355608592
0.0496420047732697
0.0468973747016706
0.0935560859188544
0.126491646778043
0.145704057279236
0.0331742243436754
0.0139618138424821
0.112768496420048
0.110023866348449
0.208830548926014
0.00572792362768497
0.112768496420048
0.0112171837708831
0.0304295942720764
0.148448687350835
0.0414081145584726
0.376252983293556
0.066109785202864
0.112768496420048
0.252744630071599
0.0798329355608592
0.260978520286396
0.156682577565632
0.121002386634845
0.181384248210024
0.159427207637232
0.153937947494033
0.186873508353222
0.0523866348448687
0.0194510739856802
0.10727923627685
0.296658711217184
0.115513126491647
0.0551312649164678
0.104534606205251
0.068854415274463
0.19236276849642
0.0276849642004773
0.112768496420048
0.173150357995227
0.066109785202864
0.181384248210024
0.271957040572792
0.140214797136038
0.0743436754176611
0.00572792362768497
0.0414081145584726
0.170405727923628
0.19236276849642
0.0221957040572792
0.159427207637232
0.0798329355608592
0.140214797136038
0.148448687350835
0.148448687350835
0.0414081145584726
0.129236276849642
0.0853221957040573
0.0825775656324582
0.170405727923628
0.203341288782816
0.0578758949880668
0.0386634844868735
0.0798329355608592
0.0359188544152745
0.0963007159904535
0.0386634844868735
0.118257756563246
0.288424821002387
0.0551312649164678
0.19236276849642
0.184128878281623
0.181384248210024
0.000238663484486879
0.140214797136038
0.0990453460620525
0.0825775656324582
0.104534606205251
0.184128878281623
0.142959427207637
0.0112171837708831
0.269212410501193
0.129236276849642
0.0798329355608592
0.000238663484486879
0.184128878281623
0.0908114558472554
0.110023866348449
0.167661097852029
0.00847255369928401
0.260978520286396
0.13472553699284
0.228042959427208
0.101789976133652
0.121002386634845
0.346062052505967
0.123747016706444
0.0935560859188544
0.129236276849642
0.0551312649164678
0.10727923627685
0.071599045346062
0.414677804295943
0.167661097852029
0.271957040572792
0.167661097852029
0.214319809069212
0.142959427207637
0.244510739856802
0.255489260143198
0.000238663484486879
0.115513126491647
0.269212410501193
0.0304295942720764
0.00298329355608592
0.195107398568019
0.0606205250596659
0.0167064439140811
0.118257756563246
0.145704057279236
0.326849642004773
0.0743436754176611
0.110023866348449
0.137470167064439
0.0139618138424821
0.0221957040572792
0.0304295942720764
0.0304295942720764
0.0249403341288783
0.0853221957040573
0.140214797136038
0.0798329355608592
0.140214797136038
0.326849642004773
0.16491646778043
0.0853221957040573
0.000238663484486879
0.200596658711217
0.0963007159904535
0.123747016706444
0.247255369928401
0.10727923627685
0.579355608591885
0.299403341288783
0.0441527446300716
0.0743436754176611
0.142959427207637
0.129236276849642
0.0331742243436754
0.0249403341288783
0.129236276849642
0.0633651551312649
0.0963007159904535
0.00847255369928401
0.0908114558472554
0.0853221957040573
0.0606205250596659
0.0825775656324582
0.153937947494033
0.110023866348449
0.239021479713604
0.247255369928401
0.0798329355608592
0.0139618138424821
0.118257756563246
0.167661097852029
0.00298329355608592
0.0194510739856802
0.186873508353222
0.121002386634845
0.071599045346062
0.0908114558472554
0.137470167064439
0.159427207637232
0.0112171837708831
0.170405727923628
0.27744630071599
0.0578758949880668
0.123747016706444
0.121002386634845
0.142959427207637
0.167661097852029
0.0112171837708831
0.066109785202864
0.25
0.129236276849642
0.178639618138425
0.16491646778043
0.266467780429594
0.170405727923628
0.0304295942720764
0.068854415274463
0.162171837708831
0.0798329355608592
0.137470167064439
0.153937947494033
0.0359188544152745
0.304892601431981
0.156682577565632
0.0935560859188544
0.00847255369928401
0.0935560859188544
0.0386634844868735
0.0743436754176611
0.282935560859189
0.258233890214797
0.241766109785203
0.0743436754176611
0.0221957040572792
0.0414081145584726
0.110023866348449
0.162171837708831
0.071599045346062
0.0551312649164678
0.0880668257756563
0.0908114558472554
0.0331742243436754
0.0633651551312649
0.121002386634845
0.0770883054892601
0.241766109785203
0.0249403341288783
0.0386634844868735
0.0825775656324582
0.104534606205251
0.129236276849642
0.159427207637232
0.00572792362768497
0.0167064439140811
0.0825775656324582
0.123747016706444
0.148448687350835
0.239021479713604
0.0853221957040573
0.10727923627685
0.0276849642004773
0.00847255369928401
0.0276849642004773
0.400954653937947
0.0194510739856802
0.0853221957040573
0.112768496420048
0.0359188544152745
0.066109785202864
0.126491646778043
0.453102625298329
0.068854415274463
0.175894988066826
0.162171837708831
0.101789976133652
0.145704057279236
0.0167064439140811
0.0770883054892601
0.318615751789976
0.247255369928401
0.0578758949880668
0.00298329355608592
0.145704057279236
0.142959427207637
0.0853221957040573
0.0496420047732697
0.0276849642004773
0.148448687350835
0.101789976133652
0.0359188544152745
0.0908114558472554
0.0853221957040573
0.0112171837708831
0.236276849642005
0.206085918854415
0.239021479713604
0.0990453460620525
0.0908114558472554
0.288424821002387
0.0606205250596659
0.22255369928401
0.0990453460620525
0.151193317422434
0.181384248210024
0.142959427207637
0.0908114558472554
0.214319809069212
0.313126491646778
0.0468973747016706
0.0276849642004773
0.110023866348449
0.112768496420048
0.0496420047732697
0.0496420047732697
0.115513126491647
0.0112171837708831
0.145704057279236
0.0743436754176611
0.156682577565632
0.068854415274463
0.13472553699284
0.217064439140811
0.0139618138424821
0.0194510739856802
0.0578758949880668
0.10727923627685
0.39272076372315
0.0276849642004773
0.000238663484486879
0.0798329355608592
0.137470167064439
0.162171837708831
0.068854415274463
0.000238663484486879
0.0990453460620525
0.159427207637232
0.0551312649164678
0.126491646778043
0.101789976133652
0.0167064439140811
0.25
0.0304295942720764
0.071599045346062
0.0331742243436754
0.186873508353222
0.274701670644391
0.30763723150358
0.0112171837708831
0.071599045346062
0.170405727923628
0.0853221957040573
0.19236276849642
0.101789976133652
0.170405727923628
0.118257756563246
0.0249403341288783
0.145704057279236
0.0468973747016706
0.110023866348449
0.178639618138425
0.173150357995227
0.0441527446300716
0.0167064439140811
0.239021479713604
0.0770883054892601
0.0963007159904535
0.156682577565632
0.123747016706444
0.189618138424821
0.13472553699284
0.0935560859188544
0.0908114558472554
0.211575178997613
0.126491646778043
0.0606205250596659
0.068854415274463
0.0414081145584726
0.0770883054892601
0.110023866348449
0.140214797136038
0.0908114558472554
0.181384248210024
0.236276849642005
0.0139618138424821
0.068854415274463
0.214319809069212
0.206085918854415
0.16491646778043
0.0276849642004773
0.0798329355608592
0.0908114558472554
0.115513126491647
0.16491646778043
0.0441527446300716
0.0167064439140811
0.299403341288783
0.175894988066826
0.153937947494033
0.0935560859188544
0.129236276849642
0.142959427207637
0.186873508353222
0.0798329355608592
0.000238663484486879
0.145704057279236
0.0633651551312649
0.313126491646778
0.123747016706444
0.148448687350835
0.0112171837708831
0.0167064439140811
0.0880668257756563
0.129236276849642
0.0770883054892601
0.170405727923628
0.145704057279236
0.118257756563246
0.206085918854415
0.428400954653938
0.121002386634845
0.142959427207637
0.121002386634845
0.0606205250596659
0.263723150357995
0.00298329355608592
0.0167064439140811
0.326849642004773
0.142959427207637
0.13472553699284
0.0221957040572792
0.321360381861575
0.137470167064439
0.159427207637232
0.0112171837708831
0.156682577565632
0.0496420047732697
0.151193317422434
0.0770883054892601
0.0633651551312649
0.0468973747016706
0.140214797136038
0.271957040572792
0.0551312649164678
0.131980906921241
0.0331742243436754
0.0359188544152745
0.0825775656324582
0.173150357995227
0.0743436754176611
0.239021479713604
0.0359188544152745
0.175894988066826
0.186873508353222
0.0414081145584726
0.156682577565632
0.0825775656324582
0.151193317422434
0.121002386634845
0.00298329355608592
0.0551312649164678
0.0386634844868735
0.206085918854415
0.0386634844868735
0.0990453460620525
0.066109785202864
0.0798329355608592
0.175894988066826
0.140214797136038
0.129236276849642
0.151193317422434
0.200596658711217
0.0743436754176611
0.137470167064439
0.0963007159904535
0.269212410501193
0.0359188544152745
0.10727923627685
0.0112171837708831
0.0606205250596659
0.0825775656324582
0.0908114558472554
0.0990453460620525
0.0523866348448687
0.0578758949880668
0.068854415274463
0.0496420047732697
0.170405727923628
0.0935560859188544
0.0441527446300716
0.0578758949880668
0.104534606205251
0.0633651551312649
0.293914081145585
0.0825775656324582
0.13472553699284
0.189618138424821
0.0468973747016706
0.118257756563246
0.13472553699284
0.175894988066826
0.167661097852029
0.0359188544152745
0.148448687350835
0.0386634844868735
0.0523866348448687
0.0441527446300716
0.110023866348449
0.101789976133652
0.170405727923628
0.0770883054892601
0.324105011933174
0.068854415274463
0.0523866348448687
0.173150357995227
0.0551312649164678
0.244510739856802
0.0276849642004773
0.0496420047732697
0.0825775656324582
0.200596658711217
0.129236276849642
0.0523866348448687
0.225298329355609
0.0743436754176611
0.13472553699284
0.00847255369928401
0.167661097852029
0.115513126491647
0.0249403341288783
0.121002386634845
0.0414081145584726
0.370763723150358
0.0825775656324582
0.112768496420048
0.131980906921241
0.0743436754176611
0.0194510739856802
0.0825775656324582
0.137470167064439
0.0825775656324582
0.255489260143198
0.0194510739856802
0.0167064439140811
0.0523866348448687
0.00572792362768497
0.104534606205251
0.0194510739856802
0.173150357995227
0.200596658711217
0.0551312649164678
0.0249403341288783
0.13472553699284
0.0386634844868735
0.00572792362768497
0.0880668257756563
0.219809069212411
0.0441527446300716
0.00572792362768497
0.282935560859189
0.066109785202864
0.200596658711217
0.123747016706444
0.101789976133652
0.148448687350835
0.0551312649164678
0.184128878281623
0.110023866348449
0.0194510739856802
0.494272076372315
0.170405727923628
0.0633651551312649
0.142959427207637
0.0304295942720764
0.0578758949880668
0.0386634844868735
0.071599045346062
0.071599045346062
0.162171837708831
0.148448687350835
0.0276849642004773
0.123747016706444
0.255489260143198
0.42291169451074
0.0523866348448687
0.0853221957040573
0.0276849642004773
0.0908114558472554
0.22255369928401
0.211575178997613
0.0606205250596659
0.0167064439140811
0.260978520286396
0.186873508353222
0.0523866348448687
0.129236276849642
0.19236276849642
0.0578758949880668
0.159427207637232
0.233532219570406
0.186873508353222
0.112768496420048
0.0167064439140811
0.00298329355608592
0.271957040572792
0.0331742243436754
0.0221957040572792
0.0825775656324582
0.200596658711217
0.142959427207637
0.0578758949880668
0.0139618138424821
0.0468973747016706
0.0441527446300716
0.0249403341288783
0.0414081145584726
0.0167064439140811
0.0386634844868735
0.101789976133652
0.156682577565632
0.129236276849642
0.291169451073986
0.0167064439140811
0.115513126491647
0.123747016706444
0.219809069212411
0.101789976133652
0.0496420047732697
0.129236276849642
0.0304295942720764
0.282935560859189
0.175894988066826
0.0496420047732697
0.10727923627685
0.0386634844868735
0.0880668257756563
0.0331742243436754
0.16491646778043
0.110023866348449
0.458591885441527
0.0880668257756563
