1.32589498806683
1.15023866348449
0.930668257756563
1.02398568019093
0.672673031026253
0.70835322195704
0.949880668257757
1.66073985680191
1.60310262529833
0.908711217183771
0.516229116945107
1.1145584725537
1.50429594272076
1.01575178997613
1.4054892601432
2.33866348448687
1.21336515513126
0.963603818615752
3.22792362768496
0.321360381861575
1.00751789976134
0.914200477326969
0.867541766109785
1.18317422434368
1.1063245823389
1.92422434367542
0.914200477326969
0.941646778042959
1.1090692124105
0.99653937947494
0.513484486873508
1.08162291169451
1.6744630071599
0.949880668257757
1.19415274463007
1.3890214797136
1.04045346062053
1.53723150357995
1.07064439140811
0.971837708830549
0.878520286396181
1.26276849642005
0.815393794749403
0.801670644391408
0.999284009546539
0.889498806682578
1.41921241050119
1.52899761336515
1.50978520286396
1.01575178997613
1.50978520286396
1.4109785202864
0.96909307875895
0.744033412887828
0.636992840095465
0.960859188544153
0.771479713603819
1.23257756563246
0.960859188544153
2.09164677804296
0.661694510739857
1.05417661097852
0.527207637231504
1.74307875894988
1.21610978520286
0.952625298329356
0.936157517899761
1.14474940334129
1.13651551312649
1.52076372315036
3.25811455847255
1.36706443914081
1.25178997613365
0.793436754176611
1.34236276849642
0.993794749403341
1.01026252983294
1.43568019093079
0.702863961813842
1.1035799522673
0.878520286396181
1.07338902147971
1.55918854415274
1.4082338902148
0.697374701670644
0.779713603818616
1.01849642004773
1.16396181384248
1.04045346062053
1.74582338902148
1.1145584725537
1.93245823389021
0.949880668257757
0.615035799522673
1.07613365155131
1.04319809069212
0.826372315035799
1.3917661097852
1.24081145584726
1.18591885441527
1.23806682577566
1.19415274463007
1.13651551312649
0.886754176610978
1.21885441527446
1.02947494033413
1.82267303102625
1.08985680190931
0.667183770883055
1.00751789976134
0.5381861575179
1.00202863961814
1.34236276849642
0.645226730310262
2.5554892601432
1.28198090692124
0.746778042959427
1.07613365155131
1.18317422434368
1.05417661097852
0.598568019093079
0.829116945107399
1.19415274463007
0.735799522673031
0.862052505966587
1.07338902147971
0.999284009546539
0.634248210023866
0.916945107398568
2.42100238663484
0.798926014319809
1.3972553699284
0.727565632458234
1.06789976133652
0.927923627684964
2.48412887828162
1.35059665871122
2.19045346062052
1.25453460620525
2.49510739856802
0.664439140811456
1.18317422434368
1.03770883054893
1.21885441527446
0.678162291169451
1.18866348448687
0.642482100238663
0.966348448687351
0.864797136038186
0.626014319809069
0.700119331742243
0.776968973747017
0.76873508353222
0.831861575178998
1.07887828162291
0.840095465393795
1.28472553699284
2.16300715990453
0.727565632458234
1.53448687350835
0.675417661097852
1.02673031026253
1.09260143198091
1.13926014319809
1.59761336515513
1.23532219570406
0.636992840095465
0.914200477326969
0.85381861575179
1.29021479713604
1.1035799522673
0.842840095465394
1.01849642004773
1.61408114558473
0.79618138424821
1.66897374701671
5.68985680190931
1.62780429594272
0.658949880668258
1.15298329355609
1.53723150357995
1.84737470167064
0.689140811455847
0.91145584725537
0.620525059665871
1.05966587112172
0.884009546539379
1.17494033412888
0.686396181384248
0.387231503579952
0.919689737470167
1.89952267303103
0.697374701670644
0.664439140811456
1.24081145584726
0.697374701670644
0.99653937947494
1.08436754176611
2.73663484486873
1.08711217183771
0.744033412887828
1.46587112171838
1.13651551312649
0.672673031026253
1.34236276849642
0.543675417661098
0.573866348448687
1.48508353221957
1.47684964200477
2.34689737470167
1.3945107398568
0.378997613365155
0.730310262529833
1.47410501193317
0.45035799522673
1.25727923627685
1.78973747016706
1.25727923627685
1.21336515513126
0.916945107398568
1.36980906921241
2.12183770883055
1.33412887828162
1.60310262529833
1.87482100238663
1.48233890214797
0.661694510739857
1.24081145584726
1.58663484486874
1.59486873508353
0.576610978520286
8.07219570405728
0.875775656324582
3.51610978520286
0.91145584725537
1.05143198090692
1.36157517899761
1.54272076372315
0.705608591885441
1.19140811455847
0.88126491646778
0.475059665871122
0.894988066825776
1.29021479713604
1.03496420047733
1.77601431980907
1.33961813842482
1.13377088305489
1.46587112171838
0.892243436754177
1.53448687350835
0.529952267303103
1.29295942720764
1.4054892601432
0.675417661097852
1.94069212410501
1.71288782816229
0.919689737470167
0.326849642004773
0.916945107398568
0.33508353221957
0.549164677804296
0.68090692124105
1.1035799522673
0.894988066825776
1.1063245823389
1.01026252983294
0.963603818615752
1.1008353221957
0.722076372315036
2.00107398568019
1.09534606205251
0.878520286396181
1.15572792362768
1.93245823389021
0.664439140811456
0.733054892601432
1.90775656324582
1.65250596658711
1.81443914081146
0.691885441527446
0.974582338902148
0.71109785202864
0.755011933174224
0.826372315035799
0.776968973747017
1.19964200477327
0.903221957040573
1.27100238663484
0.845584725536993
1.47410501193317
0.354295942720764
0.963603818615752
1.16945107398568
0.845584725536993
0.749522673031026
1.3917661097852
0.656205250596659
1.30119331742243
0.447613365155131
0.697374701670644
1.33412887828162
0.955369928400955
0.977326968973747
1.94618138424821
0.705608591885441
0.576610978520286
1.36706443914081
1.19415274463007
1.44940334128878
1.81443914081146
0.801670644391408
1.24904534606205
1.16670644391408
1.6964200477327
0.71109785202864
0.346062052505967
1.36431980906921
2.38532219570406
2.56921241050119
1.81718377088305
0.815393794749403
0.689140811455847
1.73758949880668
0.908711217183771
1.19689737470167
0.864797136038186
0.859307875894988
0.889498806682578
0.993794749403341
1.31491646778043
1.91599045346062
1.32589498806683
1.1227923627685
1.17494033412888
1.47959427207637
0.752267303102625
0.952625298329356
0.56563245823389
0.612291169451074
1.02947494033413
0.85381861575179
1.46038186157518
1.31766109785203
1.02673031026253
1.22983293556086
0.840095465393795
0.782458233890215
1.30942720763723
1.18042959427208
1.02673031026253
0.801670644391408
1.23257756563246
0.864797136038186
1.45214797136038
1.1200477326969
0.62326968973747
0.916945107398568
0.45035799522673
1.05692124105012
0.977326968973747
1.55095465393795
1.00477326968974
1.45214797136038
0.867541766109785
1.06241050119332
1.4054892601432
0.562887828162291
1.24904534606205
1.26551312649165
1.1035799522673
0.936157517899761
1.1063245823389
0.99653937947494
0.702863961813842
1.21062052505967
1.18317422434368
1.45214797136038
1.03496420047733
0.980071599045346
1.81992840095465
0.790692124105012
1.26551312649165
0.790692124105012
0.840095465393795
0.809904534606205
0.744033412887828
0.922434367541766
1.58114558472554
1.02673031026253
1.23806682577566
1.38078758949881
0.557398568019093
1.32315035799523
0.993794749403341
3.82625298329356
1.13651551312649
1.08711217183771
2.23436754176611
1.55918854415274
0.790692124105012
0.793436754176611
1.08436754176611
0.892243436754177
1.3890214797136
0.99653937947494
1.85560859188544
0.749522673031026
0.518973747016706
0.878520286396181
1.70739856801909
0.719331742243437
0.598568019093079
1.50704057279236
1.77326968973747
1.35334128878282
1.07338902147971
1.14474940334129
1.19415274463007
1.15572792362768
0.837350835322196
1.38078758949881
1.9626491646778
0.71109785202864
2.16026252983294
3.85918854415274
0.59582338902148
0.903221957040573
1.19140811455847
0.488782816229117
1.3972553699284
0.453102625298329
0.634248210023866
1.58937947494033
1.24355608591885
1.14200477326969
1.57016706443914
3.43377088305489
2.41825775656325
1.22159904534606
1.3972553699284
0.741288782816229
1.1227923627685
0.381742243436754
1.6772076372315
1.35334128878282
1.15572792362768
1.57291169451074
0.894988066825776
3.90035799522673
0.782458233890215
1.31217183770883
1.18866348448687
0.862052505966587
0.675417661097852
0.908711217183771
1.1090692124105
2.03126491646778
0.837350835322196
1.44116945107399
1.91324582338902
0.744033412887828
3.01933174224344
1.36980906921241
1.92147971360382
0.716587112171838
1.43568019093079
0.65346062052506
1.29570405727924
1.53723150357995
1.50429594272076
1.55095465393795
0.76873508353222
0.606801909307876
1.03221957040573
1.17219570405728
0.579355608591885
1.05966587112172
0.71109785202864
3.59295942720764
0.93890214797136
0.840095465393795
0.930668257756563
0.757756563245823
1.45489260143198
0.809904534606205
0.510739856801909
0.925178997613365
1.52076372315036
1.99284009546539
0.980071599045346
1.1035799522673
0.790692124105012
0.631503579952267
1.21885441527446
1.36431980906921
1.17494033412888
1.00477326968974
1.53723150357995
1.64701670644391
1.22983293556086
1.55095465393795
0.845584725536993
0.840095465393795
0.502505966587112
0.980071599045346
0.304892601431981
0.952625298329356
1.58937947494033
0.798926014319809
3.18126491646778
1.17494033412888
1.02947494033413
0.631503579952267
1.35059665871122
0.749522673031026
0.27744630071599
2.08615751789976
1.07887828162291
1.32589498806683
1.66348448687351
1.35059665871122
0.812649164677804
1.05692124105012
2.04498806682578
1.02673031026253
2.13556085918854
0.999284009546539
1.15572792362768
0.815393794749403
0.875775656324582
0.724821002386635
1.03221957040573
1.4082338902148
0.560143198090692
0.873031026252983
1.78424821002387
1.05143198090692
1.1035799522673
0.897732696897375
0.793436754176611
1.3945107398568
1.08162291169451
0.760501193317422
1.05692124105012
0.988305489260143
1.00202863961814
0.982816229116945
0.914200477326969
1.36706443914081
0.582100238663484
1.20513126491647
0.790692124105012
3.9991646778043
0.867541766109785
0.647971360381861
1.63603818615752
0.944391408114558
0.79618138424821
1.51801909307876
2.04498806682578
0.48054892601432
1.15023866348449
1.21336515513126
1.19689737470167
1.81169451073986
0.752267303102625
1.30668257756563
1.27374701670644
1.1008353221957
1.27923627684964
0.502505966587112
0.549164677804296
0.900477326968974
0.664439140811456
2.68174224343675
0.955369928400955
1.06241050119332
1.31491646778043
1.08162291169451
1.1035799522673
0.694630071599045
1.08711217183771
0.8236276849642
0.829116945107399
1.1200477326969
0.776968973747017
0.59582338902148
1.61408114558473
1.05417661097852
0.691885441527446
2.75310262529833
1.16121718377088
0.774224343675418
0.332338902147971
0.955369928400955
1.46861575178998
2.51157517899761
1.18317422434368
1.4054892601432
1.3972553699284
1.02947494033413
1.42195704057279
1.44116945107399
1.17768496420048
1.75405727923628
0.617780429594272
0.744033412887828
1.58937947494033
1.73758949880668
0.952625298329356
1.07887828162291
1.06241050119332
1.53723150357995
0.862052505966587
1.21336515513126
0.897732696897375
1.33687350835322
1.07887828162291
1.35059665871122
1.18042959427208
0.464081145584725
1.79797136038186
1.33412887828162
0.466825775656324
0.914200477326969
0.59582338902148
1.02673031026253
1.09534606205251
1.1008353221957
1.00202863961814
1.08162291169451
1.16396181384248
0.96909307875895
0.755011933174224
1.33961813842482
0.529952267303103
0.812649164677804
1.32040572792363
1.61957040572792
1.45763723150358
0.982816229116945
1.01575178997613
0.785202863961814
1.03496420047733
1.02124105011933
0.914200477326969
1.18317422434368
0.68090692124105
0.601312649164678
3.21420047732697
1.22708830548926
1.07613365155131
0.722076372315036
1.91599045346062
0.5381861575179
1.07887828162291
0.982816229116945
1.1145584725537
0.798926014319809
1.93520286396181
0.982816229116945
1.25727923627685
0.903221957040573
1.13926014319809
1.21610978520286
0.867541766109785
0.505250596658711
0.779713603818616
1.1255369928401
1.22434367541766
0.70835322195704
0.936157517899761
0.705608591885441
1.1227923627685
0.425656324582339
1.4027446300716
1.3917661097852
1.29021479713604
1.06241050119332
0.809904534606205
1.17494033412888
0.458591885441527
0.793436754176611
0.529952267303103
2.5445107398568
2.05047732696897
0.400954653937947
2.08890214797136
0.886754176610978
0.790692124105012
0.744033412887828
1.02673031026253
1.15847255369928
0.354295942720764
0.604057279236277
1.14474940334129
1.29844868735084
0.381742243436754
1.06241050119332
0.664439140811456
0.716587112171838
1.13377088305489
0.716587112171838
0.818138424821002
0.497016706443914
3.36241050119332
0.686396181384248
0.826372315035799
0.620525059665871
0.752267303102625
0.573866348448687
0.993794749403341
0.615035799522673
1.4082338902148
1.1227923627685
1.20238663484487
0.963603818615752
0.497016706443914
1.49331742243437
0.62326968973747
0.88126491646778
0.686396181384248
0.949880668257757
2.46217183770883
0.905966587112172
0.892243436754177
0.867541766109785
1.30942720763723
0.771479713603819
1.28472553699284
0.993794749403341
1.55918854415274
0.985560859188544
1.05966587112172
0.716587112171838
0.991050119331742
1.9873508353222
0.71109785202864
1.63054892601432
1.00751789976134
0.645226730310262
2.29200477326969
0.560143198090692
0.870286396181384
1.26825775656325
4.79785202863962
0.532696897374702
1.54821002386635
0.494272076372315
1.08436754176611
0.689140811455847
1.3972553699284
0.672673031026253
1.02398568019093
1.30393794749403
0.955369928400955
0.864797136038186
1.53723150357995
1.30119331742243
1.05692124105012
0.755011933174224
0.601312649164678
1.57565632458234
0.925178997613365
1.1173031026253
1.35334128878282
0.991050119331742
0.458591885441527
0.927923627684964
0.527207637231504
0.919689737470167
1.20238663484487
1.19964200477327
0.842840095465394
0.744033412887828
0.266467780429594
0.702863961813842
1.35334128878282
0.982816229116945
1.27923627684964
0.900477326968974
1.32863961813842
1.07887828162291
1.35608591885442
2.97816229116945
0.878520286396181
0.497016706443914
1.03496420047733
1.13102625298329
1.06241050119332
0.626014319809069
0.497016706443914
0.905966587112172
1.16121718377088
0.963603818615752
0.960859188544153
0.884009546539379
0.980071599045346
1.32315035799523
0.604057279236277
0.845584725536993
0.529952267303103
1.21062052505967
1.02673031026253
1.1035799522673
1.56193317422434
1.29021479713604
1.06789976133652
0.859307875894988
1.36980906921241
0.88126491646778
0.851073985680191
0.988305489260143
1.24355608591885
0.886754176610978
1.09260143198091
0.439379474940334
1.22983293556086
1.85286396181384
1.08162291169451
1.37255369928401
1.20787589498807
0.505250596658711
3.3980906921241
1.02673031026253
2.23711217183771
1.07887828162291
1.18866348448687
0.782458233890215
0.980071599045346
2.12183770883055
1.44391408114558
0.645226730310262
1.89128878281623
1.53448687350835
1.25178997613365
0.414677804295943
0.829116945107399
0.683651551312649
1.91324582338902
1.06241050119332
1.03496420047733
1.21885441527446
1.0980906921241
1.71837708830549
1.78699284009547
1.89403341288783
0.598568019093079
1.1145584725537
1.24630071599045
1.23257756563246
6.10155131264916
1.48508353221957
0.985560859188544
1.00202863961814
0.612291169451074
1.82541766109785
0.993794749403341
1.4082338902148
0.862052505966587
1.06241050119332
1.04045346062053
1.35334128878282
0.818138424821002
0.818138424821002
1.02124105011933
1.45214797136038
1.08711217183771
0.958114558472554
2.53078758949881
1.71014319809069
1.04594272076372
1.32863961813842
0.672673031026253
1.07887828162291
0.760501193317422
0.958114558472554
0.829116945107399
1.01300715990453
0.99653937947494
0.966348448687351
0.804415274463007
0.557398568019093
1.36157517899761
1.48508353221957
1.55369928400955
1.04594272076372
0.411933174224344
0.62326968973747
0.744033412887828
0.960859188544153
0.897732696897375
2.21515513126492
1.91599045346062
0.905966587112172
1.20787589498807
2.8436754176611
1.52625298329356
0.916945107398568
0.903221957040573
0.719331742243437
1.81992840095465
0.582100238663484
1.60584725536993
0.771479713603819
1.1255369928401
0.590334128878282
0.903221957040573
1.1145584725537
0.617780429594272
1.13651551312649
0.875775656324582
1.33687350835322
1.16670644391408
0.757756563245823
1.15298329355609
0.884009546539379
1.14200477326969
0.722076372315036
1.50704057279236
1.36431980906921
0.804415274463007
0.930668257756563
0.977326968973747
1.53448687350835
0.700119331742243
0.875775656324582
0.689140811455847
0.68090692124105
1.16945107398568
0.62326968973747
0.601312649164678
0.790692124105012
0.719331742243437
1.1090692124105
0.982816229116945
1.1200477326969
0.851073985680191
1.43019093078759
1.63054892601432
1.06789976133652
0.930668257756563
0.527207637231504
1.07887828162291
0.867541766109785
0.93890214797136
0.735799522673031
1.28747016706444
1.36706443914081
0.875775656324582
0.963603818615752
6.34582338902148
1.6964200477327
1.81169451073986
0.798926014319809
1.1035799522673
0.741288782816229
1.28198090692124
1.78973747016706
1.30393794749403
0.971837708830549
1.58937947494033
1.45763723150358
0.897732696897375
0.99653937947494
0.65346062052506
0.870286396181384
1.56742243436754
1.54546539379475
1.58937947494033
1.08985680190931
1.54272076372315
0.730310262529833
1.62231503579952
2.62684964200477
1.43293556085919
1.1255369928401
1.14474940334129
1.33138424821002
1.24355608591885
0.368019093078759
1.25178997613365
0.963603818615752
0.787947494033413
0.571121718377088
0.936157517899761
1.29021479713604
1.85286396181384
1.46038186157518
0.101789976133652
0.5381861575179
1.78150357995227
1.04868735083532
2.08615751789976
2.03949880668258
1.50429594272076
0.741288782816229
1.26551312649165
2.17398568019093
1.4
2.90405727923628
1.54546539379475
1.24904534606205
1.26002386634845
1.17219570405728
1.79797136038186
1.01575178997613
2.16300715990453
1.27649164677804
0.722076372315036
2.2755369928401
1.63603818615752
0.774224343675418
2.10536992840095
1.64976133651551
1.31766109785203
1.1035799522673
1.02947494033413
0.785202863961814
1.19140811455847
1.26276849642005
2.21515513126492
1.14749403341289
1.54272076372315
0.65346062052506
1.73758949880668
0.894988066825776
1.73210023866348
1.6854415274463
1.23806682577566
0.71109785202864
3.72470167064439
0.620525059665871
1.24904534606205
0.381742243436754
1.17768496420048
0.551909307875895
1.63329355608592
0.573866348448687
0.864797136038186
0.870286396181384
0.897732696897375
0.99653937947494
0.549164677804296
0.527207637231504
0.606801909307876
1.02673031026253
0.765990453460621
0.884009546539379
1.07064439140811
0.524463007159904
1.54546539379475
1.19964200477327
0.760501193317422
1.08711217183771
0.529952267303103
0.919689737470167
0.749522673031026
1.12828162291169
2.74212410501193
1.1255369928401
0.686396181384248
0.807159904534606
0.96909307875895
0.722076372315036
0.922434367541766
0.875775656324582
0.870286396181384
1.61408114558473
1.1118138424821
0.609546539379475
1.57840095465394
0.88126491646778
1.16945107398568
0.658949880668258
0.626014319809069
0.936157517899761
0.774224343675418
0.678162291169451
1.73210023866348
0.658949880668258
2.09713603818616
1.19415274463007
0.719331742243437
1.6964200477327
1.27100238663484
0.590334128878282
0.700119331742243
1.31491646778043
1.1255369928401
1.3945107398568
2.43472553699284
0.757756563245823
0.944391408114558
0.636992840095465
3.29379474940334
1.35608591885442
0.820883054892601
0.730310262529833
0.752267303102625
1.50704057279236
2.43198090692124
0.894988066825776
1.07338902147971
0.919689737470167
1.27100238663484
2.03675417661098
0.807159904534606
0.790692124105012
2.11634844868735
0.941646778042959
3.91133651551313
0.626014319809069
0.974582338902148
0.991050119331742
1.85835322195704
1.33961813842482
2.99463007159905
0.579355608591885
1.20787589498807
0.919689737470167
1.51527446300716
0.837350835322196
1.3972553699284
0.977326968973747
1.34785202863962
0.903221957040573
1.13102625298329
1.43293556085919
1.1090692124105
1.35883054892601
0.667183770883055
0.894988066825776
1.72661097852029
0.669928400954654
2.34964200477327
1.13102625298329
1.36980906921241
1.32863961813842
1.25453460620525
1.26825775656325
1.43293556085919
1.19964200477327
0.91145584725537
0.70835322195704
1.03496420047733
0.326849642004773
1.63054892601432
0.818138424821002
0.626014319809069
0.894988066825776
0.779713603818616
1.6909307875895
1.08436754176611
1.77326968973747
1.13926014319809
1.06241050119332
1.32863961813842
0.93890214797136
1.01300715990453
1.52625298329356
1.04868735083532
0.864797136038186
2.17947494033413
0.691885441527446
0.842840095465394
0.549164677804296
0.93890214797136
0.933412887828162
1.09534606205251
1.09534606205251
1.4
1.968138424821
1.80620525059666
1.30668257756563
0.601312649164678
1.53448687350835
0.562887828162291
0.5381861575179
1.07887828162291
0.749522673031026
0.50799522673031
1.06789976133652
1.33138424821002
1.9873508353222
1.26002386634845
1.1063245823389
1.00202863961814
0.919689737470167
0.919689737470167
1.26002386634845
0.930668257756563
1.47410501193317
0.722076372315036
1.54821002386635
1.52076372315036
2.89033412887828
1.07887828162291
0.255489260143198
1.20238663484487
1.02947494033413
0.535441527446301
0.472315035799523
1.4
0.991050119331742
1.16121718377088
1.31491646778043
0.894988066825776
0.546420047732697
0.318615751789976
1.04319809069212
0.927923627684964
0.557398568019093
1.01300715990453
1.16121718377088
1.82541766109785
0.99653937947494
1.17494033412888
1.54272076372315
0.787947494033413
0.952625298329356
1.07064439140811
2.28651551312649
1.1145584725537
0.862052505966587
1.15298329355609
1.50704057279236
1.02947494033413
1.47136038186158
0.724821002386635
2.48412887828162
1.1008353221957
0.68090692124105
0.878520286396181
1.21336515513126
0.892243436754177
1.50155131264916
0.93890214797136
0.71109785202864
1.21610978520286
1.6854415274463
1.01026252983294
1.44391408114558
0.733054892601432
1.46587112171838
1.1035799522673
0.428400954653938
1.62780429594272
4.85
2.71467780429594
1.20238663484487
0.889498806682578
2.22613365155131
2.20966587112172
1.19689737470167
2.40453460620525
0.837350835322196
2.44295942720764
1.58389021479714
0.582100238663484
1.1255369928401
0.837350835322196
2.64331742243437
1.71014319809069
0.667183770883055
1.1200477326969
0.551909307875895
1.17494033412888
0.960859188544153
1.02947494033413
1.74033412887828
0.955369928400955
1.08162291169451
0.971837708830549
0.826372315035799
0.475059665871122
0.669928400954654
0.730310262529833
1.34236276849642
0.744033412887828
0.897732696897375
1.01026252983294
1.24081145584726
0.870286396181384
0.713842482100239
0.532696897374702
0.903221957040573
1.86658711217184
0.557398568019093
0.837350835322196
0.529952267303103
1.22708830548926
0.842840095465394
1.75680190930788
1.19964200477327
0.878520286396181
1.18591885441527
0.851073985680191
1.34236276849642
0.941646778042959
1.15847255369928
1.59212410501193
0.977326968973747
0.76873508353222
1.92971360381862
1.94892601431981
2.50059665871122
1.60584725536993
1.27649164677804
1.82267303102625
1.20238663484487
1.14749403341289
0.870286396181384
1.14200477326969
2.30572792362768
1.08162291169451
1.89403341288783
1.94892601431981
0.529952267303103
0.798926014319809
1.35334128878282
0.755011933174224
1.02673031026253
1.84737470167064
0.683651551312649
0.702863961813842
0.5381861575179
3.88389021479714
0.746778042959427
1.50704057279236
0.466825775656324
0.955369928400955
1.07338902147971
1.6909307875895
0.837350835322196
0.815393794749403
1.1008353221957
1.35608591885442
1.02124105011933
0.842840095465394
0.0221957040572792
1.15023866348449
0.713842482100239
0.864797136038186
1.62780429594272
0.809904534606205
1.20513126491647
0.785202863961814
1.58663484486874
0.952625298329356
1.81169451073986
0.856563245823389
0.900477326968974
2.06420047732697
0.829116945107399
2.15202863961814
1.16945107398568
1.00202863961814
1.52625298329356
1.1063245823389
1.27923627684964
1.18317422434368
0.856563245823389
1.80894988066826
0.689140811455847
1.07338902147971
3.04952267303103
0.916945107398568
0.955369928400955
0.933412887828162
0.826372315035799
0.905966587112172
1.03496420047733
0.705608591885441
2.57744630071599
1.60035799522673
0.914200477326969
1.55095465393795
0.700119331742243
1.64976133651551
0.851073985680191
1.16670644391408
0.894988066825776
0.549164677804296
0.733054892601432
2.67625298329356
2.00107398568019
0.941646778042959
1.22434367541766
1.60584725536993
1.13377088305489
1.83914081145585
1.54272076372315
0.400954653937947
1.02947494033413
1.04868735083532
1.51252983293556
1.45763723150358
0.818138424821002
1.03770883054893
1.61408114558473
1.1118138424821
1.61408114558473
1.17219570405728
0.763245823389021
1.6826968973747
1.19964200477327
0.615035799522673
0.631503579952267
0.5381861575179
0.936157517899761
1.02673031026253
0.845584725536993
1.1090692124105
0.870286396181384
1.24904534606205
0.900477326968974
0.488782816229117
1.36980906921241
0.650715990453461
0.579355608591885
1.1173031026253
1.34236276849642
0.626014319809069
1.31491646778043
1.1227923627685
0.425656324582339
0.760501193317422
1.04319809069212
0.746778042959427
0.812649164677804
0.807159904534606
0.573866348448687
1.34510739856802
0.0853221957040573
0.886754176610978
1.17494033412888
0.606801909307876
2.61038186157518
0.626014319809069
0.669928400954654
0.200596658711217
0.604057279236277
1.14749403341289
1.14749403341289
0.88126491646778
0.727565632458234
2.00381861575179
1.3972553699284
1.02124105011933
0.798926014319809
1.09534606205251
1.1118138424821
1.15847255369928
1.36980906921241
0.752267303102625
1.1173031026253
0.774224343675418
0.963603818615752
0.683651551312649
0.859307875894988
0.886754176610978
0.510739856801909
1.05417661097852
1.413723150358
0.862052505966587
0.842840095465394
0.958114558472554
0.694630071599045
1.17494033412888
1.33412887828162
1.01849642004773
1.21885441527446
1.27100238663484
0.905966587112172
0.705608591885441
0.689140811455847
2.50059665871122
0.59307875894988
0.590334128878282
0.842840095465394
1.28198090692124
1.85286396181384
0.798926014319809
1.33138424821002
0.664439140811456
0.991050119331742
1.03496420047733
0.845584725536993
0.73854415274463
1.64701670644391
1.84737470167064
0.776968973747017
0.982816229116945
1.76778042959427
0.859307875894988
0.705608591885441
1.1008353221957
0.908711217183771
1.03770883054893
0.730310262529833
1.16121718377088
0.639737470167064
1.41921241050119
1.60584725536993
2.00107398568019
1.47684964200477
1.34785202863962
0.73854415274463
2.10262529832936
1.26002386634845
0.771479713603819
2.35238663484487
1.24355608591885
1.24081145584726
1.47136038186158
1.18866348448687
1.25178997613365
1.26276849642005
1.45214797136038
1.16396181384248
0.5381861575179
1.3945107398568
0.991050119331742
0.878520286396181
1.58663484486874
1.27649164677804
1.59761336515513
0.919689737470167
0.626014319809069
1.16121718377088
1.30393794749403
1.43568019093079
0.905966587112172
0.886754176610978
0.664439140811456
0.842840095465394
0.730310262529833
1.19140811455847
1.35334128878282
0.516229116945107
0.617780429594272
0.807159904534606
0.598568019093079
1.07613365155131
1.33687350835322
1.14749403341289
0.982816229116945
0.930668257756563
0.925178997613365
0.672673031026253
1.1227923627685
1.64152744630072
0.793436754176611
1.3972553699284
0.650715990453461
1.13377088305489
1.36980906921241
0.620525059665871
1.1090692124105
1.55095465393795
1.15298329355609
0.483293556085919
0.771479713603819
0.631503579952267
0.925178997613365
1.1118138424821
2.14653937947494
0.960859188544153
3.02207637231504
0.829116945107399
0.203341288782816
2.79152744630072
0.447613365155131
1.71014319809069
1.55369928400955
1.1090692124105
1.06515513126492
1.61957040572792
1.27649164677804
1.25453460620525
1.03496420047733
0.705608591885441
1.25178997613365
1.30942720763723
1.1008353221957
0.447613365155131
1.08436754176611
2.15477326968974
0.848329355608592
1.85835322195704
1.61957040572792
0.642482100238663
1.78150357995227
1.19964200477327
0.980071599045346
0.798926014319809
0.576610978520286
1.48782816229117
1.12828162291169
0.840095465393795
0.584844868735083
0.856563245823389
0.475059665871122
0.884009546539379
0.892243436754177
2.12732696897375
1.27649164677804
2.12458233890215
0.980071599045346
1.07887828162291
1.26551312649165
1.56193317422434
0.889498806682578
0.59307875894988
1.02673031026253
1.35334128878282
1.18317422434368
1.1255369928401
1.34785202863962
1.26002386634845
1.04045346062053
1.08162291169451
1.34510739856802
1.30393794749403
0.554653937947494
1.13926014319809
0.949880668257757
0.675417661097852
1.33961813842482
1.07064439140811
1.22708830548926
1.80071599045346
1.1200477326969
1.1145584725537
1.13102625298329
1.02398568019093
0.947136038186157
0.878520286396181
0.982816229116945
0.557398568019093
0.672673031026253
1.00477326968974
1.38353221957041
2.73389021479714
0.389976133651551
0.59582338902148
1.1035799522673
1.44116945107399
1.61408114558473
0.765990453460621
1.51527446300716
2.22064439140811
0.919689737470167
0.837350835322196
1.49606205250597
1.07887828162291
0.820883054892601
1.00202863961814
1.09534606205251
1.1035799522673
0.689140811455847
0.689140811455847
1.1145584725537
0.774224343675418
1.20513126491647
0.598568019093079
1.9653937947494
1.56193317422434
1.08162291169451
0.949880668257757
0.483293556085919
1.00751789976134
1.62780429594272
0.848329355608592
1.27100238663484
0.999284009546539
1.05143198090692
0.971837708830549
1.05692124105012
0.818138424821002
0.458591885441527
1.03221957040573
1.08711217183771
0.642482100238663
0.845584725536993
1.86933174224344
1.47136038186158
0.101789976133652
0.859307875894988
0.93890214797136
1.1145584725537
1.83365155131265
2.23436754176611
1.1035799522673
1.15847255369928
0.73854415274463
0.993794749403341
0.809904534606205
0.936157517899761
0.936157517899761
0.658949880668258
0.971837708830549
0.735799522673031
1.08436754176611
0.886754176610978
0.502505966587112
1.37255369928401
1.01849642004773
1.45489260143198
0.529952267303103
0.886754176610978
1.16121718377088
1.07613365155131
1.27100238663484
1.1008353221957
0.348806682577566
5.39343675417661
0.870286396181384
1.01849642004773
0.908711217183771
1.12828162291169
1.4109785202864
0.59582338902148
0.713842482100239
1.02947494033413
1.44665871121718
0.560143198090692
0.809904534606205
1.73484486873508
1.04594272076372
0.870286396181384
1.31766109785203
2.40178997613365
1.08436754176611
1.61682577565632
1.02398568019093
0.694630071599045
0.985560859188544
0.582100238663484
1.04868735083532
1.42470167064439
0.955369928400955
1.57840095465394
1.33961813842482
0.958114558472554
0.826372315035799
1.54272076372315
0.985560859188544
1.13102625298329
1.57016706443914
0.99653937947494
1.04594272076372
1.42470167064439
1.03221957040573
1.26825775656325
0.560143198090692
1.22983293556086
1.03221957040573
1.71563245823389
2.75584725536993
0.991050119331742
1.06515513126492
1.19415274463007
0.554653937947494
1.13651551312649
0.925178997613365
1.50978520286396
1.05143198090692
1.29844868735084
0.815393794749403
1.82816229116945
4.22422434367542
0.818138424821002
2.70644391408115
1.80620525059666
0.884009546539379
1.95715990453461
0.763245823389021
0.779713603818616
1.17219570405728
0.384486873508353
1.9846062052506
0.71109785202864
2.52255369928401
1.07064439140811
1.06241050119332
0.590334128878282
1.25727923627685
0.59582338902148
0.842840095465394
1.18317422434368
0.977326968973747
1.1090692124105
0.804415274463007
1.29570405727924
0.867541766109785
1.72661097852029
1.48508353221957
1.08711217183771
1.1118138424821
0.875775656324582
0.724821002386635
1.3917661097852
1.17219570405728
1.1063245823389
2.31396181384248
1.13102625298329
0.587589498806683
0.626014319809069
4.2653937947494
0.807159904534606
1.52625298329356
0.609546539379475
0.472315035799523
1.21062052505967
0.741288782816229
1.61957040572792
0.91145584725537
1.25727923627685
1.02124105011933
1.17494033412888
1.32040572792363
0.746778042959427
1.08711217183771
0.944391408114558
0.455847255369928
1.19689737470167
0.779713603818616
1.35608591885442
0.782458233890215
0.62326968973747
0.947136038186157
0.700119331742243
0.875775656324582
0.554653937947494
1.02673031026253
0.977326968973747
0.214319809069212
1.07338902147971
1.21336515513126
0.505250596658711
0.867541766109785
1.1090692124105
3.90859188544153
1.43842482100239
1.01026252983294
1.83090692124105
0.878520286396181
0.373508353221957
1.27100238663484
0.886754176610978
2.74486873508353
1.63054892601432
1.49606205250597
0.68090692124105
1.61133651551313
0.65346062052506
2.08066825775656
1.19415274463007
1.14200477326969
1.03770883054893
0.0633651551312649
0.842840095465394
1.20513126491647
1.1200477326969
0.859307875894988
1.64427207637231
1.03221957040573
0.829116945107399
0.958114558472554
1.24630071599045
0.612291169451074
0.91145584725537
0.793436754176611
2.38806682577566
0.724821002386635
1.36157517899761
0.686396181384248
0.867541766109785
1.61133651551313
5.87649164677804
1.1090692124105
0.851073985680191
0.980071599045346
0.886754176610978
0.760501193317422
1.78150357995227
0.933412887828162
1.95990453460621
0.955369928400955
0.779713603818616
4.11992840095465
0.669928400954654
0.936157517899761
1.02398568019093
0.908711217183771
1.47136038186158
0.25
0.686396181384248
1.62231503579952
0.99653937947494
1.15298329355609
0.549164677804296
2.02028639618138
1.70465393794749
1.4
1.50978520286396
0.601312649164678
1.29844868735084
1.33961813842482
0.617780429594272
3.80978520286396
0.804415274463007
1.47959427207637
0.601312649164678
2.91229116945107
0.980071599045346
0.988305489260143
0.579355608591885
1.70465393794749
1.29844868735084
0.787947494033413
1.27100238663484
6.66420047732697
0.793436754176611
1.07887828162291
1.64976133651551
0.25
1.4082338902148
1.1035799522673
0.878520286396181
1.04868735083532
0.760501193317422
1.56467780429594
0.88126491646778
0.606801909307876
0.571121718377088
0.776968973747017
4.04856801909308
1.72112171837709
1.29570405727924
1.13926014319809
1.05417661097852
1.49331742243437
1.61133651551313
1.21062052505967
0.955369928400955
0.79618138424821
0.793436754176611
0.444868735083532
0.919689737470167
1.30119331742243
1.12828162291169
0.587589498806683
1.34236276849642
0.966348448687351
0.804415274463007
1.02673031026253
1.23257756563246
0.892243436754177
1.48782816229117
1.08711217183771
0.499761336515513
0.521718377088305
1.02947494033413
1.89403341288783
1.00751789976134
1.05143198090692
1.22159904534606
1.28747016706444
1.01026252983294
0.741288782816229
1.27374701670644
0.845584725536993
0.812649164677804
0.96909307875895
0.642482100238663
1.14749403341289
0.88126491646778
0.606801909307876
0.584844868735083
1.48233890214797
0.749522673031026
1.17219570405728
0.85381861575179
1.16945107398568
0.771479713603819
1.32863961813842
1.59212410501193
1.1008353221957
1.38353221957041
1.14200477326969
1.80346062052506
3.1208830548926
3.74665871121718
1.58114558472554
1.23806682577566
0.658949880668258
1.25453460620525
0.848329355608592
2.10811455847255
0.927923627684964
1.43842482100239
1.03770883054893
0.842840095465394
1.08436754176611
1.28198090692124
0.628758949880668
1.01575178997613
1.57016706443914
1.43568019093079
0.727565632458234
0.807159904534606
1.05417661097852
1.6909307875895
1.53174224343675
0.848329355608592
1.30942720763723
1.52625298329356
0.88126491646778
0.749522673031026
1.27374701670644
1.18317422434368
1.33961813842482
0.779713603818616
1.45763723150358
0.755011933174224
0.958114558472554
0.993794749403341
0.269212410501193
2.24534606205251
0.790692124105012
0.812649164677804
0.867541766109785
0.79618138424821
1.20513126491647
0.905966587112172
1.07887828162291
1.1008353221957
1.36157517899761
1.43842482100239
0.658949880668258
0.464081145584725
1.79248210023866
1.18317422434368
0.985560859188544
0.804415274463007
0.966348448687351
0.631503579952267
3.80704057279236
1.18042959427208
1.413723150358
1.08985680190931
1.07064439140811
0.658949880668258
1.15298329355609
1.23532219570406
1.42195704057279
0.741288782816229
1.51801909307876
0.431145584725537
0.842840095465394
1.08985680190931
1.4082338902148
0.930668257756563
0.864797136038186
1.1090692124105
0.694630071599045
0.859307875894988
1.36431980906921
0.829116945107399
1.53174224343675
3.51336515513126
1.20787589498807
1.05143198090692
0.936157517899761
0.873031026252983
1.02947494033413
1.20513126491647
4.36694510739857
1.13651551312649
1.31491646778043
0.927923627684964
1.16670644391408
0.820883054892601
1.4082338902148
0.96909307875895
1.53997613365155
0.944391408114558
1.04045346062053
0.59582338902148
0.856563245823389
0.568377088305489
1.01575178997613
0.658949880668258
1.08711217183771
0.400954653937947
1.94343675417661
1.80346062052506
1.43842482100239
2.10811455847255
0.713842482100239
0.905966587112172
1.13102625298329
1.52899761336515
1.1200477326969
2.52255369928401
1.76503579952267
1.48508353221957
0.604057279236277
0.475059665871122
1.57565632458234
1.28198090692124
1.19964200477327
0.933412887828162
0.73854415274463
1.45763723150358
1.22983293556086
0.790692124105012
0.980071599045346
0.774224343675418
2.2673031026253
0.862052505966587
1.50155131264916
0.779713603818616
1.14474940334129
0.966348448687351
1.74307875894988
1.73210023866348
1.76229116945107
0.856563245823389
0.634248210023866
1.15298329355609
0.798926014319809
0.719331742243437
1.18042959427208
1.09534606205251
1.1035799522673
1.34785202863962
1.4054892601432
2.51431980906921
1.83639618138425
0.820883054892601
1.35334128878282
1.18591885441527
1.35334128878282
1.30668257756563
0.878520286396181
0.831861575178998
2.05322195704057
0.400954653937947
3.90584725536993
0.719331742243437
0.776968973747017
0.91145584725537
1.09534606205251
1.968138424821
1.92971360381862
1.52350835322196
1.55644391408115
0.604057279236277
2.16300715990453
1.57565632458234
1.19140811455847
0.752267303102625
1.12828162291169
0.886754176610978
0.763245823389021
1.56467780429594
0.735799522673031
0.752267303102625
0.656205250596659
0.755011933174224
0.65346062052506
4.96252983293556
1.49880668257757
1.6826968973747
0.856563245823389
1.21062052505967
0.779713603818616
0.999284009546539
0.502505966587112
3.44474940334129
1.34236276849642
1.42195704057279
1.19140811455847
1.15298329355609
1.01575178997613
0.99653937947494
0.919689737470167
0.834606205250597
1.09260143198091
0.991050119331742
1.87482100238663
0.999284009546539
2.03400954653938
1.89403341288783
1.1035799522673
0.93890214797136
1.60035799522673
1.62505966587112
1.16670644391408
1.27649164677804
1.30668257756563
1.22159904534606
0.99653937947494
1.1118138424821
0.916945107398568
0.829116945107399
0.949880668257757
0.894988066825776
0.884009546539379
1.16396181384248
1.73210023866348
2.40178997613365
0.620525059665871
3.1236276849642
1.4082338902148
1.43293556085919
0.774224343675418
2.11634844868735
0.634248210023866
1.1200477326969
0.922434367541766
0.919689737470167
1.26551312649165
0.664439140811456
1.06241050119332
1.53174224343675
1.14749403341289
1.31217183770883
0.875775656324582
0.713842482100239
1.00477326968974
0.889498806682578
0.908711217183771
0.900477326968974
0.697374701670644
1.70190930787589
1.37255369928401
0.960859188544153
0.0853221957040573
0.532696897374702
0.99653937947494
2.14105011933174
1.4109785202864
0.960859188544153
1.21336515513126
1.19689737470167
1.24630071599045
2.45119331742243
0.93890214797136
1.57565632458234
0.645226730310262
1.24081145584726
1.48508353221957
1.35883054892601
0.837350835322196
0.568377088305489
1.95715990453461
0.705608591885441
2.48412887828162
0.892243436754177
0.713842482100239
0.908711217183771
1.65525059665871
1.386276849642
1.18591885441527
0.343317422434367
0.672673031026253
0.914200477326969
0.96909307875895
2.98090692124105
0.697374701670644
1.70465393794749
1.02398568019093
1.24904534606205
0.785202863961814
0.0963007159904535
0.535441527446301
0.845584725536993
0.798926014319809
1.29295942720764
1.6881861575179
1.18317422434368
1.21610978520286
1.22434367541766
1.65250596658711
1.1227923627685
1.27649164677804
1.53448687350835
0.760501193317422
0.963603818615752
0.741288782816229
0.793436754176611
1.21610978520286
0.873031026252983
0.977326968973747
2.73114558472554
1.63054892601432
1.48233890214797
0.697374701670644
1.22983293556086
1.63878281622912
1.1008353221957
0.771479713603819
0.925178997613365
0.713842482100239
1.3972553699284
0.856563245823389
1.06241050119332
1.37255369928401
0.878520286396181
1.4109785202864
0.719331742243437
1.58937947494033
2.41276849642005
1.1008353221957
1.07613365155131
0.757756563245823
1.00477326968974
1.23257756563246
12.4992840095465
3.60393794749403
0.875775656324582
1.35059665871122
1.86384248210024
1.62505966587112
1.19415274463007
1.49606205250597
1.59761336515513
0.626014319809069
1.05143198090692
1.44391408114558
1.19140811455847
0.88126491646778
1.41646778042959
1.35334128878282
0.925178997613365
1.90775656324582
0.842840095465394
1.79522673031026
0.573866348448687
2.05596658711217
2.10262529832936
0.700119331742243
2.94797136038186
0.826372315035799
0.746778042959427
1.1090692124105
1.70465393794749
0.351551312649165
0.8236276849642
1.35059665871122
0.694630071599045
1.21062052505967
1.1063245823389
2.18496420047733
0.804415274463007
1.60310262529833
0.862052505966587
1.30119331742243
1.37255369928401
0.930668257756563
1.63054892601432
0.771479713603819
1.35883054892601
0.782458233890215
0.916945107398568
2.34415274463007
0.856563245823389
1.1200477326969
1.6936754176611
1.09534606205251
1.31766109785203
0.922434367541766
0.771479713603819
0.873031026252983
1.29021479713604
0.439379474940334
0.842840095465394
3.72744630071599
1.19689737470167
4.49319809069212
1.20787589498807
0.949880668257757
0.96909307875895
3.67804295942721
1.61133651551313
1.62505966587112
1.34785202863962
0.859307875894988
1.20787589498807
1.80620525059666
1.08436754176611
1.1200477326969
0.980071599045346
0.71109785202864
4.24618138424821
1.16945107398568
1.05417661097852
0.782458233890215
1.24904534606205
0.551909307875895
1.1008353221957
1.66073985680191
2.13830548926014
1.17494033412888
1.0980906921241
1.04594272076372
1.56467780429594
0.741288782816229
1.4082338902148
2.07243436754177
0.763245823389021
1.08711217183771
1.16396181384248
0.963603818615752
0.19236276849642
1.01300715990453
0.790692124105012
0.636992840095465
1.12828162291169
1.17494033412888
1.09534606205251
1.36706443914081
1.44940334128878
1.23806682577566
2.28651551312649
0.980071599045346
0.436634844868735
0.919689737470167
0.952625298329356
0.436634844868735
1.1090692124105
1.59486873508353
1.20787589498807
1.05692124105012
1.1008353221957
0.85381861575179
1.30942720763723
1.13651551312649
0.722076372315036
0.59582338902148
1.30119331742243
0.628758949880668
2.43747016706444
1.14749403341289
1.4054892601432
0.892243436754177
0.905966587112172
1.44116945107399
0.752267303102625
0.744033412887828
1.21885441527446
0.93890214797136
0.661694510739857
1.28198090692124
1.16121718377088
0.870286396181384
0.0304295942720764
1.29021479713604
2.41825775656325
0.790692124105012
1.1090692124105
0.483293556085919
0.776968973747017
1.33138424821002
1.16396181384248
1.04594272076372
1.1090692124105
1.58114558472554
0.765990453460621
1.47410501193317
1.35334128878282
0.615035799522673
0.642482100238663
1.01575178997613
1.45763723150358
1.1145584725537
1.37804295942721
1.63329355608592
0.804415274463007
0.573866348448687
1.82541766109785
0.955369928400955
0.793436754176611
1.04594272076372
1.1063245823389
1.79522673031026
1.18042959427208
1.01575178997613
1.15023866348449
1.19415274463007
3.79331742243437
1.55369928400955
0.510739856801909
1.46861575178998
0.941646778042959
0.782458233890215
0.505250596658711
1.1200477326969
1.1227923627685
1.34510739856802
1.36706443914081
2.08341288782816
1.09260143198091
0.974582338902148
0.56563245823389
1.03221957040573
1.00477326968974
1.12828162291169
1.28747016706444
0.420167064439141
0.991050119331742
1.27923627684964
0.991050119331742
0.936157517899761
1.32315035799523
1.49880668257757
2.07243436754177
0.573866348448687
1.63603818615752
0.705608591885441
1.3945107398568
0.584844868735083
1.31766109785203
0.949880668257757
1.25453460620525
0.700119331742243
0.678162291169451
1.1090692124105
1.19140811455847
1.44940334128878
0.647971360381861
1.29844868735084
1.52899761336515
1.78699284009547
0.560143198090692
1.06789976133652
1.4027446300716
1.21885441527446
1.70465393794749
1.29570405727924
1.16945107398568
0.269212410501193
0.977326968973747
1.26551312649165
1.37255369928401
1.18317422434368
2.58568019093079
1.27374701670644
0.65346062052506
0.313126491646778
0.735799522673031
1.32315035799523
1.03770883054893
1.84737470167064
0.793436754176611
1.13377088305489
1.21885441527446
0.8236276849642
1.27374701670644
1.08162291169451
0.730310262529833
1.55369928400955
0.963603818615752
0.985560859188544
0.790692124105012
1.01849642004773
1.45214797136038
1.37804295942721
2.68174224343675
1.00202863961814
0.697374701670644
0.0880668257756563
2.61038186157518
1.06241050119332
0.99653937947494
1.52076372315036
1.49606205250597
1.386276849642
2.51157517899761
4.07875894988067
1.04868735083532
0.900477326968974
0.88126491646778
1.01849642004773
1.05417661097852
0.782458233890215
1.48782816229117
1.42195704057279
0.464081145584725
1.19689737470167
0.807159904534606
1.51801909307876
0.56563245823389
1.56467780429594
1.4027446300716
1.33687350835322
1.3917661097852
2.44295942720764
0.521718377088305
1.05692124105012
1.33138424821002
1.6799522673031
0.870286396181384
4.11443914081145
0.620525059665871
0.96909307875895
1.31491646778043
0.980071599045346
0.65346062052506
1.0980906921241
0.829116945107399
0.831861575178998
0.793436754176611
1.19415274463007
0.741288782816229
0.774224343675418
0.947136038186157
0.59582338902148
3.76861575178998
1.1255369928401
1.20787589498807
2.74761336515513
9.01634844868735
1.29295942720764
2.70369928400955
1.71288782816229
1.50429594272076
1.15847255369928
1.35334128878282
0.760501193317422
0.85381861575179
1.26825775656325
0.554653937947494
1.70190930787589
1.3972553699284
0.755011933174224
1.22983293556086
0.941646778042959
1.08711217183771
1.06241050119332
0.856563245823389
0.870286396181384
1.61408114558473
0.560143198090692
0.927923627684964
0.442124105011933
1.1255369928401
0.845584725536993
1.43019093078759
1.18866348448687
0.971837708830549
1.91599045346062
3.51336515513126
0.99653937947494
1.23257756563246
1.72935560859189
1.05143198090692
1.52350835322196
1.34785202863962
0.886754176610978
1.82816229116945
0.798926014319809
2.536276849642
0.658949880668258
1.78424821002387
1.41646778042959
1.51252983293556
0.820883054892601
0.988305489260143
0.859307875894988
1.23257756563246
0.752267303102625
0.70835322195704
0.955369928400955
1.35883054892601
0.304892601431981
0.949880668257757
3.07696897374702
1.14474940334129
0.804415274463007
0.683651551312649
1.61682577565632
1.3890214797136
0.65346062052506
1.12828162291169
0.873031026252983
0.952625298329356
0.840095465393795
0.656205250596659
0.513484486873508
0.905966587112172
0.949880668257757
0.892243436754177
1.17494033412888
1.0980906921241
0.691885441527446
1.58937947494033
2.39904534606205
0.650715990453461
1.15023866348449
0.966348448687351
1.37804295942721
1.24904534606205
1.28198090692124
0.722076372315036
2.80250596658711
0.889498806682578
1.15298329355609
0.927923627684964
1.43842482100239
1.76229116945107
1.9763723150358
0.439379474940334
0.782458233890215
1.09260143198091
0.875775656324582
0.667183770883055
0.851073985680191
0.691885441527446
1.1035799522673
1.18317422434368
1.30393794749403
0.225298329355609
1.33412887828162
1.64701670644391
0.856563245823389
0.639737470167064
1.01849642004773
0.988305489260143
0.905966587112172
1.09260143198091
1.91050119331742
1.86933174224344
0.790692124105012
1.72386634844869
0.966348448687351
1.06789976133652
0.683651551312649
0.771479713603819
1.05966587112172
0.606801909307876
1.28472553699284
0.626014319809069
1.35883054892601
0.966348448687351
1.13651551312649
1.1090692124105
0.568377088305489
1.23806682577566
1.06789976133652
1.34785202863962
0.919689737470167
0.436634844868735
0.765990453460621
1.37255369928401
0.936157517899761
1.17768496420048
0.79618138424821
3.51062052505967
0.999284009546539
0.702863961813842
0.971837708830549
2.04224343675418
1.12828162291169
0.752267303102625
1.31766109785203
0.634248210023866
1.08985680190931
0.562887828162291
1.15298329355609
0.645226730310262
1.76778042959427
1.17768496420048
1.09260143198091
0.919689737470167
1.26825775656325
1.01849642004773
6.2964200477327
1.03770883054893
0.79618138424821
1.73210023866348
0.280190930787589
1.02124105011933
0.958114558472554
1.02673031026253
1.22708830548926
0.722076372315036
1.25727923627685
1.1200477326969
0.85381861575179
0.56563245823389
0.829116945107399
1.13926014319809
1.29844868735084
0.645226730310262
0.0276849642004773
1.03221957040573
1.90501193317422
0.560143198090692
1.38078758949881
1.14474940334129
1.18042959427208
1.56193317422434
0.845584725536993
0.609546539379475
0.809904534606205
1.06241050119332
1.3917661097852
2.11360381861575
1.09534606205251
2.23162291169451
0.867541766109785
1.60310262529833
0.955369928400955
1.1173031026253
0.960859188544153
0.782458233890215
1.00751789976134
3.17028639618138
1.80620525059666
2.21515513126492
1.21610978520286
1.35059665871122
1.80620525059666
0.829116945107399
0.820883054892601
1.17768496420048
1.20787589498807
0.472315035799523
0.936157517899761
0.807159904534606
1.07887828162291
1.4082338902148
1.37804295942721
1.81718377088305
0.925178997613365
0.815393794749403
0.88126491646778
0.875775656324582
1.25453460620525
0.70835322195704
0.96909307875895
2.68997613365155
1.43019093078759
1.01300715990453
1.1200477326969
1.1063245823389
0.420167064439141
0.85381861575179
0.955369928400955
1.82541766109785
1.02398568019093
1.05417661097852
0.892243436754177
0.546420047732697
1.72386634844869
1.4109785202864
1.01849642004773
1.16396181384248
1.00477326968974
1.06515513126492
0.752267303102625
1.33412887828162
0.903221957040573
1.42195704057279
2.08615751789976
2.38257756563246
0.96909307875895
1.44116945107399
1.33412887828162
1.75131264916468
1.48233890214797
0.554653937947494
1.16670644391408
1.13926014319809
1.4
1.54821002386635
1.1063245823389
2.81348448687351
1.35608591885442
1.19964200477327
1.08162291169451
3.96622911694511
1.13377088305489
0.584844868735083
2.2535799522673
2.01205250596659
1.01575178997613
0.604057279236277
0.337828162291169
1.07064439140811
0.716587112171838
1.03770883054893
0.510739856801909
1.22434367541766
0.669928400954654
0.933412887828162
0.892243436754177
1.99558472553699
1.14474940334129
1.27100238663484
0.831861575178998
0.669928400954654
1.48508353221957
0.936157517899761
1.1145584725537
0.977326968973747
0.993794749403341
0.873031026252983
0.56563245823389
0.573866348448687
1.01026252983294
0.949880668257757
1.03496420047733
0.631503579952267
1.30668257756563
1.06789976133652
1.46861575178998
1.01300715990453
0.864797136038186
1.04319809069212
0.744033412887828
1.03496420047733
1.34510739856802
0.845584725536993
0.724821002386635
0.963603818615752
0.656205250596659
0.00847255369928401
0.746778042959427
1.13651551312649
0.815393794749403
1.27649164677804
0.73854415274463
2.65155131264916
1.01575178997613
3.64785202863962
1.45214797136038
1.30119331742243
0.691885441527446
1.27374701670644
1.07064439140811
1.77052505966587
0.694630071599045
0.667183770883055
1.63329355608592
1.12828162291169
1.65525059665871
1.3917661097852
1.1063245823389
0.851073985680191
1.81992840095465
1.17768496420048
1.23257756563246
1.26002386634845
0.8236276849642
2.01479713603819
0.719331742243437
2.19045346062052
0.787947494033413
1.28747016706444
2.10536992840095
1.1090692124105
0.771479713603819
0.48054892601432
1.53174224343675
1.27100238663484
0.601312649164678
0.900477326968974
1.63054892601432
0.812649164677804
1.52076372315036
1.41646778042959
1.1090692124105
2.11085918854415
2.02303102625298
1.27649164677804
1.37804295942721
2.44021479713604
0.771479713603819
0.744033412887828
2.39081145584725
1.01575178997613
0.760501193317422
0.639737470167064
0.672673031026253
1.00751789976134
1.19140811455847
2.16026252983294
0.949880668257757
1.04594272076372
0.809904534606205
0.722076372315036
1.42195704057279
0.535441527446301
1.24081145584726
1.23257756563246
1.18866348448687
1.04868735083532
1.31766109785203
0.886754176610978
0.628758949880668
1.15847255369928
1.28747016706444
0.905966587112172
1.02398568019093
1.00202863961814
2.06145584725537
1.07613365155131
0.878520286396181
1.64152744630072
1.91050119331742
0.916945107398568
1.1008353221957
1.21062052505967
1.08711217183771
1.04868735083532
0.897732696897375
1.37255369928401
0.826372315035799
1.04594272076372
0.859307875894988
0.647971360381861
1.64427207637231
0.878520286396181
1.13926014319809
1.78150357995227
0.521718377088305
1.19415274463007
0.579355608591885
0.672673031026253
0.691885441527446
1.27100238663484
1.28472553699284
1.18591885441527
1.15298329355609
1.49606205250597
0.475059665871122
0.609546539379475
0.919689737470167
0.818138424821002
0.749522673031026
1.77052505966587
0.771479713603819
1.48782816229117
0.842840095465394
0.491527446300716
0.787947494033413
1.38353221957041
0.244510739856802
0.963603818615752
1.33138424821002
0.801670644391408
1.15298329355609
1.04045346062053
0.411933174224344
1.14749403341289
0.702863961813842
0.672673031026253
2.01205250596659
1.03496420047733
0.727565632458234
0.730310262529833
0.884009546539379
1.88305489260143
0.705608591885441
0.414677804295943
1.1090692124105
0.922434367541766
1.3945107398568
0.669928400954654
0.354295942720764
0.755011933174224
1.27923627684964
0.99653937947494
0.988305489260143
1.1173031026253
1.53997613365155
0.650715990453461
0.851073985680191
1.29295942720764
1.15572792362768
1.37529832935561
1.07887828162291
1.17219570405728
1.04868735083532
1.21885441527446
0.502505966587112
1.41921241050119
1.1173031026253
1.16396181384248
0.746778042959427
0.914200477326969
1.20787589498807
0.864797136038186
1.03770883054893
1.52625298329356
0.540930787589499
1.06241050119332
1.43842482100239
0.521718377088305
0.73854415274463
1.52899761336515
0.878520286396181
0.716587112171838
1.13102625298329
0.925178997613365
0.905966587112172
2.13830548926014
1.51801909307876
1.43842482100239
0.79618138424821
0.809904534606205
1.3917661097852
1.21336515513126
0.842840095465394
1.14749403341289
1.4
1.02124105011933
1.02398568019093
1.1063245823389
1.16670644391408
1.03496420047733
0.656205250596659
0.947136038186157
0.647971360381861
0.982816229116945
1.28198090692124
0.571121718377088
0.966348448687351
6.2799522673031
0.848329355608592
0.88126491646778
0.93890214797136
1.74307875894988
1.02947494033413
1.05692124105012
0.700119331742243
0.958114558472554
1.1200477326969
1.01300715990453
0.922434367541766
0.820883054892601
2.56372315035799
1.06515513126492
1.93794749403341
0.590334128878282
1.16396181384248
1.50155131264916
0.746778042959427
1.14200477326969
1.54546539379475
0.694630071599045
1.52899761336515
2.86837708830549
0.691885441527446
0.974582338902148
1.06515513126492
0.884009546539379
0.85381861575179
1.85011933174224
0.713842482100239
1.00202863961814
0.927923627684964
0.628758949880668
0.779713603818616
1.02398568019093
1.00202863961814
1.46312649164678
1.19415274463007
1.74856801909308
2.10811455847255
0.431145584725537
1.17219570405728
0.873031026252983
1.16670644391408
0.971837708830549
1.20238663484487
0.842840095465394
1.75680190930788
0.535441527446301
1.18042959427208
0.793436754176611
1.32040572792363
1.6826968973747
0.79618138424821
1.30393794749403
1.44391408114558
0.93890214797136
0.705608591885441
1.43842482100239
1.07887828162291
1.66073985680191
0.919689737470167
1.15572792362768
0.760501193317422
0.746778042959427
0.642482100238663
1.53723150357995
1.50155131264916
1.1145584725537
0.672673031026253
0.645226730310262
0.837350835322196
1.04594272076372
1.77326968973747
0.947136038186157
0.922434367541766
1.14749403341289
2.69821002386635
1.16396181384248
0.826372315035799
0.672673031026253
1.37804295942721
0.798926014319809
1.05692124105012
2.02577565632458
1.61133651551313
1.30668257756563
0.444868735083532
0.576610978520286
0.0798329355608592
0.546420047732697
0.59582338902148
1.00751789976134
1.4
1.34236276849642
0.985560859188544
0.793436754176611
0.914200477326969
1.22708830548926
1.15023866348449
0.856563245823389
1.74307875894988
0.952625298329356
0.765990453460621
0.785202863961814
1.80894988066826
1.6936754176611
1.57016706443914
0.650715990453461
2.45942720763723
0.617780429594272
1.81443914081146
1.29570405727924
0.532696897374702
0.952625298329356
0.546420047732697
1.99832935560859
1.54821002386635
3.59295942720764
1.1173031026253
1.9846062052506
1.37529832935561
0.571121718377088
0.483293556085919
1.09260143198091
0.727565632458234
0.856563245823389
1.79248210023866
2.03949880668258
0.982816229116945
1.9791169451074
1.31217183770883
0.914200477326969
3.06050119331742
1.05417661097852
1.06789976133652
0.875775656324582
0.719331742243437
0.362529832935561
2.30023866348449
0.963603818615752
1.70190930787589
1.37529832935561
1.34236276849642
0.848329355608592
0.842840095465394
0.359785202863962
0.985560859188544
1.0980906921241
1.02947494033413
0.941646778042959
0.916945107398568
0.540930787589499
2.28377088305489
1.25453460620525
1.46038186157518
1.48233890214797
1.36980906921241
1.23257756563246
0.551909307875895
0.798926014319809
1.22983293556086
2.44570405727924
0.867541766109785
1.01026252983294
0.801670644391408
0.672673031026253
1.30668257756563
0.999284009546539
2.68174224343675
1.22708830548926
0.966348448687351
0.62326968973747
0.886754176610978
0.875775656324582
2.41551312649165
0.922434367541766
0.862052505966587
1.59486873508353
1.08162291169451
1.24904534606205
1.16945107398568
1.16121718377088
1.75954653937947
3.1236276849642
0.889498806682578
1.79797136038186
1.4027446300716
6.47207637231504
1.01026252983294
0.650715990453461
0.749522673031026
1.72386634844869
0.774224343675418
0.991050119331742
1.1118138424821
0.760501193317422
1.90226730310262
1.66073985680191
1.38353221957041
1.6991646778043
0.582100238663484
0.626014319809069
0.884009546539379
1.06241050119332
0.936157517899761
1.30942720763723
1.02947494033413
1.1173031026253
5.24248210023866
1.22434367541766
0.628758949880668
1.46038186157518
0.787947494033413
1.02124105011933
0.99653937947494
1.16121718377088
0.966348448687351
1.04594272076372
0.420167064439141
1.4
0.71109785202864
1.16945107398568
1.04319809069212
1.48508353221957
0.801670644391408
1.57291169451074
1.21062052505967
1.1200477326969
1.22159904534606
0.8236276849642
0.829116945107399
0.944391408114558
0.719331742243437
0.859307875894988
0.744033412887828
1.1118138424821
2.47589498806683
1.45489260143198
0.779713603818616
0.927923627684964
0.96909307875895
1.55095465393795
0.532696897374702
1.76778042959427
1.44665871121718
2.82171837708831
0.974582338902148
0.700119331742243
1.21885441527446
0.812649164677804
0.815393794749403
2.06145584725537
1.54821002386635
0.818138424821002
0.705608591885441
1.46312649164678
1.42195704057279
1.25727923627685
1.01300715990453
1.9736276849642
0.870286396181384
0.815393794749403
1.32315035799523
0.615035799522673
1.22159904534606
0.889498806682578
1.41921241050119
0.837350835322196
0.727565632458234
1.08162291169451
0.886754176610978
0.952625298329356
1.36980906921241
0.991050119331742
0.689140811455847
0.749522673031026
1.00202863961814
0.521718377088305
0.689140811455847
0.631503579952267
1.36706443914081
0.900477326968974
1.19964200477327
0.518973747016706
1.36431980906921
2.08066825775656
1.53174224343675
0.722076372315036
2.03949880668258
1.91873508353222
0.76873508353222
0.612291169451074
1.36980906921241
0.774224343675418
1.1227923627685
0.694630071599045
0.694630071599045
1.13926014319809
0.686396181384248
1.13651551312649
1.33687350835322
0.587589498806683
1.27923627684964
0.884009546539379
1.1227923627685
0.516229116945107
1.06789976133652
3.17303102625298
0.73854415274463
1.15847255369928
1.52625298329356
0.829116945107399
1.70739856801909
1.94343675417661
0.716587112171838
1.1173031026253
1.23806682577566
1.21062052505967
1.76503579952267
1.32589498806683
1.71014319809069
1.29570405727924
1.37529832935561
1.01849642004773
0.900477326968974
1.17494033412888
1.18591885441527
0.8236276849642
1.03496420047733
1.47684964200477
0.763245823389021
0.782458233890215
1.00477326968974
0.535441527446301
1.13102625298329
1.53174224343675
0.697374701670644
0.598568019093079
0.444868735083532
0.886754176610978
0.65346062052506
0.949880668257757
1.04868735083532
0.694630071599045
1.90775656324582
1.1255369928401
0.790692124105012
1.42195704057279
1.26551312649165
0.826372315035799
1.51252983293556
1.80620525059666
1.83914081145585
0.650715990453461
0.691885441527446
1.77052505966587
1.05966587112172
1.20513126491647
0.453102625298329
1.9736276849642
0.963603818615752
1.18591885441527
0.411933174224344
1.3945107398568
2.74761336515513
0.779713603818616
1.1227923627685
1.06789976133652
0.776968973747017
1.17768496420048
1.00751789976134
1.49606205250597
1.81718377088305
0.56563245823389
0.892243436754177
1.54546539379475
0.8236276849642
0.36527446300716
1.22159904534606
0.922434367541766
6.51873508353222
1.6854415274463
0.615035799522673
0.694630071599045
0.757756563245823
0.779713603818616
0.952625298329356
1.53723150357995
1.24904534606205
0.776968973747017
0.787947494033413
1.42470167064439
1.25727923627685
1.31217183770883
1.6854415274463
0.930668257756563
1.43293556085919
2.2535799522673
1.51527446300716
1.29295942720764
1.02398568019093
1.07064439140811
1.83090692124105
1.18317422434368
0.867541766109785
0.864797136038186
1.43842482100239
0.971837708830549
0.664439140811456
1.23806682577566
0.99653937947494
0.842840095465394
1.57016706443914
1.26551312649165
0.867541766109785
0.513484486873508
0.919689737470167
1.1035799522673
2.00930787589499
0.903221957040573
0.527207637231504
0.870286396181384
1.77875894988067
1.08436754176611
1.1200477326969
0.702863961813842
0.628758949880668
0.42291169451074
0.960859188544153
1.85011933174224
1.20238663484487
1.981861575179
1.20238663484487
1.43019093078759
0.79618138424821
1.1227923627685
1.386276849642
0.818138424821002
1.26276849642005
0.927923627684964
0.719331742243437
1.17768496420048
1.59761336515513
1.22983293556086
1.13102625298329
0.573866348448687
1.12828162291169
0.947136038186157
1.57565632458234
0.752267303102625
1.00751789976134
0.782458233890215
1.05692124105012
0.859307875894988
0.793436754176611
0.486038186157518
1.24355608591885
0.73854415274463
0.834606205250597
1.77875894988067
0.744033412887828
1.13926014319809
0.859307875894988
0.271957040572792
1.55644391408115
1.41646778042959
1.14749403341289
2.50608591885442
1.34510739856802
0.862052505966587
1.18866348448687
0.513484486873508
1.35059665871122
1.81443914081146
0.76873508353222
0.826372315035799
1.19689737470167
1.33687350835322
0.818138424821002
1.0980906921241
1.12828162291169
0.905966587112172
2.81622911694511
1.43568019093079
1.05692124105012
0.85381861575179
2.24809069212411
1.91599045346062
0.8236276849642
0.746778042959427
1.06241050119332
0.604057279236277
1.80620525059666
2.2755369928401
0.971837708830549
0.955369928400955
1.27100238663484
0.491527446300716
0.705608591885441
0.842840095465394
0.782458233890215
0.944391408114558
1.3945107398568
1.22983293556086
0.875775656324582
0.85381861575179
2.11634844868735
0.93890214797136
0.733054892601432
0.782458233890215
0.960859188544153
1.22159904534606
1.51252983293556
1.03496420047733
0.39272076372315
1.47959427207637
1.03496420047733
1.26276849642005
1.22983293556086
1.37804295942721
1.25727923627685
1.54821002386635
0.705608591885441
0.735799522673031
0.752267303102625
1.24630071599045
0.293914081145585
0.870286396181384
1.64976133651551
0.68090692124105
0.752267303102625
0.977326968973747
1.23806682577566
0.851073985680191
0.634248210023866
0.727565632458234
1.79248210023866
1.47136038186158
2.19045346062052
0.936157517899761
0.985560859188544
1.35334128878282
0.573866348448687
1.46587112171838
0.560143198090692
0.694630071599045
0.845584725536993
0.584844868735083
0.977326968973747
1.28198090692124
1.24355608591885
1.22983293556086
1.08985680190931
1.3917661097852
0.867541766109785
0.947136038186157
1.08436754176611
0.900477326968974
1.35608591885442
0.5381861575179
0.960859188544153
1.21610978520286
0.922434367541766
0.612291169451074
1.19415274463007
1.80620525059666
1.89952267303103
0.834606205250597
1.66348448687351
0.966348448687351
0.757756563245823
1.52076372315036
1.34236276849642
1.41646778042959
0.96909307875895
0.894988066825776
1.81718377088305
0.955369928400955
0.812649164677804
1.13926014319809
1.14474940334129
0.963603818615752
0.971837708830549
0.626014319809069
1.47410501193317
0.765990453460621
0.801670644391408
0.845584725536993
0.947136038186157
0.672673031026253
1.12828162291169
1.29844868735084
1.22159904534606
5.60477326968974
1.1173031026253
1.31491646778043
0.733054892601432
0.752267303102625
1.4054892601432
0.818138424821002
3.26634844868735
0.864797136038186
1.72386634844869
0.963603818615752
1.06515513126492
1.21610978520286
0.782458233890215
1.00751789976134
1.07338902147971
0.840095465393795
0.494272076372315
1.9626491646778
0.941646778042959
0.815393794749403
1.35334128878282
0.634248210023866
0.815393794749403
1.05143198090692
1.61682577565632
0.91145584725537
1.89952267303103
0.966348448687351
1.36157517899761
1.26276849642005
1.49331742243437
1.94892601431981
1.18866348448687
2.12458233890215
0.749522673031026
1.60584725536993
1.18317422434368
0.96909307875895
1.33138424821002
0.576610978520286
1.26002386634845
0.941646778042959
1.0980906921241
1.06241050119332
0.900477326968974
0.988305489260143
0.798926014319809
1.76503579952267
1.82267303102625
0.873031026252983
0.293914081145585
1.27100238663484
0.700119331742243
1.38078758949881
1.01575178997613
0.886754176610978
1.06789976133652
0.809904534606205
1.1035799522673
0.88126491646778
1.19689737470167
0.944391408114558
0.851073985680191
1.04868735083532
1.01026252983294
0.804415274463007
1.9791169451074
1.1008353221957
0.807159904534606
0.930668257756563
1.52625298329356
1.27649164677804
1.01300715990453
2.55
1.08436754176611
1.46587112171838
1.56467780429594
1.01026252983294
0.700119331742243
1.56193317422434
1.3890214797136
1.16945107398568
1.35059665871122
0.771479713603819
0.875775656324582
1.16670644391408
0.615035799522673
1.35059665871122
1.24355608591885
1.19689737470167
0.99653937947494
0.560143198090692
1.3945107398568
1.44665871121718
0.873031026252983
0.560143198090692
1.18042959427208
1.82816229116945
1.24904534606205
0.760501193317422
0.505250596658711
0.952625298329356
0.461336515513126
0.867541766109785
0.851073985680191
1.15298329355609
1.05143198090692
2.87386634844869
0.436634844868735
0.664439140811456
0.617780429594272
0.65346062052506
1.28472553699284
1.33412887828162
1.21336515513126
1.43019093078759
1.19689737470167
1.17219570405728
1.38078758949881
0.99653937947494
0.59582338902148
1.45489260143198
1.16670644391408
1.26825775656325
0.571121718377088
1.31491646778043
1.13651551312649
1.38353221957041
1.59486873508353
1.05143198090692
1.65799522673031
0.944391408114558
0.664439140811456
1.42195704057279
0.527207637231504
0.76873508353222
0.664439140811456
1.6826968973747
0.730310262529833
1.74582338902148
1.00751789976134
1.06241050119332
1.31491646778043
0.48054892601432
0.628758949880668
1.18317422434368
0.919689737470167
1.1118138424821
0.609546539379475
1.76229116945107
2.14105011933174
0.96909307875895
0.980071599045346
1.30942720763723
0.741288782816229
1.08436754176611
1.1200477326969
1.26825775656325
1.413723150358
1.35334128878282
0.900477326968974
1.34510739856802
3.54355608591885
1.80620525059666
1.20238663484487
1.27649164677804
2.40178997613365
0.840095465393795
0.829116945107399
3.33496420047733
0.554653937947494
1.4
0.958114558472554
1.50704057279236
2.33591885441527
1.17219570405728
0.00847255369928401
0.71109785202864
1.13651551312649
1.23806682577566
0.491527446300716
2.40727923627685
1.75131264916468
1.3890214797136
1.02673031026253
1.0980906921241
0.922434367541766
1.14474940334129
1.47684964200477
1.42195704057279
0.99653937947494
0.752267303102625
0.900477326968974
0.700119331742243
1.66897374701671
0.790692124105012
3.00286396181384
1.02398568019093
0.952625298329356
1.02947494033413
0.955369928400955
0.39272076372315
1.18591885441527
1.4109785202864
0.845584725536993
1.89952267303103
0.757756563245823
1.1255369928401
1.71014319809069
1.55369928400955
1.31766109785203
1.4082338902148
0.631503579952267
2.8354415274463
0.840095465393795
1.35883054892601
1.1090692124105
1.1035799522673
1.07887828162291
1.00477326968974
1.44116945107399
1.04045346062053
0.916945107398568
0.798926014319809
1.18591885441527
0.568377088305489
0.93890214797136
1.80071599045346
0.886754176610978
0.475059665871122
1.30942720763723
1.27649164677804
1.43019093078759
1.26276849642005
1.63054892601432
1.05692124105012
0.867541766109785
0.842840095465394
1.1255369928401
0.933412887828162
0.831861575178998
1.07338902147971
1.63878281622912
1.04594272076372
0.99653937947494
0.875775656324582
1.17768496420048
0.952625298329356
1.06241050119332
0.900477326968974
0.442124105011933
0.763245823389021
4.02112171837709
0.466825775656324
0.776968973747017
1.02947494033413
1.1008353221957
1.14200477326969
0.722076372315036
0.494272076372315
1.27649164677804
0.576610978520286
2.79152744630072
1.49057279236277
0.510739856801909
1.04319809069212
0.771479713603819
1.15572792362768
0.99653937947494
0.974582338902148
1.07064439140811
1.07064439140811
1.02947494033413
0.620525059665871
0.733054892601432
0.894988066825776
0.735799522673031
0.991050119331742
1.14200477326969
1.06241050119332
1.03770883054893
0.903221957040573
0.779713603818616
1.04045346062053
1.33687350835322
2.13281622911695
1.77326968973747
1.56742243436754
0.977326968973747
1.1173031026253
1.03770883054893
0.733054892601432
0.70835322195704
1.53174224343675
1.1227923627685
0.691885441527446
1.02947494033413
1.01849642004773
1.53997613365155
0.974582338902148
1.55918854415274
1.43293556085919
1.24355608591885
1.71563245823389
1.55369928400955
1.07887828162291
0.658949880668258
1.01575178997613
1.07064439140811
1.08711217183771
0.864797136038186
0.73854415274463
1.85835322195704
1.34510739856802
1.57565632458234
1.64701670644391
1.84737470167064
0.933412887828162
1.42744630071599
0.908711217183771
1.05966587112172
0.540930787589499
2.28926014319809
0.30763723150358
0.85381861575179
1.33687350835322
0.763245823389021
1.09534606205251
0.988305489260143
0.873031026252983
1.15298329355609
0.615035799522673
1.35608591885442
1.27100238663484
0.999284009546539
0.79618138424821
1.25727923627685
0.809904534606205
0.206085918854415
0.675417661097852
0.804415274463007
1.32315035799523
0.859307875894988
1.25453460620525
0.985560859188544
1.65525059665871
0.543675417661098
1.28747016706444
0.642482100238663
1.75680190930788
0.985560859188544
0.963603818615752
0.686396181384248
0.820883054892601
1.32040572792363
0.59307875894988
1.08162291169451
1.09534606205251
1.09260143198091
2.93150357995227
0.765990453460621
0.884009546539379
0.76873508353222
0.50799522673031
1.50155131264916
1.27374701670644
0.675417661097852
2.02577565632458
1.32863961813842
0.554653937947494
0.927923627684964
0.941646778042959
0.785202863961814
1.08985680190931
1.1145584725537
0.999284009546539
2.2645584725537
0.930668257756563
1.19689737470167
1.55918854415274
1.04868735083532
1.00202863961814
0.763245823389021
1.02673031026253
1.15572792362768
1.21336515513126
1.19689737470167
0.642482100238663
1.21062052505967
1.18591885441527
1.1200477326969
1.18317422434368
1.14474940334129
1.38078758949881
0.873031026252983
1.23806682577566
0.955369928400955
0.636992840095465
1.48508353221957
0.807159904534606
1.01575178997613
0.862052505966587
0.667183770883055
0.974582338902148
0.700119331742243
0.746778042959427
1.29295942720764
0.755011933174224
1.87207637231504
1.31217183770883
1.08436754176611
1.26276849642005
2.56372315035799
1.31491646778043
0.612291169451074
1.02673031026253
1.01575178997613
1.26276849642005
1.45489260143198
1.14749403341289
1.386276849642
0.878520286396181
0.947136038186157
0.905966587112172
0.831861575178998
1.28747016706444
0.88126491646778
0.749522673031026
0.746778042959427
0.686396181384248
1.52076372315036
1.02673031026253
5.03663484486873
0.988305489260143
0.848329355608592
0.933412887828162
1.25178997613365
1.01300715990453
0.694630071599045
0.782458233890215
0.837350835322196
0.551909307875895
1.16121718377088
1.35608591885442
1.42470167064439
1.31491646778043
1.06789976133652
1.58114558472554
1.01300715990453
1.29295942720764
0.730310262529833
0.980071599045346
0.801670644391408
0.486038186157518
1.18317422434368
0.864797136038186
0.604057279236277
0.837350835322196
1.50155131264916
2.60763723150358
0.859307875894988
0.612291169451074
1.59486873508353
1.45489260143198
1.51801909307876
1.413723150358
1.59212410501193
5.07505966587112
0.952625298329356
0.765990453460621
1.48508353221957
0.678162291169451
1.28747016706444
0.798926014319809
1.26551312649165
2.00381861575179
1.36980906921241
1.63878281622912
1.1227923627685
0.650715990453461
0.491527446300716
0.741288782816229
1.27100238663484
0.999284009546539
1.18042959427208
0.650715990453461
0.903221957040573
0.977326968973747
1.04319809069212
1.02947494033413
0.809904534606205
1.04868735083532
1.16670644391408
1.36706443914081
0.974582338902148
1.16945107398568
1.82267303102625
1.14749403341289
1.4
1.74307875894988
1.6909307875895
1.79248210023866
1.37529832935561
1.34510739856802
0.900477326968974
0.982816229116945
0.864797136038186
1.08436754176611
1.07338902147971
2.62410501193317
0.719331742243437
1.20238663484487
0.889498806682578
0.91145584725537
0.346062052505967
0.686396181384248
0.804415274463007
1.35883054892601
1.1063245823389
1.79522673031026
1.08985680190931
0.947136038186157
1.19415274463007
0.867541766109785
1.1227923627685
0.757756563245823
1.44391408114558
0.851073985680191
0.889498806682578
0.804415274463007
1.04868735083532
1.24630071599045
4.01563245823389
2.03400954653938
0.851073985680191
0.807159904534606
1.19415274463007
1.54821002386635
3.47219570405728
0.647971360381861
0.697374701670644
1.55369928400955
1.18866348448687
0.68090692124105
2.15751789976134
0.952625298329356
0.930668257756563
0.842840095465394
1.63329355608592
0.867541766109785
0.724821002386635
1.25178997613365
1.03496420047733
0.952625298329356
0.867541766109785
0.744033412887828
1.07338902147971
1.14200477326969
1.66073985680191
0.919689737470167
1.52076372315036
1.45763723150358
0.99653937947494
0.905966587112172
1.63878281622912
1.08985680190931
0.527207637231504
1.16396181384248
1.14200477326969
1.06241050119332
1.53723150357995
1.19140811455847
1.32315035799523
1.4082338902148
1.88031026252983
4.8582338902148
1.6826968973747
0.584844868735083
0.713842482100239
1.1255369928401
1.29844868735084
0.809904534606205
0.425656324582339
0.859307875894988
1.18591885441527
0.894988066825776
1.02398568019093
0.787947494033413
0.752267303102625
1.28472553699284
0.944391408114558
1.63878281622912
1.50978520286396
1.81443914081146
0.0880668257756563
1.86933174224344
1.59486873508353
0.944391408114558
1.28747016706444
0.845584725536993
1.27100238663484
1.38353221957041
0.894988066825776
0.985560859188544
0.985560859188544
0.851073985680191
0.908711217183771
1.86384248210024
1.66073985680191
0.927923627684964
0.656205250596659
0.612291169451074
1.01849642004773
1.29021479713604
1.01300715990453
1.04045346062053
0.785202863961814
0.675417661097852
1.38078758949881
1.32040572792363
1.43293556085919
0.755011933174224
1.14200477326969
1.1145584725537
1.72112171837709
1.01575178997613
2.42100238663484
1.0980906921241
0.647971360381861
0.741288782816229
0.801670644391408
1.50978520286396
0.56563245823389
0.914200477326969
0.752267303102625
1.01026252983294
0.873031026252983
1.4
0.848329355608592
1.04319809069212
5.03937947494033
1.05966587112172
1.95441527446301
2.09988066825776
1.80346062052506
1.09260143198091
0.91145584725537
0.727565632458234
0.634248210023866
1.1063245823389
0.683651551312649
1.94892601431981
2.90405727923628
1.86933174224344
0.70835322195704
1.52350835322196
0.941646778042959
0.952625298329356
1.24081145584726
0.834606205250597
0.826372315035799
0.919689737470167
1.00751789976134
0.50799522673031
0.85381861575179
0.705608591885441
0.787947494033413
0.716587112171838
0.647971360381861
1.00202863961814
1.48508353221957
0.85381861575179
0.521718377088305
1.72935560859189
0.947136038186157
0.787947494033413
1.03770883054893
1.1173031026253
4.8335322195704
1.05143198090692
1.61408114558473
0.916945107398568
1.02947494033413
1.36980906921241
0.88126491646778
0.584844868735083
0.763245823389021
2.23162291169451
0.779713603818616
1.29295942720764
0.612291169451074
1.13926014319809
1.43842482100239
0.947136038186157
1.71288782816229
1.30668257756563
1.05417661097852
1.38078758949881
0.807159904534606
1.36431980906921
1.08711217183771
1.30393794749403
0.892243436754177
2.87661097852029
1.02398568019093
2.29749403341289
1.58389021479714
1.18866348448687
0.829116945107399
0.348806682577566
1.43842482100239
1.05143198090692
0.516229116945107
1.38353221957041
1.4109785202864
1.4027446300716
0.985560859188544
1.72112171837709
1.32863961813842
0.760501193317422
1.23532219570406
0.642482100238663
1.53174224343675
0.807159904534606
1.1255369928401
1.02124105011933
1.64701670644391
1.42470167064439
1.16396181384248
1.1090692124105
0.889498806682578
0.348806682577566
0.785202863961814
0.993794749403341
0.930668257756563
0.916945107398568
0.892243436754177
0.873031026252983
0.787947494033413
0.606801909307876
1.59486873508353
1.09534606205251
1.35883054892601
0.873031026252983
1.02398568019093
0.947136038186157
1.09534606205251
1.27100238663484
1.05692124105012
1.02398568019093
0.949880668257757
1.1145584725537
1.1200477326969
0.749522673031026
3.71646778042959
0.170405727923628
0.505250596658711
1.26002386634845
1.47410501193317
0.755011933174224
0.540930787589499
1.05417661097852
1.00751789976134
1.55644391408115
0.746778042959427
1.62231503579952
0.820883054892601
0.91145584725537
1.1063245823389
1.90226730310262
1.50978520286396
1.08162291169451
0.897732696897375
0.763245823389021
1.9791169451074
1.56193317422434
4.32852028639618
0.779713603818616
1.14474940334129
1.1118138424821
0.842840095465394
0.332338902147971
0.494272076372315
1.17494033412888
2.05596658711217
1.14474940334129
1.66622911694511
0.96909307875895
0.966348448687351
3.06873508353222
1.18042959427208
0.999284009546539
1.23532219570406
1.22159904534606
1.19689737470167
0.626014319809069
1.43293556085919
0.859307875894988
0.689140811455847
3.34319809069212
1.1118138424821
0.763245823389021
0.862052505966587
1.06241050119332
1.07064439140811
1.58389021479714
1.02398568019093
1.53997613365155
0.626014319809069
0.763245823389021
0.952625298329356
4.59749403341289
1.91599045346062
0.71109785202864
1.27374701670644
0.650715990453461
2.61861575178998
0.963603818615752
0.568377088305489
0.524463007159904
0.884009546539379
1.19415274463007
0.878520286396181
1.27923627684964
0.960859188544153
0.697374701670644
1.36157517899761
0.85381861575179
0.22255369928401
0.615035799522673
1.9626491646778
0.873031026252983
1.79522673031026
1.30668257756563
1.75954653937947
1.26276849642005
1.24630071599045
2.33042959427208
1.1008353221957
0.930668257756563
0.892243436754177
0.93890214797136
0.765990453460621
0.99653937947494
1.90501193317422
1.1090692124105
1.51527446300716
0.793436754176611
0.568377088305489
0.930668257756563
1.18866348448687
0.571121718377088
0.683651551312649
1.30668257756563
0.856563245823389
1.05417661097852
0.785202863961814
1.15298329355609
0.809904534606205
1.9736276849642
0.894988066825776
1.1118138424821
0.96909307875895
1.29570405727924
1.83914081145585
1.21610978520286
1.02673031026253
0.982816229116945
1.99558472553699
1.74307875894988
1.26276849642005
1.45214797136038
2.00381861575179
0.691885441527446
1.65250596658711
1.4054892601432
0.848329355608592
0.820883054892601
0.985560859188544
0.815393794749403
1.31217183770883
0.488782816229117
0.944391408114558
0.442124105011933
1.71563245823389
1.14474940334129
0.91145584725537
1.60859188544153
0.85381861575179
0.527207637231504
1.83914081145585
0.683651551312649
0.381742243436754
1.49331742243437
0.68090692124105
0.606801909307876
1.46861575178998
2.02303102625298
1.31491646778043
0.867541766109785
0.960859188544153
0.516229116945107
0.787947494033413
1.02124105011933
0.532696897374702
1.08985680190931
1.29021479713604
0.513484486873508
0.647971360381861
0.977326968973747
0.763245823389021
1.3945107398568
0.787947494033413
1.52899761336515
0.700119331742243
1.24081145584726
0.694630071599045
0.744033412887828
1.07338902147971
1.33138424821002
1.08162291169451
0.980071599045346
1.16121718377088
1.15572792362768
0.903221957040573
1.24355608591885
1.3917661097852
1.74033412887828
1.73484486873508
1.05966587112172
0.787947494033413
1.29570405727924
1.42470167064439
1.62780429594272
1.18317422434368
0.719331742243437
0.719331742243437
0.941646778042959
0.820883054892601
0.455847255369928
0.0523866348448687
1.22159904534606
1.04594272076372
2.77231503579952
0.650715990453461
1.1063245823389
1.23532219570406
1.1145584725537
1.77601431980907
1.16945107398568
1.38078758949881
0.609546539379475
0.686396181384248
0.878520286396181
1.18042959427208
1.17768496420048
1.53174224343675
1.60035799522673
0.886754176610978
0.527207637231504
1.1145584725537
0.980071599045346
1.14200477326969
1.28472553699284
0.733054892601432
1.21062052505967
1.22434367541766
0.615035799522673
1.83365155131265
1.62231503579952
0.933412887828162
0.982816229116945
0.678162291169451
0.414677804295943
2.71193317422434
0.433890214797136
1.20238663484487
1.04045346062053
0.886754176610978
1.08162291169451
0.650715990453461
0.982816229116945
1.27100238663484
0.809904534606205
1.6964200477327
0.505250596658711
1.15023866348449
1.42470167064439
0.722076372315036
1.32315035799523
1.16396181384248
1.1227923627685
0.908711217183771
1.24081145584726
1.17219570405728
1.66622911694511
0.889498806682578
0.73854415274463
1.46038186157518
0.812649164677804
3.35966587112172
0.609546539379475
1.05966587112172
0.576610978520286
1.22708830548926
0.636992840095465
0.798926014319809
1.78973747016706
0.532696897374702
0.672673031026253
0.867541766109785
1.04319809069212
0.68090692124105
1.19140811455847
0.590334128878282
1.9653937947494
0.702863961813842
1.05966587112172
1.13926014319809
0.70835322195704
0.639737470167064
1.72386634844869
0.650715990453461
0.230787589498807
1.72935560859189
0.642482100238663
1.19689737470167
0.798926014319809
1.03496420047733
1.02947494033413
0.91145584725537
0.790692124105012
0.859307875894988
0.826372315035799
0.812649164677804
0.755011933174224
0.678162291169451
1.02398568019093
1.28472553699284
0.85381861575179
1.05692124105012
0.980071599045346
0.927923627684964
3.61217183770883
0.930668257756563
0.529952267303103
1.13102625298329
1.17768496420048
0.787947494033413
0.62326968973747
1.03496420047733
1.50155131264916
0.790692124105012
1.58114558472554
1.17768496420048
0.529952267303103
0.988305489260143
1.0980906921241
1.36980906921241
0.620525059665871
0.76873508353222
1.1255369928401
1.14474940334129
1.13377088305489
0.908711217183771
0.499761336515513
0.859307875894988
0.447613365155131
1.72386634844869
0.760501193317422
1.1255369928401
1.31217183770883
1.86384248210024
0.804415274463007
1.19415274463007
1.15023866348449
1.56467780429594
0.453102625298329
1.23257756563246
2.47040572792363
0.724821002386635
2.23711217183771
0.516229116945107
1.18042959427208
0.99653937947494
1.01026252983294
1.05692124105012
1.66348448687351
1.18042959427208
1.15023866348449
0.573866348448687
2.75859188544153
0.774224343675418
0.776968973747017
1.26276849642005
0.829116945107399
1.23532219570406
1.90501193317422
1.1063245823389
1.08162291169451
0.722076372315036
1.07338902147971
1.06241050119332
1.07338902147971
0.958114558472554
0.892243436754177
1.42470167064439
1.33412887828162
1.23257756563246
1.51252983293556
1.4027446300716
0.999284009546539
1.66622911694511
1.15847255369928
0.886754176610978
1.07338902147971
1.00477326968974
0.949880668257757
0.787947494033413
2.01205250596659
0.980071599045346
0.579355608591885
0.79618138424821
1.27923627684964
1.02947494033413
1.1118138424821
0.804415274463007
0.702863961813842
1.08711217183771
0.782458233890215
0.757756563245823
0.960859188544153
1.25178997613365
0.587589498806683
0.864797136038186
1.1063245823389
1.52625298329356
0.274701670644391
1.24081145584726
1.93794749403341
1.21336515513126
1.4082338902148
1.62505966587112
0.5381861575179
0.818138424821002
1.31491646778043
0.933412887828162
0.271957040572792
1.27100238663484
1.81992840095465
1.3917661097852
1.22708830548926
0.604057279236277
0.645226730310262
1.18591885441527
1.08436754176611
0.848329355608592
0.971837708830549
0.70835322195704
1.3945107398568
0.804415274463007
0.908711217183771
1.07887828162291
0.963603818615752
0.411933174224344
0.807159904534606
3.48591885441527
0.576610978520286
2.79152744630072
0.59307875894988
2.80799522673031
1.15572792362768
1.30942720763723
0.370763723150358
2.00930787589499
1.27100238663484
0.774224343675418
1.28198090692124
1.57565632458234
0.411933174224344
1.36980906921241
1.01849642004773
1.65250596658711
1.08436754176611
1.27923627684964
0.889498806682578
0.818138424821002
0.922434367541766
1.6936754176611
2.2755369928401
1.3972553699284
1.19689737470167
1.30119331742243
1.09260143198091
1.47410501193317
0.985560859188544
2.2755369928401
1.31766109785203
1.6744630071599
0.884009546539379
1.94892601431981
1.33961813842482
0.590334128878282
0.900477326968974
0.818138424821002
0.285680190930788
1.22983293556086
1.19964200477327
0.864797136038186
0.398210023866348
1.29570405727924
0.576610978520286
1.9626491646778
1.56467780429594
3.01658711217184
1.04045346062053
0.914200477326969
0.826372315035799
0.689140811455847
1.4109785202864
0.960859188544153
2.19319809069212
1.07338902147971
0.798926014319809
1.25178997613365
1.4054892601432
0.513484486873508
0.760501193317422
1.07064439140811
1.03770883054893
2.65704057279236
0.628758949880668
2.13830548926014
0.903221957040573
1.01575178997613
0.669928400954654
1.02398568019093
1.1035799522673
1.16396181384248
1.01849642004773
1.55369928400955
1.60310262529833
1.33687350835322
0.757756563245823
1.13377088305489
1.968138424821
0.746778042959427
1.45489260143198
0.442124105011933
1.15298329355609
2.13830548926014
0.955369928400955
3.83174224343675
0.771479713603819
1.1200477326969
0.604057279236277
1.07613365155131
1.47959427207637
0.433890214797136
0.757756563245823
0.510739856801909
1.38353221957041
0.598568019093079
1.77326968973747
1.02398568019093
0.982816229116945
0.873031026252983
1.08162291169451
3.58472553699284
1.17219570405728
0.689140811455847
0.554653937947494
1.22708830548926
1.35334128878282
1.25727923627685
1.19964200477327
1.1090692124105
0.993794749403341
1.19689737470167
1.17768496420048
1.33138424821002
1.05966587112172
1.28747016706444
1.08711217183771
1.01575178997613
0.582100238663484
1.37804295942721
1.09260143198091
1.07338902147971
1.03770883054893
0.905966587112172
1.23257756563246
0.137470167064439
0.461336515513126
1.41921241050119
1.45763723150358
0.916945107398568
0.798926014319809
0.606801909307876
0.442124105011933
1.29570405727924
0.96909307875895
1.34510739856802
1.4
1.4082338902148
0.980071599045346
1.968138424821
1.51252983293556
0.716587112171838
0.919689737470167
0.0441527446300716
0.606801909307876
0.351551312649165
0.851073985680191
1.1227923627685
1.01849642004773
1.26002386634845
2.89582338902148
0.905966587112172
1.29021479713604
1.02398568019093
1.48782816229117
0.837350835322196
1.0980906921241
0.848329355608592
0.587589498806683
0.516229116945107
0.683651551312649
1.20787589498807
1.1227923627685
2.14653937947494
1.23806682577566
0.285680190930788
2.33042959427208
0.798926014319809
1.4027446300716
0.952625298329356
1.01026252983294
0.947136038186157
1.38353221957041
1.94892601431981
1.13377088305489
1.03770883054893
0.96909307875895
0.840095465393795
0.571121718377088
1.1173031026253
0.628758949880668
0.774224343675418
4.93233890214797
1.64152744630072
0.617780429594272
1.19964200477327
0.955369928400955
0.76873508353222
0.922434367541766
1.37804295942721
1.08436754176611
0.33508353221957
0.455847255369928
0.831861575178998
2.61038186157518
0.993794749403341
1.45214797136038
2.29200477326969
1.60310262529833
0.930668257756563
0.636992840095465
0.59582338902148
1.09534606205251
1.06241050119332
1.71837708830549
1.14749403341289
2.17124105011933
1.36980906921241
1.4082338902148
1.26825775656325
0.875775656324582
1.00477326968974
0.93890214797136
4.57553699284009
0.8236276849642
1.50155131264916
0.974582338902148
0.601312649164678
1.26276849642005
2.5582338902148
1.22159904534606
0.617780429594272
1.05417661097852
0.892243436754177
0.601312649164678
2.33042959427208
0.848329355608592
1.6881861575179
0.933412887828162
1.51252983293556
0.678162291169451
1.24904534606205
0.744033412887828
1.0980906921241
0.70835322195704
1.71837708830549
1.02124105011933
1.18317422434368
1.06241050119332
1.29570405727924
0.230787589498807
1.08162291169451
3.6835322195704
0.914200477326969
0.587589498806683
1.22708830548926
1.20238663484487
2.46217183770883
0.974582338902148
0.878520286396181
0.837350835322196
0.521718377088305
0.787947494033413
0.955369928400955
0.62326968973747
1.03221957040573
0.604057279236277
1.31491646778043
1.02398568019093
2.19045346062052
1.28198090692124
1.57840095465394
0.62326968973747
0.980071599045346
1.42744630071599
1.29844868735084
1.26002386634845
1.1063245823389
6.89200477326969
1.34510739856802
0.958114558472554
1.33412887828162
0.787947494033413
0.304892601431981
0.727565632458234
0.812649164677804
0.617780429594272
1.01300715990453
1.66897374701671
0.691885441527446
1.45489260143198
1.90775656324582
0.609546539379475
1.13377088305489
0.573866348448687
2.34689737470167
0.702863961813842
1.1200477326969
1.3972553699284
0.554653937947494
0.993794749403341
1.23257756563246
1.1035799522673
1.30668257756563
0.683651551312649
0.79618138424821
0.697374701670644
1.08436754176611
0.612291169451074
3.51336515513126
1.28747016706444
0.79618138424821
1.05692124105012
0.982816229116945
0.845584725536993
0.985560859188544
0.776968973747017
1.1035799522673
2.05596658711217
1.20238663484487
1.6854415274463
0.636992840095465
1.1008353221957
0.933412887828162
1.51252983293556
1.44391408114558
1.09260143198091
1.07613365155131
1.26276849642005
1.01026252983294
1.74033412887828
0.842840095465394
0.0853221957040573
0.826372315035799
1.64976133651551
1.16121718377088
1.79522673031026
1.53174224343675
0.916945107398568
1.3890214797136
1.1008353221957
0.488782816229117
0.741288782816229
0.733054892601432
0.765990453460621
1.05966587112172
1.4
1.16396181384248
1.12828162291169
1.17494033412888
1.02398568019093
0.914200477326969
1.52625298329356
1.58389021479714
2.59665871121718
0.774224343675418
1.20513126491647
1.89677804295943
1.1118138424821
2.19594272076372
0.615035799522673
3.15381861575179
0.974582338902148
0.779713603818616
0.658949880668258
0.884009546539379
0.705608591885441
2.8354415274463
0.927923627684964
1.82816229116945
0.776968973747017
2.68723150357995
2.08066825775656
1.65525059665871
1.05417661097852
0.988305489260143
1.78973747016706
0.79618138424821
0.980071599045346
0.980071599045346
1.30393794749403
0.735799522673031
0.59307875894988
0.991050119331742
2.36610978520286
1.01575178997613
1.21336515513126
0.529952267303103
0.867541766109785
0.779713603818616
0.837350835322196
1.70739856801909
0.631503579952267
0.925178997613365
0.669928400954654
0.779713603818616
0.771479713603819
0.667183770883055
0.99653937947494
0.669928400954654
0.96909307875895
1.28747016706444
0.804415274463007
1.35059665871122
1.6744630071599
2.41825775656325
0.96909307875895
0.730310262529833
0.93890214797136
1.63603818615752
0.686396181384248
1.01849642004773
1.37804295942721
1.1090692124105
1.1090692124105
0.557398568019093
1.37255369928401
0.774224343675418
0.93890214797136
0.845584725536993
1.35059665871122
1.52899761336515
1.6744630071599
1.06515513126492
3.93329355608592
1.17219570405728
0.8236276849642
1.04045346062053
0.859307875894988
1.22708830548926
1.1227923627685
1.93520286396181
1.65799522673031
0.848329355608592
1.1255369928401
1.91050119331742
0.894988066825776
2.07792362768496
0.99653937947494
1.35059665871122
2.04498806682578
1.20787589498807
1.18591885441527
0.763245823389021
1.78424821002387
1.28747016706444
0.702863961813842
0.947136038186157
1.15298329355609
1.05692124105012
0.724821002386635
0.889498806682578
0.812649164677804
1.21336515513126
0.785202863961814
0.947136038186157
2.19319809069212
1.44665871121718
0.977326968973747
0.650715990453461
2.14653937947494
0.669928400954654
0.933412887828162
0.359785202863962
1.43293556085919
0.576610978520286
1.37255369928401
0.826372315035799
0.642482100238663
3.94427207637231
0.667183770883055
2.89307875894988
1.04594272076372
0.716587112171838
0.587589498806683
1.27100238663484
2.52529832935561
1.59486873508353
3.18400954653938
1.05143198090692
0.719331742243437
1.74856801909308
0.554653937947494
0.944391408114558
1.00751789976134
1.02947494033413
1.91599045346062
1.06241050119332
1.22434367541766
1.56467780429594
0.903221957040573
3.53532219570406
2.99463007159905
1.6936754176611
1.04868735083532
1.36980906921241
1.76503579952267
0.68090692124105
1.6936754176611
0.966348448687351
1.71563245823389
0.763245823389021
0.812649164677804
0.980071599045346
0.971837708830549
2.5472553699284
1.25178997613365
