0.285680190930788
0.315871121718377
0.200596658711217
0.387231503579952
0.0359188544152745
0.244510739856802
0.22255369928401
0.318615751789976
0.573866348448687
0.131980906921241
0.376252983293556
0.27744630071599
0.304892601431981
0.19236276849642
0.252744630071599
0.0880668257756563
0.197852028639618
0.606801909307876
0.129236276849642
0.340572792362768
0.186873508353222
0.324105011933174
0.0221957040572792
0.225298329355609
0.280190930787589
0.151193317422434
0.140214797136038
0.247255369928401
0.162171837708831
0.362529832935561
0.400954653937947
0.184128878281623
0.313126491646778
0.400954653937947
0.329594272076372
0.0496420047732697
0.324105011933174
0.0908114558472554
0.466825775656324
0.175894988066826
0.162171837708831
0.071599045346062
0.453102625298329
0.527207637231504
0.771479713603819
0.329594272076372
0.348806682577566
0.274701670644391
0.263723150357995
0.071599045346062
0.433890214797136
0.348806682577566
0.13472553699284
0.315871121718377
0.129236276849642
0.266467780429594
0.19236276849642
0.0221957040572792
0.27744630071599
0.167661097852029
0.582100238663484
0.455847255369928
0.0194510739856802
0.0386634844868735
0.0139618138424821
0.387231503579952
0.186873508353222
0.115513126491647
0.13472553699284
0.252744630071599
0.0935560859188544
0.280190930787589
0.505250596658711
0.291169451073986
0.33508353221957
0.389976133651551
0.299403341288783
0.299403341288783
0.208830548926014
0.173150357995227
0.549164677804296
0.433890214797136
0.271957040572792
0.0743436754176611
0.0139618138424821
0.104534606205251
0.554653937947494
0.0112171837708831
0.318615751789976
0.439379474940334
0.203341288782816
0.16491646778043
0.274701670644391
0.233532219570406
0.186873508353222
0.417422434367542
0.27744630071599
0.332338902147971
0.148448687350835
0.244510739856802
0.453102625298329
0.406443914081145
0.42291169451074
0.066109785202864
0.071599045346062
0.373508353221957
0.477804295942721
0.497016706443914
0.0249403341288783
0.461336515513126
0.200596658711217
0.321360381861575
0.142959427207637
0.50799522673031
0.461336515513126
4.91587112171838
0.45035799522673
0.636992840095465
0.233532219570406
0.263723150357995
0.22255369928401
0.203341288782816
1.3890214797136
0.159427207637232
0.22255369928401
0.19236276849642
0.239021479713604
0.436634844868735
0.571121718377088
0.428400954653938
0.33508353221957
0.45035799522673
0.274701670644391
0.362529832935561
0.126491646778043
0.233532219570406
0.442124105011933
0.274701670644391
0.175894988066826
0.126491646778043
0.16491646778043
0.551909307875895
0.417422434367542
0.502505966587112
0.62326968973747
0.195107398568019
0.25
0.387231503579952
0.576610978520286
0.148448687350835
0.184128878281623
0.398210023866348
0.285680190930788
0.343317422434367
0.384486873508353
0.178639618138425
0.0853221957040573
0.269212410501193
0.252744630071599
0.425656324582339
0.241766109785203
0.071599045346062
0.324105011933174
0.16491646778043
0.255489260143198
0.0798329355608592
0.431145584725537
0.260978520286396
0.0853221957040573
0.269212410501193
0.45035799522673
0.140214797136038
0.340572792362768
0.357040572792363
0.0990453460620525
0.368019093078759
0.414677804295943
0.142959427207637
0.140214797136038
0.241766109785203
0.162171837708831
0.260978520286396
0.403699284009546
0.230787589498807
0.513484486873508
0.604057279236277
0.0880668257756563
0.604057279236277
0.25
0.299403341288783
0.162171837708831
0.211575178997613
0.22255369928401
0.140214797136038
0.203341288782816
0.271957040572792
0.217064439140811
0.241766109785203
0.170405727923628
0.444868735083532
0.195107398568019
0.115513126491647
0.260978520286396
0.420167064439141
0.431145584725537
0.170405727923628
0.0908114558472554
0.30763723150358
0.549164677804296
0.230787589498807
0.505250596658711
0.458591885441527
0.145704057279236
0.186873508353222
0.362529832935561
0.19236276849642
0.206085918854415
0.252744630071599
0.0331742243436754
0.184128878281623
0.389976133651551
0.332338902147971
0.472315035799523
0.359785202863962
0.173150357995227
0.505250596658711
0.156682577565632
0.175894988066826
0.634248210023866
0.0990453460620525
0.313126491646778
0.068854415274463
0.324105011933174
0.0276849642004773
0.206085918854415
0.878520286396181
0.398210023866348
0.337828162291169
0.0935560859188544
0.0304295942720764
0.0194510739856802
0.444868735083532
0.189618138424821
0.217064439140811
0.288424821002387
0.442124105011933
0.071599045346062
0.291169451073986
0.313126491646778
0.214319809069212
0.477804295942721
0.162171837708831
0.184128878281623
0.208830548926014
0.288424821002387
0.0249403341288783
0.0359188544152745
0.211575178997613
0.362529832935561
0.639737470167064
0.302147971360382
0.313126491646778
0.45035799522673
0.321360381861575
0.801670644391408
0.326849642004773
0.540930787589499
0.329594272076372
0.458591885441527
0.733054892601432
1.02947494033413
0.228042959427208
0.486038186157518
0.068854415274463
0.389976133651551
0.228042959427208
0.247255369928401
0.228042959427208
0.271957040572792
0.225298329355609
0.288424821002387
0.200596658711217
0.647971360381861
0.48054892601432
0.571121718377088
0.159427207637232
0.175894988066826
0.65346062052506
0.101789976133652
0.121002386634845
0.252744630071599
0.159427207637232
0.151193317422434
0.713842482100239
0.411933174224344
0.42291169451074
0.348806682577566
0.112768496420048
0.260978520286396
0.387231503579952
0.266467780429594
0.403699284009546
0.378997613365155
0.178639618138425
0.59582338902148
0.148448687350835
0.129236276849642
0.351551312649165
0.271957040572792
0.436634844868735
0.411933174224344
0.573866348448687
0.524463007159904
0.313126491646778
0.455847255369928
0.230787589498807
0.228042959427208
0.159427207637232
0.206085918854415
0.359785202863962
0.293914081145585
0.551909307875895
0.513484486873508
0.195107398568019
0.326849642004773
0.230787589498807
0.381742243436754
0.208830548926014
0.197852028639618
0.299403341288783
0.362529832935561
0.252744630071599
2.05322195704057
0.332338902147971
0.571121718377088
0.431145584725537
0.436634844868735
0.601312649164678
0.252744630071599
0.27744630071599
0.131980906921241
0.0743436754176611
0.225298329355609
0.562887828162291
0.211575178997613
0.252744630071599
0.068854415274463
0.45035799522673
0.228042959427208
0.206085918854415
0.206085918854415
0.324105011933174
0.343317422434367
0.444868735083532
0.0633651551312649
0.0441527446300716
0.0825775656324582
0.318615751789976
0.313126491646778
0.453102625298329
0.258233890214797
0.27744630071599
0.387231503579952
0.203341288782816
0.582100238663484
0.118257756563246
0.502505966587112
0.414677804295943
0.439379474940334
0.195107398568019
0.417422434367542
0.99653937947494
0.304892601431981
0.0770883054892601
0.0304295942720764
0.33508353221957
0.310381861575179
0.414677804295943
0.417422434367542
0.321360381861575
0.186873508353222
0.431145584725537
0.0551312649164678
0.304892601431981
0.153937947494033
0.464081145584725
0.274701670644391
0.326849642004773
0.178639618138425
0.302147971360382
0.244510739856802
0.45035799522673
0.447613365155131
0.285680190930788
0.233532219570406
0.225298329355609
0.359785202863962
0.173150357995227
0.598568019093079
0.302147971360382
0.804415274463007
0.260978520286396
0.332338902147971
0.27744630071599
0.066109785202864
0.173150357995227
0.266467780429594
0.0908114558472554
0.318615751789976
0.362529832935561
0.505250596658711
0.469570405727924
0.244510739856802
0.420167064439141
0.510739856801909
0.288424821002387
0.488782816229117
0.0908114558472554
0.406443914081145
0.329594272076372
1.13102625298329
0.288424821002387
0.266467780429594
0.782458233890215
0.494272076372315
0.324105011933174
0.33508353221957
0.225298329355609
0.123747016706444
0.321360381861575
0.10727923627685
0.400954653937947
0.211575178997613
0.521718377088305
0.203341288782816
0.260978520286396
0.266467780429594
1.26825775656325
0.373508353221957
0.381742243436754
0.357040572792363
0.233532219570406
0.167661097852029
0.362529832935561
0.455847255369928
0.206085918854415
0.22255369928401
0.337828162291169
0.387231503579952
0.370763723150358
0.469570405727924
0.321360381861575
0.378997613365155
0.159427207637232
0.755011933174224
0.282935560859189
0.56563245823389
0.123747016706444
0.499761336515513
0.483293556085919
0.217064439140811
0.604057279236277
0.348806682577566
0.266467780429594
0.252744630071599
0.271957040572792
0.389976133651551
0.0743436754176611
0.411933174224344
0.162171837708831
0.189618138424821
0.22255369928401
0.071599045346062
0.285680190930788
0.568377088305489
0.612291169451074
0.241766109785203
0.313126491646778
0.524463007159904
0.403699284009546
0.395465393794749
0.546420047732697
0.373508353221957
0.230787589498807
0.0963007159904535
0.384486873508353
0.214319809069212
0.406443914081145
0.461336515513126
0.214319809069212
0.22255369928401
0.189618138424821
0.760501193317422
0.156682577565632
0.590334128878282
0.13472553699284
0.25
0.326849642004773
0.214319809069212
0.337828162291169
0.280190930787589
0.33508353221957
0.230787589498807
0.288424821002387
0.551909307875895
0.233532219570406
0.129236276849642
0.337828162291169
0.840095465393795
0.27744630071599
0.590334128878282
0.631503579952267
0.239021479713604
0.313126491646778
0.195107398568019
0.414677804295943
0.494272076372315
0.389976133651551
0.634248210023866
0.121002386634845
0.313126491646778
0.255489260143198
0.214319809069212
0.513484486873508
0.0496420047732697
0.0743436754176611
0.0963007159904535
0.252744630071599
0.203341288782816
0.455847255369928
0.755011933174224
0.302147971360382
0.436634844868735
0.0194510739856802
0.417422434367542
0.285680190930788
0.348806682577566
0.400954653937947
0.225298329355609
0.324105011933174
0.378997613365155
0.59307875894988
0.332338902147971
0.271957040572792
0.315871121718377
0.25
0.486038186157518
0.162171837708831
0.104534606205251
0.19236276849642
0.0249403341288783
0.557398568019093
0.233532219570406
0.436634844868735
0.115513126491647
0.217064439140811
0.173150357995227
0.25
0.104534606205251
0.499761336515513
0.151193317422434
0.488782816229117
0.683651551312649
1.05143198090692
0.258233890214797
0.669928400954654
0.296658711217184
0.384486873508353
0.104534606205251
0.258233890214797
0.326849642004773
1.07887828162291
0.25
0.293914081145585
0.299403341288783
0.387231503579952
0.285680190930788
0.269212410501193
0.200596658711217
0.318615751789976
0.288424821002387
0.524463007159904
0.0825775656324582
0.425656324582339
0.291169451073986
0.645226730310262
0.203341288782816
0.288424821002387
0.453102625298329
0.346062052505967
0.140214797136038
0.285680190930788
0.225298329355609
0.0880668257756563
0.329594272076372
0.527207637231504
0.321360381861575
0.225298329355609
0.351551312649165
0.36527446300716
0.576610978520286
0.318615751789976
0.516229116945107
0.42291169451074
0.145704057279236
0.302147971360382
0.411933174224344
0.241766109785203
0.0853221957040573
0.217064439140811
0.0743436754176611
0.518973747016706
0.145704057279236
0.469570405727924
0.354295942720764
0.142959427207637
0.760501193317422
0.211575178997613
0.425656324582339
0.444868735083532
0.313126491646778
0.269212410501193
0.219809069212411
0.370763723150358
0.247255369928401
0.442124105011933
0.173150357995227
0.173150357995227
0.318615751789976
0.346062052505967
0.647971360381861
0.313126491646778
0.236276849642005
0.326849642004773
0.505250596658711
0.70835322195704
0.285680190930788
0.129236276849642
0.197852028639618
0.313126491646778
0.184128878281623
0.406443914081145
0.672673031026253
0.321360381861575
0.186873508353222
0.966348448687351
0.56563245823389
0.33508353221957
0.263723150357995
0.524463007159904
0.219809069212411
0.546420047732697
0.351551312649165
0.104534606205251
0.206085918854415
0.184128878281623
0.483293556085919
0.13472553699284
0.420167064439141
0.384486873508353
0.36527446300716
0.299403341288783
0.417422434367542
0.612291169451074
0.431145584725537
0.464081145584725
0.373508353221957
0.0633651551312649
0.271957040572792
0.0276849642004773
0.343317422434367
0.189618138424821
0.376252983293556
0.348806682577566
0.318615751789976
1.08711217183771
0.181384248210024
0.403699284009546
0.425656324582339
0.420167064439141
0.505250596658711
0.376252983293556
0.357040572792363
0.414677804295943
0.617780429594272
0.455847255369928
0.337828162291169
0.181384248210024
0.140214797136038
0.587589498806683
0.340572792362768
0.200596658711217
0.258233890214797
0.16491646778043
0.0606205250596659
0.25
0.208830548926014
0.282935560859189
0.387231503579952
0.269212410501193
0.280190930787589
0.516229116945107
0.332338902147971
0.433890214797136
0.230787589498807
0.310381861575179
0.115513126491647
0.381742243436754
0.0963007159904535
0.239021479713604
0.332338902147971
0.381742243436754
0.0963007159904535
0.368019093078759
0.609546539379475
0.351551312649165
0.200596658711217
0.269212410501193
0.604057279236277
0.315871121718377
0.436634844868735
0.0935560859188544
0.376252983293556
0.601312649164678
0.118257756563246
0.101789976133652
0.241766109785203
0.274701670644391
0.36527446300716
0.167661097852029
0.151193317422434
0.181384248210024
0.195107398568019
0.395465393794749
0.689140811455847
0.142959427207637
0.678162291169451
0.428400954653938
0.203341288782816
0.10727923627685
0.162171837708831
0.145704057279236
0.167661097852029
0.274701670644391
0.178639618138425
0.0743436754176611
0.411933174224344
0.288424821002387
1.1090692124105
0.313126491646778
0.359785202863962
0.299403341288783
0.274701670644391
0.181384248210024
0.151193317422434
5.34677804295943
0.214319809069212
0.184128878281623
0.36527446300716
0.115513126491647
0.219809069212411
0.398210023866348
0.315871121718377
0.22255369928401
0.458591885441527
0.357040572792363
0.475059665871122
0.65346062052506
1.63878281622912
0.354295942720764
0.181384248210024
0.299403341288783
0.45035799522673
0.0853221957040573
0.354295942720764
0.395465393794749
0.110023866348449
0.142959427207637
0.340572792362768
0.101789976133652
0.436634844868735
0.178639618138425
0.291169451073986
0.195107398568019
0.263723150357995
0.291169451073986
0.173150357995227
0.27744630071599
0.444868735083532
0.590334128878282
0.617780429594272
0.0880668257756563
0.340572792362768
0.151193317422434
0.557398568019093
0.195107398568019
0.491527446300716
0.302147971360382
0.129236276849642
0.527207637231504
0.0853221957040573
0.428400954653938
0.137470167064439
0.497016706443914
0.19236276849642
0.131980906921241
0.271957040572792
0.497016706443914
0.30763723150358
0.206085918854415
0.173150357995227
0.5381861575179
0.269212410501193
0.0139618138424821
0.0523866348448687
0.181384248210024
0.639737470167064
0.518973747016706
0.181384248210024
0.0743436754176611
0.557398568019093
0.310381861575179
0.477804295942721
0.181384248210024
0.453102625298329
0.5381861575179
0.76873508353222
0.389976133651551
0.324105011933174
0.299403341288783
0.370763723150358
0.442124105011933
0.288424821002387
0.48054892601432
0.302147971360382
0.453102625298329
0.354295942720764
0.208830548926014
0.302147971360382
0.214319809069212
0.491527446300716
0.354295942720764
0.269212410501193
0.252744630071599
1.27649164677804
0.346062052505967
1.26551312649165
0.324105011933174
0.340572792362768
0.343317422434367
0.521718377088305
0.230787589498807
0.444868735083532
0.647971360381861
0.252744630071599
0.112768496420048
0.269212410501193
0.247255369928401
0.263723150357995
0.420167064439141
0.170405727923628
0.326849642004773
0.16491646778043
0.343317422434367
0.236276849642005
0.241766109785203
0.291169451073986
0.315871121718377
0.48054892601432
0.156682577565632
0.400954653937947
0.156682577565632
0.19236276849642
0.00298329355608592
0.518973747016706
0.752267303102625
0.0990453460620525
0.400954653937947
0.299403341288783
0.409188544152745
0.170405727923628
0.513484486873508
0.373508353221957
0.145704057279236
0.590334128878282
0.299403341288783
0.373508353221957
0.266467780429594
0.219809069212411
0.469570405727924
0.0304295942720764
0.244510739856802
0.30763723150358
0.513484486873508
0.765990453460621
0.140214797136038
0.230787589498807
0.357040572792363
0.13472553699284
0.411933174224344
0.153937947494033
0.266467780429594
0.0880668257756563
0.340572792362768
0.313126491646778
0.694630071599045
0.197852028639618
0.472315035799523
0.140214797136038
0.340572792362768
0.373508353221957
0.247255369928401
0.324105011933174
0.27744630071599
0.260978520286396
0.225298329355609
0.0221957040572792
0.291169451073986
0.285680190930788
0.357040572792363
0.0963007159904535
0.219809069212411
0.189618138424821
0.110023866348449
0.129236276849642
0.36527446300716
0.88126491646778
0.337828162291169
0.837350835322196
0.27744630071599
0.200596658711217
0.324105011933174
0.203341288782816
0.208830548926014
0.159427207637232
0.291169451073986
0.337828162291169
0.560143198090692
0.310381861575179
0.197852028639618
0.066109785202864
0.258233890214797
0.488782816229117
0.208830548926014
0.33508353221957
0.606801909307876
0.373508353221957
0.326849642004773
0.0963007159904535
0.527207637231504
0.370763723150358
0.529952267303103
0.560143198090692
0.255489260143198
0.384486873508353
0.656205250596659
0.121002386634845
0.368019093078759
0.230787589498807
0.340572792362768
0.524463007159904
0.175894988066826
0.400954653937947
0.236276849642005
0.271957040572792
0.0194510739856802
0.126491646778043
0.387231503579952
0.774224343675418
0.208830548926014
0.186873508353222
0.856563245823389
0.110023866348449
0.472315035799523
0.219809069212411
0.233532219570406
0.167661097852029
0.00847255369928401
0.181384248210024
0.571121718377088
0.0908114558472554
0.285680190930788
0.389976133651551
0.411933174224344
0.27744630071599
0.129236276849642
0.175894988066826
0.228042959427208
0.101789976133652
0.225298329355609
0.110023866348449
0.439379474940334
0.173150357995227
0.25
0.274701670644391
0.357040572792363
0.0386634844868735
0.406443914081145
0.546420047732697
0.326849642004773
0.239021479713604
0.13472553699284
0.532696897374702
0.203341288782816
0.497016706443914
0.151193317422434
0.0606205250596659
0.549164677804296
0.568377088305489
0.0551312649164678
0.343317422434367
0.315871121718377
0.228042959427208
0.318615751789976
0.411933174224344
0.636992840095465
0.247255369928401
0.30763723150358
0.321360381861575
0.0908114558472554
0.304892601431981
0.0139618138424821
0.601312649164678
0.255489260143198
0.184128878281623
0.368019093078759
0.56563245823389
0.560143198090692
0.195107398568019
0.285680190930788
0.16491646778043
0.477804295942721
0.285680190930788
0.140214797136038
0.62326968973747
0.612291169451074
0.48054892601432
0.346062052505967
0.129236276849642
0.274701670644391
0.167661097852029
0.343317422434367
0.354295942720764
0.173150357995227
0.302147971360382
0.464081145584725
0.782458233890215
0.661694510739857
0.455847255369928
0.494272076372315
0.175894988066826
0.145704057279236
0.156682577565632
0.359785202863962
0.359785202863962
0.110023866348449
0.765990453460621
0.296658711217184
0.112768496420048
0.214319809069212
0.197852028639618
0.0331742243436754
0.359785202863962
0.362529832935561
0.475059665871122
0.247255369928401
0.373508353221957
0.241766109785203
0.411933174224344
0.384486873508353
0.175894988066826
0.159427207637232
0.5381861575179
0.211575178997613
0.359785202863962
0.431145584725537
0.39272076372315
0.129236276849642
0.282935560859189
0.455847255369928
0.562887828162291
0.395465393794749
0.258233890214797
0.362529832935561
0.274701670644391
0.464081145584725
0.255489260143198
0.837350835322196
0.244510739856802
0.453102625298329
0.425656324582339
0.228042959427208
0.129236276849642
0.453102625298329
0.239021479713604
0.475059665871122
1.60035799522673
0.230787589498807
0.315871121718377
0.351551312649165
0.302147971360382
0.368019093078759
0.206085918854415
0.19236276849642
0.175894988066826
0.184128878281623
0.417422434367542
0.0221957040572792
0.280190930787589
0.0963007159904535
0.000238663484486879
0.189618138424821
0.529952267303103
0.129236276849642
0.148448687350835
0.208830548926014
0.340572792362768
0.22255369928401
0.247255369928401
0.0825775656324582
0.354295942720764
0.636992840095465
0.343317422434367
0.142959427207637
0.203341288782816
0.513484486873508
0.200596658711217
0.0359188544152745
0.403699284009546
0.0359188544152745
0.532696897374702
1.08985680190931
0.255489260143198
0.615035799522673
0.203341288782816
0.472315035799523
0.0798329355608592
0.343317422434367
0.346062052505967
0.362529832935561
0.159427207637232
0.354295942720764
0.19236276849642
0.395465393794749
0.236276849642005
0.39272076372315
0.280190930787589
0.181384248210024
0.200596658711217
0.288424821002387
0.370763723150358
0.219809069212411
0.357040572792363
0.118257756563246
0.475059665871122
0.466825775656324
0.186873508353222
0.178639618138425
0.203341288782816
0.282935560859189
0.189618138424821
0.513484486873508
0.332338902147971
0.291169451073986
0.398210023866348
0.10727923627685
0.25
0.00572792362768497
0.151193317422434
0.173150357995227
0.359785202863962
0.0578758949880668
0.351551312649165
1.80346062052506
0.472315035799523
0.442124105011933
0.483293556085919
0.214319809069212
0.527207637231504
0.425656324582339
0.211575178997613
0.453102625298329
0.123747016706444
0.280190930787589
0.217064439140811
0.510739856801909
0.373508353221957
0.0276849642004773
0.0441527446300716
0.384486873508353
0.101789976133652
0.266467780429594
0.518973747016706
0.466825775656324
0.230787589498807
0.475059665871122
0.497016706443914
0.477804295942721
0.497016706443914
0.0633651551312649
0.266467780429594
0.22255369928401
0.211575178997613
0.444868735083532
0.230787589498807
0.820883054892601
0.206085918854415
0.370763723150358
0.239021479713604
0.381742243436754
0.0468973747016706
0.351551312649165
0.110023866348449
0.359785202863962
0.0743436754176611
0.461336515513126
0.184128878281623
0.373508353221957
0.494272076372315
0.137470167064439
0.0112171837708831
0.293914081145585
0.0935560859188544
0.343317422434367
0.442124105011933
0.228042959427208
0.540930787589499
0.378997613365155
0.505250596658711
0.406443914081145
0.33508353221957
0.274701670644391
0.771479713603819
0.332338902147971
0.584844868735083
0.315871121718377
0.0825775656324582
0.22255369928401
0.066109785202864
0.406443914081145
0.406443914081145
0.175894988066826
0.296658711217184
0.546420047732697
0.263723150357995
0.469570405727924
0.48054892601432
0.274701670644391
0.321360381861575
0.428400954653938
0.274701670644391
0.505250596658711
0.340572792362768
0.208830548926014
0.244510739856802
0.244510739856802
0.299403341288783
0.247255369928401
0.214319809069212
0.104534606205251
0.142959427207637
0.535441527446301
0.156682577565632
0.121002386634845
0.348806682577566
0.217064439140811
0.170405727923628
0.269212410501193
0.464081145584725
0.669928400954654
0.101789976133652
0.266467780429594
0.376252983293556
0.351551312649165
1.05966587112172
0.181384248210024
0.0414081145584726
0.431145584725537
0.321360381861575
0.0743436754176611
0.617780429594272
0.197852028639618
0.436634844868735
0.269212410501193
0.0468973747016706
0.162171837708831
0.121002386634845
0.505250596658711
0.384486873508353
0.296658711217184
0.411933174224344
0.16491646778043
0.269212410501193
0.324105011933174
0.486038186157518
0.233532219570406
0.0578758949880668
0.310381861575179
0.368019093078759
0.252744630071599
0.217064439140811
0.513484486873508
0.162171837708831
0.269212410501193
0.378997613365155
0.228042959427208
0.162171837708831
0.615035799522673
0.406443914081145
0.439379474940334
0.368019093078759
0.370763723150358
0.271957040572792
0.0249403341288783
0.727565632458234
0.576610978520286
0.30763723150358
0.299403341288783
0.381742243436754
0.126491646778043
0.348806682577566
0.818138424821002
0.0194510739856802
0.131980906921241
0.787947494033413
0.167661097852029
0.376252983293556
0.244510739856802
0.260978520286396
0.25
0.258233890214797
0.604057279236277
0.0304295942720764
0.110023866348449
0.25
0.140214797136038
0.208830548926014
0.189618138424821
0.727565632458234
0.131980906921241
0.321360381861575
0.241766109785203
0.170405727923628
0.25
0.348806682577566
0.206085918854415
0.313126491646778
0.447613365155131
0.42291169451074
0.442124105011933
0.211575178997613
0.453102625298329
0.464081145584725
0.442124105011933
0.376252983293556
0.326849642004773
0.10727923627685
0.516229116945107
0.0770883054892601
0.214319809069212
0.318615751789976
0.233532219570406
0.409188544152745
0.310381861575179
0.145704057279236
0.359785202863962
0.263723150357995
0.804415274463007
0.562887828162291
0.346062052505967
0.131980906921241
0.288424821002387
0.247255369928401
0.357040572792363
0.436634844868735
0.186873508353222
2.06420047732697
0.395465393794749
0.293914081145585
0.36527446300716
0.461336515513126
0.302147971360382
0.428400954653938
0.337828162291169
0.370763723150358
0.0963007159904535
0.0578758949880668
0.733054892601432
0.101789976133652
0.181384248210024
0.477804295942721
0.186873508353222
0.140214797136038
0.626014319809069
0.384486873508353
0.178639618138425
0.461336515513126
0.0523866348448687
0.110023866348449
0.494272076372315
0.354295942720764
0.0770883054892601
0.189618138424821
0.357040572792363
0.524463007159904
0.0825775656324582
0.178639618138425
0.0908114558472554
0.219809069212411
0.469570405727924
0.258233890214797
0.428400954653938
0.0441527446300716
0.195107398568019
0.73854415274463
0.167661097852029
0.25
0.45035799522673
0.0908114558472554
0.269212410501193
0.189618138424821
0.178639618138425
0.442124105011933
0.787947494033413
0.417422434367542
0.200596658711217
0.068854415274463
0.59582338902148
0.195107398568019
0.299403341288783
0.181384248210024
0.219809069212411
0.381742243436754
0.645226730310262
0.288424821002387
0.540930787589499
0.483293556085919
0.181384248210024
0.557398568019093
0.472315035799523
0.228042959427208
0.0798329355608592
0.329594272076372
0.48054892601432
0.170405727923628
0.266467780429594
0.524463007159904
0.409188544152745
0.22255369928401
0.269212410501193
0.348806682577566
0.244510739856802
0.381742243436754
0.214319809069212
0.357040572792363
0.110023866348449
0.129236276849642
0.211575178997613
0.219809069212411
0.702863961813842
0.33508353221957
0.373508353221957
0.266467780429594
0.722076372315036
0.274701670644391
0.609546539379475
0.175894988066826
0.296658711217184
0.0825775656324582
0.0963007159904535
0.329594272076372
0.258233890214797
0.398210023866348
0.200596658711217
0.381742243436754
0.217064439140811
0.200596658711217
0.266467780429594
0.203341288782816
0.271957040572792
0.351551312649165
0.189618138424821
0.123747016706444
0.387231503579952
0.453102625298329
0.112768496420048
0.126491646778043
0.22255369928401
0.208830548926014
0.417422434367542
0.313126491646778
0.368019093078759
0.340572792362768
0.378997613365155
0.271957040572792
0.582100238663484
0.420167064439141
0.313126491646778
0.0990453460620525
0.123747016706444
0.148448687350835
0.359785202863962
0.110023866348449
0.36527446300716
0.236276849642005
0.348806682577566
0.302147971360382
0.368019093078759
0.263723150357995
0.346062052505967
0.255489260143198
0.131980906921241
0.110023866348449
0.400954653937947
0.466825775656324
0.25
0.22255369928401
0.271957040572792
0.271957040572792
0.0853221957040573
0.175894988066826
0.313126491646778
0.151193317422434
0.178639618138425
0.313126491646778
0.337828162291169
0.546420047732697
0.310381861575179
0.343317422434367
0.244510739856802
0.293914081145585
0.0523866348448687
0.148448687350835
0.214319809069212
0.16491646778043
0.299403341288783
0.716587112171838
0.332338902147971
0.357040572792363
0.228042959427208
0.313126491646778
0.230787589498807
0.50799522673031
0.153937947494033
0.170405727923628
0.400954653937947
0.175894988066826
0.447613365155131
0.546420047732697
0.156682577565632
0.442124105011933
0.497016706443914
0.779713603818616
0.230787589498807
0.33508353221957
0.285680190930788
0.39272076372315
0.282935560859189
0.104534606205251
0.184128878281623
0.381742243436754
0.324105011933174
0.609546539379475
0.0578758949880668
0.233532219570406
0.27744630071599
0.864797136038186
0.433890214797136
0.304892601431981
0.16491646778043
0.332338902147971
0.464081145584725
0.324105011933174
0.30763723150358
0.357040572792363
0.793436754176611
0.439379474940334
0.453102625298329
0.25
0.368019093078759
0.230787589498807
0.266467780429594
0.529952267303103
0.291169451073986
0.414677804295943
0.634248210023866
0.318615751789976
0.236276849642005
0.244510739856802
0.184128878281623
0.271957040572792
0.376252983293556
0.184128878281623
0.0963007159904535
0.0496420047732697
0.455847255369928
0.763245823389021
0.321360381861575
0.428400954653938
0.499761336515513
0.206085918854415
0.0743436754176611
0.497016706443914
0.16491646778043
0.258233890214797
0.0908114558472554
0.381742243436754
0.606801909307876
0.332338902147971
0.118257756563246
0.112768496420048
0.425656324582339
0.129236276849642
0.304892601431981
0.343317422434367
0.0139618138424821
0.321360381861575
0.439379474940334
0.219809069212411
0.241766109785203
0.211575178997613
0.260978520286396
0.228042959427208
0.225298329355609
0.39272076372315
0.735799522673031
0.403699284009546
0.140214797136038
0.678162291169451
0.343317422434367
0.636992840095465
0.162171837708831
0.436634844868735
0.217064439140811
0.59582338902148
0.293914081145585
0.189618138424821
0.142959427207637
0.195107398568019
0.137470167064439
0.33508353221957
0.560143198090692
0.33508353221957
0.304892601431981
0.650715990453461
0.431145584725537
0.293914081145585
0.175894988066826
0.576610978520286
0.296658711217184
0.543675417661098
0.395465393794749
0.878520286396181
0.321360381861575
0.140214797136038
0.321360381861575
0.156682577565632
0.0825775656324582
0.197852028639618
0.398210023866348
0.444868735083532
0.776968973747017
0.324105011933174
0.384486873508353
0.425656324582339
0.293914081145585
0.110023866348449
0.258233890214797
0.189618138424821
0.16491646778043
0.239021479713604
0.285680190930788
0.244510739856802
0.299403341288783
0.10727923627685
0.354295942720764
0.455847255369928
0.167661097852029
0.291169451073986
0.27744630071599
0.36527446300716
0.499761336515513
0.178639618138425
0.417422434367542
0.332338902147971
0.584844868735083
0.0386634844868735
0.310381861575179
0.351551312649165
0.195107398568019
0.414677804295943
0.282935560859189
0.197852028639618
0.809904534606205
0.417422434367542
0.373508353221957
0.260978520286396
0.208830548926014
0.217064439140811
0.282935560859189
0.148448687350835
0.230787589498807
0.159427207637232
0.156682577565632
0.332338902147971
0.260978520286396
1.1200477326969
0.280190930787589
0.368019093078759
0.340572792362768
0.27744630071599
0.351551312649165
0.247255369928401
0.0935560859188544
0.0523866348448687
0.39272076372315
0.131980906921241
0.483293556085919
0.442124105011933
0.236276849642005
0.153937947494033
0.260978520286396
0.343317422434367
0.337828162291169
0.299403341288783
0.30763723150358
0.110023866348449
0.340572792362768
0.145704057279236
0.142959427207637
0.343317422434367
0.0853221957040573
0.189618138424821
0.554653937947494
0.650715990453461
0.30763723150358
0.384486873508353
0.439379474940334
0.137470167064439
0.239021479713604
0.529952267303103
0.142959427207637
0.302147971360382
0.16491646778043
0.178639618138425
0.0743436754176611
0.236276849642005
0.546420047732697
0.137470167064439
0.439379474940334
0.252744630071599
0.225298329355609
0.444868735083532
0.488782816229117
0.101789976133652
0.486038186157518
0.175894988066826
0.428400954653938
0.675417661097852
0.453102625298329
0.329594272076372
0.110023866348449
0.219809069212411
0.140214797136038
0.10727923627685
0.197852028639618
0.142959427207637
0.186873508353222
0.475059665871122
0.617780429594272
0.197852028639618
0.351551312649165
0.524463007159904
0.0798329355608592
0.560143198090692
0.315871121718377
0.239021479713604
0.439379474940334
0.282935560859189
0.340572792362768
0.376252983293556
0.291169451073986
0.636992840095465
0.167661097852029
0.129236276849642
0.258233890214797
0.178639618138425
0.348806682577566
0.258233890214797
0.354295942720764
0.343317422434367
0.206085918854415
0.230787589498807
0.535441527446301
0.302147971360382
0.217064439140811
0.324105011933174
0.181384248210024
0.776968973747017
0.274701670644391
0.206085918854415
0.348806682577566
0.228042959427208
0.39272076372315
0.332338902147971
0.260978520286396
0.524463007159904
0.464081145584725
0.532696897374702
0.36527446300716
0.186873508353222
0.431145584725537
0.148448687350835
0.211575178997613
0.5381861575179
0.184128878281623
0.258233890214797
0.101789976133652
0.280190930787589
0.33508353221957
0.0304295942720764
0.428400954653938
0.236276849642005
0.293914081145585
0.285680190930788
0.153937947494033
0.458591885441527
0.472315035799523
0.302147971360382
0.466825775656324
0.241766109785203
0.296658711217184
0.110023866348449
0.0825775656324582
0.000238663484486879
0.181384248210024
0.217064439140811
0.25
0.442124105011933
0.230787589498807
0.631503579952267
0.439379474940334
0.332338902147971
0.406443914081145
0.27744630071599
0.318615751789976
0.551909307875895
0.239021479713604
0.244510739856802
0.411933174224344
0.326849642004773
0.557398568019093
1.1063245823389
0.206085918854415
0.140214797136038
0.13472553699284
0.420167064439141
0.00298329355608592
0.878520286396181
0.343317422434367
0.159427207637232
0.140214797136038
0.546420047732697
0.91145584725537
0.33508353221957
0.225298329355609
0.189618138424821
0.118257756563246
0.400954653937947
0.269212410501193
0.299403341288783
0.304892601431981
0.244510739856802
0.50799522673031
0.269212410501193
0.329594272076372
0.175894988066826
0.195107398568019
0.351551312649165
0.214319809069212
0.318615751789976
0.483293556085919
0.442124105011933
0.370763723150358
0.230787589498807
0.296658711217184
0.142959427207637
0.195107398568019
0.45035799522673
0.258233890214797
0.425656324582339
0.241766109785203
0.137470167064439
0.389976133651551
0.175894988066826
0.985560859188544
0.145704057279236
0.217064439140811
0.771479713603819
0.324105011933174
0.140214797136038
0.447613365155131
0.315871121718377
0.285680190930788
0.0551312649164678
0.0853221957040573
0.368019093078759
0.27744630071599
0.195107398568019
0.175894988066826
0.178639618138425
0.36527446300716
0.357040572792363
0.296658711217184
0.0606205250596659
0.647971360381861
0.370763723150358
0.477804295942721
0.477804295942721
0.387231503579952
0.497016706443914
0.225298329355609
0.436634844868735
0.601312649164678
0.988305489260143
0.0935560859188544
0.211575178997613
0.260978520286396
0.255489260143198
0.258233890214797
0.604057279236277
0.439379474940334
0.225298329355609
0.398210023866348
0.686396181384248
0.0743436754176611
0.39272076372315
0.175894988066826
0.173150357995227
0.389976133651551
0.384486873508353
0.313126491646778
0.13472553699284
0.36527446300716
0.417422434367542
0.398210023866348
0.236276849642005
0.36527446300716
0.510739856801909
0.269212410501193
0.269212410501193
0.475059665871122
0.346062052505967
0.0633651551312649
0.288424821002387
0.241766109785203
0.557398568019093
0.483293556085919
0.370763723150358
0.214319809069212
0.104534606205251
0.332338902147971
0.505250596658711
0.123747016706444
0.807159904534606
0.755011933174224
0.398210023866348
0.27744630071599
0.469570405727924
0.153937947494033
0.878520286396181
0.153937947494033
0.425656324582339
0.42291169451074
0.197852028639618
0.315871121718377
0.145704057279236
0.483293556085919
0.175894988066826
0.403699284009546
1.19415274463007
0.140214797136038
0.346062052505967
0.532696897374702
0.458591885441527
0.326849642004773
0.13472553699284
0.071599045346062
0.337828162291169
0.0551312649164678
0.483293556085919
0.293914081145585
0.304892601431981
0.217064439140811
0.428400954653938
0.142959427207637
0.425656324582339
0.217064439140811
0.521718377088305
0.288424821002387
1.14749403341289
0.354295942720764
0.236276849642005
0.425656324582339
0.477804295942721
0.258233890214797
1.35059665871122
0.30763723150358
0.167661097852029
0.285680190930788
0.19236276849642
0.62326968973747
0.442124105011933
0.137470167064439
0.444868735083532
0.540930787589499
0.170405727923628
0.411933174224344
0.25
0.269212410501193
0.351551312649165
0.162171837708831
0.274701670644391
0.236276849642005
0.247255369928401
0.329594272076372
0.22255369928401
0.346062052505967
0.378997613365155
0.749522673031026
0.458591885441527
0.414677804295943
0.505250596658711
0.851073985680191
0.417422434367542
0.414677804295943
0.346062052505967
0.779713603818616
0.304892601431981
0.208830548926014
0.45035799522673
0.313126491646778
0.472315035799523
0.178639618138425
0.211575178997613
0.244510739856802
0.0853221957040573
0.428400954653938
0.417422434367542
0.398210023866348
0.244510739856802
0.368019093078759
0.19236276849642
0.162171837708831
0.453102625298329
0.30763723150358
0.675417661097852
0.864797136038186
0.247255369928401
0.337828162291169
0.274701670644391
0.357040572792363
0.288424821002387
0.554653937947494
0.208830548926014
0.288424821002387
0.650715990453461
0.30763723150358
0.560143198090692
0.30763723150358
0.175894988066826
0.288424821002387
0.420167064439141
0.228042959427208
0.186873508353222
0.0935560859188544
0.239021479713604
0.230787589498807
0.0853221957040573
0.206085918854415
0.255489260143198
0.576610978520286
0.472315035799523
0.151193317422434
0.266467780429594
0.266467780429594
0.241766109785203
0.469570405727924
0.5381861575179
3.23890214797136
0.33508353221957
0.203341288782816
0.315871121718377
0.131980906921241
0.36527446300716
0.288424821002387
0.244510739856802
0.601312649164678
0.0935560859188544
0.137470167064439
0.461336515513126
0.129236276849642
0.104534606205251
0.208830548926014
0.304892601431981
0.337828162291169
0.00572792362768497
0.631503579952267
0.304892601431981
0.126491646778043
0.129236276849642
0.486038186157518
0.0606205250596659
0.288424821002387
0.829116945107399
0.406443914081145
0.373508353221957
0.351551312649165
0.431145584725537
0.310381861575179
0.315871121718377
0.285680190930788
0.123747016706444
0.0633651551312649
0.13472553699284
0.173150357995227
0.200596658711217
0.411933174224344
0.126491646778043
1.02398568019093
0.162171837708831
0.137470167064439
0.214319809069212
0.346062052505967
0.208830548926014
0.288424821002387
0.313126491646778
0.461336515513126
0.00298329355608592
0.389976133651551
0.233532219570406
0.337828162291169
0.175894988066826
0.406443914081145
0.25
0.195107398568019
0.477804295942721
0.101789976133652
0.282935560859189
0.233532219570406
0.189618138424821
0.36527446300716
0.271957040572792
0.420167064439141
0.071599045346062
0.16491646778043
0.875775656324582
0.266467780429594
0.348806682577566
0.282935560859189
0.129236276849642
0.313126491646778
0.302147971360382
0.368019093078759
0.502505966587112
0.170405727923628
0.25
0.269212410501193
0.145704057279236
0.186873508353222
0.348806682577566
0.0798329355608592
0.878520286396181
0.0963007159904535
0.343317422434367
0.118257756563246
1.78150357995227
0.510739856801909
0.384486873508353
0.302147971360382
0.0468973747016706
0.27744630071599
0.551909307875895
0.239021479713604
0.464081145584725
0.0798329355608592
0.230787589498807
0.664439140811456
0.239021479713604
0.609546539379475
0.27744630071599
0.59582338902148
0.346062052505967
0.461336515513126
0.636992840095465
0.809904534606205
0.25
0.282935560859189
0.362529832935561
0.351551312649165
0.579355608591885
0.291169451073986
0.340572792362768
0.321360381861575
0.376252983293556
0.535441527446301
0.217064439140811
0.337828162291169
0.186873508353222
0.269212410501193
0.411933174224344
0.252744630071599
0.0139618138424821
0.25
0.546420047732697
0.137470167064439
0.228042959427208
0.455847255369928
0.343317422434367
0.0606205250596659
0.315871121718377
0.527207637231504
0.282935560859189
0.411933174224344
0.409188544152745
0.324105011933174
0.0167064439140811
0.288424821002387
0.486038186157518
0.184128878281623
0.197852028639618
0.524463007159904
0.173150357995227
0.27744630071599
0.137470167064439
0.296658711217184
0.274701670644391
0.206085918854415
0.167661097852029
0.068854415274463
0.425656324582339
0.255489260143198
0.181384248210024
0.0386634844868735
0.321360381861575
0.389976133651551
0.244510739856802
0.357040572792363
0.239021479713604
0.0331742243436754
0.551909307875895
0.13472553699284
0.329594272076372
0.351551312649165
0.373508353221957
0.560143198090692
0.252744630071599
0.425656324582339
0.516229116945107
0.181384248210024
0.587589498806683
0.291169451073986
0.159427207637232
0.894988066825776
0.236276849642005
0.178639618138425
0.411933174224344
0.271957040572792
0.118257756563246
0.368019093078759
0.167661097852029
0.980071599045346
0.409188544152745
0.576610978520286
0.521718377088305
0.195107398568019
0.357040572792363
0.225298329355609
0.546420047732697
0.156682577565632
0.33508353221957
0.455847255369928
0.239021479713604
0.381742243436754
0.178639618138425
0.159427207637232
0.425656324582339
0.502505966587112
0.0880668257756563
0.461336515513126
0.25
0.346062052505967
0.647971360381861
0.206085918854415
0.357040572792363
0.411933174224344
0.145704057279236
0.598568019093079
0.285680190930788
0.543675417661098
0.431145584725537
0.255489260143198
0.562887828162291
0.239021479713604
0.329594272076372
0.30763723150358
0.39272076372315
0.475059665871122
1.33687350835322
0.455847255369928
0.50799522673031
0.324105011933174
0.13472553699284
0.110023866348449
0.203341288782816
0.184128878281623
0.39272076372315
0.389976133651551
0.79618138424821
0.0304295942720764
0.617780429594272
0.288424821002387
0.453102625298329
0.5381861575179
0.121002386634845
0.0304295942720764
0.461336515513126
0.239021479713604
0.348806682577566
0.378997613365155
0.425656324582339
0.30763723150358
0.189618138424821
0.181384248210024
0.373508353221957
0.488782816229117
0.71109785202864
0.173150357995227
0.197852028639618
0.458591885441527
0.121002386634845
0.156682577565632
0.123747016706444
0.535441527446301
0.488782816229117
0.302147971360382
0.414677804295943
0.425656324582339
0.678162291169451
0.266467780429594
0.579355608591885
0.197852028639618
0.477804295942721
0.203341288782816
0.466825775656324
0.357040572792363
0.27744630071599
0.288424821002387
0.337828162291169
0.357040572792363
0.381742243436754
0.464081145584725
0.266467780429594
0.483293556085919
0.362529832935561
0.362529832935561
0.326849642004773
0.167661097852029
0.315871121718377
0.313126491646778
0.39272076372315
0.0139618138424821
0.472315035799523
0.219809069212411
0.189618138424821
0.299403341288783
0.104534606205251
0.420167064439141
0.562887828162291
0.137470167064439
0.189618138424821
0.269212410501193
0.280190930787589
0.228042959427208
0.483293556085919
0.584844868735083
0.395465393794749
0.30763723150358
0.59582338902148
0.178639618138425
0.271957040572792
0.219809069212411
0.175894988066826
0.337828162291169
0.656205250596659
0.373508353221957
0.357040572792363
0.302147971360382
0.373508353221957
0.442124105011933
0.529952267303103
0.140214797136038
0.343317422434367
0.19236276849642
0.167661097852029
0.615035799522673
0.118257756563246
0.0963007159904535
0.153937947494033
0.22255369928401
0.343317422434367
0.302147971360382
0.156682577565632
0.691885441527446
0.153937947494033
0.247255369928401
0.389976133651551
0.488782816229117
0.123747016706444
0.0633651551312649
0.13472553699284
0.455847255369928
0.291169451073986
0.348806682577566
0.313126491646778
0.225298329355609
0.299403341288783
0.587589498806683
0.647971360381861
0.274701670644391
0.0578758949880668
0.137470167064439
0.239021479713604
0.296658711217184
0.104534606205251
0.27744630071599
0.469570405727924
0.483293556085919
0.115513126491647
0.315871121718377
0.145704057279236
0.982816229116945
0.151193317422434
0.186873508353222
0.0633651551312649
0.689140811455847
0.266467780429594
0.110023866348449
0.389976133651551
0.483293556085919
0.428400954653938
0.321360381861575
0.343317422434367
0.197852028639618
0.282935560859189
0.315871121718377
0.22255369928401
0.291169451073986
0.376252983293556
0.302147971360382
0.271957040572792
0.431145584725537
0.376252983293556
0.140214797136038
0.977326968973747
0.346062052505967
0.0963007159904535
0.153937947494033
0.211575178997613
0.381742243436754
0.411933174224344
0.433890214797136
0.346062052505967
0.343317422434367
0.252744630071599
0.518973747016706
0.59307875894988
0.436634844868735
0.59582338902148
0.0880668257756563
0.510739856801909
0.296658711217184
0.321360381861575
0.151193317422434
0.19236276849642
0.562887828162291
0.255489260143198
0.486038186157518
0.414677804295943
0.0935560859188544
0.378997613365155
0.167661097852029
0.159427207637232
0.203341288782816
0.296658711217184
0.299403341288783
0.395465393794749
0.22255369928401
0.447613365155131
0.757756563245823
0.228042959427208
0.39272076372315
0.282935560859189
0.148448687350835
0.505250596658711
0.118257756563246
0.582100238663484
0.302147971360382
0.502505966587112
0.411933174224344
0.263723150357995
0.0112171837708831
0.329594272076372
0.145704057279236
0.280190930787589
0.59582338902148
0.527207637231504
0.65346062052506
0.170405727923628
0.25
0.167661097852029
0.282935560859189
0.376252983293556
0.315871121718377
0.321360381861575
0.217064439140811
0.475059665871122
0.324105011933174
0.387231503579952
0.241766109785203
0.214319809069212
0.0908114558472554
0.428400954653938
0.436634844868735
0.409188544152745
0.310381861575179
0.299403341288783
0.370763723150358
0.0825775656324582
0.477804295942721
0.326849642004773
0.299403341288783
0.293914081145585
0.433890214797136
0.329594272076372
0.299403341288783
0.22255369928401
0.362529832935561
0.195107398568019
0.304892601431981
0.206085918854415
0.140214797136038
0.398210023866348
0.488782816229117
0.700119331742243
0.453102625298329
0.329594272076372
0.472315035799523
0.30763723150358
0.516229116945107
0.30763723150358
0.354295942720764
0.304892601431981
0.153937947494033
0.167661097852029
0.126491646778043
0.381742243436754
0.546420047732697
0.228042959427208
0.271957040572792
0.233532219570406
0.131980906921241
0.33508353221957
0.0880668257756563
0.540930787589499
0.22255369928401
0.486038186157518
0.178639618138425
0.398210023866348
0.184128878281623
0.455847255369928
0.159427207637232
0.22255369928401
0.406443914081145
0.551909307875895
0.0112171837708831
0.357040572792363
0.112768496420048
0.42291169451074
0.370763723150358
0.672673031026253
0.285680190930788
0.0825775656324582
0.0853221957040573
0.0963007159904535
0.195107398568019
0.184128878281623
0.321360381861575
0.170405727923628
0.313126491646778
0.444868735083532
0.521718377088305
0.373508353221957
0.206085918854415
0.326849642004773
0.628758949880668
0.206085918854415
0.447613365155131
0.529952267303103
0.266467780429594
0.118257756563246
0.153937947494033
0.170405727923628
0.101789976133652
0.104534606205251
0.156682577565632
0.343317422434367
0.288424821002387
0.647971360381861
0.173150357995227
0.145704057279236
0.400954653937947
0.25
0.293914081145585
0.131980906921241
0.217064439140811
0.428400954653938
0.170405727923628
0.321360381861575
0.414677804295943
0.310381861575179
0.730310262529833
0.302147971360382
0.269212410501193
0.45035799522673
0.0468973747016706
0.25
0.403699284009546
0.387231503579952
0.153937947494033
0.318615751789976
0.244510739856802
0.453102625298329
1.9653937947494
0.219809069212411
0.159427207637232
0.184128878281623
0.0990453460620525
0.0743436754176611
0.428400954653938
0.425656324582339
0.384486873508353
0.486038186157518
0.129236276849642
0.293914081145585
0.203341288782816
0.433890214797136
0.228042959427208
0.579355608591885
0.236276849642005
0.186873508353222
0.554653937947494
0.285680190930788
0.145704057279236
0.291169451073986
0.359785202863962
0.927923627684964
0.271957040572792
0.252744630071599
0.293914081145585
0.162171837708831
0.142959427207637
0.521718377088305
0.406443914081145
0.793436754176611
0.518973747016706
0.219809069212411
0.203341288782816
0.0523866348448687
0.239021479713604
0.584844868735083
0.129236276849642
0.208830548926014
0.255489260143198
0.195107398568019
0.066109785202864
0.241766109785203
0.62326968973747
0.354295942720764
0.409188544152745
0.123747016706444
0.48054892601432
0.153937947494033
0.0304295942720764
0.255489260143198
0.42291169451074
0.873031026252983
0.428400954653938
0.36527446300716
0.110023866348449
0.455847255369928
0.19236276849642
0.315871121718377
0.241766109785203
0.384486873508353
0.266467780429594
0.27744630071599
0.27744630071599
0.123747016706444
0.59582338902148
0.203341288782816
0.0112171837708831
0.148448687350835
0.175894988066826
0.244510739856802
0.291169451073986
0.151193317422434
0.153937947494033
0.315871121718377
0.293914081145585
0.0798329355608592
0.189618138424821
0.184128878281623
0.590334128878282
0.288424821002387
0.0770883054892601
0.140214797136038
0.368019093078759
0.343317422434367
0.403699284009546
1.01026252983294
0.321360381861575
0.280190930787589
0.178639618138425
0.0853221957040573
0.214319809069212
0.0743436754176611
0.214319809069212
0.217064439140811
0.384486873508353
0.403699284009546
0.395465393794749
0.315871121718377
0.384486873508353
0.181384248210024
0.071599045346062
0.225298329355609
0.414677804295943
0.22255369928401
0.30763723150358
0.348806682577566
0.296658711217184
0.389976133651551
0.368019093078759
0.299403341288783
0.730310262529833
0.0853221957040573
0.304892601431981
0.502505966587112
0.442124105011933
0.442124105011933
0.411933174224344
0.494272076372315
0.167661097852029
0.398210023866348
0.162171837708831
0.793436754176611
0.066109785202864
0.516229116945107
0.376252983293556
0.241766109785203
0.675417661097852
0.274701670644391
0.417422434367542
0.439379474940334
0.159427207637232
0.469570405727924
0.425656324582339
1.9708830548926
0.557398568019093
0.228042959427208
0.236276849642005
0.59307875894988
0.269212410501193
0.409188544152745
0.214319809069212
0.260978520286396
0.483293556085919
0.219809069212411
0.378997613365155
0.195107398568019
1.0980906921241
0.406443914081145
0.104534606205251
0.159427207637232
0.137470167064439
0.274701670644391
0.675417661097852
0.233532219570406
0.626014319809069
0.576610978520286
0.340572792362768
0.10727923627685
0.486038186157518
0.532696897374702
0.431145584725537
0.351551312649165
0.324105011933174
0.348806682577566
0.293914081145585
0.244510739856802
0.233532219570406
0.285680190930788
0.403699284009546
0.126491646778043
0.00298329355608592
0.694630071599045
0.302147971360382
0.628758949880668
0.244510739856802
0.189618138424821
0.447613365155131
0.359785202863962
0.252744630071599
0.288424821002387
0.0606205250596659
0.285680190930788
0.36527446300716
0.354295942720764
0.532696897374702
0.0276849642004773
0.414677804295943
0.230787589498807
0.357040572792363
0.873031026252983
0.173150357995227
0.288424821002387
0.776968973747017
0.417422434367542
0.170405727923628
0.258233890214797
0.159427207637232
0.175894988066826
0.0386634844868735
0.217064439140811
0.447613365155131
0.346062052505967
0.252744630071599
0.650715990453461
0.464081145584725
1.73484486873508
0.488782816229117
0.321360381861575
0.62326968973747
0.195107398568019
0.313126491646778
0.326849642004773
0.381742243436754
0.326849642004773
0.293914081145585
0.370763723150358
0.233532219570406
0.510739856801909
0.225298329355609
0.321360381861575
0.428400954653938
0.332338902147971
0.357040572792363
0.175894988066826
0.304892601431981
0.302147971360382
0.719331742243437
0.351551312649165
0.549164677804296
0.461336515513126
0.518973747016706
0.145704057279236
0.206085918854415
0.357040572792363
0.584844868735083
0.359785202863962
0.19236276849642
0.991050119331742
0.42291169451074
0.104534606205251
0.453102625298329
0.162171837708831
0.244510739856802
0.260978520286396
0.293914081145585
0.258233890214797
0.208830548926014
0.381742243436754
0.373508353221957
0.683651551312649
0.142959427207637
0.104534606205251
0.62326968973747
0.406443914081145
0.112768496420048
0.318615751789976
0.348806682577566
0.252744630071599
0.269212410501193
1.44116945107399
0.329594272076372
0.447613365155131
0.288424821002387
0.137470167064439
0.0908114558472554
0.499761336515513
0.228042959427208
0.27744630071599
0.584844868735083
0.162171837708831
0.252744630071599
0.431145584725537
0.521718377088305
0.36527446300716
0.398210023866348
0.112768496420048
0.0139618138424821
0.189618138424821
0.258233890214797
0.313126491646778
0.351551312649165
0.315871121718377
0.25
0.225298329355609
0.30763723150358
0.36527446300716
0.42291169451074
0.236276849642005
0.22255369928401
0.36527446300716
0.359785202863962
0.151193317422434
0.39272076372315
0.604057279236277
0.381742243436754
0.181384248210024
0.296658711217184
0.417422434367542
0.280190930787589
0.518973747016706
0.197852028639618
0.112768496420048
0.313126491646778
0.296658711217184
0.241766109785203
0.966348448687351
0.409188544152745
0.266467780429594
0.409188544152745
0.258233890214797
0.126491646778043
0.178639618138425
0.16491646778043
0.337828162291169
0.142959427207637
0.173150357995227
0.0633651551312649
0.175894988066826
0.340572792362768
0.184128878281623
0.417422434367542
0.0633651551312649
0.27744630071599
0.233532219570406
0.156682577565632
0.285680190930788
0.318615751789976
0.0414081145584726
0.282935560859189
0.491527446300716
0.461336515513126
0.494272076372315
0.197852028639618
0.425656324582339
0.310381861575179
0.219809069212411
0.381742243436754
0.104534606205251
0.378997613365155
0.266467780429594
0.195107398568019
0.239021479713604
0.208830548926014
0.389976133651551
0.123747016706444
0.829116945107399
0.315871121718377
0.378997613365155
0.381742243436754
0.900477326968974
0.25
0.554653937947494
0.370763723150358
0.159427207637232
0.162171837708831
0.370763723150358
0.431145584725537
0.417422434367542
0.217064439140811
0.368019093078759
0.153937947494033
0.288424821002387
0.217064439140811
0.228042959427208
0.746778042959427
0.340572792362768
0.609546539379475
0.428400954653938
0.755011933174224
0.359785202863962
0.280190930787589
0.398210023866348
0.236276849642005
0.351551312649165
0.376252983293556
0.411933174224344
0.505250596658711
0.324105011933174
0.304892601431981
0.486038186157518
0.351551312649165
0.175894988066826
0.247255369928401
0.282935560859189
0.197852028639618
0.370763723150358
0.0139618138424821
0.181384248210024
0.521718377088305
0.414677804295943
0.131980906921241
0.491527446300716
0.368019093078759
0.285680190930788
0.263723150357995
0.340572792362768
0.228042959427208
0.39272076372315
0.239021479713604
0.439379474940334
0.315871121718377
0.258233890214797
0.8236276849642
0.260978520286396
0.10727923627685
0.551909307875895
0.576610978520286
0.551909307875895
0.510739856801909
0.636992840095465
0.282935560859189
0.291169451073986
0.068854415274463
0.195107398568019
0.217064439140811
0.357040572792363
0.217064439140811
0.159427207637232
0.236276849642005
0.329594272076372
0.200596658711217
0.337828162291169
0.27744630071599
0.296658711217184
0.10727923627685
0.411933174224344
0.25
0.0194510739856802
0.112768496420048
0.0304295942720764
0.241766109785203
0.13472553699284
0.285680190930788
0.263723150357995
0.477804295942721
0.33508353221957
0.0359188544152745
0.395465393794749
0.206085918854415
0.167661097852029
0.299403341288783
0.922434367541766
0.540930787589499
0.145704057279236
0.200596658711217
0.112768496420048
0.126491646778043
0.486038186157518
0.464081145584725
0.0990453460620525
0.483293556085919
0.236276849642005
0.211575178997613
0.381742243436754
0.535441527446301
0.22255369928401
0.475059665871122
0.48054892601432
0.343317422434367
0.354295942720764
0.214319809069212
0.140214797136038
0.395465393794749
0.27744630071599
0.131980906921241
0.293914081145585
0.389976133651551
0.241766109785203
0.299403341288783
0.200596658711217
0.282935560859189
0.140214797136038
0.373508353221957
0.782458233890215
0.620525059665871
0.304892601431981
0.420167064439141
0.230787589498807
0.25
0.373508353221957
0.0139618138424821
0.0743436754176611
0.521718377088305
2.15477326968974
0.0441527446300716
0.170405727923628
0.444868735083532
0.310381861575179
0.505250596658711
0.175894988066826
0.126491646778043
0.620525059665871
0.27744630071599
0.45035799522673
0.30763723150358
0.859307875894988
0.186873508353222
0.502505966587112
0.551909307875895
0.203341288782816
0.162171837708831
0.329594272076372
0.066109785202864
0.263723150357995
0.285680190930788
0.0221957040572792
0.406443914081145
0.252744630071599
0.167661097852029
0.104534606205251
2.8409307875895
0.255489260143198
0.540930787589499
0.584844868735083
0.483293556085919
0.175894988066826
0.395465393794749
0.617780429594272
0.0853221957040573
0.175894988066826
0.0167064439140811
0.532696897374702
0.497016706443914
0.255489260143198
0.562887828162291
0.620525059665871
0.274701670644391
0.324105011933174
0.291169451073986
0.45035799522673
0.208830548926014
0.271957040572792
0.0551312649164678
0.27744630071599
0.0112171837708831
0.291169451073986
0.236276849642005
0.195107398568019
0.252744630071599
0.475059665871122
0.266467780429594
0.387231503579952
0.428400954653938
0.0551312649164678
0.458591885441527
0.219809069212411
0.280190930787589
0.425656324582339
0.5381861575179
0.741288782816229
0.411933174224344
0.315871121718377
0.0221957040572792
0.0523866348448687
0.615035799522673
0.370763723150358
0.288424821002387
0.318615751789976
0.368019093078759
0.258233890214797
0.131980906921241
0.505250596658711
0.340572792362768
0.16491646778043
0.208830548926014
0.0880668257756563
0.351551312649165
0.378997613365155
0.25
0.173150357995227
0.142959427207637
0.206085918854415
0.0606205250596659
0.0963007159904535
0.200596658711217
0.189618138424821
0.315871121718377
0.162171837708831
0.466825775656324
0.546420047732697
0.19236276849642
0.351551312649165
0.329594272076372
0.230787589498807
0.675417661097852
0.299403341288783
0.304892601431981
0.203341288782816
0.387231503579952
0.368019093078759
0.516229116945107
0.137470167064439
0.285680190930788
0.299403341288783
0.151193317422434
0.395465393794749
0.19236276849642
0.62326968973747
0.255489260143198
0.184128878281623
0.211575178997613
0.16491646778043
0.13472553699284
0.357040572792363
0.159427207637232
0.461336515513126
0.346062052505967
0.186873508353222
0.293914081145585
0.140214797136038
0.162171837708831
0.359785202863962
0.115513126491647
0.189618138424821
0.409188544152745
0.244510739856802
0.0770883054892601
0.549164677804296
0.16491646778043
0.170405727923628
0.296658711217184
0.0496420047732697
0.381742243436754
0.206085918854415
0.115513126491647
0.389976133651551
0.33508353221957
0.376252983293556
0.230787589498807
0.10727923627685
0.543675417661098
0.304892601431981
0.214319809069212
0.0853221957040573
0.370763723150358
0.203341288782816
0.326849642004773
0.483293556085919
0.13472553699284
0.310381861575179
0.0798329355608592
0.217064439140811
0.282935560859189
0.39272076372315
0.45035799522673
0.357040572792363
0.373508353221957
0.228042959427208
0.214319809069212
0.378997613365155
0.359785202863962
0.400954653937947
0.381742243436754
0.126491646778043
0.315871121718377
0.359785202863962
0.16491646778043
0.411933174224344
0.326849642004773
0.39272076372315
0.228042959427208
0.381742243436754
0.376252983293556
0.263723150357995
0.39272076372315
0.513484486873508
0.0908114558472554
0.362529832935561
0.247255369928401
0.173150357995227
0.529952267303103
0.840095465393795
0.431145584725537
0.217064439140811
0.326849642004773
0.167661097852029
0.634248210023866
0.247255369928401
0.104534606205251
0.239021479713604
0.527207637231504
0.439379474940334
0.239021479713604
0.395465393794749
0.0304295942720764
0.0633651551312649
0.332338902147971
0.217064439140811
0.142959427207637
0.398210023866348
0.362529832935561
0.0386634844868735
0.447613365155131
0.700119331742243
0.241766109785203
0.252744630071599
0.228042959427208
0.296658711217184
0.458591885441527
0.584844868735083
0.50799522673031
0.167661097852029
0.0798329355608592
0.551909307875895
0.39272076372315
0.104534606205251
0.315871121718377
0.494272076372315
0.376252983293556
0.173150357995227
0.302147971360382
0.296658711217184
0.110023866348449
0.236276849642005
0.112768496420048
0.296658711217184
0.362529832935561
0.65346062052506
1.75680190930788
0.486038186157518
0.30763723150358
0.27744630071599
0.0249403341288783
0.436634844868735
0.140214797136038
0.340572792362768
0.184128878281623
0.329594272076372
0.25
0.241766109785203
0.329594272076372
0.346062052505967
0.475059665871122
0.236276849642005
0.0770883054892601
0.359785202863962
0.151193317422434
0.140214797136038
0.321360381861575
0.0880668257756563
0.420167064439141
0.184128878281623
0.260978520286396
0.318615751789976
0.362529832935561
0.62326968973747
0.195107398568019
0.233532219570406
0.208830548926014
0.258233890214797
0.527207637231504
0.110023866348449
0.211575178997613
0.247255369928401
0.389976133651551
0.466825775656324
0.142959427207637
0.228042959427208
0.455847255369928
0.689140811455847
0.343317422434367
0.170405727923628
0.5381861575179
0.45035799522673
0.324105011933174
0.228042959427208
0.433890214797136
0.148448687350835
0.189618138424821
0.159427207637232
0.296658711217184
0.195107398568019
0.214319809069212
0.291169451073986
0.304892601431981
0.362529832935561
0.071599045346062
0.280190930787589
0.156682577565632
0.346062052505967
0.321360381861575
0.30763723150358
0.0441527446300716
0.357040572792363
0.236276849642005
0.19236276849642
0.444868735083532
0.25
0.299403341288783
0.181384248210024
0.296658711217184
0.280190930787589
0.48054892601432
0.131980906921241
0.288424821002387
0.318615751789976
0.373508353221957
0.0770883054892601
0.497016706443914
1.05966587112172
0.428400954653938
0.230787589498807
0.694630071599045
0.263723150357995
0.285680190930788
0.36527446300716
0.239021479713604
0.170405727923628
0.543675417661098
0.175894988066826
0.749522673031026
0.00572792362768497
0.071599045346062
0.357040572792363
0.499761336515513
0.0880668257756563
0.263723150357995
0.173150357995227
0.661694510739857
0.33508353221957
0.178639618138425
0.200596658711217
0.573866348448687
0.535441527446301
0.313126491646778
0.409188544152745
0.840095465393795
0.324105011933174
0.499761336515513
0.433890214797136
0.571121718377088
0.0331742243436754
0.354295942720764
0.461336515513126
0.217064439140811
0.318615751789976
0.197852028639618
0.206085918854415
0.304892601431981
0.776968973747017
0.584844868735083
0.230787589498807
0.228042959427208
0.620525059665871
0.0880668257756563
0.129236276849642
0.162171837708831
0.206085918854415
0.123747016706444
0.247255369928401
0.304892601431981
0.554653937947494
0.071599045346062
0.0331742243436754
0.636992840095465
0.269212410501193
0.400954653937947
0.549164677804296
0.137470167064439
0.48054892601432
0.197852028639618
0.260978520286396
0.425656324582339
0.321360381861575
0.403699284009546
0.579355608591885
0.156682577565632
0.142959427207637
0.200596658711217
0.27744630071599
0.112768496420048
0.0167064439140811
0.247255369928401
0.195107398568019
0.271957040572792
0.601312649164678
0.513484486873508
0.129236276849642
0.175894988066826
0.148448687350835
0.131980906921241
0.121002386634845
0.156682577565632
0.42291169451074
0.239021479713604
0.354295942720764
0.329594272076372
0.381742243436754
0.219809069212411
0.414677804295943
0.126491646778043
0.282935560859189
0.617780429594272
0.299403341288783
0.384486873508353
0.5381861575179
0.340572792362768
0.741288782816229
0.167661097852029
0.0633651551312649
0.826372315035799
0.071599045346062
0.694630071599045
0.0770883054892601
0.884009546539379
0.378997613365155
0.156682577565632
0.497016706443914
0.233532219570406
0.318615751789976
0.42291169451074
0.362529832935561
0.16491646778043
0.068854415274463
0.291169451073986
0.571121718377088
0.181384248210024
0.263723150357995
0.378997613365155
0.403699284009546
0.233532219570406
0.642482100238663
0.153937947494033
0.230787589498807
0.236276849642005
0.398210023866348
0.433890214797136
0.406443914081145
0.340572792362768
0.123747016706444
0.244510739856802
0.170405727923628
0.362529832935561
0.195107398568019
0.455847255369928
0.444868735083532
0.22255369928401
0.400954653937947
0.494272076372315
0.453102625298329
0.140214797136038
0.587589498806683
0.0798329355608592
0.310381861575179
0.315871121718377
0.378997613365155
0.543675417661098
0.0551312649164678
0.713842482100239
0.0963007159904535
0.48054892601432
0.142959427207637
0.175894988066826
0.156682577565632
0.601312649164678
0.239021479713604
0.178639618138425
0.571121718377088
0.208830548926014
0.357040572792363
0.247255369928401
0.0606205250596659
0.112768496420048
0.27744630071599
0.200596658711217
0.395465393794749
0.167661097852029
0.488782816229117
0.280190930787589
0.302147971360382
0.332338902147971
0.291169451073986
0.343317422434367
0.230787589498807
0.318615751789976
0.697374701670644
0.340572792362768
0.414677804295943
0.302147971360382
0.546420047732697
0.233532219570406
0.112768496420048
0.310381861575179
0.123747016706444
0.329594272076372
0.348806682577566
0.0441527446300716
0.0935560859188544
0.129236276849642
0.30763723150358
0.217064439140811
0.148448687350835
0.326849642004773
0.486038186157518
0.159427207637232
0.186873508353222
0.497016706443914
0.411933174224344
0.524463007159904
0.291169451073986
0.167661097852029
0.354295942720764
0.145704057279236
0.620525059665871
0.400954653937947
0.587589498806683
0.472315035799523
0.0441527446300716
0.282935560859189
0.299403341288783
0.244510739856802
0.175894988066826
0.348806682577566
0.30763723150358
0.112768496420048
0.59307875894988
0.354295942720764
0.233532219570406
0.288424821002387
0.634248210023866
0.0743436754176611
0.225298329355609
0.16491646778043
0.181384248210024
0.483293556085919
0.645226730310262
0.321360381861575
0.197852028639618
0.22255369928401
0.175894988066826
0.609546539379475
0.337828162291169
0.513484486873508
0.318615751789976
0.22255369928401
1.08711217183771
0.359785202863962
0.551909307875895
0.389976133651551
0.186873508353222
0.285680190930788
0.313126491646778
0.387231503579952
0.453102625298329
0.36527446300716
0.343317422434367
0.241766109785203
0.752267303102625
0.233532219570406
0.19236276849642
0.291169451073986
0.266467780429594
0.59582338902148
0.39272076372315
0.411933174224344
0.395465393794749
0.455847255369928
0.274701670644391
0.214319809069212
0.225298329355609
0.439379474940334
0.271957040572792
0.409188544152745
0.244510739856802
0.494272076372315
0.206085918854415
0.346062052505967
0.266467780429594
0.126491646778043
0.378997613365155
0.318615751789976
0.178639618138425
0.00298329355608592
0.000238663484486879
0.357040572792363
0.13472553699284
0.263723150357995
0.299403341288783
0.00298329355608592
0.156682577565632
0.296658711217184
0.645226730310262
0.505250596658711
0.50799522673031
0.258233890214797
0.373508353221957
0.140214797136038
0.472315035799523
0.255489260143198
0.313126491646778
0.197852028639618
0.381742243436754
0.417422434367542
0.554653937947494
0.329594272076372
0.357040572792363
0.271957040572792
0.228042959427208
0.974582338902148
0.228042959427208
0.274701670644391
0.763245823389021
0.540930787589499
0.288424821002387
0.343317422434367
0.318615751789976
1.413723150358
0.239021479713604
0.189618138424821
1.18866348448687
0.299403341288783
0.236276849642005
0.378997613365155
0.233532219570406
0.39272076372315
0.282935560859189
0.483293556085919
0.834606205250597
0.499761336515513
0.304892601431981
0.0880668257756563
0.324105011933174
0.230787589498807
0.148448687350835
0.442124105011933
0.296658711217184
0.173150357995227
0.400954653937947
0.153937947494033
0.0359188544152745
0.282935560859189
0.186873508353222
0.115513126491647
0.859307875894988
0.181384248210024
0.217064439140811
0.359785202863962
0.71109785202864
0.200596658711217
0.491527446300716
0.411933174224344
0.288424821002387
0.137470167064439
0.255489260143198
0.27744630071599
0.354295942720764
0.148448687350835
0.0853221957040573
0.195107398568019
0.376252983293556
0.455847255369928
0.0139618138424821
0.170405727923628
0.0743436754176611
0.464081145584725
0.211575178997613
0.453102625298329
0.310381861575179
0.313126491646778
0.00298329355608592
0.263723150357995
0.444868735083532
0.428400954653938
0.200596658711217
0.527207637231504
0.200596658711217
0.219809069212411
0.398210023866348
0.0606205250596659
0.601312649164678
0.195107398568019
0.25
0.258233890214797
0.387231503579952
0.332338902147971
0.510739856801909
0.357040572792363
0.535441527446301
0.115513126491647
0.318615751789976
0.066109785202864
0.151193317422434
0.0908114558472554
0.203341288782816
0.247255369928401
0.368019093078759
0.203341288782816
0.458591885441527
0.521718377088305
0.516229116945107
0.263723150357995
0.178639618138425
1.92422434367542
1.19415274463007
0.230787589498807
0.30763723150358
0.337828162291169
0.357040572792363
0.296658711217184
0.178639618138425
0.285680190930788
0.263723150357995
0.30763723150358
0.260978520286396
0.494272076372315
0.112768496420048
0.546420047732697
0.39272076372315
0.354295942720764
0.200596658711217
0.573866348448687
0.529952267303103
0.612291169451074
0.458591885441527
0.403699284009546
0.252744630071599
0.156682577565632
0.269212410501193
0.381742243436754
0.167661097852029
0.304892601431981
0.71109785202864
0.142959427207637
0.0935560859188544
0.631503579952267
0.466825775656324
0.417422434367542
0.557398568019093
0.571121718377088
0.354295942720764
0.689140811455847
0.395465393794749
0.321360381861575
0.302147971360382
0.140214797136038
0.252744630071599
0.162171837708831
0.189618138424821
0.280190930787589
0.126491646778043
0.280190930787589
0.266467780429594
0.156682577565632
0.0194510739856802
0.359785202863962
0.280190930787589
0.0468973747016706
0.321360381861575
0.436634844868735
0.159427207637232
0.56563245823389
0.315871121718377
0.376252983293556
0.299403341288783
0.332338902147971
0.00572792362768497
0.431145584725537
0.324105011933174
0.186873508353222
0.324105011933174
0.472315035799523
0.230787589498807
1.77052505966587
0.453102625298329
0.0908114558472554
0.337828162291169
0.225298329355609
0.200596658711217
0.376252983293556
0.351551312649165
0.370763723150358
0.266467780429594
0.236276849642005
0.313126491646778
0.131980906921241
0.357040572792363
0.304892601431981
0.357040572792363
1.74582338902148
0.488782816229117
0.395465393794749
0.488782816229117
0.398210023866348
0.145704057279236
0.354295942720764
0.324105011933174
0.0880668257756563
0.10727923627685
0.291169451073986
0.00572792362768497
0.195107398568019
0.444868735083532
0.293914081145585
0.247255369928401
0.208830548926014
0.239021479713604
0.156682577565632
0.571121718377088
0.115513126491647
0.228042959427208
0.409188544152745
0.598568019093079
0.247255369928401
0.867541766109785
0.620525059665871
0.233532219570406
0.282935560859189
0.22255369928401
0.384486873508353
0.181384248210024
0.543675417661098
0.282935560859189
0.329594272076372
0.324105011933174
0.206085918854415
0.186873508353222
0.0798329355608592
0.318615751789976
0.483293556085919
0.560143198090692
0.16491646778043
0.324105011933174
0.315871121718377
0.521718377088305
0.354295942720764
0.387231503579952
0.186873508353222
0.142959427207637
1.83914081145585
0.271957040572792
0.0798329355608592
0.118257756563246
0.329594272076372
0.310381861575179
0.494272076372315
0.50799522673031
0.142959427207637
0.0798329355608592
0.10727923627685
0.45035799522673
0.310381861575179
0.59582338902148
0.260978520286396
0.181384248210024
0.263723150357995
0.357040572792363
0.326849642004773
0.499761336515513
0.115513126491647
0.244510739856802
0.919689737470167
0.296658711217184
0.310381861575179
0.00572792362768497
0.0908114558472554
0.357040572792363
0.348806682577566
0.068854415274463
1.41921241050119
0.247255369928401
0.535441527446301
0.406443914081145
0.186873508353222
0.203341288782816
0.0414081145584726
0.475059665871122
0.612291169451074
0.302147971360382
0.068854415274463
0.104534606205251
0.170405727923628
0.436634844868735
0.499761336515513
0.200596658711217
0.324105011933174
0.45035799522673
0.650715990453461
0.351551312649165
0.540930787589499
0.258233890214797
0.315871121718377
0.239021479713604
0.958114558472554
0.241766109785203
0.483293556085919
0.33508353221957
0.27744630071599
0.296658711217184
0.0167064439140811
0.464081145584725
0.208830548926014
0.145704057279236
0.263723150357995
0.285680190930788
0.351551312649165
0.241766109785203
0.178639618138425
0.156682577565632
0.332338902147971
0.634248210023866
0.189618138424821
0.442124105011933
0.310381861575179
0.340572792362768
0.140214797136038
0.233532219570406
0.208830548926014
0.376252983293556
0.302147971360382
0.0963007159904535
0.217064439140811
0.389976133651551
0.313126491646778
0.398210023866348
0.36527446300716
0.45035799522673
0.30763723150358
0.239021479713604
0.299403341288783
0.387231503579952
0.159427207637232
0.156682577565632
0.373508353221957
0.384486873508353
0.576610978520286
0.469570405727924
0.296658711217184
0.464081145584725
0.406443914081145
0.579355608591885
0.10727923627685
0.807159904534606
0.466825775656324
0.433890214797136
0.282935560859189
0.296658711217184
0.315871121718377
0.431145584725537
0.321360381861575
0.340572792362768
0.0578758949880668
0.387231503579952
0.112768496420048
0.280190930787589
0.362529832935561
0.167661097852029
0.206085918854415
0.121002386634845
0.280190930787589
0.181384248210024
0.142959427207637
0.299403341288783
0.370763723150358
0.834606205250597
0.299403341288783
0.0798329355608592
0.0825775656324582
0.389976133651551
0.121002386634845
0.313126491646778
0.195107398568019
0.153937947494033
0.244510739856802
0.647971360381861
0.346062052505967
0.101789976133652
0.406443914081145
0.282935560859189
0.159427207637232
0.233532219570406
0.282935560859189
0.225298329355609
0.332338902147971
0.313126491646778
0.13472553699284
0.170405727923628
0.27744630071599
0.302147971360382
0.112768496420048
0.0963007159904535
0.197852028639618
0.195107398568019
0.370763723150358
1.03221957040573
0.280190930787589
0.153937947494033
0.239021479713604
0.340572792362768
0.368019093078759
0.315871121718377
0.167661097852029
0.840095465393795
0.433890214797136
0.219809069212411
0.33508353221957
0.181384248210024
0.153937947494033
0.315871121718377
0.428400954653938
0.324105011933174
0.326849642004773
0.16491646778043
0.357040572792363
1.78973747016706
0.10727923627685
0.269212410501193
0.291169451073986
0.247255369928401
0.0963007159904535
0.829116945107399
0.373508353221957
0.376252983293556
0.255489260143198
0.370763723150358
0.123747016706444
0.389976133651551
0.661694510739857
0.274701670644391
0.178639618138425
0.203341288782816
0.0908114558472554
0.252744630071599
0.431145584725537
0.376252983293556
0.864797136038186
0.351551312649165
0.233532219570406
0.148448687350835
0.486038186157518
0.13472553699284
0.129236276849642
0.42291169451074
0.326849642004773
0.271957040572792
0.33508353221957
0.181384248210024
0.291169451073986
0.175894988066826
0.162171837708831
0.439379474940334
0.239021479713604
0.110023866348449
0.497016706443914
0.551909307875895
0.19236276849642
0.148448687350835
0.197852028639618
0.266467780429594
0.384486873508353
0.25
0.332338902147971
0.68090692124105
0.310381861575179
0.346062052505967
0.332338902147971
0.557398568019093
0.332338902147971
0.288424821002387
0.373508353221957
0.195107398568019
0.370763723150358
0.25
0.121002386634845
0.395465393794749
0.225298329355609
0.337828162291169
0.200596658711217
0.436634844868735
0.510739856801909
0.228042959427208
0.56563245823389
0.332338902147971
0.431145584725537
0.351551312649165
0.343317422434367
0.208830548926014
0.22255369928401
0.68090692124105
0.420167064439141
0.282935560859189
0.0880668257756563
0.752267303102625
0.554653937947494
0.211575178997613
0.340572792362768
0.532696897374702
0.255489260143198
0.557398568019093
0.104534606205251
0.466825775656324
0.326849642004773
0.326849642004773
0.469570405727924
0.189618138424821
0.195107398568019
0.431145584725537
0.00847255369928401
0.00572792362768497
0.313126491646778
0.381742243436754
0.0770883054892601
0.19236276849642
0.263723150357995
0.48054892601432
0.324105011933174
0.33508353221957
0.59307875894988
0.332338902147971
0.373508353221957
0.809904534606205
0.211575178997613
0.153937947494033
0.271957040572792
0.10727923627685
1.64976133651551
0.271957040572792
0.230787589498807
0.310381861575179
0.197852028639618
0.0770883054892601
0.5381861575179
0.066109785202864
0.280190930787589
0.282935560859189
0.376252983293556
0.068854415274463
0.486038186157518
0.200596658711217
0.0770883054892601
1.1008353221957
0.228042959427208
0.516229116945107
0.302147971360382
0.466825775656324
0.282935560859189
0.0963007159904535
0.153937947494033
0.455847255369928
0.357040572792363
0.271957040572792
0.324105011933174
0.406443914081145
0.324105011933174
0.469570405727924
0.25
0.0908114558472554
0.233532219570406
0.104534606205251
0.313126491646778
0.302147971360382
0.73854415274463
0.494272076372315
0.389976133651551
0.162171837708831
0.175894988066826
0.403699284009546
0.255489260143198
0.225298329355609
0.206085918854415
0.302147971360382
0.178639618138425
0.576610978520286
0.409188544152745
0.151193317422434
0.521718377088305
0.417422434367542
0.346062052505967
0.428400954653938
0.428400954653938
0.318615751789976
0.354295942720764
0.255489260143198
0.321360381861575
0.50799522673031
0.340572792362768
0.129236276849642
0.518973747016706
0.293914081145585
0.329594272076372
0.461336515513126
0.233532219570406
0.13472553699284
0.189618138424821
0.357040572792363
0.211575178997613
0.497016706443914
0.466825775656324
0.560143198090692
0.488782816229117
0.153937947494033
0.678162291169451
0.351551312649165
0.348806682577566
0.148448687350835
0.137470167064439
0.658949880668258
0.266467780429594
0.464081145584725
0.59307875894988
0.302147971360382
0.0112171837708831
0.329594272076372
0.488782816229117
0.346062052505967
0.121002386634845
0.0990453460620525
0.329594272076372
0.315871121718377
0.263723150357995
0.554653937947494
0.458591885441527
0.551909307875895
0.271957040572792
0.123747016706444
0.39272076372315
0.288424821002387
0.324105011933174
1.63329355608592
0.763245823389021
0.282935560859189
1.34236276849642
0.357040572792363
0.354295942720764
0.414677804295943
0.535441527446301
0.225298329355609
0.121002386634845
0.291169451073986
0.178639618138425
0.296658711217184
0.510739856801909
0.420167064439141
0.217064439140811
0.137470167064439
0.219809069212411
0.321360381861575
0.304892601431981
0.351551312649165
0.148448687350835
0.639737470167064
0.247255369928401
0.310381861575179
0.129236276849642
0.0496420047732697
0.475059665871122
0.65346062052506
0.357040572792363
0.387231503579952
0.0798329355608592
0.39272076372315
0.763245823389021
0.241766109785203
0.00847255369928401
0.798926014319809
0.499761336515513
0.499761336515513
0.260978520286396
0.200596658711217
0.25
0.219809069212411
0.697374701670644
0.431145584725537
0.142959427207637
0.417422434367542
0.233532219570406
0.829116945107399
0.400954653937947
0.310381861575179
0.724821002386635
0.236276849642005
0.417422434367542
0.304892601431981
0.274701670644391
0.126491646778043
0.562887828162291
0.260978520286396
0.39272076372315
0.189618138424821
0.373508353221957
0.255489260143198
0.236276849642005
0.598568019093079
0.787947494033413
0.387231503579952
0.346062052505967
0.406443914081145
0.302147971360382
0.318615751789976
0.439379474940334
0.288424821002387
0.288424821002387
0.203341288782816
0.304892601431981
0.296658711217184
0.719331742243437
0.266467780429594
0.217064439140811
0.543675417661098
0.359785202863962
0.137470167064439
0.395465393794749
0.293914081145585
0.521718377088305
0.258233890214797
0.197852028639618
0.315871121718377
0.417422434367542
0.428400954653938
0.568377088305489
0.13472553699284
0.488782816229117
0.184128878281623
0.230787589498807
0.499761336515513
0.398210023866348
0.175894988066826
0.22255369928401
0.140214797136038
0.217064439140811
0.230787589498807
0.0825775656324582
0.477804295942721
0.513484486873508
0.208830548926014
0.540930787589499
0.315871121718377
0.137470167064439
0.10727923627685
0.293914081145585
0.195107398568019
0.321360381861575
0.22255369928401
0.233532219570406
0.151193317422434
0.203341288782816
0.0770883054892601
0.73854415274463
0.137470167064439
1.1227923627685
0.293914081145585
0.252744630071599
0.200596658711217
0.368019093078759
0.332338902147971
0.22255369928401
0.282935560859189
0.362529832935561
0.458591885441527
0.175894988066826
0.282935560859189
0.19236276849642
0.0935560859188544
2.02028639618138
0.521718377088305
0.45035799522673
0.793436754176611
0.428400954653938
0.417422434367542
0.36527446300716
0.45035799522673
0.16491646778043
0.39272076372315
0.123747016706444
0.985560859188544
0.181384248210024
0.159427207637232
0.340572792362768
0.398210023866348
0.790692124105012
0.233532219570406
0.406443914081145
0.293914081145585
0.156682577565632
0.656205250596659
0.389976133651551
0.274701670644391
0.186873508353222
0.266467780429594
0.398210023866348
0.505250596658711
0.189618138424821
0.255489260143198
0.142959427207637
0.403699284009546
0.0908114558472554
0.0935560859188544
0.455847255369928
0.189618138424821
0.543675417661098
0.186873508353222
0.505250596658711
0.247255369928401
0.299403341288783
0.315871121718377
0.142959427207637
0.211575178997613
0.170405727923628
0.348806682577566
0.0468973747016706
0.974582338902148
0.145704057279236
0.318615751789976
0.118257756563246
0.516229116945107
0.22255369928401
0.384486873508353
0.247255369928401
0.200596658711217
0.184128878281623
0.145704057279236
0.200596658711217
0.329594272076372
0.368019093078759
0.42291169451074
0.291169451073986
0.329594272076372
0.337828162291169
0.27744630071599
0.181384248210024
0.642482100238663
0.0167064439140811
0.195107398568019
0.260978520286396
0.579355608591885
0.208830548926014
0.368019093078759
0.521718377088305
0.332338902147971
0.217064439140811
0.121002386634845
0.0935560859188544
0.518973747016706
0.389976133651551
0.269212410501193
0.417422434367542
