0.00572792362768497
0.142959427207637
0.0386634844868735
0.0990453460620525
0.0908114558472554
0.0167064439140811
0.0386634844868735
0.10727923627685
0.0249403341288783
0.0853221957040573
0.167661097852029
0.0468973747016706
0.0304295942720764
0.101789976133652
0.118257756563246
0.0386634844868735
0.0331742243436754
0.112768496420048
0.217064439140811
0.101789976133652
0.0139618138424821
0.0249403341288783
0.00298329355608592
0.071599045346062
0.0194510739856802
0.0606205250596659
0.0935560859188544
0.0167064439140811
0.206085918854415
0.203341288782816
0.16491646778043
0.0221957040572792
0.0276849642004773
0.175894988066826
0.0468973747016706
0.167661097852029
0.00298329355608592
0.0414081145584726
0.175894988066826
0.0880668257756563
0.25
0.00572792362768497
0.228042959427208
0.0441527446300716
0.00298329355608592
0.0523866348448687
0.0112171837708831
0.282935560859189
0.0468973747016706
0.131980906921241
0.269212410501193
0.0935560859188544
0.0578758949880668
0.151193317422434
0.0167064439140811
0.0935560859188544
0.118257756563246
0.200596658711217
0.0304295942720764
0.0496420047732697
0.241766109785203
0.370763723150358
0.0468973747016706
0.10727923627685
0.00847255369928401
0.10727923627685
0.0167064439140811
0.101789976133652
0.0853221957040573
0.0496420047732697
0.0167064439140811
0.066109785202864
0.126491646778043
0.00298329355608592
0.16491646778043
0.0523866348448687
0.00298329355608592
0.13472553699284
0.0359188544152745
0.0276849642004773
0.00572792362768497
0.0880668257756563
0.0825775656324582
0.0798329355608592
0.0221957040572792
0.00298329355608592
0.0194510739856802
0.236276849642005
0.112768496420048
0.0496420047732697
0.0112171837708831
0.126491646778043
0.170405727923628
0.0139618138424821
0.241766109785203
0.13472553699284
0.0908114558472554
0.00847255369928401
0.162171837708831
0.00298329355608592
0.10727923627685
0.101789976133652
0.159427207637232
0.0853221957040573
0.156682577565632
0.22255369928401
0.0249403341288783
0.0441527446300716
0.00572792362768497
0.0194510739856802
0.173150357995227
0.131980906921241
0.0606205250596659
0.0249403341288783
0.0359188544152745
0.112768496420048
0.0276849642004773
0.0908114558472554
0.0304295942720764
0.233532219570406
0.310381861575179
0.071599045346062
0.211575178997613
0.0798329355608592
0.118257756563246
0.0990453460620525
0.0990453460620525
0.148448687350835
0.0908114558472554
0.101789976133652
0.10727923627685
0.0990453460620525
0.00298329355608592
0.068854415274463
0.0249403341288783
0.0578758949880668
0.184128878281623
0.000238663484486879
0.00847255369928401
0.0633651551312649
0.0825775656324582
0.0825775656324582
0.00847255369928401
0.0468973747016706
0.159427207637232
0.0798329355608592
0.19236276849642
0.16491646778043
0.271957040572792
0.00847255369928401
0.0304295942720764
0.0825775656324582
0.104534606205251
0.00572792362768497
0.151193317422434
0.0908114558472554
0.115513126491647
0.0825775656324582
0.0359188544152745
0.0167064439140811
0.137470167064439
0.0606205250596659
0.211575178997613
0.066109785202864
0.071599045346062
0.0908114558472554
0.0414081145584726
0.0853221957040573
0.104534606205251
0.0908114558472554
0.0853221957040573
0.324105011933174
0.118257756563246
0.197852028639618
0.0414081145584726
0.000238663484486879
0.19236276849642
0.0606205250596659
0.0221957040572792
0.0139618138424821
0.420167064439141
0.0908114558472554
0.19236276849642
0.0304295942720764
0.00298329355608592
0.0963007159904535
0.071599045346062
0.0963007159904535
0.101789976133652
0.066109785202864
0.0139618138424821
0.00572792362768497
0.0221957040572792
0.0908114558472554
0.00572792362768497
0.0825775656324582
0.000238663484486879
0.0331742243436754
0.233532219570406
0.00298329355608592
0.0551312649164678
0.071599045346062
0.0935560859188544
0.112768496420048
0.0770883054892601
0.217064439140811
0.131980906921241
0.181384248210024
0.071599045346062
0.0112171837708831
0.068854415274463
0.0194510739856802
0.0551312649164678
0.00572792362768497
0.0798329355608592
0.0414081145584726
0.071599045346062
0.0386634844868735
0.0853221957040573
0.219809069212411
0.0359188544152745
0.0414081145584726
0.0880668257756563
0.0414081145584726
0.0935560859188544
0.0908114558472554
0.0276849642004773
0.0386634844868735
0.118257756563246
0.19236276849642
0.0578758949880668
0.181384248210024
0.110023866348449
0.104534606205251
0.140214797136038
0.0606205250596659
0.0770883054892601
0.0606205250596659
0.200596658711217
0.00298329355608592
0.0743436754176611
0.137470167064439
0.0606205250596659
0.112768496420048
0.0578758949880668
0.00572792362768497
0.0221957040572792
0.178639618138425
0.0386634844868735
0.0331742243436754
0.0880668257756563
0.247255369928401
0.0441527446300716
0.0908114558472554
0.0633651551312649
0.0880668257756563
0.115513126491647
0.0304295942720764
0.0551312649164678
0.184128878281623
0.126491646778043
0.0908114558472554
0.0825775656324582
0.175894988066826
0.0221957040572792
0.178639618138425
0.068854415274463
0.00572792362768497
0.217064439140811
0.118257756563246
0.0633651551312649
0.0359188544152745
0.0359188544152745
0.0194510739856802
0.0578758949880668
0.0798329355608592
0.0578758949880668
0.0880668257756563
0.0441527446300716
0.310381861575179
0.00572792362768497
0.068854415274463
0.121002386634845
0.00847255369928401
0.0578758949880668
0.0578758949880668
0.214319809069212
0.0578758949880668
0.0578758949880668
0.0578758949880668
0.0743436754176611
0.0825775656324582
0.0853221957040573
0.0908114558472554
0.148448687350835
0.0551312649164678
0.0798329355608592
0.0798329355608592
0.0112171837708831
0.324105011933174
0.0331742243436754
0.00298329355608592
0.0441527446300716
0.13472553699284
0.0798329355608592
0.0441527446300716
0.13472553699284
0.142959427207637
0.0304295942720764
0.0551312649164678
0.0496420047732697
0.121002386634845
0.000238663484486879
0.0825775656324582
0.0441527446300716
0.142959427207637
0.0606205250596659
0.247255369928401
0.121002386634845
0.0825775656324582
0.104534606205251
0.310381861575179
0.00847255369928401
0.0990453460620525
0.247255369928401
0.0167064439140811
0.0496420047732697
0.071599045346062
0.0167064439140811
0.0139618138424821
0.071599045346062
0.16491646778043
0.39272076372315
0.0770883054892601
0.071599045346062
0.0414081145584726
0.110023866348449
0.00847255369928401
0.0578758949880668
0.0825775656324582
0.0441527446300716
0.0221957040572792
0.068854415274463
0.0386634844868735
0.0414081145584726
0.0770883054892601
0.068854415274463
0.0743436754176611
0.137470167064439
0.115513126491647
0.0633651551312649
0.186873508353222
0.0990453460620525
0.178639618138425
0.0468973747016706
0.0139618138424821
0.162171837708831
0.178639618138425
0.0331742243436754
0.0523866348448687
0.0331742243436754
0.112768496420048
0.0990453460620525
0.0112171837708831
0.142959427207637
0.104534606205251
0.16491646778043
0.230787589498807
0.239021479713604
0.131980906921241
0.0523866348448687
0.0249403341288783
0.186873508353222
0.101789976133652
0.071599045346062
0.0359188544152745
0.189618138424821
0.0468973747016706
0.0167064439140811
0.123747016706444
0.066109785202864
0.140214797136038
0.00572792362768497
0.0276849642004773
0.126491646778043
0.0359188544152745
0.148448687350835
0.126491646778043
0.121002386634845
0.071599045346062
0.118257756563246
0.000238663484486879
0.288424821002387
0.173150357995227
0.112768496420048
0.0139618138424821
0.148448687350835
0.112768496420048
0.0853221957040573
0.217064439140811
0.0304295942720764
0.000238663484486879
0.0359188544152745
0.0523866348448687
0.0798329355608592
0.115513126491647
0.233532219570406
0.175894988066826
0.0221957040572792
0.181384248210024
0.159427207637232
0.0551312649164678
0.0249403341288783
0.126491646778043
0.068854415274463
0.0551312649164678
0.0880668257756563
0.071599045346062
0.0249403341288783
0.159427207637232
0.19236276849642
0.0770883054892601
0.0221957040572792
0.121002386634845
0.0496420047732697
0.071599045346062
0.0853221957040573
0.145704057279236
0.219809069212411
0.0853221957040573
0.288424821002387
0.068854415274463
0.156682577565632
0.121002386634845
0.211575178997613
0.0578758949880668
0.0359188544152745
0.0825775656324582
0.148448687350835
0.0578758949880668
0.0523866348448687
0.0606205250596659
0.00572792362768497
0.118257756563246
0.110023866348449
0.071599045346062
0.0194510739856802
0.0551312649164678
0.0770883054892601
0.0468973747016706
0.131980906921241
0.0853221957040573
0.0167064439140811
0.104534606205251
0.0853221957040573
0.0853221957040573
0.260978520286396
0.203341288782816
0.0523866348448687
0.137470167064439
0.0112171837708831
0.348806682577566
0.0743436754176611
0.0304295942720764
0.00847255369928401
0.071599045346062
0.115513126491647
0.0743436754176611
0.0523866348448687
0.0414081145584726
0.0249403341288783
0.112768496420048
0.142959427207637
0.186873508353222
0.00298329355608592
0.0770883054892601
0.104534606205251
0.0496420047732697
0.066109785202864
0.225298329355609
0.159427207637232
0.0359188544152745
0.00572792362768497
0.126491646778043
0.0441527446300716
0.19236276849642
0.121002386634845
0.0743436754176611
0.137470167064439
0.123747016706444
0.0990453460620525
0.0359188544152745
0.170405727923628
0.0359188544152745
0.409188544152745
0.068854415274463
0.00572792362768497
0.0496420047732697
0.0935560859188544
0.110023866348449
0.10727923627685
0.142959427207637
0.0468973747016706
0.189618138424821
0.112768496420048
0.0908114558472554
0.0990453460620525
0.0743436754176611
0.104534606205251
0.0496420047732697
0.0441527446300716
0.0633651551312649
0.066109785202864
0.0359188544152745
0.0633651551312649
0.142959427207637
0.0139618138424821
0.123747016706444
0.189618138424821
0.0276849642004773
0.0304295942720764
0.0880668257756563
0.167661097852029
0.00572792362768497
0.112768496420048
0.137470167064439
0.142959427207637
0.104534606205251
0.0167064439140811
0.0331742243436754
0.0359188544152745
0.00298329355608592
0.0112171837708831
0.0167064439140811
0.285680190930788
0.332338902147971
0.140214797136038
0.0963007159904535
0.151193317422434
0.0167064439140811
0.0386634844868735
0.167661097852029
0.181384248210024
0.0441527446300716
0.000238663484486879
0.189618138424821
0.184128878281623
0.0194510739856802
0.0880668257756563
0.110023866348449
0.159427207637232
0.0249403341288783
0.0798329355608592
0.151193317422434
0.159427207637232
0.126491646778043
0.0112171837708831
0.140214797136038
0.123747016706444
0.0167064439140811
0.066109785202864
0.0578758949880668
0.00572792362768497
0.0551312649164678
0.153937947494033
0.0523866348448687
0.066109785202864
0.0112171837708831
0.0633651551312649
0.0825775656324582
0.0194510739856802
0.260978520286396
0.0496420047732697
0.260978520286396
0.0798329355608592
0.260978520286396
0.137470167064439
0.00572792362768497
0.13472553699284
0.0935560859188544
0.0359188544152745
0.10727923627685
0.145704057279236
0.140214797136038
0.0606205250596659
0.22255369928401
0.0359188544152745
0.293914081145585
0.0523866348448687
0.000238663484486879
0.0770883054892601
0.0743436754176611
0.0304295942720764
0.0414081145584726
0.0551312649164678
0.00298329355608592
0.181384248210024
0.0276849642004773
0.0359188544152745
0.101789976133652
0.0551312649164678
0.145704057279236
0.0441527446300716
0.00847255369928401
0.0523866348448687
0.145704057279236
0.0249403341288783
0.115513126491647
0.0359188544152745
0.0331742243436754
0.0304295942720764
0.0468973747016706
0.0606205250596659
0.0606205250596659
0.162171837708831
0.0551312649164678
0.00572792362768497
0.153937947494033
0.0743436754176611
0.0249403341288783
0.071599045346062
0.0853221957040573
0.0496420047732697
0.153937947494033
0.0414081145584726
0.175894988066826
0.0221957040572792
0.19236276849642
0.0359188544152745
0.142959427207637
0.189618138424821
0.0221957040572792
0.0825775656324582
0.0221957040572792
0.0221957040572792
0.0359188544152745
0.118257756563246
0.0386634844868735
0.252744630071599
0.00847255369928401
0.642482100238663
0.126491646778043
0.00847255369928401
0.0194510739856802
0.0167064439140811
0.225298329355609
0.241766109785203
0.162171837708831
0.159427207637232
0.0221957040572792
0.167661097852029
0.0468973747016706
0.0770883054892601
0.000238663484486879
0.0331742243436754
0.0743436754176611
0.104534606205251
0.00298329355608592
0.0633651551312649
0.258233890214797
0.16491646778043
0.189618138424821
0.0249403341288783
0.066109785202864
0.110023866348449
0.0414081145584726
0.142959427207637
0.19236276849642
0.175894988066826
0.00847255369928401
0.694630071599045
0.115513126491647
0.0908114558472554
0.0304295942720764
0.00847255369928401
0.0194510739856802
0.0167064439140811
0.0578758949880668
0.0249403341288783
0.0386634844868735
0.0770883054892601
0.175894988066826
0.195107398568019
0.228042959427208
0.0743436754176611
0.0578758949880668
0.110023866348449
0.0414081145584726
0.00847255369928401
0.0221957040572792
0.0276849642004773
0.0853221957040573
0.153937947494033
0.118257756563246
0.000238663484486879
0.0880668257756563
0.00847255369928401
0.239021479713604
0.0414081145584726
0.104534606205251
0.110023866348449
0.159427207637232
0.115513126491647
0.170405727923628
0.0606205250596659
0.121002386634845
0.0963007159904535
0.00572792362768497
0.121002386634845
0.170405727923628
0.0798329355608592
0.0414081145584726
0.00847255369928401
0.208830548926014
0.0221957040572792
0.288424821002387
0.0853221957040573
0.131980906921241
0.0606205250596659
0.0880668257756563
0.0139618138424821
0.0167064439140811
0.110023866348449
0.0249403341288783
0.104534606205251
0.16491646778043
0.0880668257756563
0.299403341288783
0.0139618138424821
0.0523866348448687
0.266467780429594
0.137470167064439
0.0551312649164678
0.0523866348448687
0.0112171837708831
0.148448687350835
0.0468973747016706
0.0194510739856802
0.0551312649164678
0.066109785202864
0.0441527446300716
0.0743436754176611
0.0551312649164678
0.0935560859188544
0.16491646778043
0.175894988066826
0.0194510739856802
0.123747016706444
0.0221957040572792
0.217064439140811
0.00572792362768497
0.0880668257756563
0.225298329355609
0.137470167064439
0.145704057279236
0.121002386634845
0.00847255369928401
0.16491646778043
0.368019093078759
0.115513126491647
0.0468973747016706
0.170405727923628
0.285680190930788
0.0935560859188544
0.104534606205251
0.244510739856802
0.068854415274463
0.148448687350835
0.0853221957040573
0.0139618138424821
0.000238663484486879
0.0908114558472554
0.148448687350835
0.0194510739856802
0.0551312649164678
0.0468973747016706
0.0606205250596659
0.0139618138424821
0.0386634844868735
0.0825775656324582
0.00572792362768497
0.0331742243436754
0.10727923627685
0.0578758949880668
0.0606205250596659
0.068854415274463
0.129236276849642
0.0139618138424821
0.00847255369928401
0.0770883054892601
0.140214797136038
0.181384248210024
0.0523866348448687
0.13472553699284
0.200596658711217
0.123747016706444
0.0743436754176611
0.159427207637232
0.000238663484486879
0.0249403341288783
0.0551312649164678
0.0496420047732697
0.126491646778043
0.131980906921241
0.148448687350835
0.0414081145584726
0.0468973747016706
0.0359188544152745
0.0359188544152745
0.0359188544152745
0.0112171837708831
0.071599045346062
0.288424821002387
0.0331742243436754
0.151193317422434
0.162171837708831
0.162171837708831
0.066109785202864
0.000238663484486879
0.066109785202864
0.27744630071599
0.0963007159904535
0.22255369928401
0.217064439140811
0.068854415274463
0.269212410501193
0.370763723150358
0.79618138424821
0.121002386634845
0.0331742243436754
0.101789976133652
0.121002386634845
0.123747016706444
0.0990453460620525
0.0798329355608592
0.0167064439140811
0.0743436754176611
0.071599045346062
0.263723150357995
0.0441527446300716
0.274701670644391
0.0276849642004773
0.0359188544152745
0.000238663484486879
0.217064439140811
0.104534606205251
0.148448687350835
0.282935560859189
0.159427207637232
0.145704057279236
0.066109785202864
0.0633651551312649
0.0523866348448687
0.066109785202864
0.175894988066826
0.0112171837708831
0.140214797136038
0.129236276849642
0.123747016706444
0.0249403341288783
0.0825775656324582
0.0990453460620525
0.0825775656324582
0.0414081145584726
0.0770883054892601
0.101789976133652
0.151193317422434
0.0853221957040573
0.0441527446300716
0.181384248210024
0.0441527446300716
0.16491646778043
0.197852028639618
0.121002386634845
0.162171837708831
0.0935560859188544
0.000238663484486879
0.0990453460620525
0.159427207637232
0.137470167064439
0.0853221957040573
0.0276849642004773
0.0853221957040573
0.0386634844868735
0.0194510739856802
0.0908114558472554
0.0853221957040573
0.195107398568019
0.0331742243436754
0.0304295942720764
0.0359188544152745
0.0331742243436754
0.0139618138424821
0.0468973747016706
0.0551312649164678
0.0414081145584726
0.115513126491647
0.173150357995227
0.0935560859188544
0.145704057279236
0.142959427207637
0.0386634844868735
0.151193317422434
0.189618138424821
0.0990453460620525
0.00572792362768497
0.0523866348448687
0.0935560859188544
0.0359188544152745
0.137470167064439
0.0276849642004773
0.148448687350835
0.0496420047732697
0.0496420047732697
0.247255369928401
0.115513126491647
0.126491646778043
0.252744630071599
0.0304295942720764
0.186873508353222
0.0276849642004773
0.0578758949880668
0.0606205250596659
0.0935560859188544
0.0468973747016706
0.153937947494033
0.0990453460620525
0.0496420047732697
0.0194510739856802
0.0770883054892601
0.0221957040572792
0.0935560859188544
0.0359188544152745
0.0496420047732697
0.0414081145584726
0.129236276849642
0.112768496420048
0.131980906921241
0.110023866348449
0.0523866348448687
0.10727923627685
0.247255369928401
0.0139618138424821
0.0331742243436754
0.0743436754176611
0.0386634844868735
0.0496420047732697
0.0112171837708831
0.0990453460620525
0.10727923627685
0.0249403341288783
0.0523866348448687
0.208830548926014
0.137470167064439
0.00847255369928401
0.247255369928401
0.0386634844868735
0.0386634844868735
0.00572792362768497
0.0414081145584726
0.236276849642005
0.112768496420048
0.0523866348448687
0.0606205250596659
0.0304295942720764
0.0935560859188544
0.159427207637232
0.0880668257756563
0.208830548926014
0.123747016706444
0.101789976133652
0.170405727923628
0.0112171837708831
0.162171837708831
0.0633651551312649
0.148448687350835
0.104534606205251
0.0853221957040573
0.162171837708831
0.0633651551312649
0.126491646778043
0.159427207637232
0.104534606205251
0.285680190930788
0.0853221957040573
0.101789976133652
0.0743436754176611
0.255489260143198
0.110023866348449
0.0743436754176611
0.0167064439140811
0.0359188544152745
0.071599045346062
0.137470167064439
0.0963007159904535
0.0523866348448687
0.173150357995227
0.0578758949880668
0.000238663484486879
0.206085918854415
0.0112171837708831
0.0221957040572792
0.0386634844868735
0.0606205250596659
0.0167064439140811
0.200596658711217
0.0468973747016706
0.0770883054892601
0.00572792362768497
0.129236276849642
0.0496420047732697
0.208830548926014
0.0908114558472554
0.0359188544152745
0.203341288782816
0.066109785202864
0.112768496420048
0.0963007159904535
0.071599045346062
0.0633651551312649
0.112768496420048
0.140214797136038
0.0304295942720764
0.156682577565632
0.0825775656324582
0.00572792362768497
0.304892601431981
0.0441527446300716
0.0221957040572792
0.068854415274463
0.131980906921241
0.156682577565632
0.0112171837708831
0.0386634844868735
0.0770883054892601
0.0304295942720764
0.0221957040572792
0.208830548926014
0.118257756563246
0.131980906921241
0.186873508353222
0.156682577565632
0.00572792362768497
0.0331742243436754
0.271957040572792
0.129236276849642
0.13472553699284
0.0853221957040573
0.0853221957040573
0.0414081145584726
0.195107398568019
0.0249403341288783
0.208830548926014
0.068854415274463
0.0359188544152745
0.0935560859188544
0.214319809069212
0.0523866348448687
0.000238663484486879
0.16491646778043
0.0743436754176611
0.0194510739856802
0.208830548926014
0.104534606205251
0.137470167064439
0.0331742243436754
0.0414081145584726
0.0414081145584726
0.0441527446300716
0.00847255369928401
0.112768496420048
0.0359188544152745
0.00847255369928401
0.0853221957040573
0.123747016706444
0.142959427207637
0.274701670644391
0.104534606205251
0.071599045346062
0.000238663484486879
0.0743436754176611
0.118257756563246
0.123747016706444
0.140214797136038
0.0551312649164678
0.0523866348448687
0.0578758949880668
0.0551312649164678
0.0496420047732697
0.00847255369928401
0.0798329355608592
0.0770883054892601
0.0194510739856802
0.0551312649164678
0.0441527446300716
0.0963007159904535
0.10727923627685
0.00298329355608592
0.00572792362768497
0.181384248210024
0.148448687350835
0.129236276849642
0.071599045346062
0.0359188544152745
0.066109785202864
0.110023866348449
0.13472553699284
0.0441527446300716
0.0825775656324582
0.0304295942720764
0.228042959427208
0.167661097852029
0.0963007159904535
0.16491646778043
0.0386634844868735
0.112768496420048
0.230787589498807
0.140214797136038
0.0825775656324582
0.112768496420048
0.00572792362768497
0.071599045346062
0.0798329355608592
0.181384248210024
0.0194510739856802
0.0359188544152745
0.0853221957040573
0.151193317422434
0.241766109785203
0.068854415274463
0.16491646778043
0.170405727923628
0.00298329355608592
0.0606205250596659
0.0331742243436754
0.0359188544152745
0.0990453460620525
0.140214797136038
0.167661097852029
0.0853221957040573
0.167661097852029
0.0908114558472554
0.0853221957040573
0.0468973747016706
0.0606205250596659
0.0139618138424821
0.0331742243436754
0.0743436754176611
0.145704057279236
0.00572792362768497
0.0112171837708831
0.0990453460620525
0.0551312649164678
0.156682577565632
0.123747016706444
0.000238663484486879
0.0908114558472554
0.0578758949880668
0.0386634844868735
0.181384248210024
0.0331742243436754
0.39272076372315
0.115513126491647
0.0770883054892601
0.10727923627685
0.101789976133652
0.167661097852029
0.0414081145584726
0.10727923627685
0.13472553699284
0.0798329355608592
0.101789976133652
0.318615751789976
0.112768496420048
0.0112171837708831
0.0880668257756563
0.159427207637232
0.0221957040572792
0.148448687350835
0.0523866348448687
0.10727923627685
0.00572792362768497
0.142959427207637
0.233532219570406
0.071599045346062
0.203341288782816
0.0167064439140811
0.118257756563246
0.0880668257756563
0.0359188544152745
0.25
0.0963007159904535
0.104534606205251
0.0249403341288783
0.137470167064439
0.0633651551312649
0.153937947494033
0.0221957040572792
0.0798329355608592
0.0386634844868735
0.104534606205251
0.184128878281623
0.0414081145584726
0.0221957040572792
0.0963007159904535
0.0990453460620525
0.0496420047732697
0.0853221957040573
0.123747016706444
0.0414081145584726
0.0304295942720764
0.123747016706444
0.0853221957040573
0.112768496420048
0.228042959427208
0.153937947494033
0.00572792362768497
0.0304295942720764
0.255489260143198
0.10727923627685
0.0194510739856802
0.071599045346062
0.0359188544152745
0.112768496420048
0.153937947494033
0.469570405727924
0.195107398568019
0.104534606205251
0.0167064439140811
0.0880668257756563
0.0551312649164678
0.219809069212411
0.288424821002387
0.208830548926014
0.068854415274463
0.0276849642004773
0.0441527446300716
0.0414081145584726
0.071599045346062
0.239021479713604
0.0963007159904535
0.159427207637232
0.156682577565632
0.0359188544152745
0.066109785202864
0.230787589498807
0.0194510739856802
0.137470167064439
0.0221957040572792
0.145704057279236
0.000238663484486879
0.142959427207637
0.0606205250596659
0.269212410501193
0.00572792362768497
0.0963007159904535
0.225298329355609
0.123747016706444
0.244510739856802
0.00847255369928401
0.0249403341288783
0.0990453460620525
0.200596658711217
0.208830548926014
0.115513126491647
0.302147971360382
0.0633651551312649
0.145704057279236
0.299403341288783
0.137470167064439
0.0359188544152745
0.175894988066826
0.159427207637232
0.066109785202864
0.0880668257756563
0.0523866348448687
0.0112171837708831
0.10727923627685
0.10727923627685
0.258233890214797
0.00572792362768497
0.071599045346062
0.0963007159904535
0.170405727923628
0.0523866348448687
0.115513126491647
0.0825775656324582
0.0441527446300716
0.131980906921241
0.0496420047732697
0.112768496420048
0.274701670644391
0.244510739856802
0.110023866348449
0.0523866348448687
0.0990453460620525
0.0386634844868735
0.104534606205251
0.115513126491647
0.0908114558472554
0.066109785202864
0.0853221957040573
0.151193317422434
0.0414081145584726
0.142959427207637
0.0468973747016706
0.0523866348448687
0.0963007159904535
0.123747016706444
0.0441527446300716
0.184128878281623
0.0825775656324582
0.10727923627685
0.0194510739856802
0.217064439140811
0.121002386634845
0.10727923627685
0.0935560859188544
0.291169451073986
0.13472553699284
0.0798329355608592
0.0523866348448687
0.39272076372315
0.0139618138424821
0.0276849642004773
0.118257756563246
0.373508353221957
0.121002386634845
0.121002386634845
0.0633651551312649
0.00847255369928401
0.0221957040572792
0.178639618138425
0.126491646778043
0.140214797136038
0.0331742243436754
0.0935560859188544
0.170405727923628
0.0112171837708831
0.0276849642004773
0.0359188544152745
0.0523866348448687
0.101789976133652
0.0935560859188544
0.112768496420048
0.121002386634845
0.0578758949880668
0.0825775656324582
0.0386634844868735
0.175894988066826
0.0935560859188544
0.159427207637232
0.00298329355608592
0.203341288782816
0.0496420047732697
0.00847255369928401
0.104534606205251
0.071599045346062
0.00847255369928401
0.0743436754176611
0.0139618138424821
0.0853221957040573
0.137470167064439
0.0935560859188544
0.00847255369928401
0.131980906921241
0.0523866348448687
0.0276849642004773
0.0496420047732697
0.0825775656324582
0.000238663484486879
0.0935560859188544
0.0551312649164678
0.181384248210024
0.071599045346062
0.0167064439140811
0.0112171837708831
0.0606205250596659
0.145704057279236
0.178639618138425
0.00847255369928401
0.0798329355608592
0.170405727923628
0.0359188544152745
0.0414081145584726
0.0743436754176611
0.0386634844868735
0.271957040572792
0.206085918854415
0.0167064439140811
0.0359188544152745
0.0551312649164678
0.0194510739856802
0.068854415274463
0.162171837708831
0.228042959427208
0.181384248210024
0.0853221957040573
0.137470167064439
0.0112171837708831
0.0798329355608592
0.0386634844868735
0.0770883054892601
0.0112171837708831
0.0386634844868735
0.13472553699284
0.151193317422434
0.175894988066826
0.140214797136038
0.186873508353222
0.269212410501193
0.140214797136038
0.066109785202864
0.10727923627685
0.0798329355608592
0.0523866348448687
0.167661097852029
0.0798329355608592
0.0414081145584726
0.0963007159904535
0.0304295942720764
0.0414081145584726
0.115513126491647
0.151193317422434
0.0496420047732697
0.0990453460620525
0.0880668257756563
0.0304295942720764
0.10727923627685
0.121002386634845
0.066109785202864
0.00847255369928401
0.0798329355608592
0.151193317422434
0.0496420047732697
0.184128878281623
0.0770883054892601
0.0963007159904535
0.0496420047732697
0.145704057279236
0.115513126491647
0.0578758949880668
0.137470167064439
0.142959427207637
0.0414081145584726
0.104534606205251
0.0304295942720764
0.332338902147971
0.184128878281623
0.0386634844868735
0.0167064439140811
0.0112171837708831
0.0276849642004773
0.540930787589499
0.0935560859188544
0.0249403341288783
0.0167064439140811
0.0414081145584726
0.0139618138424821
0.0167064439140811
0.0908114558472554
0.200596658711217
0.126491646778043
0.121002386634845
0.315871121718377
0.068854415274463
0.00572792362768497
0.0359188544152745
0.0880668257756563
0.346062052505967
0.131980906921241
0.071599045346062
0.0551312649164678
0.0880668257756563
0.066109785202864
0.214319809069212
0.00298329355608592
0.159427207637232
0.0441527446300716
0.145704057279236
0.068854415274463
0.142959427207637
0.101789976133652
0.13472553699284
0.0551312649164678
0.233532219570406
0.0359188544152745
0.000238663484486879
0.299403341288783
0.068854415274463
0.0523866348448687
0.0194510739856802
0.0551312649164678
0.0139618138424821
0.0825775656324582
0.173150357995227
0.0743436754176611
0.184128878281623
0.0139618138424821
0.0935560859188544
0.186873508353222
0.0304295942720764
0.126491646778043
0.153937947494033
0.0523866348448687
0.200596658711217
0.0139618138424821
0.0935560859188544
0.225298329355609
0.112768496420048
0.104534606205251
0.206085918854415
0.0249403341288783
0.0606205250596659
0.0743436754176611
0.145704057279236
0.0194510739856802
0.129236276849642
0.00298329355608592
0.110023866348449
0.0414081145584726
0.395465393794749
0.140214797136038
0.167661097852029
0.00572792362768497
0.0935560859188544
0.118257756563246
0.0963007159904535
0.16491646778043
0.00298329355608592
0.151193317422434
0.0276849642004773
0.0167064439140811
0.200596658711217
0.00572792362768497
0.321360381861575
0.186873508353222
0.0304295942720764
0.0249403341288783
0.173150357995227
0.206085918854415
0.0523866348448687
0.19236276849642
0.110023866348449
0.140214797136038
0.16491646778043
0.203341288782816
0.000238663484486879
0.0167064439140811
0.0414081145584726
0.115513126491647
0.189618138424821
0.0194510739856802
0.140214797136038
0.068854415274463
0.0633651551312649
0.0441527446300716
0.0441527446300716
0.140214797136038
0.0386634844868735
0.0386634844868735
0.126491646778043
0.0249403341288783
0.0523866348448687
0.0963007159904535
0.115513126491647
0.137470167064439
0.0359188544152745
0.186873508353222
0.16491646778043
0.159427207637232
0.197852028639618
0.200596658711217
0.0990453460620525
0.000238663484486879
0.175894988066826
0.0743436754176611
0.0990453460620525
0.066109785202864
0.211575178997613
0.0963007159904535
0.0221957040572792
0.203341288782816
0.0386634844868735
0.0194510739856802
0.332338902147971
0.0139618138424821
0.0112171837708831
0.110023866348449
0.0359188544152745
0.121002386634845
0.00847255369928401
0.0880668257756563
0.110023866348449
0.0249403341288783
0.0276849642004773
0.0743436754176611
0.121002386634845
0.131980906921241
0.0221957040572792
0.0633651551312649
0.0798329355608592
0.0276849642004773
0.0523866348448687
0.118257756563246
0.0963007159904535
0.368019093078759
0.0249403341288783
0.0880668257756563
0.126491646778043
0.0331742243436754
0.247255369928401
0.0194510739856802
0.101789976133652
0.123747016706444
0.0221957040572792
0.0249403341288783
0.148448687350835
0.0880668257756563
0.0441527446300716
0.159427207637232
0.359785202863962
0.178639618138425
0.0167064439140811
0.131980906921241
0.0194510739856802
0.0249403341288783
0.00298329355608592
0.0468973747016706
0.112768496420048
0.0331742243436754
0.151193317422434
0.118257756563246
0.131980906921241
0.0194510739856802
0.0770883054892601
0.00298329355608592
0.0770883054892601
0.121002386634845
0.0743436754176611
0.0276849642004773
0.0743436754176611
0.123747016706444
0.0880668257756563
0.0880668257756563
0.16491646778043
0.0194510739856802
0.00847255369928401
0.173150357995227
0.19236276849642
0.0633651551312649
0.0880668257756563
0.0880668257756563
0.208830548926014
0.0770883054892601
0.0963007159904535
0.118257756563246
0.170405727923628
0.0880668257756563
0.0468973747016706
0.0963007159904535
0.129236276849642
0.0221957040572792
0.10727923627685
0.0112171837708831
0.0167064439140811
0.000238663484486879
0.118257756563246
0.137470167064439
0.0551312649164678
0.129236276849642
0.0798329355608592
0.123747016706444
0.0139618138424821
0.162171837708831
0.0853221957040573
0.0249403341288783
0.00847255369928401
0.0359188544152745
0.137470167064439
0.0441527446300716
0.126491646778043
0.197852028639618
0.0496420047732697
0.110023866348449
0.118257756563246
0.0276849642004773
0.329594272076372
0.0331742243436754
0.101789976133652
0.178639618138425
0.0633651551312649
0.0441527446300716
0.214319809069212
0.00572792362768497
0.0112171837708831
0.178639618138425
0.175894988066826
0.126491646778043
0.0331742243436754
0.159427207637232
0.0743436754176611
0.0935560859188544
0.0194510739856802
0.0551312649164678
0.236276849642005
0.00572792362768497
0.118257756563246
0.0578758949880668
0.0331742243436754
0.178639618138425
0.0880668257756563
0.0359188544152745
0.0523866348448687
0.159427207637232
0.10727923627685
0.0194510739856802
0.0880668257756563
0.071599045346062
0.0853221957040573
0.0112171837708831
0.0194510739856802
0.0606205250596659
0.142959427207637
0.0414081145584726
0.156682577565632
0.167661097852029
0.162171837708831
0.0414081145584726
0.0523866348448687
0.13472553699284
0.0468973747016706
0.0551312649164678
0.0359188544152745
0.00847255369928401
0.0331742243436754
0.123747016706444
0.211575178997613
0.0221957040572792
0.184128878281623
0.00298329355608592
0.126491646778043
0.123747016706444
0.0963007159904535
0.115513126491647
0.00298329355608592
0.104534606205251
0.118257756563246
0.068854415274463
0.159427207637232
0.19236276849642
0.197852028639618
0.140214797136038
0.0578758949880668
0.112768496420048
0.0496420047732697
0.0853221957040573
0.0551312649164678
0.0633651551312649
0.0359188544152745
0.0770883054892601
0.0304295942720764
0.112768496420048
0.167661097852029
0.104534606205251
0.184128878281623
0.153937947494033
0.148448687350835
0.175894988066826
0.00572792362768497
0.0523866348448687
0.0468973747016706
0.112768496420048
0.0386634844868735
0.0523866348448687
0.066109785202864
0.159427207637232
0.0249403341288783
0.137470167064439
0.0908114558472554
0.0414081145584726
0.0468973747016706
0.121002386634845
0.0908114558472554
0.118257756563246
0.0139618138424821
0.0633651551312649
0.118257756563246
0.0167064439140811
0.00298329355608592
0.110023866348449
0.112768496420048
0.0606205250596659
0.0359188544152745
0.000238663484486879
0.263723150357995
0.0139618138424821
0.0441527446300716
0.0606205250596659
0.00298329355608592
0.0606205250596659
0.153937947494033
0.00298329355608592
0.10727923627685
0.156682577565632
0.142959427207637
0.0414081145584726
0.0825775656324582
0.00572792362768497
0.0825775656324582
0.173150357995227
0.200596658711217
0.00847255369928401
0.13472553699284
0.0276849642004773
0.184128878281623
0.0551312649164678
0.0112171837708831
0.0414081145584726
0.0112171837708831
0.159427207637232
0.0990453460620525
0.230787589498807
0.0990453460620525
0.142959427207637
0.066109785202864
0.0880668257756563
0.0112171837708831
0.00847255369928401
0.0523866348448687
0.285680190930788
0.066109785202864
0.0825775656324582
0.19236276849642
0.0441527446300716
0.178639618138425
0.195107398568019
0.0468973747016706
0.0853221957040573
0.0468973747016706
0.197852028639618
0.0304295942720764
0.0963007159904535
0.173150357995227
0.0304295942720764
0.137470167064439
0.170405727923628
0.110023866348449
0.126491646778043
0.126491646778043
0.184128878281623
0.211575178997613
0.0523866348448687
0.0963007159904535
0.068854415274463
0.0606205250596659
0.0331742243436754
0.269212410501193
0.0990453460620525
0.118257756563246
0.0825775656324582
0.0441527446300716
0.104534606205251
0.0825775656324582
0.115513126491647
0.0770883054892601
0.0825775656324582
0.178639618138425
0.000238663484486879
0.0249403341288783
0.0523866348448687
0.123747016706444
0.186873508353222
0.145704057279236
0.0276849642004773
0.0221957040572792
0.233532219570406
0.22255369928401
0.00847255369928401
0.123747016706444
0.247255369928401
0.159427207637232
0.0468973747016706
0.000238663484486879
0.186873508353222
0.0139618138424821
0.0221957040572792
22.072553699284
0.16491646778043
0.0139618138424821
0.159427207637232
0.00298329355608592
0.0578758949880668
0.0468973747016706
0.0908114558472554
0.0551312649164678
0.071599045346062
0.0167064439140811
0.0167064439140811
0.10727923627685
0.0386634844868735
0.0770883054892601
0.00847255369928401
0.142959427207637
0.0359188544152745
0.066109785202864
0.16491646778043
0.137470167064439
0.156682577565632
0.195107398568019
0.153937947494033
0.0414081145584726
0.140214797136038
0.104534606205251
0.0112171837708831
0.0908114558472554
0.115513126491647
0.000238663484486879
0.0331742243436754
0.258233890214797
0.0221957040572792
0.0633651551312649
0.0523866348448687
0.110023866348449
0.104534606205251
0.0825775656324582
0.0139618138424821
0.140214797136038
0.0496420047732697
0.359785202863962
0.0880668257756563
0.0606205250596659
0.0359188544152745
0.258233890214797
0.178639618138425
0.0606205250596659
0.22255369928401
0.22255369928401
0.0770883054892601
0.0853221957040573
0.186873508353222
0.203341288782816
0.0853221957040573
0.0990453460620525
0.184128878281623
0.104534606205251
0.123747016706444
0.0743436754176611
0.148448687350835
0.0331742243436754
0.110023866348449
0.0798329355608592
0.0990453460620525
0.110023866348449
0.0194510739856802
0.700119331742243
0.0276849642004773
0.0633651551312649
0.0963007159904535
0.115513126491647
0.225298329355609
0.0359188544152745
0.0551312649164678
0.0523866348448687
0.131980906921241
0.112768496420048
0.151193317422434
0.0112171837708831
0.0578758949880668
0.0359188544152745
0.0386634844868735
0.121002386634845
0.000238663484486879
0.153937947494033
0.0853221957040573
0.0359188544152745
0.00572792362768497
0.000238663484486879
0.0578758949880668
0.170405727923628
0.13472553699284
0.131980906921241
0.0990453460620525
0.0359188544152745
0.0880668257756563
0.0249403341288783
0.167661097852029
0.197852028639618
0.0908114558472554
0.0112171837708831
0.0221957040572792
0.186873508353222
0.131980906921241
0.488782816229117
0.0331742243436754
0.16491646778043
0.184128878281623
0.0798329355608592
0.0743436754176611
0.0770883054892601
0.0551312649164678
0.0743436754176611
0.000238663484486879
0.121002386634845
0.244510739856802
0.0139618138424821
0.0441527446300716
0.16491646778043
0.0167064439140811
0.0551312649164678
0.0880668257756563
0.16491646778043
0.153937947494033
0.0770883054892601
0.104534606205251
0.0304295942720764
0.112768496420048
0.00572792362768497
0.178639618138425
0.10727923627685
0.0853221957040573
0.13472553699284
0.0414081145584726
0.0194510739856802
0.16491646778043
0.145704057279236
0.0331742243436754
0.0249403341288783
0.0139618138424821
0.066109785202864
0.121002386634845
0.0990453460620525
0.00847255369928401
0.159427207637232
0.0825775656324582
0.0743436754176611
0.0853221957040573
0.0331742243436754
0.0359188544152745
0.228042959427208
0.121002386634845
0.0825775656324582
0.0606205250596659
0.0468973747016706
0.233532219570406
0.0496420047732697
0.104534606205251
0.0551312649164678
0.00572792362768497
0.0249403341288783
0.0880668257756563
0.0331742243436754
0.0853221957040573
0.151193317422434
0.066109785202864
0.140214797136038
0.0743436754176611
0.236276849642005
0.110023866348449
0.0331742243436754
0.230787589498807
0.0578758949880668
0.0798329355608592
0.112768496420048
0.0386634844868735
0.0551312649164678
0.0825775656324582
0.0386634844868735
0.184128878281623
0.0386634844868735
0.0908114558472554
0.0990453460620525
0.0331742243436754
0.126491646778043
0.00298329355608592
0.151193317422434
0.142959427207637
0.0935560859188544
0.472315035799523
0.0276849642004773
0.00298329355608592
0.214319809069212
0.0249403341288783
0.0770883054892601
0.0496420047732697
0.233532219570406
0.0770883054892601
0.0496420047732697
0.0167064439140811
0.0743436754176611
0.337828162291169
0.104534606205251
0.0990453460620525
0.244510739856802
0.101789976133652
0.145704057279236
0.0167064439140811
0.00572792362768497
0.0853221957040573
0.0194510739856802
0.0551312649164678
0.151193317422434
0.214319809069212
0.33508353221957
0.0963007159904535
0.156682577565632
0.0221957040572792
0.101789976133652
0.10727923627685
0.0112171837708831
0.0414081145584726
0.203341288782816
0.0853221957040573
0.0606205250596659
0.271957040572792
0.0441527446300716
0.0468973747016706
0.0249403341288783
0.13472553699284
0.00572792362768497
0.0359188544152745
0.184128878281623
0.153937947494033
0.0249403341288783
0.0139618138424821
0.0606205250596659
0.00847255369928401
0.0221957040572792
0.184128878281623
0.167661097852029
0.00847255369928401
0.071599045346062
0.0963007159904535
0.0606205250596659
0.0523866348448687
0.145704057279236
0.071599045346062
0.244510739856802
0.066109785202864
0.167661097852029
0.104534606205251
0.0331742243436754
0.0853221957040573
0.0606205250596659
0.0331742243436754
0.0331742243436754
0.112768496420048
0.244510739856802
0.151193317422434
0.066109785202864
0.0194510739856802
0.0359188544152745
0.0523866348448687
0.071599045346062
0.236276849642005
0.200596658711217
0.101789976133652
0.126491646778043
0.131980906921241
0.0468973747016706
0.129236276849642
0.0496420047732697
0.0963007159904535
0.118257756563246
0.0825775656324582
0.0249403341288783
0.329594272076372
0.0935560859188544
0.13472553699284
0.0331742243436754
0.0743436754176611
0.0908114558472554
0.0414081145584726
0.0468973747016706
0.142959427207637
0.206085918854415
0.557398568019093
0.13472553699284
0.0386634844868735
0.0743436754176611
0.170405727923628
0.13472553699284
0.0112171837708831
0.142959427207637
0.151193317422434
0.121002386634845
0.255489260143198
0.071599045346062
0.269212410501193
0.0798329355608592
0.0167064439140811
0.0194510739856802
0.0221957040572792
0.247255369928401
0.173150357995227
0.153937947494033
0.129236276849642
0.066109785202864
0.0825775656324582
0.066109785202864
0.0441527446300716
0.217064439140811
0.0276849642004773
0.0880668257756563
0.0414081145584726
0.0386634844868735
0.252744630071599
0.131980906921241
0.0880668257756563
0.19236276849642
0.0551312649164678
0.0798329355608592
0.123747016706444
0.118257756563246
0.00572792362768497
0.00298329355608592
0.22255369928401
0.0304295942720764
0.0578758949880668
0.0414081145584726
0.0167064439140811
0.101789976133652
0.068854415274463
0.186873508353222
0.071599045346062
0.0276849642004773
0.0249403341288783
0.115513126491647
0.121002386634845
0.0496420047732697
0.112768496420048
0.0633651551312649
0.0935560859188544
0.0414081145584726
0.104534606205251
0.118257756563246
0.0825775656324582
0.0551312649164678
0.0331742243436754
0.0468973747016706
0.0990453460620525
0.0468973747016706
0.173150357995227
0.110023866348449
0.0523866348448687
0.0386634844868735
0.000238663484486879
0.27744630071599
0.0304295942720764
0.0578758949880668
0.0825775656324582
0.000238663484486879
0.148448687350835
0.162171837708831
0.0770883054892601
0.0798329355608592
0.0523866348448687
0.0304295942720764
0.145704057279236
0.0249403341288783
0.0908114558472554
0.00847255369928401
0.0167064439140811
0.228042959427208
0.0139618138424821
0.0167064439140811
0.0139618138424821
0.22255369928401
0.0167064439140811
0.0441527446300716
0.178639618138425
0.137470167064439
0.0825775656324582
0.0194510739856802
0.0139618138424821
0.433890214797136
0.208830548926014
0.0798329355608592
0.0606205250596659
0.0551312649164678
0.104534606205251
0.313126491646778
0.148448687350835
0.258233890214797
0.00847255369928401
0.110023866348449
0.0359188544152745
0.186873508353222
0.123747016706444
0.000238663484486879
0.148448687350835
0.274701670644391
0.000238663484486879
0.181384248210024
0.0221957040572792
0.0331742243436754
0.068854415274463
0.0880668257756563
0.131980906921241
0.156682577565632
0.0743436754176611
0.0276849642004773
0.304892601431981
0.0139618138424821
0.0414081145584726
0.0331742243436754
0.00847255369928401
0.118257756563246
0.00847255369928401
0.0551312649164678
0.0331742243436754
0.173150357995227
0.066109785202864
0.326849642004773
0.104534606205251
0.0496420047732697
0.0770883054892601
0.225298329355609
0.0798329355608592
0.0963007159904535
0.066109785202864
0.00298329355608592
0.0276849642004773
0.000238663484486879
0.0276849642004773
0.071599045346062
0.0770883054892601
0.236276849642005
0.151193317422434
0.0221957040572792
0.0633651551312649
0.0359188544152745
0.0770883054892601
0.123747016706444
0.0221957040572792
0.140214797136038
0.00572792362768497
0.208830548926014
0.0551312649164678
0.0935560859188544
0.159427207637232
0.0908114558472554
0.0990453460620525
0.0523866348448687
0.0496420047732697
0.0908114558472554
0.00298329355608592
0.000238663484486879
0.211575178997613
0.0468973747016706
0.112768496420048
0.126491646778043
0.0331742243436754
0.112768496420048
0.0167064439140811
0.0304295942720764
0.129236276849642
0.0167064439140811
0.10727923627685
0.203341288782816
0.0963007159904535
0.000238663484486879
0.0908114558472554
0.0221957040572792
0.0963007159904535
0.118257756563246
0.068854415274463
0.0825775656324582
0.0331742243436754
0.101789976133652
0.0990453460620525
0.170405727923628
0.0908114558472554
0.0331742243436754
0.0112171837708831
0.0770883054892601
0.162171837708831
0.0880668257756563
0.244510739856802
0.13472553699284
0.121002386634845
0.00572792362768497
0.123747016706444
0.0496420047732697
0.315871121718377
0.0963007159904535
0.00298329355608592
0.118257756563246
0.0798329355608592
0.0825775656324582
0.104534606205251
0.115513126491647
0.066109785202864
0.0331742243436754
0.0221957040572792
0.214319809069212
0.0551312649164678
0.0139618138424821
0.0551312649164678
0.131980906921241
0.0935560859188544
0.0908114558472554
0.0331742243436754
0.0276849642004773
0.0249403341288783
0.0112171837708831
0.181384248210024
0.332338902147971
0.123747016706444
0.145704057279236
0.066109785202864
0.068854415274463
0.255489260143198
0.0249403341288783
0.0359188544152745
0.0249403341288783
0.0935560859188544
0.0249403341288783
0.115513126491647
0.145704057279236
0.0249403341288783
0.0221957040572792
0.0139618138424821
0.071599045346062
0.0908114558472554
0.214319809069212
0.0935560859188544
0.066109785202864
0.104534606205251
0.0139618138424821
0.0578758949880668
0.0908114558472554
0.00572792362768497
0.0221957040572792
0.0468973747016706
0.0386634844868735
0.00298329355608592
0.354295942720764
0.0386634844868735
0.00847255369928401
0.121002386634845
0.0167064439140811
0.313126491646778
0.184128878281623
0.0770883054892601
0.0167064439140811
0.066109785202864
0.00847255369928401
0.0963007159904535
0.0249403341288783
0.140214797136038
0.0496420047732697
0.145704057279236
0.0606205250596659
0.153937947494033
0.142959427207637
0.066109785202864
0.321360381861575
0.0386634844868735
0.115513126491647
0.0139618138424821
0.0386634844868735
0.0825775656324582
0.318615751789976
0.19236276849642
0.0331742243436754
0.156682577565632
0.0853221957040573
0.0908114558472554
0.0194510739856802
0.00572792362768497
0.129236276849642
0.112768496420048
0.0441527446300716
0.071599045346062
0.0331742243436754
0.0743436754176611
0.0221957040572792
0.071599045346062
0.260978520286396
0.0578758949880668
0.0606205250596659
0.0990453460620525
0.00572792362768497
0.104534606205251
0.156682577565632
0.0139618138424821
0.112768496420048
0.0441527446300716
0.159427207637232
0.0304295942720764
0.0606205250596659
0.110023866348449
0.0468973747016706
0.0167064439140811
0.173150357995227
0.25
0.00847255369928401
0.151193317422434
0.148448687350835
0.121002386634845
0.19236276849642
0.0112171837708831
0.156682577565632
0.0798329355608592
0.0963007159904535
0.0770883054892601
0.101789976133652
0.189618138424821
0.0441527446300716
0.0167064439140811
0.131980906921241
0.0414081145584726
0.252744630071599
0.0523866348448687
0.0359188544152745
0.0743436754176611
0.153937947494033
0.208830548926014
0.0963007159904535
0.140214797136038
0.25
0.30763723150358
0.104534606205251
0.0304295942720764
0.175894988066826
0.131980906921241
0.0221957040572792
0.0414081145584726
0.0578758949880668
0.00847255369928401
0.0606205250596659
0.239021479713604
0.00572792362768497
0.0798329355608592
0.101789976133652
0.118257756563246
0.0963007159904535
0.112768496420048
0.0606205250596659
0.129236276849642
0.071599045346062
0.197852028639618
0.219809069212411
0.153937947494033
0.000238663484486879
0.186873508353222
0.000238663484486879
0.068854415274463
0.0825775656324582
0.0112171837708831
0.195107398568019
0.0249403341288783
0.0221957040572792
0.0908114558472554
0.151193317422434
0.129236276849642
0.0386634844868735
0.0221957040572792
0.00572792362768497
0.068854415274463
0.269212410501193
0.129236276849642
0.126491646778043
0.0743436754176611
0.066109785202864
0.0441527446300716
0.13472553699284
0.16491646778043
0.0551312649164678
0.10727923627685
0.066109785202864
0.0935560859188544
0.0139618138424821
0.071599045346062
0.0359188544152745
0.0880668257756563
0.00847255369928401
0.27744630071599
0.0496420047732697
0.00572792362768497
0.0606205250596659
0.0331742243436754
0.173150357995227
0.0908114558472554
0.104534606205251
0.16491646778043
0.00572792362768497
0.175894988066826
0.0551312649164678
0.200596658711217
0.121002386634845
0.101789976133652
0.0633651551312649
0.0770883054892601
0.0633651551312649
0.068854415274463
0.126491646778043
0.181384248210024
0.0798329355608592
0.13472553699284
0.0770883054892601
0.0496420047732697
0.00572792362768497
0.0468973747016706
0.112768496420048
0.0633651551312649
0.0606205250596659
0.0414081145584726
0.00847255369928401
0.0359188544152745
0.00298329355608592
0.148448687350835
0.167661097852029
0.131980906921241
0.131980906921241
0.0331742243436754
0.112768496420048
0.0770883054892601
0.115513126491647
0.00847255369928401
0.0441527446300716
0.0221957040572792
0.217064439140811
0.0221957040572792
0.0990453460620525
0.0386634844868735
0.159427207637232
0.0523866348448687
0.137470167064439
0.0578758949880668
0.0551312649164678
0.318615751789976
0.0496420047732697
0.0523866348448687
0.129236276849642
0.145704057279236
0.0633651551312649
0.0359188544152745
0.274701670644391
0.0990453460620525
0.00847255369928401
0.0359188544152745
0.329594272076372
0.129236276849642
0.000238663484486879
0.068854415274463
0.0167064439140811
0.0496420047732697
0.0743436754176611
0.455847255369928
0.0386634844868735
0.156682577565632
0.170405727923628
0.0523866348448687
0.0194510739856802
0.0414081145584726
0.000238663484486879
0.186873508353222
0.145704057279236
0.0359188544152745
0.148448687350835
0.068854415274463
0.0441527446300716
0.0606205250596659
0.0798329355608592
0.0139618138424821
0.153937947494033
0.0468973747016706
0.236276849642005
0.0441527446300716
0.206085918854415
0.129236276849642
0.00847255369928401
0.0331742243436754
0.0276849642004773
0.131980906921241
0.112768496420048
0.126491646778043
0.068854415274463
0.148448687350835
0.0331742243436754
0.0523866348448687
0.0496420047732697
0.071599045346062
0.112768496420048
0.239021479713604
0.0880668257756563
0.197852028639618
0.13472553699284
0.0551312649164678
0.071599045346062
0.0743436754176611
0.00572792362768497
0.121002386634845
0.137470167064439
0.0167064439140811
0.0496420047732697
0.208830548926014
0.0414081145584726
0.0414081145584726
0.159427207637232
0.071599045346062
0.173150357995227
0.112768496420048
0.19236276849642
0.140214797136038
0.068854415274463
0.0276849642004773
0.0935560859188544
0.0606205250596659
0.0304295942720764
0.148448687350835
0.104534606205251
0.258233890214797
0.0743436754176611
0.340572792362768
0.0798329355608592
0.071599045346062
0.0853221957040573
0.0112171837708831
0.121002386634845
0.0963007159904535
0.000238663484486879
0.186873508353222
0.118257756563246
0.0578758949880668
0.186873508353222
0.0112171837708831
0.0990453460620525
0.0853221957040573
0.0304295942720764
0.071599045346062
0.0386634844868735
0.0468973747016706
0.0770883054892601
0.071599045346062
0.0990453460620525
0.112768496420048
0.0386634844868735
0.115513126491647
0.206085918854415
0.137470167064439
0.00847255369928401
0.167661097852029
0.0221957040572792
0.181384248210024
0.0606205250596659
0.162171837708831
0.197852028639618
0.0578758949880668
0.068854415274463
0.0194510739856802
0.0112171837708831
0.208830548926014
0.104534606205251
0.142959427207637
0.0414081145584726
0.0331742243436754
0.0770883054892601
0.0331742243436754
0.167661097852029
0.00847255369928401
0.159427207637232
0.170405727923628
0.0606205250596659
0.0304295942720764
0.236276849642005
0.000238663484486879
0.066109785202864
0.0468973747016706
0.0633651551312649
0.0496420047732697
0.00847255369928401
0.0167064439140811
0.0770883054892601
0.0551312649164678
0.0194510739856802
0.175894988066826
0.142959427207637
0.0798329355608592
0.123747016706444
0.0853221957040573
0.10727923627685
0.0633651551312649
0.0167064439140811
0.260978520286396
0.178639618138425
0.0441527446300716
0.0633651551312649
0.104534606205251
0.071599045346062
0.153937947494033
0.0551312649164678
0.00298329355608592
0.0112171837708831
0.0496420047732697
0.0331742243436754
0.0441527446300716
0.156682577565632
0.252744630071599
0.151193317422434
0.0331742243436754
0.129236276849642
0.000238663484486879
0.0468973747016706
0.0853221957040573
0.0853221957040573
0.0414081145584726
0.0633651551312649
0.0798329355608592
0.0441527446300716
0.0825775656324582
0.0633651551312649
0.0880668257756563
0.0304295942720764
0.00572792362768497
0.0853221957040573
0.0249403341288783
0.173150357995227
0.211575178997613
0.0633651551312649
0.0496420047732697
0.0935560859188544
0.0441527446300716
0.0551312649164678
0.195107398568019
0.068854415274463
0.00298329355608592
0.255489260143198
0.0743436754176611
0.00298329355608592
0.068854415274463
0.0139618138424821
0.066109785202864
0.153937947494033
0.0551312649164678
0.066109785202864
0.0496420047732697
0.0523866348448687
0.151193317422434
0.0880668257756563
0.000238663484486879
0.0331742243436754
0.310381861575179
0.258233890214797
0.0853221957040573
0.00572792362768497
0.0139618138424821
0.0743436754176611
0.181384248210024
0.140214797136038
0.110023866348449
0.0523866348448687
0.19236276849642
0.0578758949880668
0.0139618138424821
0.0935560859188544
0.0990453460620525
0.0139618138424821
0.0468973747016706
0.0414081145584726
0.0139618138424821
0.348806682577566
0.0331742243436754
0.066109785202864
0.175894988066826
0.0249403341288783
0.104534606205251
0.0990453460620525
0.27744630071599
0.000238663484486879
0.244510739856802
0.0468973747016706
0.0633651551312649
0.0743436754176611
0.288424821002387
0.0386634844868735
0.0112171837708831
0.16491646778043
0.13472553699284
0.148448687350835
0.145704057279236
0.112768496420048
0.225298329355609
0.0496420047732697
0.0249403341288783
0.0386634844868735
0.167661097852029
0.0249403341288783
0.0139618138424821
0.167661097852029
0.0880668257756563
0.0468973747016706
0.0386634844868735
0.000238663484486879
0.104534606205251
0.0633651551312649
0.121002386634845
0.0276849642004773
0.10727923627685
0.0578758949880668
0.071599045346062
0.195107398568019
0.0551312649164678
0.0194510739856802
0.162171837708831
0.0414081145584726
0.0331742243436754
0.137470167064439
0.123747016706444
0.0468973747016706
0.10727923627685
0.173150357995227
0.0523866348448687
0.0825775656324582
0.0963007159904535
0.186873508353222
0.233532219570406
0.068854415274463
0.263723150357995
0.151193317422434
0.0853221957040573
0.0167064439140811
0.137470167064439
0.0578758949880668
0.0194510739856802
0.0468973747016706
0.0798329355608592
0.00298329355608592
0.126491646778043
0.0496420047732697
0.0414081145584726
0.0249403341288783
0.269212410501193
0.0441527446300716
0.0633651551312649
0.16491646778043
0.0386634844868735
0.0990453460620525
0.0276849642004773
0.126491646778043
0.101789976133652
0.13472553699284
0.170405727923628
0.167661097852029
0.252744630071599
0.167661097852029
0.170405727923628
0.0276849642004773
0.115513126491647
0.0523866348448687
0.0606205250596659
0.137470167064439
0.0468973747016706
0.068854415274463
0.225298329355609
0.0798329355608592
0.121002386634845
0.112768496420048
0.173150357995227
0.0359188544152745
0.148448687350835
0.0468973747016706
0.068854415274463
0.0276849642004773
0.197852028639618
0.247255369928401
0.228042959427208
0.115513126491647
0.10727923627685
0.0606205250596659
0.066109785202864
0.118257756563246
0.0194510739856802
0.0963007159904535
0.0386634844868735
0.0496420047732697
0.159427207637232
0.260978520286396
0.0935560859188544
0.0963007159904535
0.0194510739856802
0.0249403341288783
0.131980906921241
0.19236276849642
0.000238663484486879
0.208830548926014
0.162171837708831
0.0606205250596659
0.121002386634845
0.0551312649164678
0.112768496420048
0.181384248210024
0.0908114558472554
0.00298329355608592
0.126491646778043
0.0468973747016706
0.170405727923628
0.184128878281623
0.0633651551312649
0.0990453460620525
0.0935560859188544
0.0770883054892601
0.110023866348449
0.0112171837708831
0.123747016706444
0.529952267303103
0.00298329355608592
0.110023866348449
0.0112171837708831
0.0578758949880668
0.0825775656324582
0.00298329355608592
0.0167064439140811
0.0633651551312649
0.0578758949880668
0.0441527446300716
0.0825775656324582
0.00572792362768497
0.000238663484486879
0.066109785202864
0.000238663484486879
0.115513126491647
0.0770883054892601
0.137470167064439
0.0853221957040573
0.071599045346062
0.137470167064439
0.0798329355608592
0.181384248210024
0.260978520286396
0.0414081145584726
0.167661097852029
0.110023866348449
0.0770883054892601
0.228042959427208
0.197852028639618
0.0990453460620525
0.068854415274463
0.197852028639618
0.0908114558472554
0.118257756563246
0.0880668257756563
0.0880668257756563
0.153937947494033
0.208830548926014
0.0743436754176611
0.131980906921241
0.304892601431981
0.225298329355609
0.0139618138424821
