2.46933652121937
3.06598924088464
3.56640765092648
1.86443514644351
2.00191273161984
1.17154811715481
3.1347280334728
0.486909742976688
1.79844590555888
2.51332934847579
2.51332934847579
0.888344291691572
1.73520621637776
2.29061566049014
3.1237298266587
1.71595935445308
0.899342498505678
1.52898983861327
1.72145845786013
3.06598924088464
2.15863717872086
2.1833831440526
1.85068738792588
3.35469216975493
1.99641362821279
2.65355648535565
1.45750149432158
1.63072325164375
1.03682008368201
1.91667662881052
1.95517035265989
2.13114166168559
2.15313807531381
1.39976090854752
1.67746563060371
2.31261207411835
3.14022713687986
1.76820083682008
3.57740585774059
1.11655708308428
1.63622235505081
2.46383741781231
1.99916317991632
2.18063359234907
1.17979677226539
4.31703526598924
1.19354453078302
1.92767483562463
2.71404662283323
2.87352062163778
2.67280334728033
1.31452480573819
1.35851763299462
2.0486551105798
1.64997011356844
2.59856545128512
1.65546921697549
1.85068738792588
2.07340107591154
3.85236102809325
1.13030484160191
1.47124925283921
1.91117752540347
2.79103407053198
3.04674237895995
2.09539748953975
2.38410041841004
5.34811715481171
1.92767483562463
1.25678421996414
11.3558876270173
2.21362821279139
4.48750747160789
2.28786610878661
1.4904961147639
3.32444710101614
4.07782426778243
2.88176927674836
1.68846383741781
1.97991631799163
1.52074118350269
1.09181111775254
2.1008965929468
2.99450089659295
2.73604303646145
3.75612671846981
2.08439928272564
2.66455469216975
3.22546323968918
0.68762701733413
3.516915720263
4.05857740585774
1.89742976688583
2.43909145248057
1.11930663478781
4.52050209205021
1.30077704722056
1.90567842199641
1.62247459653317
1.74070531978482
0.635385534967125
2.23012552301255
1.57573221757322
2.49958158995816
1.52898983861327
3.93759713090257
2.60406455469217
2.21637776449492
4.16306037059175
1.44100418410042
2.72504482964734
0.635385534967125
1.08631201434549
1.80669456066946
2.7827854154214
0.657381948595338
1.25953377166766
2.15863717872086
1.30077704722056
1.20729228930066
2.76628810520024
3.4756724447101
1.75170352659892
2.21087866108787
0.668380155409444
3.42618051404662
1.09181111775254
4.71297071129707
1.74070531978482
1.68571428571429
0.858099222952779
1.5839808726838
1.70221159593545
1.91392707710699
3.78912133891213
1.91392707710699
4.23729826658697
1.97166766288105
4.39402271368799
2.49408248655111
1.86168559473999
2.76078900179319
1.2320382546324
2.70579796772265
2.04040645546922
1.29802749551704
1.02032277346085
2.07340107591154
3.64614465032875
2.34285714285714
2.40609683203825
2.11739390316796
1.97991631799163
4.80095636580992
1.60872683801554
2.31261207411835
1.5839808726838
0.981829049611476
2.25212193664077
1.2017931858936
1.38601315002989
0.984578601315003
2.30986252241482
2.11739390316796
1.22928870292887
2.6590555887627
2.28236700537956
2.72779438135087
3.89085475194262
3.54441123729827
1.38051404662283
2.05415421398685
1.11930663478781
2.23562462641961
3.89085475194262
1.53723849372385
3.4756724447101
1.10555887627017
1.30902570233114
3.98983861326958
2.26312014345487
2.62606096832038
1.26503287507472
4.51225343693963
1.11930663478781
1.39426180514047
2.31261207411835
2.17513448894202
1.30077704722056
3.20346682606097
1.44100418410042
1.38051404662283
5.24638374178123
2.06240286909743
2.74704124327555
3.12098027495517
2.16138673042439
1.97166766288105
1.32277346084877
4.15206216377764
1.71320980274955
2.49408248655111
1.39976090854752
2.95050806933652
2.19988045427376
3.8991034070532
2.68380155409444
3.51966527196653
1.71046025104603
3.98433950986252
2.15038852361028
1.24853556485356
2.50508069336521
1.7077106993425
2.01566049013748
4.85319784817693
1.43550508069337
2.6178123132098
2.64255827854154
1.85343693962941
2.20263000597729
2.59581589958159
2.67555289898386
4.59748953974895
1.39701135684399
2.19438135086671
2.7415421398685
0.899342498505678
1.15780035863718
1.62247459653317
2.32361028093246
3.05499103407053
1.41075911536163
3.57190675433353
2.58206814106396
0.0772265391512253
4.33903167961745
1.8424387328153
1.45750149432158
2.14763897190675
2.87901972504483
1.29802749551704
3.8578601315003
1.70221159593545
2.93676031081889
0.98732815301853
1.501494321578
4.26204423191871
1.96891811117753
2.11739390316796
1.43000597728631
1.87543335325762
2.73054393305439
2.87901972504483
3.49491930663479
0.959832635983264
2.82677824267782
1.13855349671249
1.82319187089062
2.98350268977884
2.50783024506874
2.48858338314405
3.30794979079498
3.10998206814106
2.29336521219366
1.61147638971907
1.38601315002989
1.63622235505081
3.35744172145846
2.6590555887627
1.98266586969516
1.83693962940825
3.03574417214585
1.84793783622236
1.36126718469815
2.30161386730424
1.91667662881052
1.49599521817095
1.85068738792588
1.10555887627017
2.87901972504483
2.07615062761506
1.64172145845786
1.82319187089062
2.13939031679617
2.24112372982666
2.86252241482367
2.71129707112971
1.30352659892409
2.64530783024507
0.918589360430365
0.756365809922295
2.31261207411835
1.09181111775254
3.20346682606097
3.81936640765093
2.09539748953975
3.58290496114764
1.66921697549313
6.11249252839211
1.57023311416617
1.45475194261805
1.0670651524208
1.17704722056186
1.24578601315003
2.26037059175134
2.29886431560072
2.37310221159594
1.87818290496115
4.47925881649731
3.62689778840406
1.92217573221757
2.18063359234907
1.04506873879259
3.7231320980275
3.8166168559474
3.10448296473401
3.25570830842797
0.957083084279737
1.80669456066946
2.85152420800956
1.50424387328153
0.992827256425583
2.30986252241482
0.981829049611476
1.93592349073521
1.62797369994023
2.24387328153019
6.02725642558278
1.36126718469815
0.816855947399881
2.3071129707113
2.21087866108787
1.1907949790795
3.89085475194262
1.62247459653317
1.85893604303646
2.6590555887627
5.83478780633592
1.45475194261805
3.49766885833831
1.63347280334728
2.76903765690377
1.93317393903168
3.45917513448894
1.05056784219964
1.94142259414226
0.599641362821279
1.65271966527197
2.30436341900777
3.25020920502092
2.77728631201435
1.38051404662283
1.72145845786013
3.11823072325164
1.74620442319187
2.48033472803347
4.96592946802152
7.83646144650329
2.21912731619845
0.0717274357441721
2.42534369396294
2.23012552301255
1.68571428571429
4.82845188284519
3.24471010161387
2.67555289898386
1.91392707710699
1.36126718469815
1.29802749551704
1.68021518230723
4.53424985056784
1.35851763299462
1.73520621637776
1.19354453078302
2.27961745367603
1.15505080693365
3.94309623430962
2.65355648535565
1.71320980274955
1.77095038852361
3.32169754931261
1.49324566646742
1.63347280334728
3.73962940824865
2.84602510460251
4.47650926479378
1.40526001195457
2.30986252241482
2.59306634787806
1.58123132098028
2.92301255230126
1.60322773460849
1.87543335325762
1.30077704722056
4.99067543335326
1.13305439330544
1.04506873879259
2.9587567244471
2.18888224745965
3.03849372384937
0.866347878063359
2.00191273161984
1.86718469814704
22.2633592349074
2.39509862522415
3.03849372384937
1.13855349671249
3.60765092647938
1.37501494321578
2.46108786610879
1.29802749551704
1.52074118350269
0.352181709503885
1.72420800956366
1.7077106993425
2.71679617453676
1.95791990436342
1.67196652719665
6.06849970113568
2.89551703526599
2.70579796772265
1.12480573819486
1.7901972504483
0.737118947997609
3.72863120143455
2.33460848774656
5.1501494321578
3.76162582187687
1.30077704722056
1.44650328750747
2.07065152420801
4.50675433353258
1.09181111775254
2.42809324566647
3.10448296473401
1.74070531978482
1.6664674237896
1.05331739390317
3.05224148236701
2.57106993424985
1.5839808726838
6.3489539748954
0.946084877465631
1.79294680215182
1.75720263000598
2.9587567244471
2.88726838015541
0.671129707112971
3.10448296473401
1.86443514644351
1.76545128511656
2.49133293484758
2.11739390316796
2.49683203825463
2.018410041841
1.99916317991632
2.95050806933652
2.16688583383144
1.57848176927675
1.91942618051405
7.79521817095039
2.45008965929468
3.74787806335923
2.38959952181709
1.30627615062762
3.93759713090257
1.23478780633592
1.6252241482367
0.115720263000598
2.47208607292289
1.5317393903168
2.47483562462642
1.39151225343694
2.38959952181709
1.75445307830245
1.7077106993425
4.83395098625224
1.47674835624626
1.39426180514047
3.40968320382546
1.53448894202032
1.67746563060371
2.26037059175134
3.64614465032875
1.11105797967723
1.71046025104603
5.0264196054991
3.20896592946802
2.01291093843395
2.60406455469217
0.613389121338912
2.37035265989241
0.97083084279737
4.5095038852361
2.12839210998207
0.770113568439928
2.46933652121937
3.18696951583981
1.55098625224148
2.96975493126121
6.27746563060371
3.02199641362821
1.09456066945607
1.96891811117753
3.35744172145846
3.39593544530783
2.42259414225941
2.15863717872086
2.3483562462642
1.28702928870293
3.43992827256426
1.0258218768679
2.23287507471608
2.24387328153019
1.54823670053796
3.07698744769874
1.91117752540347
2.11464435146444
1.28153018529588
1.05331739390317
1.71046025104603
2.32361028093246
2.92576210400478
1.77919904363419
2.14488942020323
2.76903765690377
2.94500896592947
2.46383741781231
4.19330543933054
1.84518828451883
1.95791990436342
3.34919306634788
2.55182307232516
2.25762104004782
1.86443514644351
2.99175134488942
1.91392707710699
1.23478780633592
1.86443514644351
2.01428571428572
2.39509862522415
0.973580394500897
1.22104004781829
1.72145845786013
0.448416019127316
2.63705917513449
1.08081291093843
2.71679617453676
3.14847579199044
4.92468619246862
3.00549910340705
1.39151225343694
2.16688583383144
1.55923490735206
2.19438135086671
1.56473401075912
1.06981470412433
3.04674237895995
1.30627615062762
1.68846383741781
1.71595935445308
2.93401075911536
2.06240286909743
2.81028093245666
2.60406455469217
2.42534369396294
2.15863717872086
1.85343693962941
2.59581589958159
2.23012552301255
1.82319187089062
1.74345487148834
3.01649731022116
1.07806335923491
3.38493723849372
1.47399880454274
2.77453676031082
3.74237895995218
3.38493723849372
1.14130304841602
0.484160191273162
7.135325762104
1.21279139270771
2.0898983861327
2.52157800358637
1.42450687387926
1.85893604303646
2.18888224745965
2.48583383144053
0.118469814704124
2.38684997011357
4.06132695756127
1.00657501494322
2.16138673042439
3.22546323968918
1.8011954572624
1.65821876867902
2.51057979677227
2.47208607292289
1.44650328750747
2.05690376569038
7.30854751942618
1.87818290496115
2.16413628212791
8.16640765092648
1.86168559473999
1.40526001195457
3.04399282725643
2.63705917513449
0.761864913329348
2.49683203825463
1.74620442319187
3.03024506873879
4.50125523012552
2.57106993424985
1.94967124925284
3.00549910340705
1.80394500896593
2.76903765690377
1.69946204423192
0.132217573221757
2.0486551105798
4.11356843992827
4.53974895397489
2.97250448296473
2.05690376569038
1.22104004781829
1.60322773460849
1.30077704722056
1.74070531978482
2.69479976090855
2.42259414225941
0.572145845786013
3.44817692767484
1.22928870292887
2.06790197250448
2.2658696951584
3.87435744172146
1.82869097429767
2.28236700537956
5.37286312014345
2.58481769276748
3.13747758517633
1.76270173341303
1.47399880454274
2.00466228332337
2.09539748953975
2.24112372982666
2.44734010759115
1.62797369994023
2.36760310818888
2.58756724447101
3.56365809922295
4.43251643753736
2.79378362223551
1.97991631799163
2.15588762701733
2.90926479378362
2.28511655708308
1.54823670053796
2.17788404064555
3.26120741183503
1.2732815301853
2.56007172743574
0.794859533771668
2.55457262402869
1.82869097429767
2.37310221159594
1.97441721458458
3.01924686192469
1.92767483562463
2.47208607292289
1.14130304841602
3.17047220561865
1.94967124925284
1.72145845786013
1.49324566646742
2.20812910938434
1.92767483562463
3.89085475194262
2.04040645546922
0.693126120741183
1.94142259414226
1.95517035265989
1.67746563060371
2.87352062163778
4.59473998804543
2.12564255827854
3.55265989240885
2.535325762104
2.89001793185894
1.88643156007173
1.01207411835027
1.38326359832636
5.37011356843993
2.34010759115362
2.0486551105798
0.811356843992827
2.6590555887627
2.02390914524806
2.73054393305439
13.3878063359235
1.22928870292887
3.34919306634788
0.847101016138673
1.74620442319187
2.24662283323371
0.0552301255230126
1.55648535564854
2.24937238493724
3.41793185893604
2.4005977286312
3.36294082486551
1.75720263000598
2.29611476389719
2.81028093245666
3.09898386132696
4.34728033472803
3.6104004781829
2.80753138075314
2.97800358637179
1.38326359832636
1.89193066347878
1.28977884040646
1.50974297668858
3.8688583383144
1.89468021518231
1.94417214584579
4.56174536760311
3.18696951583981
1.50974297668858
3.02749551703527
2.76353855349671
0.852600119545726
2.30436341900777
2.30986252241482
1.91942618051405
7.9931858936043
2.0074118350269
2.08714883442917
1.38051404662283
3.67089061566049
1.93867304243873
3.65714285714286
2.56832038254632
0.0634787806335923
1.46300059772863
0.95433353257621
2.45008965929468
1.47124925283921
1.63897190675433
3.33544530783024
2.84602510460251
1.32827256425583
1.91392707710699
1.29527794381351
0.937836222355051
2.09264793783622
1.44650328750747
1.83693962940825
1.90292887029289
1.67196652719665
3.20621637776449
3.34369396294082
6.06300059772863
1.85618649133293
2.63705917513449
1.49324566646742
1.43550508069337
0.913090257023311
2.22187686790197
1.32277346084877
2.19163179916318
4.10257023311417
0.95433353257621
2.34148236700538
2.8762701733413
0.723371189479976
1.82869097429767
1.95242080095637
1.57573221757322
1.52898983861327
2.54632396891811
1.86718469814704
2.39234907352062
0.860848774656306
1.5839808726838
2.98350268977884
2.43909145248057
1.12205618649133
1.45475194261805
0.456664674237896
0.0992229527794381
2.44459055588763
0.937836222355051
1.89193066347878
1.39701135684399
2.16413628212791
1.07256425582785
4.36102809324567
3.19246861924686
1.16879856545129
1.1083084279737
1.7489539748954
3.88810520023909
2.35110579796772
3.16222355050807
3.22271368798565
1.53723849372385
0.066228332337119
2.35385534967125
1.42450687387926
0.915839808726838
4.01183502689779
2.7827854154214
1.44100418410042
1.35026897788404
2.01016138673042
2.49133293484758
1.72970711297071
6.14823670053795
1.62247459653317
2.63156007172744
0.783861326957561
2.66180514046623
3.4234309623431
4.19605499103407
1.70496114763897
3.36843992827256
2.66455469216975
1.87818290496115
7.54225941422594
3.1237298266587
3.75062761506276
0.70412432755529
5.54608487746563
1.48224745965332
2.46108786610879
3.01924686192469
1.49599521817095
2.02940824865511
2.28511655708308
1.7187089061566
2.7002988643156
4.14381350866706
2.38135086670652
1.29252839210998
2.03215780035864
1.62247459653317
1.12480573819486
3.88535564853556
2.32910938433951
1.02307232516438
1.87543335325762
4.7267184698147
2.9175134488942
1.88918111177525
2.94225941422594
3.96509264793784
3.43992827256426
2.20263000597729
2.41709503885236
1.19354453078302
2.1421398684997
1.52898983861327
0.984578601315003
1.21554094441124
2.11464435146444
2.47483562462642
2.03765690376569
4.61398684997011
2.04315600717274
2.37860131500299
5.27112970711297
2.19988045427376
0.95433353257621
3.39043634190078
2.40609683203825
3.87985654512851
3.67364016736402
1.29802749551704
2.4418410041841
1.7901972504483
2.41159593544531
1.16054991034071
1.43000597728631
2.73329348475792
1.99091452480574
3.42618051404662
2.22187686790197
1.17704722056186
2.10639569635386
1.93317393903168
1.91117752540347
3.74787806335923
1.74620442319187
3.12098027495517
1.40526001195457
1.55373580394501
2.17238493723849
0.98732815301853
4.550747160789
2.7827854154214
1.73795576808129
1.73245666467424
2.24112372982666
1.4080095636581
2.70304841601913
3.83861326957561
1.29527794381351
1.51799163179916
1.52349073520622
2.75254034668261
2.16413628212791
0.95433353257621
1.77369994022714
2.41434548714883
2.21087866108787
3.43992827256426
4.57824267782427
2.02115959354453
2.04040645546922
1.77095038852361
1.69671249252839
1.36401673640167
2.1421398684997
0.932337118947998
1.69396294082487
2.45283921099821
2.00466228332337
1.81769276748356
1.99091452480574
0.781111775254035
2.12839210998207
3.82486551105798
2.29336521219366
2.18063359234907
2.9065152420801
0.563897190675433
1.75170352659892
0.844351464435147
2.56282127913927
1.29802749551704
3.7231320980275
3.80286909742977
3.33819485953377
3.87710699342498
2.07340107591154
6.99784817692767
2.07890017931859
2.16413628212791
2.59306634787806
2.79378362223551
2.79653317393903
1.26228332337119
2.53807531380753
8.2104004781829
2.06240286909743
1.77369994022714
3.62964734010759
3.25295875672445
2.18063359234907
1.83419007770472
1.00657501494322
0.764614465032875
1.43550508069337
2.38410041841004
2.37035265989241
3.05224148236701
5.62032277346085
1.31177525403467
0.599641362821279
1.63072325164375
2.54082486551106
2.28236700537956
1.01757322175732
1.84793783622236
1.43550508069337
1.68296473401076
1.39426180514047
3.91560071727436
3.06049013747759
1.27878063359235
3.01924686192469
2.34285714285714
1.43275552898984
2.97250448296473
5.57907949790795
1.75445307830245
1.53723849372385
2.7002988643156
1.97441721458458
1.71595935445308
1.93042438732815
2.13664076509265
1.11930663478781
3.18421996413628
2.33460848774656
4.94118350268978
4.07782426778243
1.25403466826061
1.2320382546324
1.39151225343694
1.94417214584579
3.01924686192469
1.03407053197848
2.66455469216975
1.2430364614465
1.60322773460849
1.50699342498506
2.79653317393903
1.85618649133293
3.05774058577406
3.65989240884638
0.910340705319785
2.67830245068739
1.98541542139868
1.10280932456665
2.11464435146444
5.05391512253437
2.36760310818888
1.41625821876868
1.26503287507472
1.25678421996414
2.93676031081889
0.02498505678422
2.535325762104
2.57106993424985
4.83395098625224
2.21362821279139
2.3593544530783
1.5729826658697
1.08081291093843
1.93592349073521
1.58123132098028
1.55923490735206
1.07806335923491
1.60047818290496
1.89742976688583
2.07890017931859
2.12839210998207
1.85343693962941
2.47758517632995
1.33652121936641
3.79462044231919
1.0258218768679
4.30328750747161
2.60956365809922
0.896592946802152
1.98266586969516
1.64997011356844
1.13855349671249
3.97059175134489
3.92659892408846
4.26479378362224
1.86993424985057
3.26395696353855
1.24028690974298
1.15505080693365
2.0074118350269
2.24387328153019
1.45200239091452
2.6068141063957
3.11548117154812
2.535325762104
2.89276748356246
1.81219366407651
2.99175134488942
2.11464435146444
2.13664076509265
2.46933652121937
1.70221159593545
1.62247459653317
2.17513448894202
1.54548714883443
1.4904961147639
1.55373580394501
1.62797369994023
3.47017334130305
4.033831440526
0.98732815301853
1.8314405260012
2.22187686790197
1.35026897788404
2.17513448894202
1.47124925283921
3.39593544530783
0.918589360430365
3.44817692767484
2.69205020920502
8.02893006575015
1.46849970113568
2.30161386730424
1.28702928870293
2.12014345487149
5.8732815301853
1.48224745965332
2.28786610878661
2.67555289898386
1.99091452480574
0.770113568439928
2.45283921099821
2.66730424387328
3.14847579199044
2.75528989838613
1.0148236700538
3.37118947997609
1.52898983861327
2.49958158995816
2.01291093843395
2.29886431560072
1.95791990436342
1.83419007770472
3
2.69205020920502
1.73245666467424
1.34751942618051
4.1575612671847
3.03574417214585
2.21362821279139
1.04506873879259
2.46383741781231
2.2246264196055
9.16724447101016
2.24112372982666
0.877346084877467
2.82127913927077
2.30986252241482
1.60047818290496
3.14022713687986
1.55373580394501
0.946084877465631
1.70496114763897
1.97166766288105
3.3821876867902
2.85977286312014
0.948834429169157
1.11105797967723
2.43909145248057
1.77095038852361
2.89551703526599
1.05331739390317
0.588643156007173
2.21912731619845
0.811356843992827
4.35002988643156
2.58756724447101
1.42725642558279
3.56915720263001
2.01566049013748
1.72420800956366
0.671129707112971
1.77919904363419
0.5501494321578
3.08523610280932
2.18888224745965
2.45558876270173
3.15122534369396
4.36102809324567
2.56832038254632
1.71595935445308
1.43275552898984
2.79103407053198
2.85427375971309
1.07531380753138
1.53723849372385
0.0634787806335923
3.17872086072923
3.71763299462044
2.23562462641961
2.90926479378362
5.82653915122534
1.83968918111178
1.33927077106993
2.56832038254632
4.09707112970711
2.41159593544531
2.68380155409444
1.90842797369994
1.75720263000598
1.43000597728631
1.03956963538554
2.85702331141662
2.68655110579797
1.45200239091452
7.02534369396294
1.99366407650926
1.98541542139868
3.53066347878063
2.24387328153019
2.45833831440526
1.3667662881052
1.73520621637776
2.1421398684997
3.07698744769874
1.26778242677824
2.12289300657502
3.52241482367005
1.86443514644351
2.59856545128512
3.49216975493126
2.70854751942618
4.56174536760311
2.04590555887627
2.32361028093246
1.60322773460849
1.68571428571429
2.10914524805738
2.0074118350269
1.17154811715481
1.75720263000598
2.18888224745965
3.1649731022116
1.31177525403467
1.26503287507472
5.97226539151225
1.1907949790795
1.68846383741781
3.84411237298267
3.49491930663479
2.23012552301255
2.01291093843395
0.0964734010759115
1.91117752540347
0.990077704722056
2.41434548714883
1.33652121936641
1.35576808129109
1.59497907949791
1.36126718469815
2.05415421398685
2.37035265989241
1.00657501494322
1.67196652719665
2.8652719665272
2.64530783024507
1.7187089061566
2.55457262402869
3.84686192468619
1.36126718469815
2.45008965929468
1.98266586969516
2.85152420800956
1.72420800956366
0.921338912133891
2.22187686790197
2.03765690376569
1.39976090854752
1.43000597728631
3.83036461446503
3.47017334130305
2.71954572624029
1.87818290496115
1.88643156007173
3.87985654512851
3.73962940824865
2.62606096832038
1.53998804542738
2.07340107591154
4.00358637178721
2.46108786610879
2.69479976090855
1.14405260011955
2.06515242080096
1.39976090854752
2.88726838015541
1.47949790794979
1.75170352659892
1.94417214584579
1.43825463239689
3.05499103407053
1.12480573819486
1.00382546323969
3.22821279139271
1.81494321578004
1.82044231918709
1.1907949790795
2.8350268977884
2.67555289898386
1.43000597728631
1.76820083682008
3.96234309623431
1.15505080693365
1.30627615062762
2.09264793783622
0.775612671846982
1.449252839211
1.34202032277346
2.47483562462642
2.69754931261207
1.90292887029289
1.31727435744172
2.54357441721458
1.00382546323969
2.54082486551106
1.30902570233114
1.99641362821279
1.13580394500897
1.449252839211
1.87268380155409
2.36760310818888
2.67280334728033
1.47674835624626
1.33377166766288
1.17979677226539
1.15505080693365
1.66096832038255
2.32361028093246
2.62606096832038
2.12289300657502
2.89276748356246
0.814106395696354
1.08356246264196
2.54907352062164
4.06957561267185
1.65271966527197
1.94692169754931
8.43861326957561
1.37501494321578
3.71488344291692
2.28236700537956
2.01566049013748
1.60597728631201
2.08439928272564
1.71046025104603
1.91392707710699
2.45283921099821
0.885594739988045
2.55457262402869
0.684877465630604
2.03765690376569
1.25953377166766
1.92217573221757
2.16413628212791
2.51057979677227
3.20071727435744
2.31536162582188
1.63622235505081
8.62833233711895
2.04040645546922
2.54632396891811
0.984578601315003
1.39976090854752
2.07340107591154
3.12098027495517
2.2768679019725
4.93018529587567
2.97525403466826
2.1421398684997
2.41709503885236
1.30902570233114
2.87901972504483
1.94417214584579
1.00657501494322
1.43825463239689
3.67913927077107
1.82319187089062
0.84160191273162
3.98433950986252
2.8350268977884
4.67172743574417
1.49599521817095
1.12755528989839
3.46742378959952
1.34751942618051
3.20896592946802
2.45558876270173
3.37118947997609
1.86168559473999
3.54716078900179
1.89468021518231
2.12289300657502
3.07698744769874
1.47124925283921
1.39426180514047
0.764614465032875
3.28320382546324
2.08439928272564
3.24196054991034
2.72229527794381
3.24471010161387
2.75254034668261
1.21004184100418
1.03407053197848
3.89360430364614
0.607890017931859
2.60131500298864
2.65630603705918
1.46300059772863
0.272444710101614
2.65080693365212
1.39151225343694
2.43909145248057
0.869097429766886
1.7489539748954
2.19163179916318
1.7489539748954
1.87543335325762
2.14488942020323
1.60322773460849
2.30986252241482
2.68105200239091
2.64255827854154
1.92767483562463
0.932337118947998
4.38027495517035
1.45475194261805
2.10914524805738
8.0234309623431
1.03407053197848
6.89336521219366
1.56473401075912
2.3071129707113
2.19163179916318
1.30077704722056
2.10364614465033
1.22378959952182
3.14022713687986
1.32002390914525
1.0670651524208
1.38051404662283
1.46849970113568
2.70304841601913
1.95791990436342
1.75170352659892
2.23562462641961
1.92767483562463
1.21554094441124
2.02115959354453
2.01291093843395
1.46300059772863
1.64722056186491
5.08690974297669
2.37585176329946
2.14488942020323
1.86718469814704
2.91201434548715
1.97991631799163
1.15780035863718
1.44100418410042
1.5317393903168
2.97525403466826
2.018410041841
2.94225941422594
1.5317393903168
1.1907949790795
5.66156604901375
1.67746563060371
3.21171548117155
1.65271966527197
1.79294680215182
2.45558876270173
1.72420800956366
1.86718469814704
1.71595935445308
2.70579796772265
6.35445307830245
1.72420800956366
2.76628810520024
2.37310221159594
1.97441721458458
1.5729826658697
1.93042438732815
4.07644949193066
3.73962940824865
0.990077704722056
1.52898983861327
3.56640765092648
4.45176329946204
1.86993424985057
1.53998804542738
4.04208009563658
2.92851165570831
2.80478182904961
1.15505080693365
2.40884638374178
1.37226539151225
2.5655708308428
1.80669456066946
1.59222952779438
2.28236700537956
2.02940824865511
3.87710699342498
2.57106993424985
4.77346084877466
1.13305439330544
2.38410041841004
2.77178720860729
1.53448894202032
1.54548714883443
1.62247459653317
2.06240286909743
2.08714883442917
3.3821876867902
4.42151823072325
1.30627615062762
2.84602510460251
1.33652121936641
4.67172743574417
5.66981470412433
4.09707112970711
4.9329348475792
3.58840406455469
1.38601315002989
0.640884638374178
1.61422594142259
3.67364016736402
5.08416019127316
0.926838015540944
1.9249252839211
0.822355050806934
4.74046622833234
2.87352062163778
2.26861924686192
1.2842797369994
2.20263000597729
1.71046025104603
3.83586371787209
2.09264793783622
0.68762701733413
2.19163179916318
1.4080095636581
2.35660490137478
2.37035265989241
1.21279139270771
0.814106395696354
3.10998206814106
1.2430364614465
1.04231918708906
1.74620442319187
2.27136879856545
1.28153018529588
2.36485355648536
1.93317393903168
0.893843395098625
3.26395696353855
3.21446503287507
2.69205020920502
1.34476987447699
1.90292887029289
2.43084279736999
1.05881649731022
2.47758517632995
1.39701135684399
1.49874476987448
3.09073520621638
1.87818290496115
0.902092050209205
3.67638971906754
3.9101016138673
2.98625224148237
0.866347878063359
1.32827256425583
1.09181111775254
1.52349073520622
5.59557680812911
1.77644949193066
0.792109982068141
1.35026897788404
2.41709503885236
1.91392707710699
2.79378362223551
7.90794979079498
2.99725044829647
5.27662881052002
2.58481769276748
2.62331141661686
3.03849372384937
6.51667662881052
2.81852958756724
2.99450089659295
2.50508069336521
2.88726838015541
2.57106993424985
1.37776449491931
1.2017931858936
3.42068141063957
2.13389121338912
1.14130304841602
2.84052600119546
2.43634190077705
1.8424387328153
1.78194859533772
4.56724447101016
2.41709503885236
0.129468021518231
2.56007172743574
3.7341303048416
2.60406455469217
1.47399880454274
1.59222952779438
2.29886431560072
1.95242080095637
3.07148834429169
1.27878063359235
2.535325762104
2.62331141661686
3.29420203227735
2.4005977286312
3.3821876867902
2.29886431560072
2.81852958756724
1.69396294082487
1.79294680215182
1.86168559473999
1.07806335923491
2.62056186491333
0.742618051404662
1.79294680215182
1.13305439330544
2.81852958756724
1.94967124925284
3.36569037656904
1.28702928870293
1.54823670053796
2.51607890017932
2.28236700537956
3.18147041243276
3.22821279139271
5.11715481171548
1.34202032277346
3.42893006575015
2.37585176329946
3.23371189479976
2.63430962343096
1.98541542139868
1.32002390914525
1.02032277346085
2.65630603705918
2.78003586371787
11.7930663478781
1.55373580394501
3.45642558278542
2.40884638374178
2.22737597130903
2.01566049013748
1.5317393903168
2.28511655708308
1.43275552898984
1.7187089061566
2.24112372982666
2.01016138673042
2.60406455469217
3.3821876867902
1.7901972504483
1.79844590555888
4.50125523012552
2.14763897190675
0.066228332337119
3.72588164973102
0.992827256425583
3.64889420203228
1.97716676628811
1.50699342498506
2.84052600119546
0.869097429766886
1.74345487148834
4.06132695756127
2.68380155409444
1.56748356246264
3.56365809922295
1.86168559473999
2.23837417812313
1.08081291093843
8.26539151225344
1.09181111775254
1.37501494321578
2.05140466228332
2.10914524805738
2.77178720860729
4.05857740585774
0.981829049611476
2.51057979677227
1.21004184100418
0.899342498505678
1.18254632396892
3.9403466826061
1.66371787208607
3.19521817095039
2.27136879856545
2.07890017931859
1.72695756126718
4.15481171548117
1.50424387328153
1.2017931858936
3.0824865511058
1.44650328750747
2.61506276150628
1.31452480573819
1.50699342498506
2.23287507471608
1.08081291093843
4.83395098625224
1.79569635385535
2.63430962343096
2.27136879856545
1.08081291093843
1.91117752540347
1.4904961147639
1.61972504482965
2.6480573819486
1.5729826658697
0.720621637776449
2.17513448894202
1.75170352659892
3.23371189479976
1.74345487148834
2.84052600119546
1.43000597728631
2.08714883442917
1.77369994022714
3.20071727435744
1.94142259414226
1.46300059772863
0.860848774656306
1.1907949790795
0.739868499701136
3.20896592946802
1.52898983861327
1.25953377166766
1.7187089061566
1.36401673640167
3.5994022713688
1.8314405260012
1.93592349073521
1.71320980274955
2.24112372982666
1.55923490735206
3.3409444112373
1.27878063359235
6.98410041841004
0.822355050806934
1.18529587567244
3.81111775254035
1.47674835624626
2.67005379557681
2.90376569037657
1.46575014943216
2.29886431560072
1.42175732217573
1.61422594142259
1.65821876867902
1.65821876867902
2.15038852361028
1.19354453078302
1.85618649133293
2.38959952181709
1.51799163179916
2.50233114166169
2.81028093245666
1.13855349671249
1.79844590555888
1.81219366407651
1.31727435744172
1.77369994022714
1.68846383741781
4.67997609085475
1.16604901374776
2.07890017931859
2.32361028093246
11.3558876270173
1.15780035863718
2.29886431560072
1.5427375971309
1.48499701135684
1.14680215182307
4.99617453676031
1.80669456066946
0.797609085475194
1.96891811117753
2.34560669456067
3.53616258218769
0.948834429169157
2.48858338314405
3.17322175732218
1.73520621637776
1.63622235505081
2.16688583383144
3.80286909742977
3.4344291691572
1.4602510460251
1.95517035265989
2.16413628212791
1.50424387328153
2.36485355648536
2.06515242080096
3.1759713090257
3.30245068738793
2.34010759115362
2.26861924686192
1.65271966527197
3.6818888224746
2.95050806933652
1.88643156007173
1.47949790794979
1.69946204423192
2.98075313807531
0.951583980872684
2.24112372982666
0.992827256425583
1.43000597728631
1.88643156007173
2.03490735206216
1.60872683801554
2.08714883442917
2.59581589958159
1.34751942618051
1.2017931858936
1.3667662881052
1.06156604901375
1.49324566646742
2.39509862522415
2.75528989838613
1.32827256425583
0.891093843395099
2.05415421398685
2.54632396891811
4.21805140466228
1.83419007770472
1.42725642558279
1.63072325164375
2.02940824865511
2.61506276150628
1.30352659892409
1.2320382546324
1.98541542139868
3.02199641362821
7.72922893006575
1.05881649731022
0.877346084877466
4.31978481769277
1.72970711297071
1.44375373580394
2.84602510460251
2.1833831440526
2.69754931261207
0.0607292289300657
2.49133293484758
0.651882845188285
3.36843992827256
1.52349073520622
3.17872086072923
1.81769276748356
3.88260609683204
1.58123132098028
1.73520621637776
1.49324566646742
1.42175732217573
1.91392707710699
2.0486551105798
1.23753735803945
0.95433353257621
1.7599521817095
2.00191273161984
1.94692169754931
3.0824865511058
2.69205020920502
1.49874476987448
1.94142259414226
8.15540944411237
1.83693962940825
2.85977286312014
4.66072922893007
4.40777047220562
2.0486551105798
2.12564255827854
2.9175134488942
1.63072325164375
2.60406455469217
2.8350268977884
4.40227136879856
0.990077704722056
2.23012552301255
2.17238493723849
4.13831440526001
2.8240286909743
2.30436341900777
1.29802749551704
1.43825463239689
0.530902570233114
2.11464435146444
2.67005379557681
1.36951583980873
2.72229527794381
1.83419007770472
0.742618051404662
1.27603108188882
2.71404662283323
1.93592349073521
2.37860131500299
2.59306634787806
5.37561267184698
1.94967124925284
2.74979079497908
2.45283921099821
0.580394500896593
1.39701135684399
2.21362821279139
2.23287507471608
2.34285714285714
1.20454273759713
2.54632396891811
1.33377166766288
2.40609683203825
0.96258218768679
1.85893604303646
1.01757322175732
2.35385534967125
2.43634190077705
1.8424387328153
1.04506873879259
1.87543335325762
1.67471607890018
1.31452480573819
1.47949790794979
2.27961745367603
2.79378362223551
1.52074118350269
2.29611476389719
1.74620442319187
1.14130304841602
1.70496114763897
2.55182307232516
3.48942020322773
2.32086072922893
4.77895995218171
2.07340107591154
1.95242080095637
1.90842797369994
1.04781829049611
1.93592349073521
1.25678421996414
2.65080693365212
3.23646144650329
1.58123132098028
1.29252839210998
1.82044231918709
1.35301852958757
2.45008965929468
1.64447101016139
1.51249252839211
3.33544530783024
2.85427375971309
2.59306634787806
1.42175732217573
2.18063359234907
1.83693962940825
1.39426180514047
1.44650328750747
6.98684997011357
1.64172145845786
1.53998804542738
1.77369994022714
3.6406455469217
2.43084279736999
0.827854154213987
1.2017931858936
1.96341900777047
2.24387328153019
2.21912731619845
2.46933652121937
1.23478780633592
0.792109982068141
3.11823072325164
1.13030484160191
1.63347280334728
5.35086670651524
1.34751942618051
2.73879258816497
3.57190675433353
2.62881052002391
1.39976090854752
1.72420800956366
3.11548117154812
2.25212193664077
2.2658696951584
0.759115361625822
1.89193066347878
1.92217573221757
1.69396294082487
2.21087866108787
2.04590555887627
3.59665271966527
3.5994022713688
1.02032277346085
1.42175732217573
1.96066945606695
1.53998804542738
2.84327555289898
3.60490137477585
1.64447101016139
2.72229527794381
1.55373580394501
2.33460848774656
2.02940824865511
1.84793783622236
1.47674835624626
1.60872683801554
0.915839808726838
2.19163179916318
2.73604303646145
0.786610878661088
2.44734010759115
1.76270173341303
27.1823072325164
2.72504482964734
1.93317393903168
1.09731022115959
2.42534369396294
3.79736999402271
3.39868499701136
1.02032277346085
1.57848176927675
0.97083084279737
1.62797369994023
0.682127913927077
2.37035265989241
1.5729826658697
1.25128511655708
2.34560669456067
2.72229527794381
3.56365809922295
2.05140466228332
1.79844590555888
3.60215182307232
3.81936640765093
7.45702331141662
1.5729826658697
1.74070531978482
3.02474596533174
2.90926479378362
2.32635983263598
1.36951583980873
3.45367603108189
1.35576808129109
3.86335923490735
0.0607292289300657
1.40251046025105
2.42259414225941
1.68571428571429
2.66730424387328
1.33652121936641
2.40884638374178
1.16054991034071
3.60215182307232
1.39426180514047
1.21554094441124
2.50508069336521
1.60597728631201
2.89826658696952
1.83968918111178
3.65989240884638
2.38684997011357
4.84219964136282
1.98266586969516
2.1421398684997
0.759115361625822
1.19629408248655
2.71129707112971
1.45200239091452
1.32277346084877
1.8011954572624
1.80669456066946
1.51249252839211
1.89742976688583
1.43000597728631
2.49958158995816
1.25403466826061
1.51249252839211
2.00191273161984
3.40968320382546
1.8424387328153
2.09264793783622
0.660131500298864
3.36843992827256
1.33652121936641
0.893843395098625
2.18613269575613
1.73520621637776
0.580394500896593
1.53723849372385
2.80478182904961
1.67471607890018
2.1008965929468
1.73795576808129
4.99892408846384
1.0670651524208
1.50974297668858
0.860848774656306
2.45008965929468
3.90460251046025
2.38135086670652
1.07256425582785
2.89001793185894
1.04781829049611
3.16222355050807
2.06240286909743
4.31428571428571
1.50974297668858
1.74070531978482
2.62881052002391
1.82594142259414
1.61972504482965
1.78194859533772
1.90842797369994
2.21087866108787
1.53998804542738
3.25020920502092
4.27854154213987
1.52898983861327
2.51607890017932
1.77919904363419
2.09814704124328
4.28679019725045
1.36401673640167
1.85343693962941
2.50783024506874
1.74620442319187
2.38684997011357
1.7077106993425
2.84052600119546
2.2246264196055
2.57106993424985
1.25678421996414
1.77095038852361
2.04315600717274
2.85977286312014
3.61864913329348
3.34919306634788
1.71595935445308
2.32086072922893
4.80370591751345
2.01291093843395
2.09539748953975
1.00932456664674
1.8836820083682
2.49683203825463
2.21637776449492
2.70579796772265
0.866347878063359
2.84327555289898
1.21279139270771
1.06431560071727
2.24387328153019
1.05056784219964
2.12289300657502
2.37035265989241
2.47758517632995
2.05690376569038
2.94500896592947
0.948834429169157
1.84793783622236
1.38051404662283
2.16963538553497
7.43227734608488
1.51524208009564
1.81769276748356
3.02474596533174
2.34285714285714
2.0486551105798
3.14572624028691
2.02115959354453
2.0074118350269
2.5243275552899
0.797609085475194
1.97716676628811
1.70496114763897
0.847101016138673
4.4160191273162
4.49575612671847
3.41793185893604
1.76270173341303
4.01458457860131
1.39701135684399
1.40251046025105
1.85343693962941
2.44734010759115
4.46276150627615
2.7002988643156
2.87352062163778
1.76820083682008
1.07256425582785
2.6480573819486
1.449252839211
2.17513448894202
1.93592349073521
2.45008965929468
1.43825463239689
12.298983861327
2.45008965929468
2.49683203825463
4.65797967722654
2.02665869695158
2.14488942020323
3.47017334130305
0.946084877465631
1.41075911536163
1.56473401075912
1.28977884040646
1.8836820083682
3.10998206814106
0.665630603705917
2.40334728033473
1.60597728631201
1.50424387328153
4.11906754333533
2.96425582785415
3.00824865511058
1.28702928870293
1.68846383741781
3.31619844590556
1.71046025104603
2.63156007172744
2.57106993424985
3.45917513448894
1.2320382546324
1.07531380753138
5.37561267184698
1.61697549312612
1.43825463239689
2.92576210400478
4.58099222952779
1.9249252839211
1.95791990436342
2.37585176329946
2.34285714285714
3.8578601315003
3.22821279139271
1.09731022115959
1.86993424985057
2.67830245068739
1.1083084279737
2.51882845188285
2.28511655708308
1.24853556485356
2.71129707112971
3.78362223550508
1.51249252839211
0.398924088463837
1.12755528989839
2.68655110579797
1.10555887627017
4.16031081888822
4.53699940227137
2.41159593544531
1.69946204423192
2.1008965929468
1.33652121936641
0.992827256425583
3.53066347878063
6.32695756126718
1.38876270173341
1.18804542737597
1.72695756126718
0.616138673042439
1.966168559474
1.92217573221757
3.32444710101614
1.94417214584579
0.921338912133891
2.18613269575613
2.17788404064555
2.10639569635386
1.449252839211
1.76545128511656
1.88643156007173
1.77095038852361
2.16688583383144
1.46849970113568
2.87352062163778
1.67746563060371
1.34476987447699
0.0579796772265391
1.11655708308428
1.78469814704124
3.26670651524208
1.60047818290496
5.18589360430365
3.88535564853556
1.89193066347878
2.63430962343096
2.78828451882845
1.90292887029289
2.60406455469217
2.42534369396294
1.1495517035266
1.84793783622236
2.70579796772265
2.52982665869695
1.71046025104603
1.98541542139868
1.96066945606695
2.30436341900777
2.31261207411835
2.0898983861327
3.46742378959952
3.03849372384937
2.22737597130903
3.73962940824865
4.96592946802152
3.11273161984459
0.728870292887029
2.98075313807531
1.45750149432158
1.35576808129109
1.21554094441124
2.26861924686192
2.96975493126121
1.00382546323969
4.05582785415421
2.47758517632995
4.25379557680813
2.32635983263598
2.69479976090855
1.33377166766288
1.81219366407651
2.78828451882845
2.90926479378362
2.29886431560072
1.57848176927675
2.14488942020323
1.38876270173341
3.0934847579199
1.67196652719665
2.07890017931859
3.35469216975493
4.67997609085475
1.51249252839211
1.85893604303646
2.35660490137478
1.47949790794979
1.5729826658697
2.49133293484758
2.62881052002391
2.27411835026898
1.95791990436342
1.00382546323969
0.880095636580992
1.7599521817095
0.805857740585774
1.89193066347878
3.24196054991034
1.80669456066946
4.60848774656306
2.76903765690377
1.94967124925284
2.21912731619845
2.17238493723849
3.17322175732218
1.76820083682008
2.19438135086671
1.7901972504483
2.54632396891811
2.11464435146444
2.77453676031082
6.28021518230723
2.66730424387328
1.46300059772863
3.31344889420203
2.55457262402869
8.27638971906754
1.97716676628811
1.33102211595935
2.59581589958159
4.1575612671847
3.07423789599522
5.77704722056186
1.75720263000598
2.08714883442917
1.62247459653317
3.51966527196653
1.80669456066946
3.55540944411237
0.860848774656306
2.51607890017932
1.33652121936641
1.78194859533772
1.84518828451883
1.07256425582785
4.76521219366408
0.96258218768679
2.16138673042439
0.995576808129109
1.77095038852361
1.21004184100418
2.13114166168559
3.05499103407053
2.15038852361028
1.49599521817095
1.91942618051405
1.44375373580394
1.58947997609085
1.89742976688583
1.77369994022714
2.77178720860729
0.830603705917513
2.32910938433951
2.63430962343096
3.32444710101614
1.56198445905559
3.09073520621638
5.27112970711297
1.6252241482367
1.75445307830245
1.3255230125523
2.23837417812313
1.85068738792588
2.10914524805738
2.11189479976091
1.5729826658697
1.95517035265989
1.55098625224148
0.866347878063359
3.12647937836222
2.21912731619845
1.21829049611476
2.23837417812313
1.41900777047221
2.93676031081889
2.74704124327555
1.58947997609085
2.12839210998207
6.83837417812313
4.21255230125523
1.22378959952182
1.89742976688583
1.40526001195457
3.29695158398087
1.31727435744172
2.7415421398685
3.6516437537358
2.52707710699343
3.10998206814106
1.62247459653317
1.5729826658697
4.36927674835625
2.09264793783622
2.84877465630604
2.30161386730424
0.984578601315003
4.93843395098625
2.15313807531381
2.98900179318589
1.87543335325762
1.33652121936641
2.94500896592947
1.68021518230723
2.26037059175134
1.7489539748954
1.36951583980873
0.508906156604901
2.48858338314405
3.71763299462044
1.45200239091452
1.76545128511656
5.1501494321578
2.56007172743574
1.01207411835027
5.22713687985654
2.19988045427376
0.786610878661088
4.89444112372983
1.83693962940825
2.04040645546922
0.940585774058577
1.85618649133293
2.36210400478183
0.184459055588763
2.9175134488942
3.86610878661088
8.53209802749551
2.34285714285714
1.5839808726838
4.94943215780036
2.62331141661686
1.69396294082487
1.02032277346085
1.63897190675433
1.34751942618051
3.59390316796175
2.52982665869695
2.35660490137478
1.97716676628811
1.3255230125523
2.07065152420801
2.12839210998207
1.97991631799163
2.3181111775254
0.95433353257621
1.35851763299462
1.65271966527197
2.48858338314405
2.55182307232516
1.30077704722056
1.40526001195457
1.85893604303646
1.67471607890018
2.21912731619845
2.79928272564256
0.750866706515242
1.61972504482965
2.13664076509265
1.37501494321578
2.20812910938434
2.01566049013748
2.19163179916318
2.60406455469217
1.40251046025105
1.89193066347878
1.37226539151225
2.70854751942618
1.55648535564854
0.858099222952779
1.41900777047221
2.70579796772265
2.51882845188285
2.77728631201435
6.76963538553497
1.28977884040646
2.13114166168559
3.40418410041841
1.89193066347878
2.57381948595338
2.29061566049014
2.5243275552899
3.94859533771668
1.34751942618051
4.68272564255828
1.61422594142259
1.16879856545129
3.34369396294082
2.0596533173939
1.55373580394501
3.12922893006575
3.41243275552899
1.41900777047221
0.83335325762104
2.21362821279139
2.43634190077705
1.68021518230723
0.888344291691572
2.46658696951584
2.39234907352062
1.54823670053796
1.27603108188882
4.61398684997011
1.45200239091452
1.38326359832636
1.449252839211
2.54357441721458
2.22737597130903
1.56473401075912
2.12564255827854
1.42725642558279
2.49683203825463
1.56198445905559
3.80561864913329
2.34285714285714
1.30352659892409
1.63347280334728
0.750866706515242
2.20812910938434
1.63622235505081
2.91476389719068
2.36210400478183
2.35110579796772
2.07615062761506
1.36126718469815
1.25403466826061
2.06240286909743
1.72695756126718
1.73245666467424
6.12624028690974
1.52074118350269
1.66921697549313
2.23287507471608
1.64997011356844
2.55457262402869
4.51775254034668
2.5243275552899
1.45200239091452
2.0074118350269
1.52898983861327
1.02857142857143
1.60047818290496
2.14488942020323
1.61147638971907
1.32277346084877
1.73795576808129
7.04459055588763
0.690376569037657
0.638135086670651
2.69754931261207
1.06431560071727
1.22104004781829
2.51882845188285
1.32827256425583
2.59581589958159
2.56007172743574
1.05331739390317
2.07615062761506
2.07340107591154
1.82319187089062
1.57023311416617
1.96066945606695
1.8011954572624
1.7187089061566
2.26037059175134
2.1833831440526
1.91942618051405
2.68105200239091
1.24028690974298
1.39976090854752
1.61972504482965
5.26838015540944
3.57465630603706
2.90101613867304
1.85893604303646
1.33927077106993
2.19163179916318
4.0750747160789
1.5427375971309
1.73520621637776
0.899342498505678
4.50125523012552
1.51799163179916
1.86443514644351
3.06323968918111
1.2732815301853
1.5839808726838
2.40884638374178
3.09073520621638
1.48224745965332
2.75528989838613
3.57740585774059
2.36485355648536
2.01291093843395
2.76903765690377
2.96425582785415
1.77369994022714
1.78744769874477
1.25678421996414
1.44375373580394
3.40693365212194
1.66371787208607
2.30436341900777
2.45008965929468
3.85236102809325
2.8652719665272
1.94967124925284
1.31452480573819
1.67196652719665
2.62606096832038
2.66180514046623
2.12839210998207
2.17788404064555
0.82510460251046
1.81219366407651
1.99091452480574
1.77095038852361
1.63897190675433
4.28129109384339
1.80394500896593
1.55373580394501
1.67471607890018
2.78828451882845
1.16879856545129
1.4080095636581
1.97441721458458
3.82211595935445
1.87543335325762
1.75445307830245
1.60872683801554
1.26503287507472
2.05690376569038
3.78362223550508
1.64997011356844
1.77095038852361
5.08141063956964
4.48200836820084
1.2320382546324
2.12014345487149
1.21554094441124
1.63072325164375
4.21530185295876
1.47949790794979
2.68655110579797
0.844351464435147
1.23478780633592
1.50424387328153
1.07256425582785
2.32086072922893
1.50699342498506
3.79736999402271
1.55923490735206
1.82044231918709
1.8424387328153
0.891093843395099
1.4080095636581
2.46658696951584
1.05056784219964
1.33927077106993
2.0898983861327
3.02749551703527
4.52050209205021
2.93950986252241
3.35469216975493
1.42725642558279
2.45283921099821
1.449252839211
1.82594142259414
2.53807531380753
2.6590555887627
2.5765690376569
1.09181111775254
1.17979677226539
2.04315600717274
1.44650328750747
2.07615062761506
4.69097429766886
2.76353855349671
1.51524208009564
2.02940824865511
2.49408248655111
1.62797369994023
2.40884638374178
4.27304243873281
1.96066945606695
2.46108786610879
1.93592349073521
1.36951583980873
5.64231918708906
1.26503287507472
1.81769276748356
2.12014345487149
3.52791392707711
2.46933652121937
1.48499701135684
1.20454273759713
0.946084877465631
3.12647937836222
2.46108786610879
1.13305439330544
3.42068141063957
1.31452480573819
0.742618051404662
1.50974297668858
4.31428571428571
1.68571428571429
2.56282127913927
3.3931858936043
1.5317393903168
1.77919904363419
1.32002390914525
1.7599521817095
1.59497907949791
3.93484757919904
3.23371189479976
1.75445307830245
1.36126718469815
2.42534369396294
1.89742976688583
2.24387328153019
1.27603108188882
1.35851763299462
2.14763897190675
1.87543335325762
2.12564255827854
1.45750149432158
4.39952181709504
1.69396294082487
1.1495517035266
2.17238493723849
1.5839808726838
0.84160191273162
1.86993424985057
2.15588762701733
4.03658099222953
1.7077106993425
1.67471607890018
3.0412432755529
1.17704722056186
0.407172743574417
0.8498505678422
2.09814704124328
2.88451882845188
1.25403466826061
3.21171548117155
2.09814704124328
1.45200239091452
1.81494321578004
2.74704124327555
2.90101613867304
3.77812313209803
1.14405260011955
2.17513448894202
2.73054393305439
2.58756724447101
2.92576210400478
2.18063359234907
3.85236102809325
3.83036461446503
2.21912731619845
2.5243275552899
5.08690974297669
1.93042438732815
1.12480573819486
1.71046025104603
1.19904363419008
2.61506276150628
1.501494321578
2.68380155409444
3.44817692767484
2.19438135086671
1.55923490735206
2.67005379557681
0.96258218768679
2.40334728033473
1.30352659892409
1.7489539748954
1.02857142857143
1.93317393903168
2.29336521219366
2.71954572624029
2.04590555887627
2.89551703526599
2.32910938433951
3.14022713687986
2.43909145248057
4.18780633592349
1.78469814704124
3.2584578601315
2.88176927674836
2.32635983263598
1.966168559474
1.22928870292887
2.86802151823072
1.79569635385535
3.07423789599522
1.86993424985057
2.43909145248057
3.9101016138673
1.26228332337119
1.16054991034071
1.59772863120143
3.13197848176928
2.44734010759115
3.01099820681411
2.38959952181709
2.34010759115362
0.459414225941423
2.00466228332337
1.2430364614465
1.83693962940825
5.04566646742379
3.79736999402271
3.54166168559474
2.56832038254632
5.58182904961148
2.8350268977884
2.6480573819486
2.29336521219366
2.14488942020323
2.05690376569038
2.1008965929468
3.70388523610281
1.45475194261805
1.04781829049611
0.869097429766886
2.70304841601913
2.6068141063957
2.6068141063957
2.89001793185894
1.63622235505081
2.73604303646145
3.14297668858338
1.75720263000598
1.67196652719665
2.37585176329946
1.71320980274955
1.26778242677824
2.23562462641961
1.24578601315003
0.742618051404662
1.05056784219964
2.0596533173939
3.24196054991034
0.96258218768679
4.74871488344292
2.03765690376569
3.33819485953377
2.38135086670652
3.10173341303048
3.26670651524208
2.15038852361028
1.93317393903168
2.23837417812313
2.483084279737
2.05690376569038
1.71595935445308
1.72420800956366
2.64530783024507
1.54548714883443
1.03956963538554
1.91667662881052
2.14488942020323
2.28511655708308
2.66730424387328
1.36126718469815
2.08164973102212
1.13305439330544
2.24937238493724
3.10998206814106
2.12564255827854
1.09456066945607
1.62797369994023
2.11739390316796
1.41625821876868
2.06240286909743
0.981829049611476
1.35851763299462
2.22737597130903
1.57573221757322
2.88451882845188
3.96234309623431
0.8498505678422
2.28786610878661
2.54632396891811
2.22187686790197
3.31619844590556
1.11380753138075
1.93317393903168
1.48224745965332
1.88093245666467
3.03574417214585
2.62606096832038
2.20812910938434
2.89826658696952
1.53723849372385
0.981829049611476
1.22378959952182
2.88726838015541
1.48499701135684
4.22904961147639
0.97083084279737
4.50675433353258
3.09898386132696
3.06049013747759
1.40251046025105
1.44375373580394
2.1833831440526
5.77429766885834
2.54907352062164
1.11655708308428
2.0486551105798
4.43251643753736
1.2017931858936
1.86718469814704
1.86718469814704
2.01291093843395
2.20263000597729
2.02390914524806
2.27961745367603
1.43275552898984
3.89085475194262
2.01016138673042
1.92767483562463
3.08523610280932
1.50699342498506
1.63897190675433
2.84877465630604
0.0194859533771668
2.00466228332337
2.73879258816497
2.46108786610879
3.40968320382546
2.15588762701733
4.14106395696354
0.871846981470413
3.06323968918111
1.95791990436342
1.77644949193066
1.4602510460251
1.89193066347878
2.7415421398685
1.62797369994023
3.35469216975493
3.06323968918111
0.583144052600119
1.77919904363419
3.63239689181112
1.7187089061566
2.02940824865511
1.90292887029289
1.74070531978482
1.53448894202032
2.66730424387328
1.966168559474
1.58673042438733
1.17979677226539
1.95791990436342
2.43909145248057
1.38876270173341
1.62797369994023
1.74345487148834
2.22187686790197
1.48774656306037
2.4418410041841
4.07232516437537
2.65630603705918
3.12922893006575
2.20537955768081
1.69396294082487
2.46658696951584
2.16963538553497
1.08631201434549
1.11930663478781
3.49491930663479
2.16138673042439
1.91942618051405
2.73879258816497
1.78469814704124
2.63980872683802
2.07340107591154
1.27053197848177
3.6104004781829
2.84327555289898
1.06981470412433
3.16772265391512
3.00549910340705
1.70496114763897
1.68296473401076
2.22187686790197
1.85618649133293
4.97692767483562
0.926838015540944
2.63430962343096
1.28977884040646
1.4904961147639
4.71022115959354
2.54357441721458
3.02199641362821
1.68021518230723
1.91392707710699
3.27220561864913
4.49300657501494
4.76246264196055
1.10005977286312
1.55373580394501
3.75612671846981
2.1421398684997
1.66096832038255
2.85427375971309
2.41709503885236
2.13939031679617
3.10998206814106
1.22928870292887
2.3071129707113
1.87543335325762
2.52982665869695
1.0258218768679
1.86443514644351
2.06515242080096
4.34453078302451
1.05881649731022
2.39784817692767
5.59282725642558
2.11189479976091
5.95026897788404
1.7599521817095
1.8314405260012
1.42725642558279
4.40502092050209
1.8836820083682
7.44327555289898
3.16772265391512
1.28977884040646
1.75170352659892
1.5839808726838
2.90376569037657
2.09264793783622
4.46001195457262
1.01757322175732
2.55732217573222
2.07615062761506
1.41900777047221
2.09539748953975
4.96043036461446
1.37501494321578
1.19354453078302
1.38326359832636
1.05606694560669
1.20729228930066
1.48774656306037
1.43825463239689
1.03682008368201
2.08164973102212
1.44100418410042
1.11655708308428
5.05391512253437
1.33652121936641
1.86443514644351
2.18613269575613
1.90567842199641
1.60872683801554
2.18063359234907
1.30077704722056
1.83419007770472
1.57573221757322
3.00549910340705
4.92743574417215
3.10173341303048
3.6406455469217
1.86993424985057
1.28153018529588
2.32361028093246
1.99366407650926
1.72420800956366
2.33735803945009
4.52325164375374
1.35576808129109
2.36485355648536
2.6178123132098
7.08033472803347
3.3409444112373
2.71129707112971
1.29802749551704
2.48858338314405
1.63622235505081
0.720621637776449
3.61864913329348
1.77644949193066
1.69121338912134
1.25403466826061
8.46610878661088
0.616138673042439
0.382426778242678
1.15230125523013
7.30854751942618
0.95433353257621
2.33460848774656
1.14680215182307
2.21912731619845
6.21147638971907
2.1833831440526
1.28702928870293
3.36843992827256
2.03215780035864
2.17513448894202
3.36843992827256
2.52982665869695
2.34285714285714
2.39234907352062
2.07890017931859
1.77644949193066
2.51057979677227
1.11930663478781
2.16138673042439
1.66921697549313
1.47949790794979
1.93042438732815
2.41159593544531
3.05224148236701
1.65546921697549
1.51799163179916
2.01291093843395
3.25020920502092
1.06981470412433
1.17979677226539
2.21087866108787
2.11189479976091
2.48858338314405
4.01733413030484
1.82594142259414
1.20454273759713
1.60872683801554
2.59306634787806
2.62056186491333
2.72229527794381
2.95325762104005
2.72504482964734
2.04315600717274
3.15947399880454
1.56198445905559
1.72145845786013
1.4080095636581
2.19713090257023
2.77178720860729
2.25762104004782
4.01733413030484
1.73245666467424
1.37226539151225
2.11464435146444
2.94775851763299
2.35385534967125
2.22737597130903
1.50424387328153
0.951583980872684
2.54907352062164
0.56664674237896
1.49324566646742
1.7077106993425
3.65714285714286
1.60322773460849
3.25570830842797
2.35385534967125
2.95600717274357
2.30161386730424
0.819605499103407
2.37310221159594
1.53998804542738
1.58947997609085
0.481410639569635
1.00932456664674
1.20729228930066
2.52982665869695
2.79928272564256
1.91117752540347
2.05140466228332
3.03299462044232
1.8011954572624
3.66814106395696
2.08714883442917
2.06240286909743
2.55732217573222
0.885594739988045
1.70496114763897
2.71129707112971
4.03933054393305
1.41350866706515
4.26754333532576
1.77919904363419
1.31452480573819
1.98541542139868
3.16222355050807
1.58947997609085
1.74070531978482
1.99641362821279
2.97525403466826
1.07806335923491
2.35385534967125
3.65989240884638
1.25953377166766
0.97907949790795
1.93867304243873
1.31177525403467
3.10173341303048
2.39234907352062
2.41434548714883
4.21255230125523
0.880095636580992
1.89468021518231
1.68296473401076
4.23179916317992
2.26037059175134
1.48774656306037
3.63789599521817
2.3071129707113
2.8762701733413
1.76820083682008
1.69671249252839
3.76987447698745
1.31452480573819
1.59772863120143
1.56473401075912
2.46108786610879
2.18613269575613
1.31452480573819
3.01099820681411
2.51057979677227
2.9587567244471
2.91201434548715
1.21279139270771
0.880095636580992
3.30245068738793
1.966168559474
2.32910938433951
3.15947399880454
2.18613269575613
1.77369994022714
2.17513448894202
3.50591751344889
3.20346682606097
1.77369994022714
2.23837417812313
2.70304841601913
1.3667662881052
2.2246264196055
3.37668858338314
3.56915720263001
2.87901972504483
1.90017931858936
2.80478182904961
1.41350866706515
2.56007172743574
1.3255230125523
1.55923490735206
1.7187089061566
1.80944411237298
4.7679617453676
2.80753138075314
1.41900777047221
3.1237298266587
1.71595935445308
1.77919904363419
2.59306634787806
2.19713090257023
1.69396294082487
5.00717274357442
3.02199641362821
2.93676031081889
5.66431560071727
1.94417214584579
4.86144650328751
3.95409444112373
3.19246861924686
1.39426180514047
1.38601315002989
2.57381948595338
2.0596533173939
3.10998206814106
1.23753735803945
2.68105200239091
1.66921697549313
2.69754931261207
1.2732815301853
1.05881649731022
2.01291093843395
1.49599521817095
1.84518828451883
4.86969515839809
1.82869097429767
1.20729228930066
3.35469216975493
2.58481769276748
0.992827256425583
2.86252241482367
1.9249252839211
3.83861326957561
2.52982665869695
0.951583980872684
2.34560669456067
1.16054991034071
1.18529587567244
2.78828451882845
2.70854751942618
6.42044231918709
3.44542737597131
2.42809324566647
3.57465630603706
0.885594739988045
1.44100418410042
2.46108786610879
1.34476987447699
1.36951583980873
1.4602510460251
2.60406455469217
2.21362821279139
1.63897190675433
1.85893604303646
3.336820083682
2.21912731619845
3.15672444710102
3.7231320980275
2.58206814106396
1.30352659892409
2.21912731619845
1.10555887627017
4.1988045427376
2.43634190077705
1.38601315002989
3.41243275552899
2.15038852361028
2.43634190077705
2.38410041841004
1.65821876867902
1.38326359832636
3.38768679019725
0.913090257023311
1.41900777047221
3.57190675433353
2.65080693365212
5.1501494321578
2.43909145248057
1.59222952779438
1.27053197848177
1.75170352659892
2.49958158995816
1.45750149432158
1.34751942618051
0.69587567244471
1.84518828451883
3.18971906754334
1.15505080693365
1.96066945606695
0.98732815301853
1.6664674237896
1.21829049611476
1.41350866706515
2.3181111775254
1.09456066945607
2.07340107591154
3.05224148236701
1.08081291093843
0.932337118947998
3.12922893006575
5.95576808129109
6.26921697549313
2.67830245068739
1.3667662881052
2.94500896592947
1.11105797967723
2.25212193664077
2.01291093843395
0.68762701733413
1.12755528989839
2.52157800358637
1.33102211595935
2.06515242080096
2.09264793783622
2.40334728033473
2.72504482964734
1.30077704722056
2.01016138673042
1.82869097429767
1.58123132098028
2.71404662283323
1.99091452480574
1.56748356246264
2.11464435146444
1.48224745965332
1.17704722056186
1.38876270173341
1.3255230125523
2.34010759115362
0.698625224148237
1.69121338912134
2.56282127913927
3.00824865511058
2.0596533173939
4.42426778242678
2.63705917513449
1.30077704722056
1.98816497310221
1.7489539748954
4.99617453676031
1.64172145845786
3.40968320382546
1.30077704722056
1.04781829049611
3.21996413628213
1.63072325164375
1.75170352659892
4.83120143454871
2.99175134488942
2.49958158995816
2.30161386730424
1.76820083682008
2.4005977286312
8.03992827256426
1.25678421996414
2.47758517632995
1.89468021518231
2.15038852361028
3.07148834429169
1.85618649133293
2.84602510460251
2.02665869695158
1.57573221757322
4.10257023311417
2.1008965929468
2.32635983263598
2.68105200239091
3.01649731022116
1.17429766885834
1.05881649731022
3.14572624028691
4.70472205618649
1.69396294082487
1.25953377166766
1.62797369994023
2.18613269575613
2.62881052002391
0.907591153616258
2.29061566049014
3.82211595935445
4.61673640167364
1.87818290496115
2.37310221159594
0.767364016736402
2.83777644949193
1.3255230125523
2.43084279736999
0.957083084279737
3.05224148236701
1.71046025104603
3.14572624028691
4.12456664674238
2.45833831440526
3.55265989240885
1.4602510460251
3.69563658099223
1.64997011356844
2.60956365809922
2.29886431560072
3.27495517035266
6.37919904363419
2.48033472803347
1.08356246264196
2.1008965929468
1.36126718469815
3.4756724447101
2.66730424387328
1.14405260011955
2.40609683203825
1.23478780633592
1.84518828451883
5.35086670651524
2.40334728033473
0.995576808129109
1.81494321578004
1.68571428571429
1.32002390914525
1.17979677226539
2.32635983263598
2.79378362223551
2.80753138075314
2.34560669456067
2.08164973102212
1.40251046025105
4.5095038852361
5.77154811715481
2.70854751942618
3.51141661685595
0.770113568439928
1.86993424985057
1.10280932456665
1.26503287507472
1.43825463239689
2.2658696951584
2.26861924686192
3.79736999402271
1.42725642558279
2.96425582785415
1.40526001195457
1.66371787208607
2.78828451882845
1.89468021518231
1.2320382546324
5.44160191273162
1.87818290496115
1.67746563060371
2.6480573819486
1.86168559473999
1.63347280334728
2.99175134488942
3.04399282725643
2.93676031081889
3.81111775254035
2.05140466228332
1.47949790794979
2.0074118350269
3.31344889420203
2.05690376569038
0.602390914524806
1.72695756126718
1.17979677226539
1.70221159593545
2.63980872683802
3.47842199641363
1.32277346084877
1.07531380753138
1.17154811715481
1.92217573221757
1.18529587567244
3.42068141063957
2.30986252241482
2.40884638374178
5.63956963538553
1.449252839211
4.35002988643156
2.73329348475792
2.10639569635386
1.63347280334728
3.18971906754334
5.65881649731022
5.37561267184698
3.31069934249851
1.62247459653317
1.7901972504483
2.44459055588763
0.880095636580992
1.23478780633592
2.00466228332337
1.11105797967723
2.26037059175134
3.43717872086073
2.0074118350269
0.800358637178721
1.1083084279737
1.21829049611476
1.09731022115959
2.06240286909743
5.55708308427974
1.60597728631201
0.632635983263598
8.44686192468619
2.57106993424985
3.49491930663479
1.43825463239689
2.5655708308428
2.19988045427376
3.63789599521817
2.45558876270173
0.968081291093843
1.03132098027496
1.61697549312612
1.19904363419008
2.59856545128512
3.42618051404662
2.12839210998207
3.90735206216378
2.80203227734608
4.46551105797968
2.22187686790197
2.40334728033473
2.01016138673042
3.10998206814106
1.85893604303646
1.50974297668858
1.4080095636581
4.15206216377764
1.59497907949791
1.79569635385535
4.86969515839809
3.09073520621638
2.30161386730424
2.04040645546922
1.2430364614465
2.73329348475792
1.31452480573819
2.06240286909743
1.33927077106993
1.78194859533772
2.1833831440526
1.95791990436342
2.38959952181709
2.2246264196055
0.968081291093843
1.85618649133293
2.38684997011357
2.29611476389719
1.52349073520622
3.57190675433353
1.54823670053796
2.02390914524806
1.966168559474
2.60406455469217
1.58947997609085
1.59222952779438
1.59772863120143
1.24853556485356
1.99091452480574
1.22104004781829
2.44459055588763
2.37860131500299
9.29097429766886
4.96317991631799
2.8652719665272
2.24662283323371
1.2732815301853
1.66371787208607
2.95600717274357
2.49133293484758
0.693126120741183
2.68105200239091
2.45558876270173
0.709623430962343
1.8314405260012
2.96150627615063
3.08798565451285
1.77644949193066
1.58123132098028
1.57848176927675
3.58840406455469
2.07340107591154
2.81303048416019
1.22928870292887
1.81219366407651
2.7002988643156
2.16688583383144
1.58673042438733
2.28786610878661
3.21171548117155
1.6664674237896
1.65546921697549
2.50233114166169
2.51882845188285
9.31297071129707
3.32444710101614
0.0744769874476987
2.18888224745965
2.93950986252241
2.69205020920502
1.91667662881052
2.04040645546922
1.69121338912134
1.83419007770472
0.522653915122534
1.03682008368201
1.93042438732815
1.75720263000598
2.58481769276748
2.00466228332337
3.48942020322773
3.3409444112373
0.965331739390317
2.57381948595338
3.26120741183503
2.86252241482367
3.32444710101614
1.53448894202032
2.06515242080096
3.84686192468619
1.41350866706515
2.37310221159594
4.550747160789
1.21279139270771
2.535325762104
1.56748356246264
2.03490735206216
2.05140466228332
3.06873879258816
4.48475791990436
2.46658696951584
1.25953377166766
1.13030484160191
1.11380753138075
2.28511655708308
1.8424387328153
2.91476389719068
1.80669456066946
2.13939031679617
1.66921697549313
1.96341900777047
2.20812910938434
1.966168559474
1.99091452480574
2.29611476389719
3.93484757919904
2.37860131500299
1.25128511655708
3.0412432755529
7.02809324566647
0.585893604303646
2.15863717872086
3.86060968320383
1.79294680215182
4.1685594739988
3.1347280334728
3.04949193066348
1.48224745965332
2.49408248655111
1.6664674237896
0.588643156007173
3.62139868499701
2.32361028093246
1.56748356246264
0.852600119545726
1.94417214584579
1.82044231918709
1.97716676628811
3.94859533771668
1.67746563060371
2.14488942020323
6.06575014943216
1.51249252839211
0.808607292289301
2.19988045427376
4.52875074716079
1.59222952779438
2.14488942020323
2.51607890017932
2.61506276150628
2.79378362223551
1.24853556485356
2.43634190077705
1.80394500896593
2.74979079497908
1.15230125523013
1.43825463239689
1.25403466826061
1.37776449491931
3.07423789599522
4.46551105797968
1.7901972504483
1.91942618051405
2.15038852361028
0.167961745367603
2.72779438135087
1.29252839210998
6.00526001195457
1.55511057979677
3.28595337716677
1.72420800956366
1.75445307830245
2.07065152420801
2.11189479976091
1.71046025104603
1.19354453078302
2.01566049013748
1.11105797967723
1.24028690974298
1.42725642558279
2.86252241482367
4.60298864315601
1.44650328750747
2.29611476389719
2.09264793783622
2.21637776449492
1.87543335325762
1.45750149432158
1.78744769874477
2.17788404064555
0.775612671846982
2.31261207411835
0.423670053795577
2.51057979677227
2.51057979677227
2.95600717274357
1.28702928870293
2.48583383144053
1.72695756126718
3.69563658099223
1.47949790794979
1.31452480573819
3.07148834429169
1.22378959952182
2.17513448894202
1.05331739390317
0.797609085475194
2.18613269575613
1.57848176927675
2.41709503885236
1.80394500896593
2.65630603705918
1.03132098027496
2.25487148834429
2.97800358637179
2.6590555887627
5.08416019127316
2.16963538553497
3.00274955170353
1.64447101016139
2.52157800358637
1.61697549312612
0.95433353257621
1.91942618051405
2.25487148834429
3.43717872086073
2.37035265989241
2.55457262402869
2.18888224745965
2.59306634787806
1.98266586969516
2.52157800358637
2.03765690376569
2.63430962343096
1.74620442319187
1.7599521817095
7.50651524208009
3.10998206814106
2.55732217573222
3.53891213389121
2.73054393305439
1.61697549312612
1.71595935445308
3.22546323968918
2.52982665869695
1.89193066347878
2.00191273161984
1.42450687387926
4.09432157800359
3.95959354453078
1.69121338912134
0.822355050806934
2.99725044829647
0.973580394500897
3.07973699940227
3.20621637776449
0.844351464435147
1.95791990436342
0.951583980872684
1.38326359832636
1.59222952779438
1.33102211595935
3.27220561864913
1.12755528989839
2.91476389719068
3.12647937836222
1.05606694560669
1.33102211595935
3.10723251643754
0.783861326957561
3.66814106395696
2.88176927674836
1.98816497310221
2.80753138075314
5.90352659892409
0.00573819485953378
2.41709503885236
1.78744769874477
2.05690376569038
1.07256425582785
2.99725044829647
1.78194859533772
3.37393903167962
1.28153018529588
2.40884638374178
1.56198445905559
1.90017931858936
3.89360430364614
2.6480573819486
2.9065152420801
2.69205020920502
1.13580394500897
1.71046025104603
6.11524208009564
2.1833831440526
1.44100418410042
1.20729228930066
2.41709503885236
1.85618649133293
1.83693962940825
2.55182307232516
2.49408248655111
2.20263000597729
1.33652121936641
2.45833831440526
2.1421398684997
1.3667662881052
1.2430364614465
1.65546921697549
2.19163179916318
2.09814704124328
3.16222355050807
3.67364016736402
1.64172145845786
1.32277346084877
3.981589958159
