0
0.17071129707113
0.00298864315600717
0.0552301255230126
0.0868499701135686
0.123968918111178
0.17071129707113
0.943335325762104
0.0607292289300657
0.147340107591154
0.0194859533771668
0.00573819485953378
0.128780633592349
0.115720263000598
0.143215780035864
0.0923490735206219
0.101285116557083
0.0490436341900778
0.0827256425582785
0.0744769874476989
0.0318589360430364
0.00848774656306037
0.0607292289300657
0.148714883442917
0.052480573819486
0.011237298266587
0.0497310221159594
0.0744769874476987
0.1081589958159
0.0731022115959356
0.0854751942618051
0.0731022115959354
0.134967124925284
0.135998206814107
0.539666766288106
0.123968918111178
0.0909742976688585
0.000239091452480579
0.0497310221159594
0.0304841601912732
0.128093245666468
0.0194859533771668
0.0992229527794384
0.0414823670053796
0.0689778840406455
0.0194859533771668
0.0413628212791392
0.0895995218170952
0.0548864315600718
0.0627913927077107
0.101800657501494
0.0222355050806934
0.151464435146444
0.0304841601912732
0.011237298266587
0.0621040047818293
0.052480573819486
0.0607292289300657
0.426419605499103
0.267289300657502
0.0277346084877466
0.179819187089062
0.00573819485953378
0.0497310221159594
0.0275627615062762
0.43741781231321
0.135654512851166
0.0895995218170953
0.0332337118947997
0.0799760908547522
0.0813508667065155
0.0332337118947998
0.111595935445308
0.192707710699342
0.0414823670053796
0.0469814704124327
0.0469814704124328
0.0572325164375374
0.153354751942618
0.137716676628811
0.0366706515242081
0.121219366407651
0.0263598326359833
0.0480125523012552
0.104722056186491
0.0772265391512253
0.0757658398087267
0.0772265391512253
0.14596533173939
0.02498505678422
0.0806634787806337
0.243574417214584
0.0634787806335923
0.0387328153018529
0.0937238493723849
0.0139868499701136
0.117438732815302
0.176210400478183
0.0304841601912732
0.00573819485953378
0.0304841601912732
0.13771667662881
0.0964734010759115
0.0827256425582785
0.147254184100418
0.00848774656306037
0.02498505678422
0.02498505678422
0.0964734010759115
0.0772265391512253
0.0552301255230126
0.176210400478183
0.0139868499701136
0.220203227734608
0.038732815301853
0.0359832635983264
0.0607292289300657
0.247698744769874
0.070352659892409
0.082038254632397
0.50821876867902
0.15833831440526
0.0799760908547519
0.270038852361028
0.0964734010759117
0.0139868499701136
0.118469814704124
0.000239091452480579
0.0208607292289301
0.0909742976688584
0.0139868499701136
0.173460848774656
0.110221159593545
0.0748206814106398
0.0772265391512253
0.0342647937836223
0.0937238493723849
0.0621040047818291
0.104722056186491
0.143215780035864
0.100597728631201
0.075732217573222
0.0992229527794384
0.0414823670053796
0.0469814704124327
0.066228332337119
0.115720263000598
0.123968918111178
0.00848774656306037
0.0875373580394504
0.0194859533771668
0.00298864315600717
0.062104004781829
0.0909742976688584
0.148027495517035
0.17071129707113
0.27106993424985
0.0476688583383145
0.0277346084877466
0.543275552898984
0.054542737597131
0.066228332337119
0.593454871488344
0.088224745965332
0.104722056186491
0.301572773460849
0.195457262402869
0.0827256425582787
0.00298864315600717
0.213329348475792
0.126031081888823
0.255947399880454
0.0779139270771068
0.00298864315600717
0.0552301255230126
0.0744769874476987
0.034608487746563
0.0206814106395696
0.0882247459653317
0.066228332337119
0.0964734010759115
0.0541990436341902
0.0844441123729829
0.0937238493723849
0.0572325164375375
0.129468021518231
0.0758517632994623
0.02498505678422
0.0559175134488943
0.0744769874476987
0.110908547519426
0.137716676628811
0.0538553496712492
0.0139868499701136
0.140466228332337
0.0456066945606695
0.107471607890018
0.184459055588763
0.0469814704124328
0.0660564853556485
0.0772265391512253
0.171398684997011
0.0346084877465631
0.0650254034668263
0.0497310221159594
0.0332337118947998
0.0634787806335923
0.0469814704124328
0.0139868499701136
0.000239091452480579
0.0277346084877466
0.189958158995816
0.0937238493723849
0.257322175732217
0.130069485953377
0.0469814704124328
0.511655708308428
0.151464435146444
0.0882247459653317
0.0634787806335923
0.0578078302450689
0.0579796772265392
0.0370143454871489
0.160400478182905
0.0446876867901972
0.129468021518231
0.066228332337119
0.217453676031082
0.0697511954572625
0.0882247459653317
0.0909742976688581
0.0717274357441721
0.0390765092647937
0.0277346084877466
0.0222355050806934
0.0473251643753736
0.075851763299462
0.280693365212194
0.0442319187089062
0.209205020920502
0.0899432157800361
0.0469814704124328
0.0992229527794381
0.123281530185296
0.110221159593545
0.18540421398685
0.011237298266587
0.0167364016736402
0.0318589360430365
0.00848774656306037
0.158510161386731
0.0222355050806934
0.0772265391512253
0.0411386730424388
0.0607292289300657
0.0813508667065154
0.142528392109982
0.173460848774656
0.156963538553497
0.0304841601912732
0.00573819485953377
0.0937238493723849
0.100254034668261
0.0679468021518232
0.130783024506874
0.112970711297071
0.0304841601912732
0.0552301255230126
0.119157202630006
0.107471607890018
0.056604901374776
0.101972504482965
0.0744769874476987
0.0885684399282728
0.0277346084877466
0.138060370591751
0.0579796772265391
0.0359832635983264
0.0167364016736402
0.0775702331141662
0.0167364016736402
0.0634787806335923
0.153526598924088
0.0167364016736402
0.0607292289300658
0.0469814704124328
0.117782426778243
0.105753138075314
0.137716676628811
0.140466228332337
0.268320382546324
0.000239091452480579
0.109190077704722
0.0696652719665273
0.115720263000598
0.0909742976688584
0.0414823670053796
0.100597728631201
0.00573819485953378
0.341011655708308
0.0222355050806934
0.148714883442917
0.0868499701135685
0.108846383741782
0.0802039748953976
0.0139868499701136
0.165212193664077
0.134967124925284
0.0923490735206218
0.0854751942618051
0.0167364016736402
0.0579796772265391
0.0799760908547519
0.037925881649731
0.0689778840406455
0.052480573819486
0.0703526598924088
0.211954572624029
0.127062163777645
0.076195457262403
0.142528392109982
0.113829946204424
0.0469814704124328
0.0739614465032875
0.0222355050806934
0.115720263000598
0.1185258517633
0.0909742976688584
0.0442319187089062
0.0167364016736402
0.0725866706515243
0.0937238493723849
0.0277346084877466
0.0809772863120142
0.0609010759115363
0.0304841601912732
0.0676031081888821
0.00848774656306037
0.0222355050806934
0.0222355050806934
0.0751643753735804
0.0552301255230126
0.176210400478183
0.0334615959354453
0.0813508667065151
0.148714883442917
0.0937238493723849
0.0537955768081293
0.0964734010759115
0.0236102809324567
0.0708084279737001
0.0194859533771668
0.104722056186491
0.161087866108787
0.0469814704124328
0.0414823670053796
0.0841004184100418
0.214704124327555
0.0937238493723849
0.310938433950986
0.15008965929468
0.0510198744769876
0.0579796772265391
2.37860131500299
0.0724148236700541
0.0909742976688584
0.0469814704124328
0.244949193066348
0.0779139270771071
0.269695158398087
0.0359832635983264
0.100597728631202
0.255947399880454
0.0873505678421996
0.052480573819486
0.0676031081888823
0.0332337118947998
0.0744769874476987
0.0167364016736402
0.00848774656306037
0.0964734010759117
0.112970711297071
0.145277943813508
0.0655409444112373
0.0775702331141663
0.112970711297071
0.118469814704124
0.107471607890018
0.0579796772265391
0.00573819485953378
0.104722056186491
0.0744769874476989
0.0717274357441721
0.0744769874476987
0.103690974297669
0.0332337118947998
0.0592685295875673
0.0167364016736402
0.089599521817095
0.112970711297071
0.0483562462641961
0.118469814704124
0.00573819485953378
0.0359832635983264
0.00573819485953378
0.137716676628811
0.0676031081888821
0.0827256425582788
0.0554449342498506
0.0194859533771668
0.0717274357441721
0.0799760908547519
0.0724148236700537
0.0744769874476987
0.0854751942618051
0.173460848774656
0.0799760908547518
0.0980200239091454
0.115720263000598
0.115720263000598
0.0552301255230126
0.125515540944411
0.110393006575015
0.0734459055588763
0.0607292289300657
0.106268679019725
0.0669157202630005
0.0789450089659294
0.0415038478780634
0.111595935445308
0.0414823670053796
0.0863344291691575
0.0470954124327555
0.0187089061566049
0.0222355050806934
0.00848774656306037
0.126718469814704
0.036670651524208
0.0465929468021518
0.0744769874476985
0.0882247459653317
0.00573819485953378
0.0662283323371189
0.00573819485953378
0.0222355050806934
0.0535975791990437
0.10850268977884
0.00298864315600717
0.143903167961745
0.0332337118947998
0.0387328153018529
0.0909742976688583
0.119500896592947
0.052480573819486
0.0648535564853557
0.0923490735206216
0.122765989240885
0.084100418410042
0.0414823670053796
0.266945606694561
0.258696951583981
0.02498505678422
0.108960325762104
0.0703526598924087
0.0682008368200838
0.0469814704124328
0.280005977286312
0.00573819485953378
0.02498505678422
0.0799760908547519
0.0277346084877466
0.052480573819486
0.0909742976688584
0.151464435146444
0.084959653317394
0.144590555887627
0.101285116557083
0.0780857740585774
0.0772265391512256
0.0469814704124328
0.104722056186491
0.129468021518231
0.0772265391512253
0.0814078377166768
0.0827256425582785
0.0469814704124328
0.0277346084877466
0.010848774656306
0.0222355050806934
0.0865062761506279
0.107471607890018
0.0318589360430364
0.0676031081888822
0.02498505678422
0.0854751942618051
0.0641661685594741
0.0126120741183503
0.189270771069935
0.181709503885236
0.0877652420800955
0.0414823670053796
0.0277346084877466
0.0304841601912732
0.110221159593545
0.0634787806335923
0.0389046622833233
0.00298864315600717
0.0882247459653317
0.165212193664077
0.0816945606694563
0.0566049013747759
0.112970711297071
0.0786013150029887
0.1418410041841
0.0167364016736402
0.0694934249850568
0.0634787806335923
0.238161237298267
0.073789599521817
0.107385684399283
0.038732815301853
0.0469814704124328
0.101972504482965
0.0964734010759115
0.110221159593545
0.125343693962941
0.107643454871488
0.066228332337119
0.0813508667065152
0.0304841601912732
0.115720263000598
0.14596533173939
0.0414823670053796
0.0955712044231919
0.0332337118947998
0.0724148236700538
0.0304841601912732
0.0954423191870888
0.00298864315600717
0.101972504482965
0.02498505678422
0.116837268380155
0.103003586371787
0.090716527196653
0.101972504482965
0.112970711297071
0.0194859533771668
0.0781137925881651
0.070352659892409
0.0662283323371191
0.225702331141662
0.0854751942618051
0.0304841601912732
0.0579796772265391
0.0497310221159594
0.062877316198446
0.0642520920502092
0.156963538553497
0.011237298266587
0.126374775851763
0.15421398684997
0.0434586072922893
0.0514494919306636
0.00848774656306037
0.211954572624029
0.209119097429767
0.101972504482965
0.162118947997609
0.0222355050806934
0.0579796772265391
0.011237298266587
0.0909742976688581
0.0167364016736402
0.0277346084877466
0.038732815301853
0.0799760908547519
0.00573819485953378
0.115720263000598
0.066228332337119
0.052480573819486
0.0359832635983264
0.0277346084877466
0.0909742976688584
0.185833831440526
0.0882247459653318
0.02498505678422
0.0535116557083084
0.02498505678422
0.0442319187089062
0.011237298266587
0.165212193664077
0.0936808876270173
0.0634787806335923
0.151464435146444
0.0222355050806934
0.0882247459653317
0.0222355050806934
0.0598270322773461
0.0883106694560672
0.0827256425582787
0.0882247459653317
0.0552301255230126
0.107471607890018
0.127749551703527
0.0909742976688584
0.165212193664077
0.100597728631201
0.0277346084877466
0.0276897788404065
0.0311715481171548
0.011237298266587
0.0729303646144654
0.0937238493723849
0.0139868499701136
0.0882247459653317
0.0937238493723849
0.0579796772265391
0.0600418410041844
0.0222355050806934
0.0414823670053796
0.0167364016736402
0.0607292289300657
0.409922295277944
0.011237298266587
0.0304841601912732
0.0440600717274359
0.115720263000598
0.0823819485953377
0.0868499701135684
0.0923490735206217
0.0414823670053795
0.0538553496712492
0.102659892408847
0.115720263000598
0.0267035265989241
0.138146294082487
1.27878063359235
0.112970711297071
0.0579796772265391
0.0332337118947998
0.13359234907352
0.0572194411237298
0.0332337118947998
0.115720263000598
0.187208607292289
0.0772265391512253
0.0552301255230127
0.00573819485953378
0.011237298266587
0.00298864315600717
0.0318589360430365
0.0449193066347878
0.00986252241482369
0.169852062163778
0.102659892408847
0.0194859533771668
0.0139868499701136
0.0909742976688584
0.011237298266587
0.121219366407651
0.149402271368798
0.104722056186491
0.0751643753735804
0.038840219665272
0.0744769874476987
0.100911536162582
0.121219366407651
0.0992229527794381
0.0528242677824269
0.0222355050806934
0.0717274357441721
0.192707710699342
0.0359832635983264
0.0194859533771668
0.0772265391512253
0.0722859384339508
0.0194859533771668
0.038732815301853
0.114345487148834
0.00848774656306037
0.0780857740585775
0.00298864315600717
0.105065750149433
0.137716676628811
0.14974596533174
0.0683764196054993
0.143215780035864
0.0552077106993425
0.0566049013747758
0.0167364016736402
0.0181111775254035
0.0909742976688583
0.482785415421399
0.0621040047818292
0.047497011356844
0.106096832038255
0.0497310221159594
0.116177898983862
0.0566049013747758
0.0366706515242081
0.0937238493723849
0.0194859533771668
0.0844870741183501
0.038732815301853
0.115720263000598
0.0442319187089062
0.322624028690975
0.00298864315600717
0.0914898386132696
0.066228332337119
0.137029288702929
0.132217573221757
0.0291093843395099
0.129468021518231
0.0772265391512253
0.0167364016736402
0.0689778840406455
0.165212193664077
0.0593544530783024
0.011237298266587
0.102888710400479
0.0744769874476987
0.153011057979677
0.0717274357441721
0.0566049013747759
0.0649609608487746
0.0500747160789003
0.10403466826061
0.0704096309025703
0.0495012701733413
0.0981918708906158
0.0596981470412432
0.16246264196055
0.0139868499701136
0.038732815301853
0.0689778840406455
0.0772265391512253
0.0827256425582785
0.0394202032277346
0.0208383144052601
0.0194859533771668
0.0678309922295278
0.038732815301853
0.0139868499701136
0.0414823670053796
0.0774843096234309
0.0469814704124328
0.000239091452480579
0.0442319187089062
0.148714883442917
0.0359832635983264
0.011237298266587
0.151464435146444
0.0883965929468022
0.0304841601912732
0.0854751942618051
0.0779849073520621
0.00917513448894203
0.0909742976688585
0.0462343096234311
0.0697511954572626
0.0222355050806934
0.56664674237896
0.0222355050806934
0.0607292289300657
0.0639943215780037
0.294441123729827
0.0647937836222355
0.00573819485953378
0.0703526598924089
0.118469814704124
0.195457262402869
0.0469814704124328
0.0524805738194861
0.0552301255230126
0.217453676031082
0.0139868499701136
0.0717274357441721
0.0359832635983264
0.0593544530783024
0.011237298266587
0.0194859533771668
0.080720449790795
0.0552301255230126
0.0933801554094439
0.152896182008368
0.0194859533771668
0.0583233711894803
0.0631350866706515
0.103347280334728
0.197691273161984
0.151464435146444
0.0902869097429766
0.0318589360430364
0.0442319187089062
0.0332337118947998
0.0734459055588763
0.107471607890018
0.066228332337119
0.0778709653317392
0.0456066945606695
0.0414823670053796
0.0634787806335923
0.0758517632994623
0.167961745367603
0.02498505678422
0.0181111775254035
0.261446503287507
0.0194859533771668
0.110221159593545
0.0194859533771668
0.0634787806335923
0.0552301255230126
0.140466228332337
0.0648535564853557
0.0862485056784219
0.319187089061566
0.0222355050806934
0.0780857740585776
0.0452630005977288
0.167961745367603
0.0900291392707711
0.052480573819486
0.116923191870891
0.110221159593545
0.519904363419008
0.038732815301853
0.0772265391512252
0.0607292289300657
0.091317991631799
0.165212193664077
0.0722429766885835
0.0792887029288704
0.280693365212194
0.0636506276150628
0.092190301852959
0.233950986252241
0.0714122272863121
0.0442319187089062
0.117095038852361
0.0394202032277346
0.0992229527794381
0.038732815301853
0.0332337118947998
0.0359832635983264
0.0983207561267185
0.0923490735206218
0.0497310221159594
0.0833532576210401
0.00848774656306037
0.0559175134488941
0.0903298714883444
0.121219366407651
0.101972504482965
0.104722056186491
0.00298864315600717
0.0456066945606695
0.0277346084877466
0.0511057979677227
0.115720263000598
0.129468021518231
0.0421697549312612
0.0497310221159594
0.0675134488942018
0.133936043036462
0.0689778840406455
0.184459055588763
0.0964734010759115
0.0167364016736402
0.104722056186491
0.163837417812313
0.115720263000598
0.145578676031082
0.0497310221159594
0.0139868499701136
0.0679468021518234
0.0414823670053796
0.0364988045427376
0.044919306634788
0.0923490735206219
0.0579796772265391
0.0277346084877466
0.14596533173939
0.00298864315600717
0.112927749551704
0.0837567244471011
0.0332337118947998
0.0291093843395099
0.0854751942618051
0.0882247459653317
0.1020584279737
0.0167364016736402
0.0442319187089062
0.011237298266587
0.203705917513449
0.0744769874476987
0.189958158995816
0.137716676628811
0.0414823670053796
0.000239091452480579
0.148714883442917
0.0882247459653317
0.0414823670053796
0.0332337118947998
0.156963538553497
0.16246264196055
0.0359832635983264
0.167961745367603
0.115720263000598
0.0872795875672445
0.164524805738195
0.0923490735206213
0.165212193664076
0.052480573819486
0.0469814704124328
0.0607292289300657
0.0689778840406455
0.061459578601315
0.00298864315600717
0.052480573819486
0.209205020920503
0.0159593544530783
0.011237298266587
0.0167364016736402
0.0194859533771668
0.0937238493723849
0.0854751942618051
0.0414823670053796
0.0332337118947998
0.0689778840406455
0.0882247459653317
0.132217573221757
0.0222355050806934
0.0442319187089062
0.149144500896593
0.231201434548715
0.0572922893006576
0.0992229527794379
0.0634787806335923
0.0689778840406455
0.169336521219366
0.0909742976688585
0.113643156007172
0.176210400478183
0.140466228332337
0.0744769874476987
0.0902869097429766
0.0627913927077108
0.0717274357441721
0.0815227136879858
0.0222355050806934
0.104722056186491
0.000239091452480579
0.288168708906157
0.0469814704124328
0.0689778840406455
0.0944112372982666
0.00573819485953378
0.0992229527794381
0.153698445905559
0.049988792588165
0.0486999402271369
0.0627913927077108
0.156276150627615
0.0744769874476987
0.0359832635983264
0.14596533173939
0.0964734010759113
0.00848774656306037
0.052480573819486
0.00573819485953378
0.00573819485953378
0.0401075911536162
0.166028466826061
0.0999962641960549
0.100769575612672
0.0830693365212195
0.0332337118947998
0.0607292289300657
0.15833831440526
0.020001494321578
0.106095431111775
0.00573819485953378
0.112913273311417
0.0772265391512253
0.0194859533771668
0.0194859533771668
0.0923490735206215
0.141841004184101
0.0607292289300657
0.0820382546323969
0.040794979079498
0.0579796772265391
0.0303123132098028
0.209205020920502
0.077913927077107
0.0469814704124328
0.0435445307830244
0.0497310221159594
0.0689778840406457
0.117105779288703
0.00573819485953378
0.0442319187089062
0.0483562462641961
0.0401075911536163
0.038732815301853
0.0607292289300657
0.0561108413030484
0.0676031081888823
0.0552301255230126
0.0552301255230126
0.0964734010759115
0.0165421398684997
0.16246264196055
0.0799760908547519
0.0758517632994622
0.0208607292289301
0.159713090257023
0.038732815301853
0.129468021518231
0.0949267782426779
0.0909742976688584
0.0194859533771668
0.14596533173939
0.055827854154214
0.0829619321578005
0.0332874140765093
0.101972504482965
0.0634787806335923
0.0373580394500897
0.147024899133294
0.0322026300059773
0.564369769874477
0.110564853556486
0.0579796772265391
0.0579796772265391
0.115376569037657
0.0476688583383144
0.0483562462641961
0.0964734010759115
0.126718469814704
0.0194859533771668
0.0280783024506874
0.0607292289300657
0.110221159593545
0.19580095636581
0.0596981470412435
0.0263598326359833
0.115720263000598
0.112970711297071
0.0717274357441721
0.0627913927077107
0.181709503885236
0.0462940824865511
0.217453676031082
0.167961745367603
0.0609010759115362
0.0586955506575016
0.110221159593545
0.121219366407651
0.00573819485953378
0.0868499701135683
0.0827256425582785
0.0833271069934254
0.064166168559474
0.00298864315600718
0.110221159593545
0.0579796772265391
0.209205020920502
0.0718992827256429
0.167961745367603
0.266945606694561
0.0342647937836224
0.136170053795577
0.038732815301853
0.0579796772265391
0.0563471309025703
0.0401075911536162
0.075840555887627
0.150777047220562
0.0634787806335924
0.361805140466229
0.123968918111178
0.101972504482965
0.205381425582785
0.129468021518231
0.132990884638374
0.0277346084877466
0.0344366407650926
0.0497310221159594
0.0882247459653317
0.0222355050806934
0.0827256425582785
0.0772265391512253
0.0414823670053795
0.0332337118947998
0.0332337118947997
0.209205020920502
0.107471607890018
0.0540271966527197
0.16246264196055
0.0469814704124328
0.0538553496712493
0.140466228332337
0.111595935445308
0.000239091452480579
0.0497310221159594
0.0676031081888821
0.02498505678422
0.098191870890616
0.0566049013747758
0.0682904961147639
0.0937238493723849
0.038732815301853
0.0835848774656308
0.107471607890018
0.0539412731619846
0.0222355050806934
0.0689778840406455
0.052480573819486
0.0648535564853557
0.0373580394500897
0.138404064554692
0.0473681261207413
0.0524805738194859
0.0160490137477585
0.0712118947997613
0.0414823670053796
0.00848774656306037
0.000239091452480579
0.0497310221159594
0.0480984757919904
0.0744769874476987
0.0579796772265391
0.0799760908547519
0.178272564255828
0.401329946204423
0.0579796772265391
0.00986252241482369
0.167961745367603
0.0222355050806934
0.00298864315600717
0.495158398087268
0.0497310221159594
0.0497310221159594
0.0208607292289301
0.182525777047221
0.0277346084877466
0.101972504482965
0.011237298266587
0.228838538553497
0.05002988643156
0.138575911536162
0.171269799760909
0.0162208607292289
0.0153616258218769
0.000239091452480579
0.107471607890018
0.0634787806335923
0.0813508667065154
0.00573819485953378
0.0950986252241482
0.0621040047818291
0.0222355050806934
0.108846383741781
0.124183726838015
0.0278485505080694
0.0792887029288706
0.0277346084877466
0.00848774656306037
0.0992229527794381
0.255947399880454
0.0811790197250448
0.0841004184100418
0.0194859533771668
0.104722056186491
0.0446185744172146
0.0523087268380156
0.0222355050806934
0.0614166168559473
0.786610878661088
0.15421398684997
0.0566049013747758
0.0717844067543335
0.132217573221757
0.0854751942618051
0.0634787806335923
0.111280726987448
0.0291093843395099
0.000239091452480579
0.0139868499701136
0.0442319187089062
0.0909742976688584
0.126718469814704
0.264196054991034
0.119243126120741
0.123968918111178
0.134967124925284
0.0277346084877466
0.000239091452480579
0.0552301255230126
0.00573819485953378
0.180334728033473
0.0304841601912732
0.052480573819486
0.0799760908547519
0.02498505678422
0.052480573819486
0.151464435146444
0.0992229527794381
0.0964734010759115
0.110221159593545
0.0669157202630005
0.0359832635983264
0.0992229527794381
0.0332337118947998
0.0304841601912732
0.0645098625224148
0.00298864315600717
0.0648248374925286
0.15421398684997
0.0194859533771668
0.0167364016736402
0.0442319187089062
0.134967124925284
0.0304841601912732
0.0222355050806934
0.0194859533771668
0.0552301255230125
0.0717274357441721
0.0332337118947998
1.58673042438733
0.0607292289300657
0.0538553496712492
0.0964734010759115
0.0208607292289301
0.137716676628811
0.0469814704124328
0.0772265391512253
0.16246264196055
0.653257621040048
0.102659892408846
0.0795464734010759
0.0937238493723849
0.0442319187089062
0.101972504482965
0.00298864315600717
0.106096832038255
0.00848774656306037
0.0937238493723849
0.122937836222355
0.066228332337119
0.0538553496712492
0.0442319187089062
0.0664786312014345
0.0779998505678423
0.0593544530783025
0.0964734010759117
0.00298864315600717
0.0545856993424986
0.0485280932456665
0.189958158995816
0.110221159593545
0.0607292289300657
0.038732815301853
0.0634787806335923
0.101972504482965
0.0964734010759115
0.0549293933054394
0.0552301255230126
0.0456066945606694
0.0827256425582787
0.0442319187089062
0.0497310221159594
0.0634787806335924
0.107471607890018
0.250104602510461
0.0933371936640766
0.123968918111178
0.0277346084877466
0.0414823670053796
0.0263598326359833
0.000239091452480579
0.0450911536162583
0.0909742976688584
0.0772265391512253
0.011237298266587
0.110801143156007
0.0937238493723848
0.244949193066348
1.22602361028093
0.352181709503885
0.0282501494321578
0.0167364016736402
0.0744769874476987
0.0414823670053796
0.0772265391512253
0.0441889569635387
0.0469814704124328
0.129468021518231
0.0579796772265391
0.0469814704124328
0.0562612074118351
0.0167364016736402
0.0547145845786014
0.140466228332337
0.0657127913927077
0.0579796772265391
0.107471607890018
0.00573819485953378
0.101972504482965
0.0359832635983264
0.225702331141662
0.0222355050806934
0.052480573819486
0.143215780035864
0.181709503885236
0.0634787806335923
0.0607292289300657
0.110221159593545
0.00848774656306037
0.0497310221159594
0.0469814704124328
0.0414823670053796
0.0634787806335923
0.0572922893006576
0.269695158398087
0.151464435146444
0.0552301255230126
0.133592349073521
0.0762813807531381
0.104893903167962
0.118469814704125
0.011237298266587
0.0139868499701136
0.0277346084877466
0.121219366407651
0.0414823670053796
0.239450089659295
0.0332337118947998
0.0414823670053796
0.0655409444112371
0.086162582187687
0.0774843096234309
0.118169082486551
0.0827256425582786
0.104722056186491
0.00298864315600717
0.0407949790794979
0.00848774656306037
0.0607292289300657
0.0813508667065153
0.135654512851166
0.0827256425582785
0.0277346084877466
0.137716676628811
0.101972504482965
0.319423378661088
0.136964846084877
0.13324865511058
0.0517931858936043
0.0799760908547519
0.140466228332337
0.145084615959355
0.02498505678422
0.117374290197251
0.173460848774656
0.0710400478182906
0.0270042588164974
0.0579796772265391
0.0442319187089062
0.14596533173939
0.0799760908547519
0.0347803347280335
0.0579796772265391
0.102831739390317
0.11228332337119
0.0751643753735804
0.02498505678422
0.0708682008368202
0.0854751942618051
0.00573819485953378
0.222952779438135
0.202331141661686
0.123968918111178
0.0345225642558279
0.12517184698147
0.100597728631202
0.104722056186491
0.0854751942618051
0.0534668260609683
0.0634787806335923
0.120288217274358
0.0304841601912732
0.0432008368200838
0.0772265391512253
0.132217573221757
0.0511057979677227
0.0689778840406455
0.0607292289300657
0.139091452480574
0.0332337118947998
0.0222355050806934
0.0442319187089062
0.0194859533771668
0.0167364016736402
0.0923490735206219
0.052480573819486
0.081350866706515
0.112970711297071
0.0691497310221162
0.0634787806335923
0.050418410041841
0.0397638971906755
0.0531679617453676
0.0579796772265392
0.220203227734608
0.052480573819486
0.0359832635983264
0.0992229527794381
0.000239091452480579
0.107471607890018
0.0731022115959354
0.0277346084877466
0.0740044082486551
0.115720263000598
0.100711670651524
0.016650478182905
0.112970711297071
0.0514494919306637
0.0906306037059173
0.011237298266587
0.129468021518231
0.0617238867304244
0.066228332337119
0.0689778840406455
0.114373972653915
0.187208607292289
0.052480573819486
0.066228332337119
0.0882247459653317
0.0658631575014945
0.038732815301853
0.0332337118947998
0.0304841601912732
0.0772265391512253
0.206455469216976
0.00573819485953378
0.0304841601912732
0.0414823670053796
0.0964734010759114
0.110221159593545
0.0323744769874477
0.0524805738194859
0.00848774656306037
0.0652831739390318
0.104722056186491
0.0511057979677226
0.066228332337119
0.0430957673341303
0.082553795576808
0.110908547519426
0.0552301255230126
0.0854751942618051
0.0511057979677226
0.14596533173939
0.0361121488344292
0.0336203676031082
0.0729303646144649
0.0194859533771668
0.0442319187089062
0.034608487746563
1.86168559473999
0.0590107591153617
0.0964734010759114
0.0628773161984459
0.0359832635983264
0.0304841601912732
0.0359832635983264
0.0401075911536163
0.0892987895995221
0.00573819485953378
0.147340107591153
0.132904961147639
0.0263598326359833
0.0769687686790199
0.0442319187089062
0.0342349073520622
0.148199342498506
0.0799760908547519
0.100597728631201
0.00848774656306039
0.0772265391512253
0.0573137701733415
0.118469814704124
0.0830693365212195
0.0361121488344292
0.0401075911536162
0.0648535564853557
0.0277346084877466
0.0717274357441721
0.0772265391512253
0.0872221495815899
0.0764102659892407
0.0593544530783025
0.132217573221757
0.0662283323371189
0.0222355050806934
0.0511057979677226
0.0957860131500298
0.00848774656306037
0.027791579497908
0.0799760908547519
0.0460998206814107
0.140466228332337
0.0304841601912732
0.178014793783622
0.110908547519426
0.114452891512253
0.189958158995816
0.152839210998207
0.0724433091751346
0.0889121338912132
0.0992229527794381
0.0854751942618051
0.0593544530783024
0.0786013150029886
0.134967124925284
0.0825537955768082
0.0277346084877466
0.0851315002988645
0.147340107591153
0.066228332337119
0.0607292289300658
0.103347280334728
0.236700537955768
0.117095038852361
0.00848774656306037
0.143215780035864
0.0689778840406455
0.137716676628811
0.0955712044231919
0.17071129707113
0.0304841601912732
0.0827256425582784
0.0758517632994621
0.107471607890018
0.0424835624626421
0.0359832635983264
0.0490436341900779
0.104722056186491
0.0552301255230126
0.0547145845786013
0.0579796772265391
0.0676031081888824
0.105581291093844
0.065283173939032
0.140466228332337
0.0497310221159594
0.0779139270771071
0.0726009134040645
0.0167364016736402
0.968081291093844
0.10008218768679
0.0414823670053796
0.179647340107592
0.0442319187089062
0.17071129707113
0.0634787806335923
0.0304841601912732
0.011237298266587
0.0139868499701136
0.132217573221758
0.0999533024506873
0.038732815301853
0.0689778840406455
0.0311715481171548
0.0627913927077107
0.112712940824865
0.0964734010759113
0.0634787806335924
0.0744769874476987
0.0332337118947998
0.0854751942618051
0.0139868499701136
0.00298864315600717
0.140466228332337
0.0486999402271369
0.0981918708906155
0.0913179916317996
0.0700089659294681
0.0909742976688584
0.066228332337119
0.196832038254632
0.0909742976688586
0.0583233711894801
0.0359832635983264
0.101972504482965
0.0552301255230126
0.00848774656306037
0.0832554262552304
0.127405857740586
0.0779139270771071
0.0937238493723849
0.0167364016736402
0.0332337118947998
0.159713090257023
0.0799760908547521
0.0799760908547519
0.0964734010759116
0.313687985654513
0.17071129707113
0.0731022115959354
0.152839210998206
0.0717274357441721
0.151464435146444
0.106784219964136
0.052480573819486
0.0992229527794381
0.066228332337119
0.0966452480573823
0.112970711297071
0.0318589360430364
0.0442319187089062
0.963239689181113
0.122594142259414
0.0905983823968916
0.104722056186491
0.137716676628811
0.112970711297071
0.089599521817095
0.145277943813508
0.0852174237895994
0.0569485953377166
0.101972504482965
0.0552301255230126
0.0277346084877466
0.0414823670053796
0.0882247459653317
0.00298864315600717
0.260759115361626
0.107471607890018
0.0950986252241484
0.000239091452480579
0.0923490735206215
0.114345487148835
0.129468021518231
0.222952779438135
0.0992229527794381
0.390675433353258
0.0332337118947998
0.0731881350866709
0.132217573221757
0.0772265391512253
0.0913824342498508
0.14166915720263
0.011237298266587
0.00848774656306037
0.000239091452480579
0.034608487746563
0.0359832635983264
0.052480573819486
0.0827256425582785
0.163837417812313
0.16246264196055
0.084100418410042
0.0731022115959358
0.206455469216976
0.00848774656306037
0.011237298266587
0.0964734010759115
0.051385049312612
0.178959952181709
0.0194859533771668
0.187208607292289
0.00848774656306037
0.0194859533771668
0.0765391512253439
0.0377017334130306
0.115720263000598
0.00573819485953378
0.0304841601912732
0.0689778840406455
0.0167364016736402
0.066228332337119
0.159713090257023
0.0455207710699343
0.0332337118947998
0.0917046473401079
0.280693365212194
0.0995236849970117
0.0304841601912732
0.0937238493723849
0.101285116557083
0.0248991332934848
0.0497310221159593
0.0497310221159594
0.0105387029288703
0.128608786610879
0.0194859533771668
0.066228332337119
0.0483562462641961
0.0332337118947998
0.0500747160789003
0.0177226539151226
0.070352659892409
0.0827256425582785
0.104722056186491
0.0538553496712493
0.0572922893006575
0.121219366407651
0.0758517632994622
0.00298864315600717
0.0318589360430364
0.0579796772265391
0.000239091452480579
0.0579796772265391
0.0467236999402271
0.15421398684997
0.02498505678422
0.101440852884041
0.0950986252241481
0.115720263000598
0.0359832635983264
0.0263598326359833
0.0787946428571428
0.139778840406455
0.0469814704124328
0.0703526598924088
0.0320952256425583
0.101972504482965
0.101972504482965
0.0886614847952777
0.0717274357441724
0.0758517632994621
0.0194859533771668
0.123968918111178
0.0772265391512253
0.00848774656306037
0.0511057979677227
0.0683871600418409
0.02498505678422
0.108846383741781
0.106784219964136
0.0469814704124328
0.048356246264196
0.0827256425582785
0.02498505678422
0.00848774656306037
0.0359832635983264
0.121219366407651
0.0827256425582785
0.0964734010759115
0.129468021518231
0.000239091452480579
0.0621040047818291
0.0524805738194859
0.083670800956366
0.195457262402869
0.0222355050806934
0.0373580394500897
0.0834130304841603
0.0983637178720862
0.0332337118947998
0.0277346084877466
0.0964734010759115
0.011237298266587
0.0359832635983264
0.0442319187089062
0.0194859533771667
0.0222355050806934
0.0799760908547519
0.0607292289300657
0.0839285714285715
0.0327181709503886
0.118469814704124
0.0548649506873878
0.203705917513449
0.0538553496712492
0.0744769874476987
0.00573819485953378
0.0304841601912732
0.0414823670053796
0.038732815301853
0.0552301255230125
0.112970711297071
0.0552301255230126
0.0401075911536163
0.0291093843395099
0.173460848774656
0.104722056186491
0.0126120741183503
0.0731022115959353
0.177585176329946
0.082038254632397
0.00573819485953379
0.0701808129109384
0.0909742976688584
0.157479079497908
0.0648535564853557
0.0531679617453677
0.105409444112373
0.242199641362821
0.0779139270771069
0.140466228332337
0.00298864315600717
0.0346084877465631
0.02498505678422
0.0348018156007173
0.0364763897190676
0.0435445307830245
0.0744769874476987
0.0906091228332337
0.0469814704124328
0.12465630603706
0.129468021518231
0.0772265391512252
0.111595935445308
0.220203227734608
0.0359832635983264
0.0497310221159594
0.0277346084877466
0.140122534369396
0.0744769874476987
0.0610430364614466
0.0937238493723849
0.0126120741183503
0.0607292289300657
0.0837674648834432
0.0744769874476987
0.0277346084877466
0.131530185295876
0.0648535564853558
0.0469814704124328
0.107471607890018
0.0139868499701136
0.038732815301853
0.121219366407651
0.0572922893006573
0.136341900777047
0.0799760908547519
0.0541990436341901
0.066228332337119
0.101972504482965
0.0497310221159594
0.0868499701135685
0.0460470524506874
0.151464435146444
0.0562612074118352
0.0935295875672444
0.0786013150029887
0.0662283323371188
0.064166168559474
0.0517931858936042
0.0277346084877466
0.0139868499701136
0.0167364016736402
0.0778995675806935
0.0944971607890017
0.0311715481171548
0.141841004184101
0.0992229527794383
0.0469814704124327
0.0909742976688582
0.0827256425582786
0.038732815301853
0.129468021518231
0.0194859533771668
0.0406049200537956
0.054542737597131
0.0835848774656306
0.0442319187089062
0.0724148236700536
0.116665421398686
0.0552301255230126
0.0497310221159594
0.0689778840406455
0.0689778840406455
0.0749350904064559
0.125859234907353
0.103347280334728
0.038732815301853
0.220203227734608
0.0579796772265391
0.129468021518231
0.0854751942618051
0.0490436341900778
0.0442319187089062
0.0624476987447699
0.00573819485953378
0.0139868499701136
0.011237298266587
0.0208607292289301
0.159713090257023
0.143215780035864
0.0332337118947998
0.00298864315600717
0.0139868499701136
0.0717274357441721
0.187208607292289
0.115720263000598
0.0304841601912732
0.0799760908547519
0.00298864315600717
0.0992229527794381
0.0964734010759115
0.0717274357441721
0.0469814704124328
0.0852062163777648
0.107471607890018
0.0139868499701136
0.165212193664077
0.076195457262403
0.106096832038255
0.112970711297071
0.0772265391512253
0.155588762701733
0.0772265391512253
0.0469814704124327
0.02498505678422
0.0655409444112372
0.189958158995816
0.0634787806335923
0.112970711297071
0.02498505678422
0.050418410041841
0.198206814106396
0.066228332337119
0.0744769874476986
0.0579796772265391
0.02498505678422
0.0816945606694559
0.0763673042438734
0.156619844590556
0.138232217573222
0.0579796772265391
0.052480573819486
0.0373580394500897
0.0992229527794381
0.0895995218170952
0.0222355050806934
0.081694560669456
0.0456066945606695
0.0201733413030484
0.0873655110579798
0.0167364016736402
0.00848774656306037
0.0827256425582785
0.07804281231321
2.26312014345487
0.107471607890018
0.0542849671249254
0.0346084877465631
0.011237298266587
0.173804542737597
0.011237298266587
0.0882247459653317
0.42092050209205
0.0414823670053796
0.100597728631202
0.0941964285714291
0.0538553496712492
0.0579796772265391
0.0825537955768084
0.0139868499701136
0.0332337118947998
0.0827256425582785
0.0277346084877466
0.0630276823072325
0.0937238493723849
0.0413247627764495
0.0483562462641961
0.0497310221159594
0.0469814704124328
0.470412432755529
0.0566049013747758
0.0785798341303048
0.0854751942618054
0.192707710699342
0.0139868499701136
0.0346084877465631
0.0676031081888821
0.0799760908547519
0.0442319187089062
0.0277346084877466
0.0964734010759115
0.114953489240884
0.108846383741781
0.121219366407651
0.0935520023909144
0.0456066945606696
0.052480573819486
0.0579796772265391
0.038732815301853
0.0666579497907951
0.106784219964137
0.0827256425582785
0.0770957860131501
0.0631350866706517
0.117997235505081
0.115720263000598
0.126718469814704
0.103347280334728
0.0882247459653317
0.0566049013747758
0.306814106395696
0.0469814704124328
0.0689778840406455
0.0721140914524805
0.143215780035864
0.00573819485953378
0.16246264196055
0.852600119545726
0.0717274357441721
0.0456066945606695
0.180334728033473
0.0607292289300657
0.104722056186491
0.02498505678422
0.00298864315600717
0.0731022115959355
0.0442319187089062
0.0329759414225941
0.313687985654513
0.132217573221757
0.0772265391512253
0.107471607890018
0.0792887029288706
0.0799760908547519
0.0332337118947998
0.0772265391512253
0.02498505678422
0.000239091452480579
0.546353855349672
0.115720263000598
0.0304841601912732
0.0882247459653317
0.148714883442917
0.011237298266587
0.0964734010759115
0.0139868499701136
0.000239091452480579
0.038732815301853
0.0414823670053796
0.038732815301853
0.0306774880454274
0.00573819485953378
0.0717274357441721
0.0992229527794381
0.201944485953377
0.146652719665272
0.052480573819486
0.120531978481769
0.0548864315600717
0.0827256425582785
0.0359832635983264
0.147340107591154
0.00573819485953378
0.178959952181709
0.167961745367603
0.0717274357441721
0.038732815301853
0.0277346084877466
0.066228332337119
0.0598699940227138
0.0607292289300657
0.110221159593545
0.132410901075911
0.0194859533771668
0.185887533622235
0.0999103407053196
0.0799760908547519
0.089599521817095
0.0602136879856546
0.0562612074118349
0.156963538553497
0.0767109982068145
0.0414823670053796
0.0579796772265392
0.011237298266587
0.0277346084877466
0.0726296323968919
0.0744769874476987
0.0442319187089062
0.0139868499701136
0.117095038852361
0.0682904961147638
0.343245666467424
0.0373580394500897
0.129468021518231
0.101338818738792
0.0947549312612072
0.02498505678422
0.109877465630604
0.0627913927077107
0.104722056186491
0.0304841601912732
0.222952779438135
0.0854751942618051
0.0634787806335923
0.0200874178123132
0.181709503885236
0.0139868499701136
0.0909742976688584
0.0304841601912732
0.011237298266587
0.0359832635983264
0.17071129707113
0.0807601427077106
0.0222355050806934
0.0579796772265391
0.0167364016736402
0.0194859533771668
0.110221159593545
0.0607292289300657
0.107471607890018
0.052480573819486
0.0980200239091451
0.0565189778840407
0.144246861924686
0.0167364016736402
0.0558080076957563
0.0277346084877466
0.09273572922893
0.0682904961147642
0.101972504482965
0.0882247459653317
0.02498505678422
0.02498505678422
0.0717274357441721
0.0332337118947998
0.113658099222953
0.044575612671847
0.165212193664077
0.0854751942618051
0.0332337118947998
0.0497310221159594
0.0404298042438734
0.048356246264196
0.0978481769276748
0.0442319187089062
0.159713090257023
0.011237298266587
0.02498505678422
0.0617603108188882
0.0727585176329948
0.038732815301853
0.0799760908547519
0.0346084877465631
0.105924985056784
0.0717274357441721
0.103648012552301
0.0222355050806934
0.0638224745965331
0.266945606694561
0.0648535564853557
0.0937238493723851
0.183084279737
0.0304841601912732
0.0854751942618051
0.462163777644949
0.090029139270771
0.0786013150029889
0.0414823670053796
0.00848774656306037
0.068290496114764
0.11228332337119
0.0964734010759115
0.159713090257023
0.156963538553496
0.117782426778243
0.119243126120742
0.0294530783024507
0.112970711297071
0.038732815301853
0.0682475343693965
0.0992229527794381
0.148714883442917
0.0442319187089062
0.0499028690974299
0.0318696764793784
0.185318290496115
0.0497310221159593
0.264196054991034
0.0551105797967725
0.0222355050806934
0.111595935445308
0.0937238493723849
0.0373580394500896
0.00573819485953378
0.0854751942618051
0.16246264196055
0.0916616855947402
0.0702667364016737
0.0765445214435147
0.0992229527794381
0.0717274357441721
0.227077106993425
0.0827256425582785
0.0359832635983264
0.200956365809922
0.0633069336521219
0.0497310221159594
0.0883106694560669
0.0514494919306634
0.17071129707113
0.178959952181709
0.052480573819486
0.0786013150029888
0.0332337118947998
0.165212193664077
0.17071129707113
0.0854751942618051
0.0469814704124328
0.066228332337119
0.0359832635983264
0.0717274357441721
0.0799760908547519
0.114581776748356
0.0428571428571428
0.0277346084877466
0.0847878063359236
0.112970711297071
0.0277346084877466
0.0724148236700537
0.0533173939031679
0.101972504482965
0.066228332337119
0.159713090257023
0.176210400478183
0.118848998804543
0.116171361326958
0.0139868499701136
0.118813508667065
0.0720711297071132
0.330185295875672
0.110736700537956
0.0681186491332935
0.0552301255230126
0.120789748953975
0.217453676031082
0.117095038852361
0.0414823670053796
0.110221159593545
0.112970711297071
0.0497310221159594
0.0480069485953377
0.011237298266587
0.049559175134489
0.052480573819486
0.0181111775254035
0.0933801554094442
0.0593544530783024
0.0325463239689181
0.220203227734608
0.231201434548715
0.02498505678422
0.0803197848176932
0.242199641362821
0.0194859533771668
0.0332337118947998
0.0456066945606695
0.0153616258218769
0.0671643847130902
0.0586670651524208
0.0428571428571429
0.0332337118947998
0.0607292289300657
0.129468021518231
0.00573819485953378
0.115720263000598
0.104722056186491
0.0332337118947998
0.0456066945606695
0.0442319187089062
0.0724148236700538
0.0765391512253437
0.126718469814704
0.0779139270771069
0.0167364016736402
0.0689778840406455
0.0852496450986251
0.0307419306634788
0.0222355050806934
0.0476973438433952
0.0964734010759117
0.134967124925284
0.0304841601912732
0.0552301255230125
0.0139868499701136
0.0786013150029885
0.106096832038255
0.0664538815002991
0.0701808129109386
0.0648535564853557
0.0731022115959354
0.0497310221159594
0.0194859533771668
0.0167364016736402
0.0799760908547523
0.134967124925284
0.0827256425582785
0.0493873281530185
0.0634787806335924
0.0579796772265391
0.070352659892409
0.0731022115959355
0.184459055588763
0.29994022713688
0.0634787806335922
0.00848774656306037
0.0882247459653317
0.13324865511058
0.0359832635983264
0.176210400478183
0.0712118947997609
0.244949193066348
0.0277346084877466
0.140466228332337
0.123968918111177
0.0664001793185895
0.228451882845188
0.104120591751345
0.052480573819486
0.00848774656306037
0.0648535564853557
0.316437537358039
0.110221159593545
0.0827256425582785
0.0208009563658099
0.0524805738194859
0.078343544530783
0.0560678795576807
0.0304841601912732
0.0751643753735804
0.0703526598924089
0.0304841601912732
0.0621040047818292
0.0304841601912732
0.0710400478182905
0.011237298266587
0.0321167065152421
0.00573819485953378
0.0414823670053796
0.0297967722653915
0.0421697549312612
0.02498505678422
0.066228332337119
0.0604634031306039
0.0937238493723849
0.0442020322773462
0.066228332337119
0.0827256425582785
0.0414823670053796
0.0222355050806934
0.0909742976688583
0.0968278354751942
0.0736177525403468
0.0494732516437537
0.148714883442917
0.206455469216976
0.165212193664077
0.00848774656306037
0.0497310221159593
0.00573819485953378
0.134967124925284
0.0304841601912732
0.0565451285116558
0.0194859533771668
0.0497310221159594
0.0469814704124327
0.0909742976688584
0.0645098625224149
0.0810071727435744
0.0882247459653317
0.0194859533771668
0.0343077555289899
0.0187985654512851
0.0634787806335923
0.0992229527794381
0.0696652719665272
0.0882247459653317
0.000239091452480579
0.0772265391512253
0.0222355050806934
0.137716676628811
0.0827256425582785
0.104722056186491
0.0799760908547519
0.175523012552302
0.0552301255230125
0.10709919493425
0.0909742976688584
0.118469814704124
0.0938956963538554
0.0937238493723849
0.0706963538553496
0.0909742976688584
0.0222355050806934
0.0844441123729829
0.308876270173342
0.0837567244471012
0.171570531978482
0.115978033472803
0.128093245666467
0.118469814704124
0.066228332337119
0.134967124925284
0.011237298266587
0.0476688583383145
0.0689778840406455
0.0222355050806934
0.28756724447101
0.0277346084877466
0.0799760908547519
0.0868499701135687
0.0882247459653317
0.0717274357441721
0.118469814704124
0.165212193664077
0.0469814704124328
0.132217573221757
0.0917798303945007
0.0576359832635983
0.011237298266587
0.0277346084877466
0.0937238493723849
0.0222355050806934
0.0862807269874477
0.0167364016736402
0.0490436341900778
0.0689778840406455
0.0414823670053796
0.112369246861925
0.0698371189479978
0.0483562462641961
0.0607292289300657
0.555648535564853
0.0943957103631203
0.0222355050806934
0.0964734010759115
0.165212193664077
0.0882247459653317
0.41267184698147
0.02498505678422
0.0194859533771668
0.052480573819486
0.189958158995816
0.011237298266587
0.0153616258218769
0.0194859533771668
0.0827256425582785
0.0799760908547519
0.0609010759115362
0.0565619396294084
0.0139868499701136
0.00573819485953378
0.0687845561864914
0.0861326957561269
0.0619097429766886
0.121219366407651
0.0607292289300657
0.0167364016736402
0.00848774656306037
0.0484421697549313
0.0167364016736402
0.0631350866706515
0.217453676031082
0.0499028690974299
0.115720263000598
0.0964734010759115
0.0903728332337119
0.10601090854752
0.0607292289300657
0.101972504482965
0.0359832635983264
0.0619321578003587
0.0854751942618051
0.151464435146444
0.0593544530783023
0.000239091452480579
0.115720263000598
0.0676031081888822
0.0681186491332936
0.011237298266587
0.107374943962941
0.066228332337119
0.0721140914524805
0.0999103407053201
0.0624476987447702
0.200956365809922
0.0318589360430364
0.0318589360430364
0.0827256425582786
0.089162432755529
0.0928646144650327
0.0744769874476986
0.0600418410041839
0.0339210998206814
0.0882247459653317
0.00298864315600717
0.00298864315600717
0.0139868499701136
0.0581515242080097
0.127375971309026
0.0992229527794381
0.0126120741183503
0.0222355050806934
0.0194859533771668
0.187208607292289
0.14596533173939
0.0992229527794381
0.0717274357441721
0.0545427375971308
0.0400851763299463
0.188583383144053
0.0923490735206214
0.0723289001793188
0.123775590257024
0.131186491332935
0.0597196279139273
0.05832337118948
0.0689778840406455
0.0167364016736402
0.0139868499701136
0.129468021518231
0.321936640765093
0.0964734010759117
0.0964734010759115
0.0807064405260014
0.123968918111178
0.0414823670053796
0.0964734010759115
0.128093245666467
0.0442319187089061
0.0614166168559472
0.0811855573819485
0.110221159593545
0.0380454273759714
0.052480573819486
0.0634787806335924
0.112970711297071
0.167961745367603
0.0414823670053796
0.0332337118947998
0.119844590555887
0.101972504482965
0.297190675433353
0.011237298266587
0.0194859533771668
0.0909742976688584
0.105373603743276
0.0650898460848778
0.101972504482965
0.00298864315600717
0.0593544530783024
0.0792887029288701
0.0359832635983264
0.0359832635983264
0.0868499701135685
0.00848774656306037
0.0607292289300657
0.0277346084877466
0.442916915720263
0.0304841601912732
0.000239091452480579
0.0468686958308427
0.225702331141662
0.0779601576509267
0.052480573819486
0.0552301255230126
0.0222355050806934
0.0856685221159593
0.034608487746563
0.101972504482965
0.0304053580768082
0.0744769874476987
0.107471607890018
0.0222355050806934
0.0788590854751944
0.0410097878063359
0.288942020322773
0.00298864315600717
0.300627615062761
0.110221159593545
0.0442319187089062
0.138246460325762
0.0493873281530186
0.0476688583383144
0.00986252241482368
0.0655409444112377
0.0469814704124328
0.0469814704124328
0.0607292289300657
0.0601277644949192
0.0871936640765096
0.0744769874476987
0.0820382546323971
0.139091452480574
0.0497310221159594
0.17071129707113
0.0607292289300658
0.0758517632994621
0.14596533173939
0.02498505678422
0.0194859533771668
0.0874943962940828
0.0167364016736402
0.178959952181709
0.0442319187089062
0.173460848774656
0.107471607890018
0.0885899208009565
0.0566049013747758
0.0607292289300657
0.0579796772265391
61.2630005977286
0.0428571428571429
0.0497310221159594
0.00298864315600717
0.0744769874476987
0.0706963538553496
0.037873580394501
0.0497310221159594
0.02498505678422
0.112476651225344
0.0579796772265391
0.0222355050806934
0.0497310221159594
0.0940675433353257
0.121219366407651
0.0607292289300657
0.0854751942618051
0.0414823670053796
0.0634787806335923
0.0194859533771668
0.323515484907352
0.124656306037059
0.0318589360430365
0.0497310221159594
0.0744769874476987
0.0992229527794381
0.0413105200239093
0.0717274357441721
0.0621035378063359
0.0682904961147639
0.0916616855947401
0.0280783024506874
0.264196054991034
0.0986537096533172
0.000239091452480579
0.123968918111178
0.129468021518231
0.0195998953974895
0.0536835026897789
0.0339210998206814
0.0882247459653317
0.0222355050806934
0.00573819485953378
0.00298864315600717
0.184459055588763
0.354243873281531
0.00298864315600717
0.0744769874476987
0.151464435146444
0.0686341900777051
0.0194859533771668
0.00298864315600717
0.0827256425582785
0.118469814704124
0.107797381668411
0.0701808129109384
0.0717274357441721
0.134967124925284
0.0332337118947998
0.118469814704124
0.0167364016736402
0.038732815301853
0.104722056186491
0.0861569784817692
0.02498505678422
0.0799760908547518
0.140466228332337
0.0765391512253437
0.118469814704124
0.101972504482965
0.0277346084877466
0.0646172668858338
0.0621040047818291
0.038732815301853
0.0985355648535563
0.0827256425582785
0.0744769874476987
0.167725455768082
0.0442319187089062
0.0139868499701136
0.130842797369994
0.052480573819486
0.0868499701135685
0.0552301255230126
0.0871077405857742
0.0830693365212193
0.228451882845188
0.038732815301853
0.0634787806335924
0.0277346084877466
0.0841004184100418
0.0710400478182908
0.00298864315600717
0.0139868499701136
0.0167364016736402
0.038732815301853
0.148714883442917
0.0194859533771668
0.0634787806335923
0.140466228332337
0.0304841601912732
0.052480573819486
0.0734690208457861
0.066228332337119
0.0139868499701136
0.042513448894202
0.00848774656306037
0.0978481769276751
0.066228332337119
0.109141745741184
0.0882247459653317
0.13359234907352
0.117095038852361
0.0442319187089062
0.0167364016736402
0.127577704722057
0.0868499701135687
0.159713090257023
0.0476688583383144
0.0827524936491331
1.48602809324567
0.0975044829647339
0.0139868499701136
0.151464435146444
0.13070317169755
0.228451882845188
0.0882247459653317
0.0277346084877466
0.156963538553497
0.0497310221159594
0.066228332337119
0.110221159593545
0.0575070980274956
0.0373580394500896
0.0167364016736402
0.02498505678422
0.0868499701135684
0.1418410041841
0.0744769874476987
0.0414823670053796
0.176210400478183
0.00848774656306037
0.000239091452480579
0.0538553496712492
0.115720263000598
0.115720263000598
0.0497310221159594
0.0414823670053796
0.0895995218170953
0.120531978481769
0.0284219964136282
0.0744769874476987
0.0297967722653915
0.0614166168559476
0.0861625821876867
0.0304841601912732
0.0404942468619247
0.239450089659295
0.0153616258218769
0.187208607292289
0.0717274357441721
0.123968918111178
0.101972504482965
0.0201733413030484
0.105631257471608
0.0167364016736402
0.110221159593545
0.00848774656306037
0.0222355050806934
0.00848774656306037
0.120446054991034
0.104091639270771
0.115526935146444
0.0854751942618051
0.184759787806336
0.0442319187089062
0.137716676628811
0.0208607292289301
0.0390335475194261
0.0837567244471009
0.0511057979677226
0.0992229527794381
0.0531679617453676
0.00573819485953378
0.0712978182904963
0.011237298266587
0.0552301255230126
0.0410527495517036
0.0482703227734609
0.122594142259415
0.0497310221159595
0.0304841601912732
0.153870292887029
0.123968918111178
0.134150851763299
0.0655409444112374
0.0449193066347878
0.0414823670053795
0.073274058577406
0.0744769874476987
0.15421398684997
0.0724577854154213
0.0167364016736402
0.165212193664077
0.0827256425582784
0.0892558278541545
0.0277346084877466
0.0332337118947998
0.0717274357441721
0.0589248356246265
0.0167364016736402
0.0201733413030484
0.0536685594739989
0.0981918708906158
0.0937238493723849
0.0627054692169755
0.0599236962044232
0.00848774656306037
0.0628145079946205
0.02498505678422
0.00848774656306037
0.129468021518231
0.0469814704124328
0.0552301255230126
0.173460848774656
0.02498505678422
0.00298864315600717
0.0964734010759115
0.0964734010759117
0.148145640316796
0.0579796772265391
0.126718469814704
0.118126120741184
0.0810071727435742
0.0457355797967723
0.0744769874476987
0.189958158995816
0.0843187878250148
0.225702331141662
0.079976090854752
0.0139868499701136
0.104722056186491
0.0401075911536162
0.0813508667065154
2.39234907352062
0.00573819485953378
0.0359832635983264
0.0768828451882846
0.0567300508069336
0.0799760908547519
0.038732815301853
0.0882247459653317
0.00573819485953378
0.0471533173939033
0.0662283323371189
0.233950986252241
0.000239091452480579
0.052480573819486
0.0672594142259415
0.0526524208009564
0.0877092050209203
0.0469814704124328
0.0194859533771668
0.173460848774656
0.190645546921697
0.0352958756724447
0.0888523610280935
0.0909742976688584
0.0139868499701136
0.275194261805141
0.080405708308428
0.0167364016736402
0.0579796772265391
0.0858188882247457
0.0469814704124328
0.0854751942618051
0.0717274357441724
0.0634787806335923
0.14596533173939
0.0717274357441721
0.118469814704124
0.011237298266587
0.0146742378959952
0.152839210998207
0.0332337118947998
0.173460848774656
0.0277346084877466
0.0717274357441723
0.0442319187089062
0.10403466826061
0.0469814704124328
0.0277346084877466
0.101285116557083
0.0614166168559473
0.0961297071129711
0.701374775851763
0.0955674686192473
0.0319728780633593
0.0139868499701136
0.0493873281530186
0.0937238493723851
0.0955389831141662
0.00848774656306037
0.00848774656306039
0.00298864315600717
0.100769575612672
0.0607292289300657
0.071727435744172
0.151464435146444
0.109533771667662
0.0854751942618051
0.0579796772265393
0.143215780035864
0.066228332337119
0.0222355050806934
0.0304841601912732
0.00848774656306037
0.0464659294680216
0.0187985654512851
0.0332337118947998
0.118827751419606
0.0593544530783025
0.0139868499701136
0.0304841601912732
0.217453676031082
0.0469814704124328
0.070008965929468
0.0167364016736402
0.0552301255230126
0.0882247459653317
0.0222355050806934
0.0408234645845787
0.0442319187089062
0.0167364016736402
0.0937238493723851
0.0648535564853558
0.0964734010759117
0.0786013150029887
0.0765676367304244
0.159713090257023
0.125773311416617
0.0909742976688584
0.0531679617453677
0.052480573819486
0.0566049013747758
0.101972504482965
0.0743803235206219
0.038732815301853
0.0854751942618051
0.0456066945606695
0.100715873430962
0.000239091452480579
0.165212193664077
0.038732815301853
0.066228332337119
0.0992229527794381
0.066228332337119
0.0414823670053796
0.106589958158996
0.0796025104602512
0.0552301255230126
0.058667065152421
0.225702331141662
0.0414823670053796
0.0483132845188285
0.000239091452480579
0.127405857740586
0.0194859533771668
0.132217573221757
0.0895995218170951
0.0958719366407653
0.0909742976688584
0.0414823670053796
0.0332337118947998
0.00848774656306039
0.0428571428571429
0.0277346084877466
0.15421398684997
0.31418204572624
0.0414823670053796
0.0882247459653317
0.0614166168559473
0.0727585176329946
0.0649824417214583
0.0992229527794381
0.0772265391512254
0.038732815301853
0.0561323221757323
0.052480573819486
0.0885254781829049
0.0795035116557083
0.129468021518231
0.327435744172146
0.0607292289300657
0.134967124925284
0.104722056186491
0.052480573819486
0.121219366407651
0.0277346084877466
0.0426852958756727
0.0882247459653317
0.129468021518231
0.159713090257023
0.0944112372982667
0.0681616108786609
0.0717274357441721
0.0379595038852361
0.165212193664077
0.0215481171548117
0.0332337118947998
0.0799760908547519
0.195457262402869
0.110221159593545
0.0284219964136282
0.071211894799761
0.060729228930066
0.0421697549312613
0.0401075911536163
0.0473251643753736
0.114345487148834
0.0442319187089062
0.200956365809922
0.00848774656306037
0.011237298266587
0.0474970113568441
0.0414823670053796
0.0277346084877466
0.0909742976688583
0.148714883442917
0.158682008368201
0.0443178421996413
0.154643604303646
0.0277346084877466
0.0930364614465034
0.0566049013747758
0.0222355050806934
0.076710998206814
0.101972504482965
0.052480573819486
0.0602781306037059
0.0277346084877466
0.0442319187089062
0.0552301255230126
0.0717274357441721
0.0916616855947399
0.107901225343694
0.0277346084877466
0.0634787806335923
0.00573819485953378
0.068290496114764
0.0566049013747758
0.0139868499701136
0.00298864315600717
0.151088519874477
0.0469814704124328
0.038732815301853
0.155245068738792
0.062104004781829
0.0602351688583383
0.0359832635983264
0.0531679617453676
0.214360430364615
0.152398853108189
0.138404064554692
0.15421398684997
0.0758517632994622
0.111595935445308
0.0854751942618051
0.0607292289300657
0.233950986252241
0.00848774656306037
0.129468021518231
0.0469026682979678
0.105409444112373
0.00298864315600717
0.0167364016736402
0.00298864315600717
0.107471607890018
0.0799760908547522
0.0194859533771668
0.110221159593545
0.178959952181709
0.0995594669941723
0.352181709503885
0.111080394500897
0.156963538553497
0.000239091452480579
0.0414823670053796
0.102745815899582
0.0882247459653317
0.0744769874476987
0.0291093843395099
0.129468021518231
0.0462940824865511
0.124957038254632
0.0442319187089062
0.0277346084877466
0.091317991631799
0.0672516507583683
0.0772265391512253
0.17071129707113
0.038732815301853
0.0579796772265393
0.0662283323371191
0.0596981470412436
0.250448296473401
0.02498505678422
0.0607292289300657
0.0744769874476989
0.0332337118947998
0.0449818813508667
0.0751643753735806
0.0937238493723849
0.0521368798565452
0.0865062761506278
0.0717274357441721
0.038732815301853
0.0868499701135685
0.00573819485953378
0.038732815301853
0.0401075911536162
0.011237298266587
0.011237298266587
0.038732815301853
0.0868499701135684
0.0318589360430365
0.0937238493723849
0.0882247459653317
0.0909742976688584
0.0359832635983264
0.0870271873132098
0.0992229527794379
0.02498505678422
0.0964734010759115
0.122935034369396
0.104807979677227
0.225702331141662
0.0181111775254035
0.0689778840406455
0.00298864315600717
0.0442319187089062
0.228451882845188
0.134967124925284
0.0586521219366408
0.056604901374776
0.0827256425582787
0.0442319187089062
0.129468021518231
0.0277346084877466
0.0749925283921101
0.0662283323371188
0.107471607890018
0.0579796772265391
0.0304841601912732
0.0456066945606695
0.0222355050806934
0.032890017931859
0.123968918111178
0.15421398684997
0.0222355050806934
0.15421398684997
0.0923490735206217
0.000239091452480579
0.0497310221159594
0.00298864315600717
0.0646280073221757
0.111595935445308
0.0552301255230126
0.0359832635983264
0.0497310221159594
0.0167364016736402
0.0669157202630006
0.02498505678422
0.0222355050806934
0.0772265391512255
0.117438732815302
0.101972504482965
0.214360430364614
0.0506117378959951
0.0717274357441721
0.0552301255230126
0.064380977286312
0.0167364016736402
0.0332337118947998
0.072500747160789
0.0167364016736402
0.0717274357441721
0.0895995218170952
0.0545856993424987
0.148714883442917
0.011237298266587
0.200956365809922
0.0801479378362224
0.125343693962941
0.0648535564853557
0.0772265391512253
0.0442319187089062
0.134021966527197
0.066228332337119
0.0304841601912732
1.17429766885834
0.00573819485953378
0.0497310221159594
0.0442319187089062
0.00298864315600717
0.00573819485953378
0.184459055588763
0.0882247459653317
0.0854751942618051
0.0555738194859535
0.0634787806335923
0.00573819485953378
0.0222355050806934
0.112782753661088
0.0579796772265391
0.0492154811715483
0.0631350866706516
0.0431037059175134
0.0964734010759115
0.0607292289300659
0.0572922893006575
0.0854751942618051
0.0607292289300657
0.0964734010759115
0.0514494919306635
0.0222355050806934
0.151464435146444
0.0799760908547519
0.148714883442917
0.122594142259414
0.202889644351464
0.473161984459056
0.0572922893006575
0.244949193066348
0.100561888262104
0.123968918111178
0.118469814704124
0.0579796772265391
0.0488717872086072
0.0552301255230126
0.330185295875673
0.066228332337119
0.052480573819486
0.052480573819486
0.0332337118947998
0.127234010759116
0.142528392109982
0.0579796772265391
0.0167364016736402
0.137716676628811
0.0607292289300657
0.0414823670053796
0.00298864315600717
0.00298864315600717
0.194082486551105
0.127905288030484
0.0827256425582785
0.332934847579199
0.148371189479976
0.200956365809922
0.02498505678422
0.0497310221159594
0.0909742976688584
0.0882247459653317
0.093609206888823
0.0827256425582785
0.0359832635983264
0.200956365809922
0.0923490735206219
0.00848774656306039
0.17071129707113
0.0551442020322774
0.211954572624029
0.0854751942618054
0.104722056186491
0.0706963538553497
0.0799760908547519
0.059719627913927
0.0910602211595934
0.236700537955768
0.107471607890018
0.0167364016736402
0.0179916317991632
0.146437910938434
0.0703526598924088
0.0277346084877466
0.0799760908547519
0.0573548640167364
0.0488717872086073
0.0153616258218769
0.0607292289300657
0.203705917513449
0.0469814704124328
0.050848027495517
0.0860766586969517
0.0359832635983264
0.116665421398685
0.00986252241482369
0.0731881350866708
0.0732955394500896
0.121219366407651
0.0497310221159594
0.0359832635983264
0.0139868499701136
0.0126120741183503
0.0607292289300658
0.107471607890018
0.170238717872086
0.0449193066347878
0.0634787806335923
0.15421398684997
0.167961745367603
0.00573819485953378
0.181709503885236
0.0825537955768083
0.0497310221159594
0.0689778840406454
0.0643380155409444
0.0359832635983264
0.0689778840406455
0.0139868499701136
0.0284219964136282
0.0187985654512852
0.000239091452480579
0.104722056186491
1.12480573819486
0.0841004184100417
0.0469814704124328
0.213758965929468
0.0497310221159594
0.0731022115959354
0.0359832635983264
0.0662283323371189
0.0630921249252841
0.104722056186491
0.0558082411835029
0.140466228332337
0.0488717872086072
0.0964734010759115
0.0407949790794979
0.0854751942618051
0.0222355050806934
0.0442319187089062
0.0717274357441721
0.0937238493723849
0.0859907352062162
0.0420408696951584
0.0194859533771668
0.16246264196055
0.0717274357441721
0.16246264196055
0.132217573221757
0.0552301255230128
0.101972504482965
0.0827256425582785
0.0772265391512253
0.324686192468619
0.00848774656306037
0.0751643753735803
0.052480573819486
0.0703526598924087
0.177177039748954
0.0798901673640168
0.0572922893006576
0.0217199641362822
0.0428116127465631
0.126718469814704
0.0304841601912732
0.00298864315600717
0.0414823670053796
0.052480573819486
0.0801479378362223
0.530129258816498
0.0628773161984462
0.0731022115959354
0.052480573819486
0.038732815301853
0.0344366407650926
0.0242117453676031
0.0781716975493128
0.10403466826061
0.0373580394500897
0.0214621936640766
0.0717274357441721
0.102488045427376
0.0406231320980275
0.079976090854752
0.0322026300059773
0.255947399880454
0.0222355050806934
0.0414823670053796
0.0418260609683204
0.000239091452480579
0.000239091452480579
0.0721570531978483
0.00848774656306037
0.0627906922444709
0.0607292289300657
0.104722056186492
0.00573819485953378
0.123968918111178
0.360430364614465
0.00298864315600717
0.0772265391512253
0.0809212492528393
0.0318589360430365
0.0139868499701136
0.0359832635983264
0.0473251643753736
0.148714883442917
0.13861887328153
0.134967124925284
0.0648535564853557
0.00298864315600717
0.0689778840406455
0.0723643903167961
0.0641661685594741
0.151464435146444
0.0414823670053796
0.038732815301853
0.0359832635983264
0.0359832635983264
0.0717274357441721
0.038732815301853
0.180334728033473
0.110221159593545
0.0194859533771668
0.0772265391512255
0.118469814704124
0.118469814704124
0.000239091452480579
0.0552301255230126
0.0431578750747161
0.0717274357441721
0.165212193664077
0.038732815301853
0.10387706403168
0.0442319187089062
0.0716844739988046
0.02498505678422
0.178959952181709
0.0332337118947998
0.125515540944412
0.0660340705319785
0.0882247459653317
0.0748206814106394
0.143215780035864
0.228451882845188
0.109276001195457
0.0304841601912732
0.0414823670053796
0.011237298266587
0.0767109982068142
0.0744769874476987
0.110221159593545
0.19580095636581
0.00848774656306037
0.129116855947399
0.0722280334728033
0.0414823670053796
0.0277346084877466
0.0703526598924089
0.119672743574417
0.1394378315526
0.0369583084279737
0.0909742976688584
0.134537507471608
0.0440600717274358
0.10818748132098
0.0194859533771668
0.292543335325762
0.0194859533771668
0.000239091452480579
0.0882247459653317
0.128093245666467
0.0194859533771668
0.0586670651524207
0.143215780035863
0.101972504482965
0.126718469814704
0.00573819485953378
0.132217573221757
0.181709503885236
0.0483562462641961
0.0615884638374178
0.02498505678422
0.0349073520621638
0.0442319187089062
0.0653690974297671
0.0387328153018529
0.074476987447699
0.0442319187089062
0.115720263000598
0.0414823670053796
0.0827256425582785
0.0359832635983264
0.161087866108787
0.0194859533771668
0.0909742976688584
0.0277346084877466
0.0545427375971309
0.0786013150029886
0.00298864315600717
0.066228332337119
0.0768716377764494
0.217453676031082
1.11930663478781
0.113658099222952
0.0469814704124327
0.109877465630604
0.066228332337119
0.0689778840406457
0.00573819485953378
0.0222355050806934
0.0945111700537956
0.0827256425582786
0.124226688583383
0.0703526598924088
0.0139868499701136
0.050358637178721
0.0222355050806934
0.0139868499701136
0.0705245068738793
0.0882247459653316
0.0469814704124328
0.110221159593545
0.0277346084877466
0.0600418410041841
0.0660457449193066
0.877346084877466
0.0167364016736402
0.0744769874476987
0.0456066945606695
0.0786013150029886
0.117782426778243
0.0394202032277346
0.0194859533771668
0.052480573819486
0.0139868499701136
0.0414823670053796
0.0802898983861328
0.148714883442917
0.0579796772265391
0.0264242752540347
0.0715555887627019
0.0744769874476987
0.0586670651524207
0.594142259414226
0.000239091452480579
0.123968918111178
0.15421398684997
0.0139868499701136
0.0566049013747758
0.10403466826061
0.0552301255230126
0.0277346084877466
0.129468021518231
0.0744769874476987
0.0607292289300657
1.08081291093843
0.0717274357441721
0.0126120741183503
0.16658696951584
0.167274357441722
0.0704815451285119
0.0579796772265392
0.0194859533771668
0.0497310221159594
0.0827256425582785
0.0359832635983264
0.150777047220562
0.0717274357441721
0.132217573221757
0.0167364016736402
0.011237298266587
0.0883965929468021
0.129468021518231
0.0992229527794381
0.0854751942618051
0.0720711297071131
0.00298864315600717
0.0603855349671249
0.257236252241482
0.0689778840406455
0.0167364016736402
0.052648830926853
0.0442319187089062
0.0937238493723849
0.0621040047818291
0.0332337118947998
0.0689778840406458
0.0621040047818289
0.0380454273759713
0.0194859533771668
0.011237298266587
0.0359832635983264
0.0744769874476987
0.121219366407651
0.143215780035864
0.126052562761506
0.147668858338315
0.0497310221159594
0.0552301255230126
0.0717274357441721
0.0359832635983264
0.211954572624029
0.066228332337119
0.111767782426778
0.0277346084877466
0.0689778840406455
0.067497688471309
0.0456066945606695
0.0167364016736402
0.0579796772265391
0.0566049013747758
0.143215780035864
0.0304841601912732
0.038732815301853
0.000239091452480579
0.0603425732217575
0.0765391512253436
0.255947399880454
0.0356395696353855
0.121219366407651
0.0414823670053796
0.066228332337119
0.0500448296473402
0.0850455768081292
0.0827256425582785
0.00573819485953378
0.00848774656306037
0.0703526598924089
0.115720263000598
0.0194859533771668
0.0335774058577406
0.137716676628811
0.107471607890018
0.123012552301255
0.195049125821877
0.0930364614465034
0.104722056186491
0.224327555289899
0.084100418410042
0.0359832635983264
0.00298864315600717
1.23238194859534
0.133592349073521
0.0126120741183503
0.0736177525403467
0.0318589360430365
0.0497310221159594
0.144590555887627
0.0414823670053796
0.121219366407651
0.0167364016736402
0.000239091452480579
0.0243835923490736
0.0473251643753735
0.068806037059175
0.00573819485953378
0.139606993424985
0.0872795875672445
0.173460848774656
0.0332337118947998
0.0277346084877466
0.112970711297071
0.0194859533771668
0.217453676031082
0.0774306074417216
0.0332337118947998
0.0421697549312613
0.0587959503885237
0.00298864315600717
0.0651972504482965
0.217453676031082
0.0875373580394503
0.122937836222355
0.0963874775851767
0.167961745367603
0.0806634787806336
0.0222355050806934
0.198034967124925
0.0332337118947998
0.0634787806335924
0.0497310221159594
0.117266885833831
0.0744769874476987
0.0507322175732218
0.0831122982665869
0.244949193066348
0.0827256425582785
0.156963538553497
0.184459055588763
0.082038254632397
0.0799760908547519
0.0754221458457862
0.000239091452480579
0.129468021518231
0.0359832635983264
0.0222355050806934
0.0854751942618053
0.0834130304841603
0.0827256425582788
0.0909742976688585
0.0344366407650926
0.0418260609683204
0.121219366407651
0.127878436939629
0.143215780035864
0.0139868499701136
0.0456066945606695
0.038732815301853
0.130842797369994
0.00298864315600717
0.0277346084877466
0.038732815301853
0.0889121338912134
0.0167364016736402
0.00848774656306037
0.0676031081888822
0.0634787806335923
0.0992229527794381
0.0504184100418411
0.143215780035864
0.0167364016736402
0.0759806485355648
0.0964734010759115
0.0799760908547519
0.0332337118947998
0.0304841601912732
0.038732815301853
0.108846383741782
0.0981059473998805
0.0854751942618051
0.0772265391512253
0.489659294680215
0.0566049013747759
0.180835325762104
0.0167364016736402
0.0167364016736402
0.0438291523460849
0.184459055588763
0.112265403186641
0.0765391512253436
0.0523909145248058
0.0950986252241482
0.0167364016736402
0.184459055588763
0.0951013103332339
0.0497310221159593
0.110221159593545
0.168305439330544
0.137716676628811
0.0621040047818291
0.0646817095038854
0.0507621040047819
0.000239091452480579
0.0359832635983264
0.0277346084877466
0.0634787806335924
0.0985355648535565
0.0810071727435744
0.0858188882247459
0.000239091452480579
0.107471607890018
0.0469814704124328
0.0703526598924093
0.528153018529588
0.943335325762104
0.112970711297071
0.107471607890018
0.105237597130902
0.0744769874476987
0.0909742976688584
0.140466228332337
0.0359832635983264
0.0799760908547519
0.255947399880454
0.110221159593545
0.0277346084877466
0.0964734010759115
0.0772265391512253
0.0983637178720864
0.0717274357441721
0.130273554243873
0.178959952181709
0.0744769874476987
0.0359832635983264
0.0552301255230126
0.0827256425582785
0.104722056186491
0.099867378959952
0.0552301255230126
0.0779139270771068
0.066228332337119
0.119844590555888
0.0579796772265391
0.222952779438135
0.335684399282726
0.0586670651524208
0.128823595337717
0.045864465032875
0.173460848774656
0.0304841601912731
0.143215780035864
0.0456066945606695
0.113199529288703
0.111595935445308
0.101972504482965
0.104750074716079
0.0744769874476987
0.108094553197848
0.118469814704124
0.02498505678422
0.066228332337119
0.115447549312613
0.123968918111178
0.0775702331141661
0.107922706216378
0.0937238493723849
0.156963538553497
0.0937238493723849
0.0569485953377167
0.0607292289300657
0.117782426778243
0.0744769874476987
0.0882247459653317
0.038732815301853
0.104722056186491
0.0469814704124328
0.100597728631201
0.101972504482965
0.075508069336521
0.107471607890018
0.123968918111177
0.0648535564853557
0.167961745367603
0.108030110579797
0.0579796772265391
0.0854751942618051
0.00848774656306037
0.00848774656306037
0.0731022115959356
0.104722056186491
0.0596981470412436
0.0810071727435741
0.132217573221758
0.000239091452480579
0.0579796772265392
0.165212193664077
0.0373580394500896
0.0548864315600717
0.0414823670053796
0.038732815301853
0.0277346084877466
0.0442319187089062
0.107471607890018
0.15421398684997
0.0744769874476987
0.0332337118947998
0.0524805738194861
0.0607292289300657
0.106784219964137
0.0607292289300658
0.0701808129109383
0.0167364016736402
0.231201434548715
0.0792887029288704
0.0812649432157802
0.0634787806335923
0.0557456664674238
0.165212193664077
0.0689778840406455
0.0992229527794383
0.0854751942618051
0.0222355050806934
0.0222355050806934
0.0552301255230126
0.0490436341900777
0.0277346084877466
0.0222355050806934
0.104722056186491
0.0449193066347878
0.0414823670053796
0.0689778840406455
0.0758947250448297
0.0292812313209803
0.167961745367603
0.0648535564853555
0.066228332337119
0.0139868499701136
0.0579796772265393
0.107471607890018
0.219945457262403
0.103347280334728
0.0634787806335923
0.0538553496712493
0.0717274357441721
0.10517665682905
0.0511057979677228
0.165212193664077
0.0767109982068142
0.0552301255230126
0.0332337118947998
0.0559175134488942
0.00848774656306037
0.134881201434549
0.0648535564853557
0.0579796772265391
0.0414823670053796
0.0428571428571429
0.0827256425582785
0.0820382546323967
0.0772265391512253
0.0566049013747759
0.0749066049013748
0.0964734010759113
0.0854751942618051
0.0772265391512253
0.0139868499701136
0.0363017408846383
0.0497310221159594
0.178959952181709
0.0201733413030485
0.17071129707113
0.0167364016736402
0.0304841601912731
0.187208607292289
0.011237298266587
0.0634787806335923
0.0332337118947997
0.0505902570233114
0.14596533173939
0.0497310221159594
0.0139868499701136
0.129468021518231
0.123968918111178
0.0126120741183503
0.0872903280035865
0.0493443664076509
0.0579796772265391
0.103159322698745
0.088224745965332
0.0964734010759115
0.0786013150029885
0.171398684997011
0.0647676329946203
0.115806186491333
0.0414823670053796
0.0442319187089062
0.111273722355051
0.0304841601912732
0.121219366407651
0.15421398684997
0.107471607890018
0.0827256425582785
0.079976090854752
0.011237298266587
0.00298864315600717
0.0666579497907951
0.0359832635983264
0.0566049013747758
0.14596533173939
0.0497310221159594
0.034608487746563
0.176210400478183
0.0490436341900777
0.181709503885236
0.0384159724297669
0.0607292289300657
0.0786013150029888
0.0672594142259416
0.074476987447699
0.0930364614465033
0.0277346084877466
0.0456066945606695
0.0167364016736402
0.0277346084877466
0.0854751942618051
0.000239091452480579
0.0882247459653317
0.275194261805141
0.156963538553497
0.000239091452480579
0.0985355648535564
0.0937238493723849
0.112970711297071
0.0854751942618051
0.0625037358039453
0.0804877500653766
0.011237298266587
0.0755080693365213
0.0442319187089062
0.0139868499701136
0.100597728631201
0.0964734010759115
0.129468021518231
0.0304841601912732
0.144246861924686
0.0236102809324567
0.113056634787806
0.108846383741781
0.0504184100418411
0.0717274357441721
0.0442319187089062
0.0772265391512253
0.00573819485953378
0.08186252591714
0.0799611476389721
0.0780857740585774
0.0366706515242081
0.00298864315600717
0.0579796772265391
0.0535116557083085
0.0854751942618051
0.038732815301853
0.0359832635983264
0.0277346084877466
0.0456066945606695
0.156963538553497
0.0579796772265391
0.189958158995816
0.132217573221757
0.209205020920502
0.0919194560669457
0.0552301255230126
0.0848737298266586
0.0854751942618052
0.0222355050806934
0.0772265391512253
0.115720263000598
0.0263598326359833
0.123968918111178
0.120360131500299
0.0139868499701136
0.165212193664076
0.0717274357441721
0.0194859533771668
0.0807494022713686
0.00848774656306037
0.0757013971906756
0.0854751942618051
0.000239091452480579
0.112970711297071
0.0634787806335923
0.205080693365212
0.0882247459653317
0.0543494097429768
0.0689778840406455
0.0377017334130305
0.0383031978481769
0.0830693365212195
0.0909742976688584
0.104722056186491
0.177971832038254
0.0579796772265391
0.110908547519426
0.0194859533771668
0.0497310221159594
0.0772265391512253
0.0359832635983264
0.0689778840406455
0.0277346084877466
0.123968918111178
0.181709503885236
0.159713090257023
0.0696652719665272
0.0414823670053796
0.0497310221159594
0.14596533173939
0.0524805738194861
0.0676031081888823
0.038732815301853
0.0758517632994622
0.0964734010759115
0.0535116557083085
0.0731022115959355
0.0648535564853556
0.00573819485953378
0.0483562462641961
0.0435445307830244
0.0736177525403467
0.011237298266587
0.0167364016736402
3.37943813508667
0.137716676628811
0.082983413030484
0.0318589360430365
0.074348102211596
0.0992229527794381
0.0634787806335923
0.0607292289300657
0.038732815301853
0.0541990436341901
0.0827256425582785
0.110564853556485
0.0469814704124328
0.0167364016736402
0.0277346084877466
0.011237298266587
0.147340107591154
0.0332337118947998
0.0332337118947998
0.0799760908547519
0.181365809922296
0.038732815301853
0.121219366407651
0.052480573819486
0.115720263000598
0.0904587567244471
0.0837567244471011
0.0405260011954573
0.0359832635983264
0.0442319187089062
0.0772265391512253
0.107471607890018
0.115720263000598
0.0332337118947998
0.000239091452480579
0.335684399282726
0.00848774656306037
0.0705710293073819
0.0758088015540945
0.038732815301853
0.123560781530185
0.0277346084877466
0.0263598326359833
0.0916616855947402
0.0511057979677226
0.148714883442917
0.16246264196055
0.0401075911536163
0.0937238493723849
0.0277346084877466
0.0256724447101016
0.0854751942618054
0.071083009563658
0.0126120741183503
0.200956365809922
0.02498505678422
0.0414823670053796
0.0401075911536162
0.277943813508667
0.0332337118947998
0.000239091452480579
0.0469814704124328
0.05549116482367
0.0895995218170953
0.035811416616856
0.148714883442917
0.173460848774656
0.14596533173939
0.0167364016736402
0.038732815301853
0.0277346084877466
0.0332337118947997
0.0494732516437537
0.0834130304841602
0.0767109982068142
0.0583233711894798
0.288942020322773
0.0662283323371189
0.0552301255230126
0.0576359832635984
0.15421398684997
0.173460848774656
0.0607292289300657
0.0934231171548118
0.0588389121338912
0.0454918185893605
0.0373580394500896
0.0982348326359831
0.103347280334728
0.0882247459653317
0.0895995218170953
0.17071129707113
0.0442319187089062
0.0359832635983264
0.0357833980872684
0.0497310221159594
0.0167364016736402
0.0552301255230126
0.0882023311416617
0.275194261805141
0.137716676628811
0.0332337118947998
0.0497310221159594
0.0717274357441721
0.00298864315600717
0.0614166168559474
0.0621040047818291
0.0895995218170953
0.0469814704124328
0.0853677898983861
0.121219366407651
0.118985355648536
0.0291093843395099
0.0605430224521818
0.052480573819486
0.066228332337119
0.0943813508667066
0.0501176778242678
0.112970711297071
0.14302245218171
0.493783622235505
0.0943038329348476
0.618630454273758
0.0689778840406455
0.0909742976688584
0.107557531380753
0.0724148236700538
0.17071129707113
0.0522013224745965
0.0896854453078302
0.0799760908547519
0.0909742976688584
0.0497310221159594
0.207658398087268
0.0442319187089061
0.074422351315003
0.0139868499701136
0.0359832635983264
0.100597728631201
0.0332337118947998
0.0402794381350866
0.0222355050806934
0.0304841601912732
0.0277346084877466
0.0359832635983264
0.0380454273759713
0.137716676628811
0.0414823670053796
0.0937238493723849
0.0882247459653317
0.0466520192020324
0.0469814704124328
0.0222355050806934
0.129468021518231
0.0167364016736401
0.126718469814704
0.140831403167961
0.0923490735206216
0.0579796772265391
0.16246264196055
0.0881276150627616
0.121219366407651
1.21313508667065
0.228451882845188
0.0401075911536162
0.0607292289300657
0.0480555140466228
0.0854751942618051
0.00298864315600717
0.102659892408847
0.0401075911536162
0.0507621040047819
0.00848774656306037
0.0817692767483564
0.147683801554094
0.00848774656306037
0.484488942020323
0.212641960549911
0.151464435146444
0.0827256425582785
0.0126120741183503
0.0967311715481171
0.0579796772265391
0.0167364016736402
0.0414823670053796
0.196144650328751
0.333321503287508
0.00298864315600717
