0
0
0.0414823670053796
0
0.187208607292289
0.0936043036461445
0.187208607292289
0
0.0497310221159594
0
0.0194859533771668
0.0248655110579797
0.0607292289300657
0.0936043036461445
0
0.140406455469217
0.0607292289300657
0
0.0909444112372983
0.0454722056186491
0.0634787806335923
0.110221159593545
0.0442319187089062
0.123968918111177
0.0139868499701136
0.0303646144650329
0.011237298266587
0.0772265391512253
0.0248655110579797
0.0868499701135687
0.101972504482965
0.0221159593544531
0.140466228332337
0.0579796772265391
0.116340406455469
0.034548714883443
0.0454722056186491
0.0167364016736402
0.00573819485953378
0.264196054991034
0.0332337118947998
0.0509862522414825
0.101972504482965
0.0469814704124328
0.0747870591751344
0.209205020920502
0.121876867901972
0.0731022115959356
0.0992229527794381
0.0634787806335923
0.0669157202630007
0.0628866557083085
0.178959952181709
0.143215780035864
0.176210400478183
0.0544754931261207
0.126718469814704
0.187208607292289
0.0544754931261207
0.0166168559473999
0.011237298266587
0.0634787806335923
0.125343693962941
0.137716676628811
0.0469814704124328
0.0222355050806934
0.0222355050806934
0.0541990436341901
0.0332337118947998
0.0511057979677226
0.0772265391512256
0.151464435146444
0.0552301255230126
0.02080095636581
0.14596533173939
0.141841004184101
0.0139868499701136
0.0111177525403467
0.115720263000598
0.0496712492528391
0.0181111775254035
0.0332337118947998
0.00848774656306037
0.0496712492528393
0.075836820083682
0.0497310221159594
0.159713090257023
0.106251867901973
0.0766166691572029
0.123968918111177
0.0895995218170948
0.0326583980872684
0.000239091452480579
0.404423191870891
0.165212193664077
0.0414823670053796
0.232576210400478
0.0462866108786611
0.198206814106396
0.0166168559473999
0.134967124925284
0.105738194859533
0.0304841601912732
0.0964734010759117
0.116340406455469
0.101972504482965
0.126718469814704
0.042857142857143
0.15420651524208
0.0744471010161387
0.161087866108787
0.0297295277943814
0.0802600119545726
0.0497310221159594
0.00848774656306037
0.0469814704124328
0.126718469814704
0.0194859533771668
0.0172743574417215
0.104722056186491
0.000239091452480579
0.0772265391512253
0.000239091452480579
0.0442319187089062
0.100597728631201
0.034608487746563
0.0222355050806934
0.038732815301853
0.2916915720263
0.0827256425582785
0.0827256425582785
0.0139868499701136
0.0613493723849372
0.0414823670053796
0.126341153616258
0.0859066796174535
0.0227361028093245
0.0277047220561865
0.066228332337119
0.123968918111178
0.0304841601912732
0.101972504482965
0.00573819485953378
0.0909742976688584
0.063788852361028
1.08906156604901
0.0636945233114165
2.38410041841004
0.126718469814704
0.167961745367603
0.0497310221159594
0.132217573221757
0.00848774656306037
0.000239091452480579
0.0469814704124328
0.0992229527794381
0.0538404064554693
0.043072885534967
0.0717274357441721
0.156963538553497
0.011237298266587
0.000239091452480579
0.0284219964136283
0.0442319187089062
0.59689181111775
0.0332337118947998
0.052480573819486
0.0139868499701136
0.0248655110579797
0.02498505678422
0.00573819485953378
0.132217573221757
0.0332337118947998
0.280693365212194
0.0552301255230126
0.000239091452480579
0.0194859533771668
0.192707710699343
0.12534369396294
0.0277346084877466
0.0332337118947998
0.121219366407651
0.0493537059175135
0.118469814704124
0.0332337118947998
0.0689778840406455
0.0222355050806934
0.038732815301853
0.0772265391512253
0.011237298266587
0.371428571428571
0.0799760908547519
0.00573819485953378
0.0717274357441721
0.209892408846383
0.0221159593544531
0.0799760908547519
0.0689778840406455
0.126718469814704
0.0751643753735803
0.0634787806335923
0.0502428272564256
0.0083682008368201
0.0332337118947998
0.0978332337118948
0.0194859533771668
0.228451882845188
0.140466228332337
0.0304841601912732
0.0496712492528391
0.0304841601912732
0.127062163777645
0.00573819485953378
0.176210400478183
0.0304841601912731
0.17071129707113
0.126718469814704
0.0359832635983264
0.000239091452480579
0.0359832635983264
0.0139868499701136
1.23341303048416
0.0414823670053796
0.0167364016736402
0.0153018529587567
0.0841004184100417
0.0056186491332935
0.000239091452480579
0.0717274357441724
0.104722056186491
0.0854751942618051
0.0696652719665273
0.375549163179915
0.0167364016736402
0.0937238493723849
0.143215780035864
0.0799760908547519
0.0964734010759115
0.0538553496712492
0.0950986252241482
0.0272377465630603
0.110221159593545
0.0827256425582785
0.152839210998207
0.02498505678422
0.118685557381949
0.0717274357441721
0.277943813508667
0.0552151823072325
0.0607292289300657
0.0772265391512253
0.0277346084877466
0.140466228332337
0.0909742976688584
0.0827256425582784
0.0882247459653317
0.0497310221159594
0.0895995218170952
0.052480573819486
0.0372982665869696
0.123968918111178
0.075851763299462
0.000239091452480579
0.151464435146444
0.110221159593545
0.150747160789002
0.045856993424985
0.0263448894202033
0.0854751942618051
0.101972504482965
0.156963538553497
0.000119545726240289
0.111767782426778
0.00848774656306037
0.126718469814704
0.159713090257023
0.0511057979677226
0.0222355050806934
0.107471607890018
0.115720263000598
0.0744769874476986
0.084912955768081
0.126718469814704
0.0880062014345485
0.173460848774656
0.0222355050806934
0.19167662881052
0.0689778840406455
0.118469814704124
0.00573819485953378
0.0139868499701136
0.054542737597131
0.0964734010759114
0.0332337118947998
0.0868499701135684
0.0497310221159594
0.0976595188284518
0.0414823670053796
0.0126120741183503
0.271755454273759
0.0634787806335923
0.0442319187089062
0.0943169082486551
0.113658099222953
0.0867901972504486
0.0194859533771668
0.151464435146444
0.0930364614465033
0.0799760908547519
0.118469814704124
0.108158995815899
0.0487475717274357
0.0689778840406455
0.0359832635983264
0.222952779438135
0.000239091452480579
0.0919680215182307
0.123968918111178
0.0524805738194859
0.0393903167961745
0.0442319187089061
0.038355499103407
0.100941422594142
0.173460848774656
0.0442319187089062
0.110221159593545
0.489659294680215
0.11228332337119
0.0634787806335923
0.118469814704124
0.0875373580394504
0.0706963538553496
0.110221159593545
0.106037059175134
0.039592050209205
0.148714883442917
0.0827256425582785
0.0799760908547519
0.357680812910938
0.0277346084877466
0.0587749364913328
0.0909742976688584
0.0469814704124328
0.0967834728033471
0.0992229527794381
0.0689778840406457
0.0676031081888824
0.0586670651524208
0.15421398684997
0.195457262402869
0.0497310221159594
0.0222355050806934
0.129468021518231
0.0454871488344292
0.000119545726240289
0.0857852659892411
0.00573819485953378
0.0854751942618051
0.032479079497908
0.0579796772265391
0.132217573221757
0.0870050059772862
0.0519351464435147
0.0222355050806934
0.0892558278541544
0.106096832038255
0.0689778840406455
0.156963538553496
0.0139868499701136
0.115032875074716
0.121219366407651
0.0194859533771668
0.165899581589958
0.0497310221159594
0.0277346084877466
0.0985187537358038
0.102659892408846
0.0139868499701136
0.00573819485953379
0.202331141661686
0.0541869022713688
0.0332337118947998
0.0964734010759115
0.0221757322175732
0.0964734010759115
0.1046127839211
0.129468021518231
0.0607292289300658
0.0304841601912732
0.0950986252241484
0.125343693962941
0.0469814704124328
0.0909196615361627
0.0139868499701136
0.112970711297071
0.088740286909743
0.011237298266587
0.0222355050806934
0.0260124028690974
0.0347635236102809
0.132217573221757
0.0495124775851763
0.107471607890018
0.00573819485953378
0.0496712492528392
0.0592946802151825
0.0332337118947998
0.0139868499701136
0.121219366407651
0.038732815301853
0.0761954572624027
0.107471607890018
0.0153616258218769
0.0469814704124328
0.0730475754632398
0.0414823670053796
0.0469814704124327
0.0717274357441721
0.00298864315600717
0.0181111775254035
0.0744769874476987
0.0827256425582785
0.0854751942618051
0.0222355050806934
1.23478780633592
0.151464435146444
0.0772265391512253
0.167961745367603
0.0632901225343694
0.0579199043634189
0.197175732217574
0.0841004184100418
0.0895995218170949
0.00298864315600717
0.0139868499701136
0.0552301255230126
0.171398684997011
0.0689778840406458
0.052635609683204
0.121219366407651
0.0277346084877466
0.0882247459653317
0.126718469814704
0.115720263000598
0.0222355050806934
0.0541990436341901
0.0676031081888822
0.0442319187089062
0.0552301255230126
0.110221159593545
0.066228332337119
0.0277346084877466
0.14596533173939
0.0304841601912732
0.0414225941422596
0.0293335325762104
0.138575911536163
0.09988045427376
0.036670651524208
0.0566049013747758
0.0786013150029889
0.65428870292887
0.0847604882695756
0.137716676628811
0.0277346084877466
0.0194859533771668
0.165212193664077
0.0357348326359832
0.0607292289300657
0.0194859533771668
0.0717274357441721
0.123968918111178
0.0304841601912732
0.066228332337119
0.324686192468619
0.14596533173939
0.459414225941423
0.087193664076509
0.0497011356843994
0.0332337118947998
0.453915122534369
0.140466228332337
0.0208607292289301
0.000239091452480579
0.17071129707113
0.0359832635983264
0.0222355050806934
0.000239091452480579
0.0576023610280932
0.137716676628811
0.144530783024507
0.0507284817692769
0.115720263000598
0.0552301255230126
0.000239091452480579
0.0772265391512253
0.0497310221159594
0.0909742976688584
0.0139868499701136
0.0413628212791392
0.132217573221757
0.0469814704124328
0.140466228332337
0.0277346084877466
0.0909742976688584
0.134967124925284
0.0607292289300657
0.189958158995816
0.0414823670053796
0.0717274357441721
0.0139868499701136
0.062074118350269
0.0799760908547519
0.200956365809922
0.0744769874476987
1.22378959952182
0.0332337118947998
0.066228332337119
0.173460848774656
0.0928459354453078
0.0920053795576809
0.00848774656306037
0.0359832635983264
0.0325463239689182
0.0222355050806934
0.0277346084877466
0.0469814704124328
0.0827256425582785
0.011237298266587
0.00298864315600717
0.108786610878661
0.0950986252241482
0.206455469216976
0.0400777047220561
0.038732815301853
0.126718469814704
0.0660396742378959
0.0744769874476987
0.0772265391512253
0.115720263000598
0.136496936640765
0.0760861849970112
0.190473699940227
0.0730872683801554
0.0194859533771668
0.052480573819486
0.103347280334728
0.073755977286312
0.0520089285714285
0.0799760908547519
0.561147638971905
0.0634787806335923
0.0717274357441721
0.0992229527794381
0.0485542438732816
0.0359832635983264
0.206455469216976
0.0421622833233712
0.147340107591154
0.104722056186491
0.118126120741184
0.0414823670053796
0.0304841601912732
0.0194859533771668
0.0173939031679618
0.277256425582785
0.104486233562462
0.0676031081888823
0.16246264196055
0.133936043036462
0.0978481769276749
0.0992229527794384
0.00848774656306037
0.0304841601912732
0.115032875074716
0.00848774656306037
0.0538553496712493
0.0566049013747758
0.0607292289300657
0.0469814704124328
0.0607292289300657
0.00848774656306037
0.0552301255230126
0.107471607890018
0.0703377166766286
0.066968021518231
0.233950986252241
0.0359832635983264
0.156963538553497
0.00573819485953378
0.139606993424985
0.0799723550508069
0.253275366108786
0.0703526598924088
0.0827256425582785
0.101972504482965
0.203705917513449
0.100754632396892
0.121219366407651
0.144933315899581
0.129468021518231
0.0882247459653317
0.0634787806335923
0.0992229527794381
0.126718469814704
0.0781716975493126
0.104722056186491
0.15421398684997
0.0689778840406455
0.0881612372982666
0.148714883442917
0.0332337118947998
0.0222355050806934
0.0642446204423193
0.0531604901374775
0.0318589360430364
0.0798500074716077
0.146309025702331
0.0332337118947998
0.0414823670053796
0.0717274357441721
0.02080095636581
0.132217573221757
0.0552301255230126
0.0277346084877466
0.115720263000598
0.112541093843395
0.112970711297071
0.166071428571429
0.0772265391512253
0.0263598326359833
0.0253287507471608
0.0716676628810518
0.15421398684997
0.0167364016736402
0.141411386730424
0.15421398684997
0.104722056186491
0.0394202032277346
0.143215780035864
0.052480573819486
0.0381532987148834
0.206455469216976
0.0167364016736402
0.00573819485953378
0.0359832635983264
0.142528392109982
0.132217573221757
0.0277346084877466
0.0937238493723849
0.262821279139271
0.132561267184698
0.0304841601912732
0.639442618051405
0.0909742976688584
0.0442319187089062
0.151464435146444
0.143215780035864
0.15421398684997
0.000239091452480579
0.0442319187089062
0.112970711297071
0.0882247459653317
0.126718469814704
0.121219366407651
0.239450089659295
0.0414823670053796
0.0139868499701136
0.0277346084877466
0.14596533173939
0.0717274357441721
0.132217573221757
0.125343693962941
0.0497310221159595
0.066228332337119
0.0607292289300657
0.0222355050806934
0.0462343096234311
0.0937238493723849
0.107471607890018
0.123968918111178
0.0497310221159594
0.0703526598924087
0.151464435146444
0.011237298266587
0.0387328153018529
0.0401075911536162
0.0277346084877466
0.048075127017334
0.052480573819486
0.0194859533771668
0.0765391512253436
0.0634787806335923
0.0256724447101017
0.12289067169755
0.0359832635983264
0.0387029288702929
0.052480573819486
0.191332934847579
0.0937238493723849
0.0509171398684996
0.0332337118947998
0.0827732740585772
0.0744769874476987
0.034608487746563
0.0937238493723849
0.0827256425582784
0.062074118350269
0.00298864315600717
0.0744769874476987
0.0469814704124328
0.0442319187089062
0.110221159593545
0.011237298266587
0.066228332337119
0.00573819485953378
0.0167364016736402
0.0438882247459654
0.0744769874476987
0.0999103407053196
0.0277346084877466
0.0469814704124327
0.099519482217573
0.011237298266587
0.165899581589958
0.102737410340705
0.0751643753735804
0.0222355050806934
0.110161386730424
0.0689778840406455
0.0139868499701136
0.0854751942618051
0.0607292289300658
0.0902869097429767
0.043716377764495
0.0841004184100418
0.0469814704124328
0.0523713015540943
0.0332337118947998
0.0946391213389121
0.0634787806335923
0.0531679617453677
0.00573819485953378
0.0902719665271969
0.123968918111178
0.0882247459653317
0.011237298266587
0.176210400478183
0.123796604154214
0.052480573819486
1.7599521817095
0.0799760908547519
0.052480573819486
0.0586670651524209
0.110221159593545
0.209205020920502
0.00848774656306037
0.0455469216975493
0.0442319187089062
0.0553720860729229
0.00917513448894204
0.011237298266587
0.0902869097429766
0.129468021518231
0.0579796772265391
0.144590555887627
0.0909742976688584
0.0840406455469216
0.151464435146444
0.269695158398087
0.129468021518231
0.187208607292289
0.00573819485953378
0.107471607890018
0.0332337118947998
0.0139868499701136
0.129468021518231
0.0634787806335923
0.0601688583383143
0.0766470225642557
0.0792588164973103
0.152839210998206
0.0607292289300657
0.0456066945606695
0.0409906418111178
0.0126120741183503
0.0703526598924089
0.0964734010759117
0.0799760908547519
0.114290851016139
0.104722056186492
0.0222355050806934
0.0999103407053198
0.0304841601912732
0.178959952181709
0.135654512851166
0.140466228332337
0.129468021518231
0.0717274357441721
0.0194859533771668
0.0978481769276749
0.101456963538553
0.0864763897190675
0.0964416467423793
0.00298864315600717
0.126718469814704
0.02498505678422
0.0401075911536162
0.0139868499701136
0.066228332337119
0.0884591676628809
0.336338164973102
0.0318439928272564
0.0494732516437538
0.110221159593545
0.0277346084877466
0.052480573819486
0.181709503885236
0.0882247459653317
0.0414375373580395
0.0469814704124328
0.00573819485953378
0.167961745367603
0.02498505678422
0.16246264196055
0.0779139270771071
0.0469814704124328
0.00298864315600717
0.173460848774656
0.0607292289300658
0.0469814704124328
0.128773161984459
0.0885684399282726
0.0621040047818291
0.115415328003586
0.0808353257621039
0.011237298266587
0.0442522321428571
0.181709503885236
0.0537460774058576
0.0799760908547519
0.0304841601912732
0.0772265391512253
0.185774058577406
0.038732815301853
0.0277346084877466
0.0359832635983264
0.0772265391512253
0.0359832635983264
0.038732815301853
0.0717274357441721
0.067946802151823
0.0469814704124328
0.0414823670053796
0.011237298266587
0.128780633592349
0.0576322474596534
0.146309025702332
0.0992229527794384
0.0552301255230126
0.0222355050806934
0.0222355050806934
0.02498505678422
0.0359832635983264
0.0332337118947998
0.0909742976688584
0.000239091452480579
0.0882247459653317
0.0277346084877466
0.0552301255230126
0.105409444112373
0.0297893006575016
0.0786013150029886
1.05881649731022
0.0645759395546922
0.0538553496712493
0.0179916317991632
0.0607292289300657
0.111595935445307
0.00573819485953378
0.142184698147041
0.165212193664077
0.0689778840406458
0.0882247459653317
0.0304841601912732
0.129468021518231
0.0634787806335925
0.0524805738194859
0.0490137477585176
0.115372833233712
0.0531679617453676
0.0861326957561268
0.0359832635983264
0.02498505678422
0.0222355050806934
0.0139868499701136
0.100597728631202
0.0139868499701136
0.0153616258218769
0.206455469216976
0.236700537955768
0.0522853780633594
0.0552301255230126
0.0716331066945606
0.0909742976688584
0.0909742976688584
0.0758517632994618
0.0643903167961745
0.0724073520621638
0.0744769874476987
0.109503885236103
0.0742192169754929
0.107471607890018
0.0827256425582785
0.110221159593545
0.00848774656306037
0.0194859533771668
0.176210400478183
0.0675484720561864
0.0992229527794382
0.075851763299462
0.052480573819486
0.0414823670053796
0.126718469814704
0.153909051852959
0.0301068439928272
0.00573819485953378
0.000239091452480579
0.0593544530783024
0.0977389046622832
0.0827256425582785
0.0531679617453676
0.0587529886431559
0.156963538553497
0.0167364016736402
0.0717274357441721
0.0717274357441721
0.0988643156007174
0.0193664076509265
0.0799462044231919
0.0253826864166168
0.0838192991631797
0.176210400478183
0.0689778840406455
0.0359832635983264
0.0194859533771668
0.0849241631799164
0.00573819485953378
0.431918708906157
0.135482665869695
0.0717274357441721
0.052480573819486
0.0717274357441721
0.132217573221758
0.0414823670053796
0.0414823670053796
0.0572922893006575
0.000239091452480579
0.143215780035864
0.0442319187089062
0.0964187649432159
0.0895133648386133
0.0380304841601913
0.0222355050806934
0.193215780035864
0.106096832038255
0.112970711297071
0.0634787806335923
0.0717274357441721
0.0726725941422594
0.0689778840406455
0.0827256425582788
0.0964734010759115
0.0689778840406455
0.0444037656903766
0.0263598326359833
0.0858188882247462
0.0469814704124328
0.132217573221757
0.0304841601912732
0.0222355050806934
0.0277346084877466
0.10848774656306
0.0744769874476987
0.134967124925284
0.0882247459653317
0.0881948595337717
0.16246264196055
0.109538908398087
0.123968918111178
0.147511954572624
0.347885534967125
0.0167364016736402
0.00573819485953378
0.126718469814704
0.225702331141662
0.0304841601912732
0.0950986252241484
0.0442319187089062
0.0428272564255828
0.206455469216976
0.106784219964136
0.0549158510161386
0.0167364016736402
0.319187089061565
0.121219366407651
0.0627913927077107
0.156963538553497
0.0882247459653317
0.16246264196055
0.0277346084877466
0.0923490735206217
0.0754931261207413
0.066228332337119
0.0689778840406456
0.0236102809324567
0.0636338164973101
0.0607292289300657
0.0194859533771668
0.101972504482965
0.0937238493723849
0.038732815301853
0.0469814704124328
0.0222355050806934
0.00298864315600717
0.125406268679019
0.00573819485953378
0.140466228332337
0.0359832635983264
0.104722056186491
0.112970711297071
0.0139868499701136
0.110221159593545
0.0174237895995218
0.0844291691572024
0.0139868499701136
0.0222355050806934
0.258180943664076
0.0854751942618051
0.000239091452480579
0.0332337118947998
0.00298864315600717
0.0680007378212791
0.104722056186491
0.02498505678422
0.470412432755529
0.106956066945607
0.121219366407651
0.011237298266587
0.0139868499701136
0.0304841601912732
0.117095038852361
0.0662283323371192
0.00573819485953378
0.182053197848177
0.26155437462642
0.14596533173939
0.176210400478183
0.0394202032277346
0.0627099054841601
0.0600418410041842
0.0808353257621039
0.176210400478183
0.0460043241930663
0.0590107591153618
0.0510460251046026
0.011237298266587
0.0139868499701136
0.052480573819486
0.0772265391512253
0.0497310221159594
0.0634787806335923
0.0717274357441721
0.14596533173939
0.0294530783024507
0.0304841601912732
0.110908547519426
0.0442319187089062
0.176210400478183
0.0744769874476987
0.0561715481171548
0.0277346084877466
0.0390466228332337
0.066228332337119
0.0277346084877466
0.224843096234309
0.0455768081291093
0.114689181111775
0.0854751942618051
0.0532454796772265
0.561147638971905
0.0877092050209203
0.167961745367603
0.103347280334728
0.0277346084877466
0.0208607292289301
0.00573819485953378
0.0882247459653317
0.0689778840406455
0.07925881649731
0.132217573221757
0.02498505678422
0.0335774058577406
0.0786013150029886
0.0607292289300657
0.161087866108787
0.0566049013747758
0.0717274357441721
0.0302955020920502
0.0593544530783024
0.0820382546323968
0.00848774656306037
0.0493723849372384
0.0841004184100418
0.123968918111178
0.0318589360430365
0.106096832038255
0.00848774656306037
0.134967124925284
0.0607292289300657
0.0194859533771668
0.00573819485953378
0.0566049013747759
0.110221159593545
0.0607292289300657
0.0373580394500897
0.132776075911536
0.0689778840406455
0.000239091452480579
0.211954572624029
0.0167364016736402
0.0691497310221159
0.0796239913329347
0.112197399880455
0.0501286517483562
0.0942557344590551
0.00573819485953378
0.104979826658697
0.0359832635983264
0.0552301255230126
0.0799760908547519
0.0277346084877466
0.0744769874476987
0.134967124925284
0.0593544530783024
0.114689181111775
0.0304841601912732
0.140466228332337
0.0401075911536162
0.115720263000598
0.0414823670053796
0.0277346084877466
0.0867339267035266
0.0676031081888824
0.0909742976688584
0.173460848774656
0.104722056186491
0.110221159593545
0.176554094441123
0.00848774656306037
0.0825108338314405
0.0304841601912732
0.0607292289300657
0.0658846383741782
0.159713090257023
0.0772265391512253
0.0497310221159594
0.0837492528392109
0.0579796772265391
0.0332337118947998
0.114028761020622
0.0841004184100417
0.0909742976688584
0.0497310221159594
0.0552301255230126
0.148714883442917
0.0504184100418411
0.401673640167364
0.0607292289300657
0.0194859533771668
0.0511057979677227
0.0442319187089061
0.038732815301853
0.075851763299462
0.233950986252241
0.0442319187089062
0.104722056186491
0.110221159593545
0.107471607890018
0.038732815301853
0.00573819485953378
0.0304841601912731
0.0167364016736402
0.00573819485953378
0.0524805738194859
0.0497310221159594
0.0442319187089062
0.0346944112372983
0.0290496114763898
0.02498505678422
0.104793036461446
0.0569411237298268
0.107471607890018
0.0634787806335923
0.0964734010759115
0.0332337118947998
0.0786013150029886
0.0709928832934848
0.0359832635983264
0.129468021518231
0.249043634190078
0.0414823670053796
0.0827256425582785
0.15421398684997
0.0497310221159594
0.178959952181709
0.00573819485953378
0.0606096832038255
0.143215780035864
0.0976595188284519
0.0579796772265391
0.0634787806335923
0.0847878063359233
0.140466228332337
0.0744769874476987
0.0126120741183503
0.101972504482965
0.00573819485953378
0.151464435146444
0.0318589360430365
0.153955982890018
0.0222355050806934
0.0208607292289301
0.0799760908547519
0.0552301255230126
0.00436341900777047
0.082949790794979
0.0533398087268379
0.0414823670053796
0.0414823670053796
0.0854751942618051
0.0758517632994622
0.048356246264196
0.0277346084877466
0.0882247459653319
0.02498505678422
0.118469814704124
0.0717274357441721
0.0799760908547519
0.0992229527794381
0.02498505678422
0.026873505678422
0.030812910938434
0.159713090257023
0.0359832635983264
0.0222355050806934
0.0414823670053796
0.0744769874476987
0.0586090434473999
0.200956365809922
0.233950986252241
0.550149432157798
0.123968918111178
0.137716676628811
0.0923490735206216
0.220203227734608
0.0442319187089062
0.0772265391512253
0.117095038852361
0.0999103407053198
0.187208607292289
0.228451882845188
0.118813508667065
0.0993401636282129
0.0497310221159594
0.0235505080693365
0.0566049013747758
0.101972504482965
0.151464435146444
0.0786013150029889
0.0607292289300659
0.00848774656306037
0.0222355050806934
0.0167364016736402
0.0343187294530783
0.0201733413030484
0.165212193664077
0.00848774656306037
0.0222355050806934
0.0730424387328154
0.255947399880454
0.0194859533771668
0.0167364016736402
0.052480573819486
0.0332337118947998
0.126718469814704
0.0236102809324567
0.148714883442917
0.0523896303421996
0.0167364016736402
0.0689778840406455
0.0277346084877466
0.0469814704124328
0.118469814704124
0.0167364016736402
0.099222952779438
0.038732815301853
0.0799760908547519
0.0607292289300657
0.0717274357441721
0.0222355050806934
0.123968918111178
0.15421398684997
0.11889196054991
0.214704124327555
0.0442319187089062
0.000239091452480579
0.00848774656306037
0.0682755528989838
0.0304243873281531
0.0663833682008367
0.101972504482965
0.038732815301853
0.0359832635983264
0.161084130304842
0.228451882845188
0.137716676628811
0.0229079497907949
0.131435856246264
0.0799760908547519
0.231201434548715
0.0579796772265391
0.00298864315600717
0.118469814704124
0.103347280334728
0.0813508667065154
0.0827256425582785
0.0469814704124328
0.00573819485953378
0.126718469814704
0.110221159593545
0.110221159593545
0.0263598326359833
0.0414823670053796
0.102658024506874
0.038732815301853
0.050410938433951
0.0607292289300657
0.0741332934847578
0.0167364016736402
0.0711175657501497
0.00573819485953378
0.066228332337119
0.149995330245069
0.0194859533771668
0.0236102809324567
0.17071129707113
0.000239091452480579
0.038732815301853
0.0909742976688584
0.0482619172145846
0.0401851090854753
0.0194859533771668
0.0895920502092052
0.000239091452480579
0.0833658659593546
0.0985355648535563
0.0838192991631797
0.0803160490137478
0.000239091452480579
0.0771086278392107
0.0768828451882845
0.0339210998206814
0.093723849372385
0.000239091452480579
0.101972504482965
0.0758517632994621
0.0696221934772863
0.000239091452480579
0.0469814704124328
0.574895397489539
0.0954385833831439
0.0445158398087269
0.316984365660489
0.0524805738194859
0.0332337118947998
0.152151823072325
0.200956365809922
0.0992229527794381
0.048356246264196
0.0552301255230126
0.0366706515242081
0.0607292289300657
0.0833775403466825
0.0909742976688584
0.159713090257023
0.104546006425583
0.0194859533771668
0.0313433950986252
0.052480573819486
0.0194859533771668
0.0852288646891813
0.0827256425582785
0.0139868499701136
0.261446503287507
0.115720263000598
0.145119580749403
0.0476090854751942
0.0607292289300657
0.0717274357441721
0.02498505678422
0.0679430663478781
0.118469814704124
0.288942020322773
0.0648535564853558
0.0579796772265391
0.0564330543933056
0.14596533173939
0.00298864315600717
0.0840780035863717
0.0341377764494919
0.00573819485953378
0.0717274357441721
0.189996917961745
0.0222355050806934
0.00848774656306037
0.0918335325762102
0.0414823670053796
0.146309025702331
0.0541037806335923
0.0689778840406455
0.0689778840406455
0.117035265989241
0.134967124925284
0.0842722653915122
0.153526598924088
0.116380332860131
0.0493014046622833
0.036670651524208
0.0270397489539749
0.187208607292289
0.0961147638971905
0.0497310221159594
0.00573819485953378
0.0749850567842198
0.0854751942618051
0.107471607890018
0.16246264196055
0.0291093843395099
0.0194859533771668
0.02498505678422
0.15421398684997
0.0552301255230125
0.0971136244769873
0.0868499701135686
0.0414823670053796
0.00298864315600717
0.052480573819486
0.0717274357441721
0.0332337118947998
0.0469814704124328
0.107471607890018
0.0469814704124328
0.0595027177973699
0.0864894650328751
0.0401075911536163
0.0387328153018529
0.0909742976688586
0.148714883442917
0.066228332337119
0.038732815301853
0.011237298266587
0.0813508667065152
0.0194859533771668
0.0497310221159594
0.0609010759115362
0.0600343693962942
0.602390914524806
0.0717274357441721
0.0579796772265391
0.0222355050806934
0.123968918111178
0.0916598176927677
0.02498505678422
0.0167364016736402
0.359055588762701
0.0546472233637178
0.143215780035864
0.0827256425582785
0.0222355050806934
0.115720263000598
0.0607292289300658
0.0631313508667065
0.0442319187089062
0.0528242677824268
0.143903167961745
0.0297369994022714
0.052480573819486
0.011237298266587
0.0600418410041841
0.10223027495517
0.116063956963538
0.0425993723849373
0.0992229527794381
0.0909742976688584
0.00298864315600717
0.0645098625224148
0.0966452480573818
0.093723849372385
0.189958158995816
0.16246264196055
0.022922893006575
0.0101912731619845
0.0414823670053796
0.0497310221159594
0.052480573819486
0.0212044231918709
0.121219366407651
0.0139868499701136
0.110221159593545
0.00986252241482369
0.112970711297071
0.0277346084877466
0.0923490735206215
0.143215780035864
0.250448296473401
0.0604976090854752
0.0236102809324567
0.134967124925284
0.119844590555887
0.0992229527794381
0.0799760908547518
0.0167364016736402
0.0744769874476986
0.0167364016736402
0.132131416243275
0.112970711297071
0.0669157202630005
0.0442319187089062
0.0352958756724448
0.0634787806335924
0.0194859533771668
0.0276150627615063
0.203705917513449
0.0788889719067543
0.0607292289300657
0.14596533173939
0.0167364016736402
0.0414823670053796
0.0277346084877466
0.451165570830843
0.146634974596533
0.159713090257023
0.129468021518231
0.148714883442917
0.184459055588763
0.214704124327555
0.222952779438135
0.0964734010759115
0.134967124925284
0.118469814704124
0.050470711297071
0.0139868499701136
0.176210400478183
0.0167364016736402
0.126718469814704
0.338433950986252
0.0799760908547521
0.0486999402271369
0.104722056186491
1.0595038852361
0.0222355050806934
0.0744769874476987
0.0167364016736402
0.0603855349671249
0.0689181111775256
0.0479976090854752
0.0937238493723849
0.0469814704124328
0.052480573819486
0.0318589360430365
0.142184698147041
0.337207439853556
0.101796454722056
0.214704124327555
0.0235803945008967
0.052480573819486
0.103347280334728
0.118469814704124
0.111595935445308
0.143215780035864
0.0755080693365212
0.0945550657501497
0.104722056186491
0.0717274357441721
0.0407800358637179
0.0841004184100417
0.00848774656306037
0.00573819485953378
0.0964734010759117
0.103347280334728
0.0827256425582785
0.0428571428571428
0.119844590555888
0.0469515839808727
0.15833831440526
0.0841004184100417
0.0332337118947998
0.00298864315600717
0.125343693962941
0.0792887029288701
0.052480573819486
0.0236102809324567
0.052480573819486
0.0359832635983264
0.0787563508667064
0.0615156156604902
0.0621040047818291
0.0514494919306636
0.0676031081888824
0.00573819485953378
0.0717274357441721
0.167961745367603
0.02498505678422
0.0442319187089062
0.607890017931859
0.00573819485953378
0.0916467423789599
0.0899422818290496
0.0497310221159593
0.00573819485953378
0.052480573819486
0.0607292289300657
0.11689330543933
0.0720711297071129
0.0194859533771668
0.000239091452480579
0.0992229527794381
0.118469814704124
0.0717274357441721
0.00573819485953378
0.112970711297071
0.0607292289300657
0.119844590555887
0.106784219964136
0.112970711297071
0.0332337118947998
0.0430131126718469
0.0194859533771668
0.143215780035864
0.0866613120143454
0.109479135534967
0.0442319187089062
0.0676031081888821
0.120531978481769
0.0676031081888822
0.0694850194261805
0.0607292289300657
0.0799760908547519
0.115720263000598
0.048356246264196
0.0579796772265391
0.0373580394500897
0.0579796772265391
0.056253735803945
0.137716676628811
0.0294530783024507
0.038732815301853
0.0139868499701136
0.0938952293783619
0.137716676628811
0.0359832635983264
0.0332337118947998
0.134967124925284
0.0634787806335923
0.0991930663478778
0.13234645845786
0.0634787806335923
0.0827256425582785
0.00848774656306037
0.011237298266587
0.00573819485953378
0.038732815301853
0.0827256425582785
0.011237298266587
0.104722056186491
0.148714883442917
0.0359832635983264
0.0466209653317394
0.0607292289300657
0.15421398684997
0.0607292289300657
0.0330765746413628
0.54190077704722
0.0442319187089062
0.0139868499701136
0.0442319187089062
0.0387328153018529
0.00848774656306037
0.0277346084877466
0.10008218768679
0.0469814704124328
0.0944112372982666
0.0442319187089062
0.02498505678422
0.040417662881052
0.0713837417812312
0.0139868499701136
0.0222355050806934
0.222952779438135
0.0634787806335923
0.124484459055589
0.239450089659295
0.218827517931859
0.203705917513449
0.105753138075314
0.178959952181709
0.0710400478182904
0.0689778840406458
0.107471607890018
0.106440526001195
0.0964734010759115
0.104722056186491
0.101972504482965
0.101972504482965
0.198449641362821
0.0813508667065151
0.132217573221757
0.236700537955768
0.0779139270771066
0.0291093843395099
0.0359832635983264
0.16246264196055
0.140466228332337
0.559772863120143
0.0359832635983264
0.0462469179617454
0.0552301255230126
0.052480573819486
0.0744769874476987
0.0579796772265391
0.0332337118947998
0.0469814704124328
0.113978210923491
0.151464435146444
0.0304841601912732
0.28344291691572
0.0640718395098625
0.036670651524208
0.244949193066348
0.0194859533771668
0.0676031081888823
0.0442319187089062
0.0964734010759114
0.151464435146444
0.137716676628811
0.0535742304243872
0.352181709503885
0.0222355050806934
0.0462791392707711
0.00573819485953378
0.16658696951584
0.175265242080095
0.00298864315600717
0.00573819485953378
0.011237298266587
0.0515877166766288
0.0778195980274954
0.00298864315600717
0.0744769874476987
0.011237298266587
0.0579796772265392
0.00848774656306037
0.0469814704124328
0.103167961745367
0.0744769874476987
0.0402588912133891
0.0992229527794381
0.132561267184698
0.011237298266587
0.147340107591153
0.0827256425582786
0.0579796772265391
0.0772265391512253
0.0650254034668258
0.0909742976688584
0.0902869097429767
0.14596533173939
0.0167364016736402
0.0854751942618051
0.0717274357441721
0.137716676628811
0.165212193664076
0.0167364016736402
0.0882247459653317
0.00848774656306037
0.0343507172743575
0.121219366407651
0.0634787806335923
0.0772265391512253
0.165212193664077
0.0854751942618051
0.0277346084877466
0.0689778840406455
0.651882845188284
0.189958158995816
0.0552301255230128
0.0249252839210998
0.0552301255230126
0.00298864315600717
0.0483289281978482
0.00986252241482369
0.14149731022116
0.0407352062163778
0.0914823670053793
0.0566049013747758
0.133462529886431
0.0827256425582786
0.160400478182905
0.0208607292289301
0.00848774656306037
0.652202956888822
0.209205020920502
0.0414823670053796
0.176210400478183
0.220203227734608
0.203705917513449
0.220203227734608
0.220203227734608
0.189958158995816
0.140466228332337
0.0414823670053796
0.115720263000597
0.0670856993424986
0.0736140167364017
0.0167364016736402
0.0469814704124328
0.16246264196055
0.0806335923490736
0.107471607890018
0.0655110579796772
0.02498505678422
0.107471607890018
0.122594142259414
0.0772265391512253
0.0593544530783024
0.19133293484758
0.0758517632994621
0.104722056186492
0.0579796772265391
0.0455693365212193
0.0511057979677227
0.136552506724447
0.0222355050806934
0.0414823670053796
0.108846383741781
0.0373580394500896
0.0340910789001793
0.107471607890018
0.0167364016736402
0.0167364016736402
0.0634787806335923
0.143215780035864
0.0442319187089062
0.0827256425582788
0.073789599521817
0.0359832635983264
0.0882247459653317
0.0689778840406455
0.011237298266587
0.0944425246563056
0.211954572624029
0.0827256425582785
0.00298864315600717
0.0517931858936043
0.0442557344590555
0.0819747459653316
0.566990436341899
0.062104004781829
0.173460848774656
0.158185846906754
0.132217573221757
0.209892408846383
0.0332337118947998
0.15421398684997
0.519904363419008
0.107416971757323
0.0332337118947998
0.0909742976688584
0.0574641362821279
0.0731022115959354
0.0483562462641961
0.00298864315600717
0.122517908510161
0.132045726240287
0.0689778840406455
0.206455469216976
0.0332337118947998
0.0332337118947998
0.28344291691572
0.258696951583981
0.111595935445308
0.038732815301853
0.0167364016736402
0.0167364016736402
0.0332337118947998
0.0497310221159594
0.162374617080095
0.0690708121637776
0.0579796772265392
0.104722056186491
0.128093245666467
0.066228332337119
0.0579796772265391
0.0937238493723849
0.0421622833233712
0.011237298266587
0.0854751942618051
0.0441030334728034
0.0992229527794381
0.121219366407651
0.185318290496114
0.00573819485953378
0.187208607292289
0.0895995218170953
0.0428571428571429
0.0607292289300657
0.0744769874476987
0.0978481769276748
0.115720263000598
0.0552301255230126
0.052480573819486
0.0827256425582785
0.00573819485953378
0.00573819485953378
0.0414823670053796
0.0599987625149433
0.0359832635983264
0.126718469814704
0.00298864315600717
0.0634787806335923
0.0607292289300657
0.188583383144052
0.0398498206814107
0.111580992229528
0.0277346084877466
0.0992229527794381
0.052480573819486
0.0987069448595335
0.0366706515242081
0.0799760908547519
0.0668297967722653
0.0516526262701733
0.233950986252241
0.0577994246861926
0.163837417812313
0.28344291691572
0.100617108114166
0.00573819485953378
0.066228332337119
0.0799760908547519
0.0304841601912732
0.0604565152420801
0.309563658099223
0.0428571428571429
0.101972504482965
0.107923173191871
0.00848774656306037
0.101972504482965
0.0497310221159594
0.0813508667065155
0.00298864315600717
0.115720263000598
0.134967124925284
0.536745367603107
0.0851016138673044
0.113314405260012
0.0551325276449492
0.0394202032277346
0.038732815301853
0.225702331141662
0.040047818290496
0.112970711297071
0.0727547818290497
0.0909145248057383
0.00848774656306037
0.0617528392109982
0.000239091452480579
0.103347280334728
0.104979826658697
0.0607292289300657
0.132217573221757
0.052480573819486
0.121563060370592
0.222952779438135
0.121219366407651
0.0327181709503886
0.101852958756724
0.0882247459653317
0.0820382546323969
0.0462791392707711
0.0552301255230126
0.0531679617453677
0.0359832635983264
0.0332337118947998
0.000239091452480579
0.126718469814704
0.0167364016736402
0.0497310221159593
0.217453676031082
0.0772265391512253
0.0555738194859535
0.02498505678422
0.135818888224746
0.0167364016736402
0.464913329348476
0.101972504482965
0.0222355050806934
0.0277346084877466
0.0772265391512253
0.159713090257023
0.110221159593545
0.137716676628811
0.052136879856545
0.0332337118947998
0.0139868499701136
0.0689778840406455
0.0559950313807531
0.0662283323371189
0.0222355050806934
0.115720263000598
0.0359832635983264
0.011237298266587
0.0945165402719665
0.0682904961147641
0.172241108786611
0.104722056186491
0.125343693962941
0.0937238493723849
0.0772265391512253
0.0751643753735803
0.0545427375971309
0.0717274357441721
0.0717274357441721
0.0648535564853556
0.110221159593545
0.146966527196652
0.0277346084877466
0.0689778840406455
0.0854751942618051
0.167961745367603
0.0401851090854753
0.0964734010759115
0.0277346084877466
0.151120741183502
0.104783696951584
0.0772265391512253
0.107471607890018
0.00848774656306037
0.0277346084877466
0.0735318290496114
0.0442319187089062
0.121219366407651
0.0442319187089062
0.0194859533771668
0.134967124925284
0.106096832038255
0.0263598326359833
0.0593899432157798
0.176210400478183
0.0434039711595934
0.117095038852361
0.00298864315600717
0.0700014943215782
0.0469814704124328
0.107471607890018
0.117470020173341
0.176210400478183
0.0854751942618051
0.0475239791915721
0.0654028364091453
0.0442319187089062
0.0930364614465032
0.111595935445308
0.0414823670053796
0.0827256425582785
0.382426778242678
0.118469814704124
0.0930364614465034
0.156963538553497
0.143215780035864
0.0187985654512852
0.0799760908547519
0.00848774656306037
0.0332337118947998
0.0634787806335923
0.173460848774656
0.0816646742378956
0.0497310221159593
0.02498505678422
0.178959952181709
0.0703526598924089
0.0446615361625821
0.14596533173939
0.107471607890018
0.0743590761356841
0.0511057979677227
0.0681662806335923
0.25637701733413
0.0990704852809322
0.0799760908547519
0.0559175134488941
0.052480573819486
0.0909742976688585
0.0167364016736402
0.0222355050806934
0.101972504482965
0.0167364016736402
0.000239091452480579
0.0717274357441721
0.0566049013747758
0.0689778840406455
0.134967124925284
0.14596533173939
0.14596533173939
0.0878735803945012
0.102971832038255
0.0442319187089062
0.0799760908547519
0.140466228332337
0.0766520425508067
0.0841004184100418
0.0511057979677226
0.0194859533771668
0.0469814704124328
0.0442319187089062
0.0194859533771668
0.387925881649731
0.165212193664076
0.145906376083383
0.159713090257023
0.0799760908547519
0.00298864315600717
0.110221159593545
0.106440526001195
0.0414823670053796
0.0460363120143454
0.0744769874476987
0.0937238493723848
0.361965196316497
0.0414823670053796
0.137716676628811
0.151464435146444
0.173460848774656
0.00848774656306037
0.0442319187089062
0.093723849372385
0.206455469216976
0.0442319187089062
0.0552301255230126
0.109862522414824
0.200956365809922
0.0487260908547521
0.0531679617453676
0.0870374607740584
0.225702331141662
0.0563461969515841
0.0552301255230126
0.0744769874476987
0.157704862148835
0.0868499701135687
0.206455469216976
0.107094291691572
0.011237298266587
0.121219366407651
0.0502890578302451
0.0787302002390913
0.203705917513449
0.0414823670053795
0.101972504482965
0.0676031081888824
0.0689778840406455
0.0194859533771668
0.078773161984459
0.137716676628811
0.0664001793185895
0.0772265391512253
0.0676031081888823
0.0442319187089062
0.102144351464435
0.0752764494919305
0.0359832635983264
0.0504184100418411
0.0566049013747758
0.156963538553497
0.0875373580394503
0.00298864315600717
0.0579796772265391
0.0682904961147642
0.00298864315600717
0.038732815301853
0.02498505678422
0.157307232516437
0.0507705095636582
0.0662283323371189
0.0359832635983264
0.0194859533771668
0.0738059436640766
0.0909742976688584
0.0937238493723849
0.0799760908547519
0.151464435146444
0.209205020920502
0.052480573819486
0.115720263000598
0.0634787806335923
0.107471607890018
0.0261240100119545
0.00848774656306037
0.217453676031082
0.0277346084877466
0.115690376569037
0.0194859533771668
0.0464928973027496
0.134967124925284
0.0579796772265391
0.000239091452480579
0.0992229527794381
0.0359832635983263
0.0909742976688584
0.0725866706515245
0.0222355050806934
0.0854751942618052
0.0442319187089062
0.00298864315600717
0.0181111775254035
0.131530185295876
0.184459055588763
0.0686341900777047
0.0816473961446503
0.0772265391512253
0.0964734010759115
0.129468021518231
0.0687985654512852
0.0909742976688584
0.143215780035864
0.0335736700537956
0.0524656306037058
0.0888178048416018
0.0593544530783024
0.0854751942618052
0.123601641885834
0.00298864315600717
0.000239091452480579
0.0167364016736402
0.362148834429168
0.119844590555888
0.044571876867902
0.0964734010759117
0.11048710213688
0.118469814704124
0.119844590555887
0.0841004184100419
0.066228332337119
0.258696951583981
0.0332337118947998
0.238075313807532
0.176210400478182
0.0854751942618051
0.0772265391512253
0.0808248188135086
0.089599521817095
0.111794750261506
0.0689778840406455
0.102722467124925
0.0430121787208607
0.0222355050806934
0.101972504482965
0.064509862522415
0.0634787806335924
0.0593395098625225
0.0634787806335923
0.0167364016736402
0.198206814106396
0.00298864315600717
0.052480573819486
0.0813508667065151
0.115720263000598
0.0139868499701136
0.0139868499701136
0.0687201135684399
0.101972504482965
0.0689778840406455
0.0412937089061566
0.0744769874476987
0.0442319187089062
0.143215780035864
0.0811715481171549
0.0689479976090854
0.0542604509115362
0.0277346084877466
0.346682606096832
0.0579796772265391
0.0758517632994622
0.0359832635983264
0.111595935445308
0.0586670651524209
0.165212193664077
0.17483562462642
0.104722056186491
0.0304841601912732
0.165212193664077
0.0799760908547519
0.112970711297071
0.167961745367603
0.0717274357441721
0.159713090257023
0.134967124925284
0.0222355050806934
0.0827256425582785
0.0882247459653317
0.156963538553497
0.052480573819486
0.0483562462641961
0.0442319187089062
0.0276867434997011
0.000239091452480579
0.0167364016736402
0.0297967722653915
0.10420651524208
0.0153317393903168
0.0634787806335924
0.107667270621638
0.0167364016736402
0.000239091452480579
0.0442319187089062
0.104722056186491
0.0717274357441721
0.066228332337119
0.0359234907352063
0.00848774656306037
0.194355900702331
0.0651972504482967
0.0827256425582787
0.0593544530783024
0.0868499701135683
0.0332337118947998
0.0772265391512253
0.0744769874476987
0.0634787806335923
0.137716676628811
0.111924686192468
0.066305850268978
0.0456066945606695
0.0517931858936043
0.0902869097429766
0.0744769874476987
0.0935355998767183
0.0153018529587567
0.000239091452480579
0.0442319187089062
0.161087866108786
0.0634787806335923
0.0442319187089062
0.0937238493723849
0.0758517632994621
0.0867901972504482
0.0304766885833831
0.0493873281530185
0.038732815301853
0.0332337118947998
0.112940824865511
0.143215780035864
0.0497310221159594
0.15833831440526
0.00642558278541543
0.106784219964136
0.123968918111178
0.0187985654512851
0.0414823670053796
0.0414823670053796
0.143215780035864
0.104627931438658
0.052480573819486
0.0683213164973103
0.052936341900777
0.052480573819486
0.0552301255230126
0.0985355648535564
0.0717703974895396
0.0987074118350268
0.101285116557083
0.0414823670053796
0.0752418933054393
0.0909742976688584
0.0414823670053796
0.0882247459653317
0.0992229527794381
0.15421398684997
0.0854751942618051
0.0662283323371189
0.00298864315600717
0.106096832038255
0.110206216377764
0.0721098886730425
0.0174237895995219
0.066228332337119
0.0342647937836223
0.0194859533771668
0.0433558726838016
0.0414823670053796
0.0373580394500897
0.0706963538553495
0.0475282987148834
0.0208607292289301
0.00573819485953378
1.2732815301853
0.0689778840406455
0.0694766138673042
0.16246264196055
1.71046025104603
0.0937238493723849
0.104722056186491
0.066228332337119
0.0689778840406455
0.000239091452480579
0.151464435146444
0.0359832635983264
0.023752241482367
0.02498505678422
0.110221159593544
0.0909742976688584
0.165212193664077
0.00298864315600717
0.178959952181709
0.02498505678422
0.134967124925284
0.0852884040645547
0.156963538553497
0.0472548845636581
0.0552301255230126
0.0442319187089062
0.052480573819486
0.066228332337119
0.148456879482965
0.0717274357441721
0.128780633592349
0.126718469814704
0.0744769874476987
0.052480573819486
0.0332337118947998
0.0693215780035862
0.0431830917513448
0.0344366407650927
0.0194859533771668
0.0909742976688584
0.0428571428571428
0.115962039562164
0.247698744769874
0.0634787806335923
0.140723998804543
0.13359234907352
0.052480573819486
0.11675134488942
0.222952779438135
0.112970711297071
0.000239091452480579
0.0785558432643453
0.557710699342498
0.00848774656306037
0.15421398684997
0.052480573819486
0.0772265391512253
0.048356246264196
0.0689778840406455
0.0499298369321577
0.269359636506276
0.0167364016736402
0.038732815301853
0.126718469814704
0.195457262402869
0.0847878063359236
0.0785714285714284
0.0139868499701136
0.0847803347280335
0.0414823670053796
0.00298864315600717
0.0222355050806934
0.27519426180514
0.17071129707113
0.0799760908547519
0.0456066945606695
0.0917392035265987
0.0909742976688585
0.0277346084877466
0.141841004184101
0.0717274357441721
0.0472350381052003
0.0222355050806934
0.0332337118947998
0.17071129707113
0.177585176329946
0.116063956963538
0.101972504482965
0.16246264196055
0.0490436341900777
0.0552301255230126
0.15008965929468
0.0377017334130305
0.156963538553497
0.038732815301853
0.0359832635983264
0.112970711297071
0.0167364016736402
0.104722056186491
0.0469814704124328
0.0827256425582785
0.0552301255230126
0.125507135385535
0.0138673042438733
0.0579796772265392
0.0222355050806934
0.100597728631202
0.187208607292289
0.0689778840406455
0.11047893006575
0.117782426778243
0.104722056186491
0.011237298266587
0.064166168559474
0.0497310221159594
0.0854751942618054
0.0222355050806934
0.079976090854752
0.0132994620442319
0.011237298266587
0.280693365212194
0.0414823670053796
0.173460848774656
0.101613867304244
0.0518711708009563
0.0414823670053796
0.0469170277943814
0.107815301852959
0.0207411835026898
0.28344291691572
0.0909742976688584
0.0579796772265391
0.112970711297071
0.104722056186491
0.0564806858936042
0.148714883442917
0.0511057979677227
0.118126120741184
0.201643753735803
0.031869092760012
0.0277346084877466
0.038732815301853
0.0999103407053198
0.0717274357441721
0.183020304094441
0.0579796772265391
0.0552301255230126
0.0497310221159594
0.0359832635983264
0.0167364016736402
0.0442319187089062
0.0689778840406455
0.028804682830245
0.0854751942618051
0.0332337118947998
0.104722056186491
0.0607292289300657
0.115720263000598
0.0772265391512253
0.247698744769874
0.0373580394500897
0.0992229527794381
0.044571876867902
0.0593544530783024
0.0854751942618051
0.0827256425582785
0.0671182708831441
0.040451285116557
0.0359832635983264
0.0827256425582787
0.0497310221159593
0.0442319187089062
0.0497310221159594
0.0552301255230126
0.0236102809324567
0.0937238493723849
0.148714883442917
0.0469814704124328
0.0854751942618051
0.0964734010759115
0.0359832635983264
0.00573819485953378
0.0258712595263
0.02086072922893
0.0717274357441721
0.148714883442917
0.136162582187687
0.0349185594739988
0.0888822474596533
0.137716676628811
0.0702648684997011
0.156963538553497
0.0971533173939029
0.107471607890018
0.0772265391512253
0.137115212193664
0.165212193664077
0.0368424985056785
0.121219366407651
0.0772265391512253
0.114345487148834
0.0469814704124327
0.100597728631202
0.0222355050806934
0.0579796772265391
0.0442319187089062
0.066228332337119
0.166742005379558
0.0446746114763897
0.011237298266587
0.0923490735206219
0.052480573819486
0.0992229527794381
0.0827256425582785
0.132217573221757
0.0813508667065152
0.0414823670053796
0.0304841601912732
0.0578078302450687
0.0682904961147639
0.0792887029288704
0.111588463837418
0.0194859533771668
0.0181111775254035
0.699312612074118
0.0352958756724448
0.0915986439031679
0.121219366407651
0.0153616258218769
0.0222355050806934
0.0689778840406455
0.0389046622833234
0.0222355050806934
0.0689778840406455
0.0717274357441721
0.148714883442917
0.137716676628811
0.0827256425582785
0.0694913235953379
0.0931548397340106
0.0689778840406455
0.0909742976688584
0.0607292289300658
0.0586670651524207
0.0648535564853557
0.178959952181709
0.02498505678422
0.0511057979677227
0.0318589360430365
0.0684077069635385
0.0593544530783026
0.0139868499701136
0.0441375896592947
0.0392483562462643
0.0139868499701136
0.0733992080095637
0.00573819485953379
1.10280932456665
0.0813508667065152
0.011237298266587
0.115720263000598
0.107471607890018
0.0483562462641961
0.0469814704124328
0.0607292289300658
0.00298864315600717
0.00573819485953378
0.0244055401972504
0.276051628810519
0.0614166168559474
0.173460848774656
0.100597728631202
0.00573819485953378
0.066228332337119
0.0153616258218769
0.0497310221159594
0.0799760908547522
0.011237298266587
0.106096832038255
0.0139868499701136
0.0222355050806934
0.669754931261206
0.0139868499701136
0.214704124327555
0.0401075911536162
0.0442319187089062
0.0789300657501494
0.107471607890018
0.0579796772265391
0.038732815301853
0.0428571428571429
0.0895995218170953
0.0167364016736402
0.187208607292289
0.137716676628811
0.0634787806335922
0.118469814704124
0.089599521817095
0.0304841601912732
0.126718469814704
0.101972504482965
0.0689778840406455
0.0799760908547519
0.0888523610280929
0.0304841601912732
0.101972504482965
0.0497310221159594
0.052480573819486
0.057494839920801
0.115720263000598
0.0167364016736402
0.0559175134488943
0.0304841601912732
0.101972504482965
0.104722056186491
0.150777047220562
0.110221159593545
0.0497310221159594
0.011237298266587
0.110221159593545
0.0655409444112373
0.0304841601912732
0.0442319187089062
0.0414823670053796
0.0634787806335924
0.0607292289300657
0.187208607292289
0.0909742976688584
0.0222355050806934
0.118469814704124
0.933102024805737
0.0222355050806934
0.00573819485953378
0.0600418410041842
0.143215780035864
0.0593544530783024
0.0951845487148836
0.275194261805141
0.0902869097429768
0.101972504482965
0.0978481769276748
0.0634787806335924
0.14596533173939
0.00848774656306037
0.328982367005379
0.104667420053796
0.0634787806335923
0.0607292289300657
0.274092900104602
0.072071129707113
0.0703526598924088
0.188755230125524
0.0507322175732219
0.0854751942618051
0.330185295875672
0.0937238493723849
0.0332337118947998
0.075851763299462
0.0964734010759115
0.0848737298266586
0.137716676628811
0.0890839808726837
0.235325762104005
0.0318589360430365
0.00298864315600717
0.0937238493723849
0.105753138075314
0.140466228332337
0.0689181111775255
0.159713090257023
0.0699193066347879
0.038732815301853
0.0827256425582785
0.0763985916019125
0.0689778840406455
0.0289898386132696
0.0704698707411835
0.0452630005977286
0.104722056186491
0.0222355050806934
0.0798023759713091
0.0627727136879856
0.0442319187089062
0.011237298266587
0.0941534668260608
0.0887328153018531
0.0167364016736402
0.0579796772265391
0.0304841601912732
0.0524805738194859
0.121219366407651
0.0614553758218769
0.101972504482965
0.115720263000598
0.159104154213987
0.129468021518231
0.0607292289300658
0.0926927674835627
0.066228332337119
0.0332337118947998
0.132217573221757
0.00573819485953378
0.000239091452480579
0.076724073520622
0.0524506873879259
0.126718469814704
0.0566049013747758
0.02498505678422
0.107471607890018
0.0332337118947998
0.0167364016736402
0.0394202032277347
0.00573819485953378
0.0401935146443514
0.0717274357441721
0.0332337118947998
0.0593544530783024
0.0640073968918111
0.194082486551105
0.123968918111178
1.21506836521219
0.0967293036461448
0.0607292289300657
0.0222355050806934
0.0579796772265391
0.0277346084877466
0.100375448296473
0.0222355050806934
0.0964734010759115
0.0194859533771668
0.132043858338315
0.14596533173939
0.0634787806335922
0.00298864315600717
0.0772265391512253
0.0283360729228931
0.0793746264196054
0.565271966527195
0.0139868499701136
0.0469814704124328
0.0607292289300657
0.0772265391512253
0.0442319187089062
0.0717274357441721
0.0964734010759115
0.00573819485953377
0.0827256425582785
0.107471607890018
0.0799760908547519
0.0512776449491932
0.02498505678422
0.0469814704124328
0.119951527943813
0.0442319187089062
0.0662283323371191
0.0167364016736402
0.0997697810818889
0.02498505678422
0.0579796772265391
0.107471607890018
0.0827256425582784
0.0545427375971311
0.123968918111178
0.143215780035864
0.0304841601912732
0.110221159593545
0.0813508667065155
0.134967124925284
0.0799760908547519
0.0634787806335923
0.0634787806335923
0.011237298266587
0.0962275384787809
0.0717274357441721
0.0617603108188882
0.0794761935893603
0.0531679617453676
0.198206814106396
0.275194261805141
0.00573819485953378
0.00298864315600717
0.0744769874476987
0.0215481171548117
0.0710400478182907
0.0139868499701136
0.0785863717872087
0.16246264196055
0.0689778840406456
0.0299686192468619
0.0991467190301852
0.0497310221159594
0.0799760908547519
0.0304841601912732
0.0286368051404662
0.0449193066347878
0.106096832038255
0.030827854154214
0.104034668260609
0.0366706515242081
0.0414823670053796
0.0295614166168559
0.118469814704125
0.0937238493723852
0.0332337118947998
0.107287969777346
0.101972504482965
0.121219366407651
0.143215780035864
0.0139868499701136
0.140466228332337
0.107471607890018
0.0139868499701136
0.114345487148834
0.434668260609683
0.02498505678422
0.115720263000598
0.0716975493126121
0.0194859533771668
0.066228332337119
0.0812878250149431
0.0449193066347879
0.178959952181709
0.456664674237896
0.0167364016736402
0.205080693365212
0.0277346084877466
0.101972504482965
0.00573819485953378
0.02498505678422
0.123968918111178
0.0717274357441721
0.02498505678422
0.070669035789002
0.0689778840406455
0.167961745367603
0.0772265391512253
0.0964734010759115
0.104722056186491
0.0497310221159594
0.0435445307830245
0.225702331141662
0.0827256425582785
0.0359832635983264
0.0216237671846981
0.250448296473401
0.0450444560669456
0.108846383741781
0.038732815301853
0.0380155409444113
0.187208607292289
0.184459055588763
0.0847878063359235
0.0222355050806934
0.0442319187089062
0.0689778840406455
0.0497310221159594
0.0698371189479977
0.0923490735206215
0.104722056186491
0.00573819485953378
0.269695158398087
0.0980200239091453
0.0634787806335923
0.052480573819486
0.0517063284518829
0.0732740585774058
0.0442319187089062
0.0572922893006575
0.0773684997011359
0.0167364016736402
0.0905446802151823
0.107471607890018
0.159713090257023
0.0655409444112373
0.0728444411237298
0.0139868499701136
0.121906754333533
0.0414823670053796
0.0964734010759115
0.0497310221159594
0.0222355050806934
0.00848774656306037
0.0744769874476987
0.0513617005379558
0.0194859533771668
0.0167364016736402
0.0414823670053796
0.0634787806335924
0.0552301255230126
0.0607292289300657
0.120914898386133
0.0332337118947998
0.235325762104005
0.0750532352062162
0.066228332337119
0.100597728631201
0.140466228332337
0.0827256425582785
0.0724110878661089
0.319187089061566
0.0923490735206218
0.101972504482965
0.0992229527794381
0.0964734010759115
0.0332337118947998
0.117768767745069
0.0607292289300657
0.0524805738194861
0.0830477972765989
0.0882247459653316
0.0359234907352063
0.0744769874476987
0.159713090257023
0.106096832038254
0.146789426740884
0.143215780035864
0.11245517035266
0.0442319187089062
0.0167364016736402
0.00298864315600717
0.00298864315600717
0.0992229527794381
0.0772265391512253
0.492408846383742
0.199581589958159
0.118469814704124
0.0607292289300657
0.0445756126718471
0.0552301255230126
0.0689778840406455
0.14596533173939
0.100597728631201
0.0634787806335923
0.0950986252241481
0.0277346084877466
0.139091452480574
0.239450089659295
0.0222355050806934
0.19399656306037
0.0717274357441721
0.0909742976688584
0.137716676628811
0.0442319187089062
0.0469814704124328
0.121848732628512
0.0689778840406455
0.0318589360430365
0.0839210998206815
0.136341900777047
0.104722056186491
0.137716676628811
0.0585265055289899
0.0538553496712491
0.0579796772265393
0.0772265391512253
0.0208607292289301
0.0139868499701136
0.0689778840406455
0.00848774656306039
0.0456066945606695
0.106597429766885
0.0737597130902569
0.100597728631202
0.0576359832635983
0.144590555887627
0.327435744172146
0.0572922893006575
0.143215780035864
0.0397423579460551
0.051258965929468
0.11675134488942
0.137716676628811
0.0277346084877466
0.000239091452480579
0.0469814704124328
0.134967124925284
0.0672594142259414
0.0689778840406455
0.0304841601912732
0.0359832635983264
0.0854751942618051
0.0222355050806934
0.0421697549312612
0.0167364016736402
0.0799760908547519
0.0895995218170954
0.121219366407651
0.0799760908547519
0.134967124925284
0.066228332337119
0.0359832635983264
0.112970711297071
0.0873580394500892
0.0812274684324568
0.0871292214584578
0.0923490735206218
0.0277346084877466
0.181709503885236
0.0395920502092049
0.108846383741782
0.02498505678422
0.00848774656306037
0.107471607890018
0.0139868499701136
0.165212193664077
0.0895995218170952
0.141841004184101
0.0219912185258518
0.355606507770472
0.0428571428571429
0.0643573950239092
0.0902719665271965
0.0222355050806934
0.0607292289300657
0.127835475194262
0.0686617416317991
0.0442319187089062
0.038732815301853
0.265570830842797
0.0725939087716676
0.129468021518231
0.0634787806335923
0.132217573221757
0.0906306037059176
0.0359832635983264
0.0428571428571429
0.0277346084877466
0.0317991631799164
0.0359832635983264
0.0731022115959355
0.211954572624029
0.0607721906754333
0.0332337118947998
0.398924088463837
0.407172743574417
0.181709503885236
0.0827256425582785
0.0359832635983264
0.0937238493723851
0.104722056186491
0.0552301255230126
0.0827256425582785
0.0799760908547519
0.0868499701135681
0.000239091452480579
0.128093245666468
0.618888224745965
0.0552301255230126
0.0786013150029885
0.064136282127914
0.0194859533771668
0.0744769874476987
0.0520535247310222
0.0511057979677226
0.052480573819486
0.141841004184101
0.0222355050806934
0.0717274357441721
0.00298864315600717
0.130842797369994
0.000239091452480579
0.0968710307083084
0.0139868499701136
0.0648535564853558
0.0923490735206215
0.00848774656306037
0.0788123879258815
0.349432157800359
0.129468021518231
0.15421398684997
0.0827256425582785
0.0511814479976091
0.066228332337119
0.153011057979677
0.16246264196055
0.132217573221757
0.0775230685893605
0.0167364016736402
0.225702331141662
0.103347280334728
0.0634787806335924
0.156963538553497
0.0662283323371189
0.0428571428571429
0.0662283323371192
0.0304841601912732
0.203705917513449
0.148714883442917
0.0517931858936042
0.0428571428571429
0.104722056186491
0.14318630220786
0.112970711297071
0.152839210998207
0.0222355050806934
0.0497310221159594
0.248472056186491
0.0469814704124328
0.0277346084877466
0.052480573819486
0.0401075911536162
0.0689778840406455
0.02498505678422
0.0758517632994622
0.148714883442917
0.0827256425582785
0.0875373580394503
0.00573819485953378
0.112970711297071
0.011237298266587
0.187208607292289
0.214704124327555
0.104722056186491
0.180592498505678
0.0985355648535566
0.0618210176329946
0.052480573819486
0.011237298266587
0.129468021518231
0.02498505678422
0.127234010759116
0.0442319187089062
0.0874084728033475
0.132217573221757
0.00848774656306037
0.0442319187089062
0.0799760908547519
0.0641661685594739
0.0918335325762107
0.0304841601912732
0.0607217573221756
0.114803123132098
0.052480573819486
0.0634787806335924
0.0277346084877466
0.0359832635983264
0.0703526598924089
0.0895995218170952
0.0744769874476988
0.126718469814704
0.038732815301853
0.0882247459653316
0.132217573221757
0.0772265391512253
0.0689778840406455
0.11262701733413
0.0643573950239092
0.0126120741183503
0.0497160789001794
0.0985355648535567
0.0167364016736402
0.129468021518231
0.0876232815301852
0.0126120741183503
0.06657202630006
0.111338164973102
0.126718469814704
0.0194859533771668
0.0765391512253441
0.0382004632396892
0.0930364614465035
0.15421398684997
0.0469814704124328
0.0222355050806934
0.0579796772265392
0.0707957612634489
0.0648535564853557
0.00848774656306037
0.0579796772265392
0.0772265391512253
0.0648236700537956
0.0799760908547519
0.0291093843395099
0.02498505678422
0.011237298266587
0.0629925424013747
0.0731022115959355
0.0887713407800358
0.0277346084877466
0.038732815301853
0.0517931858936043
0.0332337118947998
0.0703526598924091
0.038732815301853
0.0252563111737896
0.0469814704124328
0.0799760908547522
0.101972504482965
0.052480573819486
0.0497310221159594
0.143215780035864
0.126718469814704
0.0854751942618054
0.027047220561865
0.000239091452480579
0.0799760908547519
0.00848774656306037
0.115720263000598
0.0772265391512253
0.0992229527794382
0.0648535564853556
0.00298864315600717
0.17930364614465
0.101972504482965
0.038732815301853
0.140466228332337
0.0607292289300657
0.104722056186491
0.0786013150029886
0.0944112372982665
0.0827256425582785
0.0167364016736402
0.0538553496712493
0.0194859533771668
0.266945606694561
0.0581347130902572
0.0563900926479379
0.084693477286312
0.10945753791841
0.02498505678422
0.062962772713688
0.052480573819486
0.098218021518231
0.112970711297071
0.0854751942618051
0.0607292289300657
0.00573819485953378
0.02498505678422
0.225702331141662
0.0167364016736402
0.126718469814704
0.0194859533771668
0.0563625410938434
0.0861625821876864
0.066228332337119
0.0414823670053796
0.159713090257024
0.0827256425582785
0.0651972504482964
0.0799760908547519
0.0332337118947998
0.115720263000598
0.00573819485953378
0.107471607890018
0.0799760908547519
0.0469814704124328
0.0373580394500897
0.0194859533771668
0.143215780035864
0.00848774656306037
0.269695158398087
0.052480573819486
0.038732815301853
0.0565974297668859
0.0689778840406455
0.00848774656306037
0.0744769874476986
0.0552301255230126
0.0194859533771668
0.709623430962343
0.00573819485953378
0.160271592946802
0.066228332337119
0.209205020920502
0.0909742976688584
0.0792887029288705
0.0937238493723849
0.011237298266587
0.0497310221159593
0.102316198445905
0.052480573819486
0.129468021518231
0.0691145911162583
0.0277346084877466
0.107471607890018
0.320561864913329
0.140466228332337
0.0882247459653317
0.957083084279737
0.108846383741781
0.192707710699342
0.0854751942618051
0.0738752895248056
0.126718469814704
0.115720263000598
0.0607292289300657
0.0579796772265391
0.0674957038254633
0.052480573819486
0.0222355050806934
0.118469814704124
0.000239091452480579
0.15421398684997
0.0715387776449491
0.0359832635983264
0.0553421996413628
0.0442319187089062
0.0222355050806934
0.156963538553497
0.172773460848775
0.0277346084877466
0.0277346084877466
0.0222355050806934
0.0277346084877466
0.0744769874476987
0.216582649992529
0.00573819485953378
0.0566049013747758
0.151464435146444
0.140466228332337
0.0909742976688584
0.0318589360430364
0.0497310221159594
0.0579796772265391
0.0486295436715481
0.126718469814704
0.126718469814704
0.134467227659892
0.02498505678422
0.0304841601912732
0.0222355050806934
0.0552301255230126
0.0559175134488942
0.0937238493723849
0.0126120741183503
0.0768529587567247
0.258696951583981
0.156963538553497
0.0992229527794381
0.0497310221159593
0.134967124925284
0.000239091452480579
0.0139868499701136
0.0497310221159594
0.0661652906455469
0.125343693962941
0.398924088463837
0.0442319187089062
0.011237298266587
0.0882247459653317
0.0442319187089062
0.123625224148236
0.0332337118947998
0.0786013150029885
0.0286480125523013
0.0992229527794381
0.173460848774656
0.143215780035864
0.112970711297071
0.393424985056784
0.0414823670053796
0.17071129707113
0.0634787806335924
0.0899432157800358
0.0934586072922892
0.0689778840406455
0.0655409444112375
0.0552301255230126
0.192707710699343
0.220203227734608
0.16246264196055
0.0401001195457262
0.0755762477585177
0.102050022414823
0.0291093843395099
0.0607292289300657
0.0919115174835622
0.0277346084877466
0.0167364016736402
0.0290622198147042
0.0387328153018529
0.0359832635983264
0.110221159593545
0.104722056186491
0.156963538553497
0.14596533173939
0.0432008368200836
0.0923490735206217
0.0339173640167364
0.0964734010759115
0.0308472336371787
0.111595935445308
0.121219366407651
0.0557456664674239
0.148714883442917
0.184459055588763
0.00573819485953378
0.101972504482965
0.17071129707113
0.0442319187089062
0.176210400478183
0.0139868499701136
0.0621899282725642
0.0194859533771668
0.0552301255230126
0.125687387925881
0.208045053795576
0.0373580394500896
0.0744769874476987
0.0799760908547519
0.0359832635983264
0.134967124925284
0.140466228332337
0.0607292289300657
0.110221159593545
0.0648535564853557
0.0139868499701136
0.0964734010759115
0.0848737298266586
0.0589635945905559
0.134795277943813
0.0992154811715482
0.0277346084877466
0.0497310221159594
0.110221159593545
0.198206814106396
0.00573819485953378
0.02498505678422
0.0332337118947998
0.151464435146444
0.0277346084877466
0.123593703302451
0.0547415524133293
0.0414823670053796
0.0547452882172744
0.0579796772265391
0.0854751942618051
0.149101539151225
0.0332337118947998
0.0469814704124327
0.02498505678422
0.129468021518231
0.0194859533771668
0.0153616258218769
0.00298864315600717
0.02498505678422
0.0786013150029885
0.173460848774656
0.0304841601912732
0.0201733413030485
0.090286909742977
0.0497310221159594
0.0115660490137478
0.305439330543933
0.0242677824267783
0.11288385385535
0.0414823670053795
0.0799760908547521
0.0139868499701136
0.0359832635983264
0.313687985654513
0.0721705371152122
0.0304841601912732
0.184459055588763
0.0689778840406455
0.17071129707113
0.139778840406455
0.0442319187089062
0.00573819485953378
0.200956365809922
0.065884638374178
0.0194859533771668
0.110221159593545
0.0689778840406455
0.00848774656306037
0.095941049013748
0.087877316198446
0.00711297071129709
0.0167364016736402
0.346682606096832
0.0634787806335923
0.0992229527794381
0.0555401972504483
0.0607292289300657
0.101972504482965
0.17071129707113
0.102659892408846
0.0359832635983264
0.0827256425582785
0.0566049013747759
0.108846383741781
0.0909742976688584
0.0808353257621041
0.209205020920502
0.0566049013747758
0.00573819485953378
0.198206814106396
0.0552301255230126
0.0854751942618052
0.0992229527794381
0.0827256425582785
0.228284121899282
0.0827256425582785
0.0277346084877466
0.0607292289300657
0.178959952181709
0.0469814704124328
0.0964734010759115
0.0614166168559475
0.0277346084877466
0.0552301255230126
0.0497310221159594
0.0208607292289301
0.133498020023909
0.121219366407651
0.173460848774656
0.0829823623356247
0.011237298266587
0.0827256425582785
0.0552301255230126
0.104943402570233
0.150905932456665
0.0167364016736402
0.173460848774656
0.0356395696353855
0.0634787806335923
0.214016736401674
0.111595935445308
0.0263598326359833
0.0854751942618051
0.0882247459653317
0.118094366407651
0.0332337118947998
0.0332337118947998
0.0861943365212193
0.104722056186491
0.00848774656306037
0.0992229527794381
0.0758517632994622
0.0291093843395099
0.140466228332337
0.000239091452480579
0.0332337118947998
0.0380454273759713
0.0634787806335923
0.0744769874476987
0.0552301255230126
0.0591826060968321
0.110221159593545
0.00298864315600717
0.000239091452480579
0.0579796772265391
0.0710400478182903
0.0689778840406455
0.00573819485953378
0.126718469814704
0.0579796772265391
0.0359832635983264
0.0277346084877466
0.0304841601912732
0.0462940824865511
0.0325463239689181
0.313687985654513
0.066228332337119
0.0867257546323971
0.0909742976688584
0.0641661685594739
0.126718469814704
0.117095038852361
0.126718469814704
0.0442319187089062
0.114345487148835
0.0414823670053796
0.0401075911536162
0.62026300059773
0.0806361607142858
0.011237298266587
0.038732815301853
0.0139868499701136
0.0332337118947998
0.078546678870293
0.0473778158622235
0.0717274357441721
0.00573819485953378
0.0744769874476987
0.192707710699342
0.0277346084877466
0.0823819485953375
0.101972504482965
0.0139868499701136
0.011237298266587
0.151464435146444
0.0427973699940227
0.0645663081851463
0.0909742976688585
0.0792588164973103
0.0593395098625223
0.0760000280185295
0.011237298266587
0.143215780035864
0.0242976688583383
0.0898535564853558
0.0744769874476987
0.0579362485056786
0.0442319187089062
0.038732815301853
0.0304841601912732
0.0799760908547519
0.0717274357441724
0.118469814704124
0.134967124925284
0.0696652719665271
0.119421715060894
0.0414823670053796
0.0621040047818291
0.0414823670053796
0.0497310221159594
0.167961745367603
0.101972504482965
0.121219366407651
0.101972504482965
0.0909742976688582
0.139091452480574
0.104722056186491
0.0332337118947998
0.111595935445308
0.0208607292289301
0.101972504482965
0.0507621040047819
0.0882247459653317
0.0909742976688584
0.121219366407651
0.123968918111178
0.0964734010759115
0.0222355050806934
0.0167364016736402
0.231201434548715
0.0689778840406455
0.0992229527794381
0.209205020920502
0.0304841601912732
0.0552301255230126
0.0414823670053796
0.0992229527794381
0.02498505678422
0.107471607890018
0.0634787806335923
0.0421697549312612
0.149402271368799
0.0634787806335923
0.110908547519426
0.0607292289300657
0.0607292289300657
0.173460848774656
0.0751643753735805
0.0332337118947998
0.107471607890018
0.0497310221159594
0.0562396681672146
0.0828498580394501
0.070352659892409
0.104722056186491
0.0571129707112969
0.0971607890017932
0.0552301255230126
0.118469814704124
0.236700537955768
0.0841004184100417
0.0792588164973103
0.0277346084877466
0.0882247459653317
0.0506918241930662
0.115720263000598
0.0772265391512253
0.0304841601912732
0.110475194261805
0.054542737597131
0.112970711297071
0.123968918111178
0.0689778840406455
0.0442319187089062
0.130842797369994
0.165212193664077
0.122727872366259
0.0872528532202629
0.0634787806335923
0.112111476389719
0.0551703526598924
0.187208607292289
0.0655409444112373
0.0194859533771668
0.052480573819486
0.0816796174536761
0.0689778840406455
0.0497310221159594
0.0552301255230126
0.0854751942618053
0.114689181111775
0.165212193664077
0.220203227734608
0.132217573221757
0.0937238493723849
0.0950986252241482
0.0414823670053796
0.0723289001793189
0.011237298266587
0.0843152271368798
0.0827256425582787
0.116063956963539
0.0950986252241481
0.0517782426778243
0.0772265391512254
0.0194859533771668
0.0882247459653317
0.182396891811117
0.134967124925284
0.231201434548715
0.0555738194859534
0.0689778840406455
0.0579796772265391
0.0359832635983264
0.070352659892409
0.011237298266587
0.214704124327555
0.0476688583383143
0.198206814106396
0.159713090257023
0.138404064554693
0.151464435146444
0.0923490735206217
0.000239091452480579
0.129468021518231
0.0992229527794382
0.0538553496712492
0.0972467124925284
0.0621040047818291
0.196142782426778
0.126718469814704
0.000239091452480579
0.0808353257621039
0.0297967722653915
0.140466228332338
0.0552301255230126
0.132217573221757
0.038732815301853
0.0772265391512254
0.052480573819486
0.17071129707113
0.011237298266587
0.187208607292289
0.0373580394500897
0.112970711297071
0.0332337118947998
0.101972504482965
0.0442319187089062
0.0772265391512255
0.0968432456664675
0.0909742976688584
0.00298864315600717
0.0194859533771668
0.056261207411835
0.148714883442917
0.101285116557083
0.054542737597131
0.0497310221159594
0.0643380155409443
0.038732815301853
0.0442319187089062
0.00573819485953378
0.137716676628811
0.0799760908547519
0.0776561566049015
0.121219366407651
0.0703526598924088
0.101972504482965
0.144590555887627
0.038732815301853
0.129468021518231
0.000239091452480579
0.110221159593545
0.0277346084877466
0.0772265391512254
0.127405857740585
0.151464435146444
0.0517931858936043
0.034608487746563
0.0748132098027497
0.122594142259414
0.0621040047818291
0.0717274357441721
0.101972504482965
0.00848774656306037
0.02498505678422
0.0242677824267783
0.167961745367603
0.0607292289300657
0.0854751942618051
0.0648535564853556
0.0751643753735804
0.0724148236700539
0.0236102809324567
0.0689778840406455
0.0538553496712493
0.129468021518231
0.038732815301853
0.0797883667065153
0.107471607890018
0.112970711297071
0.0604242939330546
0.0442319187089062
0.169336521219366
0.110221159593545
0.643634190077703
0.0304841601912732
0.0552301255230125
0.101972504482965
0.222952779438135
0.0497310221159594
0.0304841601912732
0.379849073520621
0.0995194822175732
0.066228332337119
0.104722056186491
0.0689778840406455
0.0834130304841602
0.0586670651524208
0.0414823670053796
0.167961745367603
0.0552301255230126
0.156963538553496
0.250448296473401
0.0689778840406455
0.0442319187089062
0.297190675433353
0.0713993854602508
0.118469814704124
0.189958158995816
0.121862858637179
0.00848774656306037
0.0992229527794381
0.0854751942618051
0.0511057979677227
0.16246264196055
0.0167364016736402
0.0827256425582785
0.0937238493723849
0.123968918111178
0.067087567244471
0.0772265391512252
0.066228332337119
0.100597728631201
0.0373580394500896
0.011237298266587
0.0497310221159594
0.101285116557083
0.129468021518231
0.0854751942618051
0.0751262584989538
0.129468021518231
0.0744769874476987
0.0772265391512254
0.101285116557083
0.0643380155409445
0.280693365212194
0.02498505678422
0.129468021518231
0.0901925806933653
0.0823819485953377
0.00848774656306037
0.00848774656306037
0.00573819485953378
0.0414823670053796
0.074476987447699
0.0909742976688584
0.069665271966527
0.00848774656306037
0.184459055588763
0.0442319187089062
0.0442319187089062
0.0414823670053796
0.101972504482965
0.0521368798565452
0.0139868499701136
0.151464435146444
0.107471607890018
0.0741183502689779
0.0489030745666467
0.118469814704124
0.159369396294083
0.15421398684997
0.100597728631201
0.0414823670053796
0.0332337118947998
0.0827256425582785
0.0332337118947998
0.204076579311118
0.000239091452480579
0.0332337118947998
0.00848774656306037
0.157650459503885
0.11228332337119
0.144934249850568
0.0593544530783024
0.00848774656306037
0.0401075911536162
0.120502092050209
0.132217573221757
0.110691870890616
0.0706963538553498
0.114345487148835
0.0895523572922892
0.00573819485953378
0.0291093843395099
0.0507621040047818
0.1176087118948
0.0854751942618051
0.0359832635983264
0.0497310221159594
0.0854751942618051
0.745367603108189
0.0566049013747758
0.0579796772265391
0.0344889420203228
0.0992229527794384
0.0552301255230126
0.0777004025328751
0.0314816198445905
0.038732815301853
0.178959952181709
0.0332337118947998
0.129468021518231
0.0730424387328151
0.0916317991631798
0.0552002390914525
0.123968918111178
0.0411386730424387
0.0167364016736402
0.00848774656306037
0.0524805738194859
0.057979677226539
