0.104722056186491
0.104722056186491
0.0442319187089062
0.0744769874476986
0.0304841601912732
0.0744769874476986
0.0882247459653317
0.0593544530783024
0.0689778840406455
0.121219366407651
0.011237298266587
0.143215780035864
0.0827256425582785
0.0332337118947998
0.115720263000598
0.0428571428571428
0.0992229527794381
0.0462940824865511
0.0799760908547519
0.0449193066347878
0.0964734010759115
0.346682606096832
0.0648535564853557
1.10555887627017
0.0978481769276749
0.0895995218170948
0.0593544530783024
0.123968918111177
0.187208607292289
0.011237298266587
0.118469814704124
0.0194859533771668
0.000239091452480579
0.0607292289300657
0.0304841601912732
0.305439330543933
0.0469814704124328
0.0861625821876867
0.0772265391512253
0.0634787806335923
0.0139868499701136
0.0854751942618051
0.0304841601912732
0.00298864315600717
0.121219366407651
0.0359832635983264
0.0689778840406455
0.0772265391512253
0.0538553496712493
0.0304841601912732
0.210579796772265
0.0964734010759113
0.0208607292289301
0.0964734010759115
0.0538553496712492
0.211954572624029
0.41267184698147
0.0167364016736402
0.0717274357441721
0.0442319187089062
0.0744769874476987
0.0882247459653319
0.066228332337119
0.0717274357441721
0.0744769874476987
0.0799760908547519
0.0724148236700538
0.110221159593544
0.570771069934248
0.0854751942618051
0.0442319187089062
0.104722056186491
0.104722056186491
0.0414823670053796
0.052480573819486
0.0799760908547519
0.000239091452480579
0.568021518230722
0.0744769874476986
0.16246264196055
0.00298864315600717
0.15421398684997
0.0820382546323967
0.0772265391512253
0.0194859533771668
0.0841004184100418
0.0827256425582785
0.0538553496712493
0.0208607292289301
0.0414823670053796
0.0909742976688584
0.0359832635983264
0.0339210998206814
0.574208009563656
0.0964734010759115
0.0566049013747758
0.110221159593545
0.0476688583383143
0.0772265391512253
0.065884638374178
0.0882247459653317
0.0627913927077107
0.0222355050806934
0.15421398684997
0.038732815301853
0.0263598326359833
0.038732815301853
0.0469814704124328
0.0772265391512254
0.0538553496712492
0.0222355050806934
0.344964136282127
0.189958158995816
0.104722056186491
0.107471607890018
0.0607292289300657
0.0528242677824268
0.107471607890018
0.0964734010759116
0.038732815301853
0.0497310221159594
0.15421398684997
0.126718469814704
0.110221159593545
0.491721458457859
0.292722653915122
0.0717274357441721
0.100941422594142
0.0414823670053796
0.0641661685594739
0.0538553496712492
0.15008965929468
0.02498505678422
0.00298864315600717
0.0696652719665272
0.0827256425582785
0.0442319187089062
0.134967124925284
0.0827256425582785
0.0904587567244469
0.0964734010759115
0.0222355050806934
0.0717274357441721
0.337746563060369
0.0627913927077105
0.0603855349671248
0.115720263000598
0.011237298266587
0.0909742976688582
0.0854751942618051
0.17071129707113
0.266945606694561
0.0717274357441721
0.0672594142259414
0.0596981470412433
0.0937238493723849
0.0579796772265391
0.177585176329946
0.02498505678422
0.0964734010759115
0.173460848774656
0.0442319187089062
0.05832337118948
0.0703526598924088
0.0511057979677227
0.220203227734608
0.0607292289300657
0.101972504482965
0.0937238493723847
0.0497310221159594
0.326748356246263
0.107471607890018
0.148714883442917
0.0937238493723846
0.048356246264196
0.242199641362821
0.176210400478183
0.0579796772265391
0.011237298266587
0.0820382546323969
0.11245517035266
0.0414823670053796
0.0229228930065751
0.173117154811715
0.118985355648536
0.082038254632397
0.0744769874476987
0.118813508667065
0.0655409444112373
0.0772265391512253
0.0359832635983264
0.066228332337119
0.000239091452480579
0.121219366407651
0.0497310221159594
0.15008965929468
0.00573819485953378
0.115720263000598
0.211954572624029
0.132217573221757
0.0992229527794379
0.0655409444112373
0.093723849372385
0.00298864315600717
0.110908547519426
0.0194859533771668
0.0773983861326957
0.0744769874476987
0.0744769874476987
0.0277346084877466
0.0497310221159594
0.0639943215780036
0.0332337118947998
0.134967124925284
0.0964734010759115
0.0414823670053796
0.0854751942618051
0.0964734010759115
0.0167364016736402
0.0851315002988643
0.0579796772265391
0.0827256425582785
0.0634787806335923
0.101972504482965
0.211954572624029
0.137716676628811
0.0923490735206218
0.129468021518231
0.194598027495517
0.0854751942618051
0.0414823670053796
0.02498505678422
0.00848774656306037
0.00298864315600717
0.0634787806335923
0.0442319187089062
0.0634787806335923
0.148714883442917
0.0744769874476987
0.0579796772265392
0.184459055588763
0.0799760908547519
0.110221159593545
0.02498505678422
0.0841004184100418
0.00298864315600717
0.052480573819486
0.192707710699342
0.0882247459653317
0.14596533173939
0.0786013150029886
0.011237298266587
0.113228481769277
0.0194859533771668
0.0799760908547519
0.0950986252241481
0.0834130304841601
0.0538553496712492
0.0222355050806934
0.052480573819486
0.874596533173939
0.0854751942618051
0.135998206814106
0.0992229527794382
0.111595935445308
0.0267035265989242
0.0291093843395099
0.0414823670053796
0.02498505678422
0.011237298266587
0.100597728631201
0.0854751942618051
0.140466228332337
0.0432008368200836
0.038732815301853
0.0552301255230126
0.222952779438135
0.0841004184100417
0.0435445307830245
0.101113269575613
0.0676031081888823
0.0717274357441721
0.187208607292289
0.0139868499701136
0.0277346084877466
0.0713837417812313
0.313000597728631
0.0552301255230126
0.214704124327555
0.0567337866108788
0.0507621040047819
0.052480573819486
0.486909742976688
0.189958158995816
0.143215780035864
0.107471607890018
0.0882247459653316
0.139091452480574
0.0469814704124328
0.200956365809922
0.0813508667065151
0.0555738194859534
0.0850455768081292
0.0442319187089062
0.0359832635983264
0.0656268679019724
0.02498505678422
0.104722056186491
0.0789450089659294
0.112970711297071
0.222952779438135
0.0469814704124328
0.184974596533173
0.156963538553497
0.0854751942618051
0.0964734010759115
0.0909742976688584
0.0552301255230126
0.0222355050806934
0.132217573221757
0.0500747160789002
0.0566049013747758
0.0579796772265391
0.0909742976688584
0.0194859533771668
0.143903167961745
0.011237298266587
0.151464435146444
0.126718469814704
0.0744769874476987
0.0909742976688583
0.0579796772265391
0.0937238493723849
0.110221159593545
0.048356246264196
0.119844590555888
0.0552301255230126
0.0772265391512253
0.0595263000597729
0.0904587567244469
0.0992229527794381
0.038732815301853
0.0937238493723849
0.0359832635983264
0.0909742976688583
0.0648535564853557
0.0552301255230125
0.00298864315600717
0.15833831440526
0.0715555887627017
0.052480573819486
0.0277346084877466
0.0772265391512253
0.16246264196055
0.144590555887627
0.0469814704124328
0.0930364614465033
0.129468021518231
0.302002390914524
0.052480573819486
0.256978481769276
0.0304841601912732
0.148714883442917
0.0964734010759115
0.0540271966527196
0.0607292289300658
0.0979770621637777
0.03125747160789
0.038732815301853
0.0304841601912732
0.0703526598924089
0.0576359832635983
0.0425134488942021
0.011237298266587
0.0222355050806934
0.042513448894202
0.137716676628811
0.0332337118947998
0.052480573819486
0.000239091452480579
0.0964734010759114
0.0621040047818291
0.0579796772265391
0.104464285714286
0.135654512851166
0.0634787806335923
0.0882247459653317
0.0469814704124328
0.211954572624029
0.0194859533771668
0.0841004184100416
0.122594142259415
0.0799760908547519
0.195457262402869
0.0772265391512253
0.0428571428571429
0.129468021518231
0.0497310221159594
0.258696951583981
0.0693215780035864
0.00573819485953378
0.668380155409444
0.052480573819486
0.261446503287507
6.87136879856545
0.00298864315600717
0.0414823670053796
0.0827256425582785
0.0827256425582785
0.326060968320382
0.209205020920503
0.00848774656306037
0.215219665271966
0.118469814704124
0.0359832635983264
0.239450089659295
0.0139868499701136
0.02498505678422
0.117095038852361
0.066228332337119
0.0744769874476986
0.0703526598924089
0.0552301255230126
0.0332337118947998
0.0634787806335923
0.0428571428571428
0.0841004184100419
0.136685594739988
0.0277346084877466
0.0607292289300657
0.0744769874476987
0.107471607890018
0.0359832635983264
0.038732815301853
0.0634787806335923
0.0627054692169755
0.0964734010759115
0.16246264196055
0.104722056186491
0.0627913927077106
0.0992229527794381
0.15421398684997
0.0167364016736402
0.0373580394500896
0.0772265391512253
0.148714883442917
0.0277346084877466
0.0596981470412433
0.011237298266587
0.0882247459653317
0.02498505678422
0.0194859533771668
0.02498505678422
0.038732815301853
0.0442319187089062
0.465600717274357
0.0378735803945009
0.0854751942618051
0.12534369396294
0.159713090257023
0.0373580394500896
0.0304841601912732
0.02498505678422
0.0579796772265391
0.0979770621637777
0.0435445307830244
0.0263598326359833
0.0964734010759115
0.038732815301853
0.00573819485953378
0.0648535564853557
0.0277346084877466
0.145535714285714
0.0772265391512253
0.123797071129707
0.0167364016736402
0.11675134488942
0.10403466826061
0.0827256425582785
0.17071129707113
0.0222355050806934
0.198206814106396
0.00298864315600717
0.0277346084877466
0.0246413628212791
0.242199641362821
0.123968918111178
0.0225791990436343
0.0949267782426777
0.0509339509862523
0.319187089061566
0.0854751942618051
0.00573819485953378
0.101972504482965
0.0703526598924087
0.12912432755529
0.0689778840406455
0.130842797369994
0.147340107591154
0.502032277346085
0.110221159593545
0.0641661685594739
0.0277346084877466
0.0937238493723849
0.0786013150029885
0.0511057979677228
0.137716676628811
0.187208607292289
0.0194859533771668
0.000239091452480579
0.159713090257023
0.052480573819486
0.0414823670053796
0.111595935445308
0.0194859533771668
0.112970711297071
0.0139868499701136
0.134967124925284
0.000239091452480579
0.00573819485953378
0.0359832635983264
0.126718469814704
0.0689778840406455
0.0634787806335923
0.203705917513449
0.0634787806335923
0.0572922893006575
0.111595935445308
0.15421398684997
0.0232665869695158
0.187208607292289
0.0332337118947998
0.0417830992229528
0.214360430364614
0.079976090854752
0.0964734010759113
0.0889121338912136
0.0469814704124328
0.0634787806335923
0.116407650926479
0.0786013150029885
0.0717274357441721
0.00573819485953378
0.0971607890017936
0.0799760908547519
0.117095038852361
0.211954572624029
0.228451882845188
0.0430289898386133
0.011237298266587
0.0263598326359833
0.123968918111178
0.104722056186491
0.212470113568439
0.0937238493723849
0.0194859533771668
0.137716676628811
0.0497310221159594
0.097590406455469
0.0409668260609684
0.176210400478183
0.130842797369994
0.0442319187089062
0.0734459055588765
0.0937238493723849
0.0930364614465032
0.0696652719665272
0.176210400478183
0.0854751942618051
0.0593544530783024
0.182740585774058
0.0524805738194859
0.052480573819486
0.093723849372385
0.217453676031082
0.110135236102809
0.0548864315600716
0.134967124925284
0.00848774656306037
0.0964734010759115
0.0497310221159594
0.165212193664077
0.038732815301853
0.0949267782426779
0.00711297071129707
0.121219366407651
0.0560893604303646
0.0869358936043038
0.110221159593545
0.198206814106396
0.0744769874476987
0.0552301255230126
0.0770976539151224
0.0689778840406455
0.0717274357441721
0.104722056186492
0.000239091452480579
0.0304841601912732
0.0219777346084878
0.129468021518231
0.0751643753735805
0.134967124925284
0.0957860131500299
0.106956066945607
0.0621040047818291
0.031687089061566
0.118469814704124
0.077913927077107
0.0359832635983264
0.0332337118947998
0.0937238493723849
0.0964734010759115
0.0964734010759115
0.0772265391512253
0.110221159593545
0.148714883442917
0.129983562462642
0.0799760908547519
0.0842293036461445
0.02498505678422
0.106096832038255
0.0799760908547519
0.0849596533173937
0.343503436939629
0.101972504482965
0.0194859533771668
0.107471607890018
0.011237298266587
0.137716676628811
0.0332337118947998
0.0359832635983264
0.0167364016736402
0.0799760908547519
0.011237298266587
0.0222355050806934
0.133850119545726
0.871846981470413
0.14596533173939
0.101972504482965
0.187208607292289
0.30818888224746
0.0717274357441722
0.199237895995217
0.0442319187089062
0.176210400478183
0.196488344291691
0.0607292289300657
0.052480573819486
0.052480573819486
0.064166168559474
0.0937238493723849
0.110221159593545
0.16246264196055
0.15421398684997
0.0755080693365212
0.0617603108188882
0.192707710699342
0.0469814704124328
0.0222355050806934
0.0956141661685596
0.066980162881052
0.176210400478183
0.0194859533771668
0.124999999999999
0.0999103407053199
0.180592498505678
0.077913927077107
0.0689778840406455
0.0222355050806934
0.0909742976688582
0.156963538553497
0.137716676628811
0.0689778840406455
0.110221159593545
0.123968918111178
0.00298864315600717
0.0737036760310819
0.0167364016736402
0.197347579199043
0.00848774656306037
0.107471607890018
0.0401075911536162
0.0978481769276751
0.220203227734608
0.0909742976688584
0.110221159593545
0.0332337118947998
0.0181111775254035
0.0854751942618052
0.0933801554094442
0.0978481769276747
0.167961745367603
0.0621040047818293
0.0882247459653317
0.0706963538553498
0.066228332337119
0.0882247459653316
0.0992229527794381
0.492408846383742
0.0964734010759115
0.0758517632994623
0.0909742976688584
0.0609010759115361
0.189958158995816
0.0597840705319785
0.115720263000598
0.0584092946802151
0.167961745367603
0.052480573819486
0.000239091452480579
0.0167364016736402
0.173460848774656
0.129468021518231
0.107471607890018
0.0579796772265391
0.073789599521817
0.0607292289300657
0.080663478780634
0.0332337118947998
0.0194859533771668
0.0428571428571428
0.294441123729827
0.0277346084877466
0.00848774656306037
0.161087866108787
0.00848774656306037
0.000239091452480579
0.0194859533771668
0.101972504482965
0.0772265391512253
0.0931653466826059
0.0648535564853556
0.0603855349671249
0.0937238493723849
0.14596533173939
0.0469814704124328
0.159713090257023
0.173117154811715
0.0676031081888823
0.123968918111178
0.0414823670053796
0.573520621637775
0.0222355050806934
0.00848774656306037
0.0799760908547519
0.066228332337119
0.0559175134488943
0.154901374775852
0.0937238493723849
0.14596533173939
0.0442319187089062
0.16246264196055
0.0964734010759115
0.0497310221159593
0.00848774656306037
0.112970711297071
0.038732815301853
0.115720263000598
0.0882247459653317
0.0827256425582785
0.052480573819486
0.0731022115959355
0.0304841601912732
0.0414823670053796
0.0435445307830245
0.0428571428571429
0.000239091452480579
0.0799760908547519
0.151464435146444
0.0909742976688584
0.1081589958159
0.0854751942618051
0.118469814704124
0.0222355050806934
0.0304841601912732
0.0359832635983264
0.038732815301853
0.0139868499701136
0.0347803347280335
0.137716676628811
0.10403466826061
0.0428571428571429
0.02498505678422
0.052480573819486
0.0304841601912732
0.0194859533771668
0.28344291691572
0.02498505678422
0.115720263000598
0.0552301255230126
0.0689778840406455
0.00573819485953378
0.0297967722653915
0.0579796772265391
0.0389046622833234
0.0497310221159594
0.0222355050806934
0.121219366407651
0.0359832635983264
0.206455469216975
0.13771667662881
0.178959952181709
0.618888224745965
0.0304841601912732
0.0449193066347878
0.0799760908547519
0.0421697549312613
0.119844590555888
0.0318589360430365
0.0867640466228332
0.0277346084877466
0.00573819485953378
0.126718469814704
0.173460848774656
0.0937238493723849
0.031687089061566
0.02498505678422
0.00848774656306037
0.0854751942618051
0.0666579497907949
0.16641512253437
0.181709503885236
0.02498505678422
0.0579796772265391
0.0992229527794381
0.0486999402271368
0.0277346084877466
0.0552301255230126
0.0497310221159594
0.118405372086073
0.0768828451882845
0.123968918111178
0.0420408696951584
0.0717274357441721
0.02498505678422
0.0799760908547519
0.118469814704124
0.12912432755529
0.0937238493723849
0.0277346084877466
0.110221159593545
0.0469814704124328
0.0854751942618051
0.0332337118947998
0.0139868499701136
0.0792887029288705
0.0598699940227136
0.0469814704124328
0.118469814704124
0.280693365212194
0.0799760908547519
0.0634787806335923
0.31265690376569
0.104722056186491
0.0868499701135687
0.0854751942618051
0.0717274357441721
0.332247459653317
0.0497310221159594
0.00848774656306037
0.052480573819486
0.0909742976688584
0.0906735654512852
0.150003735803945
0.15421398684997
0.0593544530783027
0.0291093843395099
0.189958158995816
0.0992229527794381
0.0717274357441721
0.02498505678422
0.0469814704124328
0.00573819485953378
0.155588762701734
0.0634787806335923
0.101972504482965
0.0421697549312613
0.137716676628811
0.107471607890018
0.114173640167364
0.129468021518231
0.0676031081888823
0.0167364016736402
0.0399357441721458
0.093723849372385
0.0607292289300657
0.0332337118947998
0.159713090257023
0.233950986252241
0.0524805738194858
0.0689778840406455
0.129468021518231
0.0139868499701136
0.121219366407651
0.0304841601912732
0.143215780035864
0.052480573819486
0.165212193664077
0.156963538553497
0.11640765092648
0.0452630005977286
0.0359832635983264
0.121219366407651
0.121219366407651
0.0579796772265395
0.000239091452480579
0.0772265391512253
0.0263598326359833
0.0731022115959355
0.0799760908547519
0.038732815301853
0.0607292289300657
0.138404064554693
0.0937238493723849
0.0469814704124328
0.050418410041841
0.105409444112373
0.0796323968918111
0.0456066945606695
0.0772265391512253
0.0847878063359235
0.0304841601912732
0.0194859533771668
0.200956365809922
0.148714883442917
0.0703526598924089
0.15421398684997
0.0566049013747758
0.156963538553497
0.0194859533771668
0.0593544530783024
0.0497310221159594
0.0332337118947998
0.011237298266587
0.038732815301853
0.0703526598924089
0.0634787806335923
0.105409444112373
0.0552301255230126
0.0841004184100419
0.28344291691572
0.210407949790795
0.124312612074119
0.0552301255230126
0.02498505678422
0.0486999402271368
0.0895995218170953
0.110221159593545
0.0717274357441721
0.140466228332337
0.0544568141063956
0.0541990436341901
0.0167364016736402
0.132217573221757
0.00298864315600717
0.0277346084877466
0.0511057979677226
0.0322455917513449
0.181709503885236
0.269695158398087
0.0167364016736402
0.0442319187089061
0.203705917513449
0.0992229527794381
0.117782426778242
0.167961745367603
0.0763673042438733
0.0239539748953975
0.0737895995218171
0.0634787806335923
0.173460848774656
0.134967124925284
0.123968918111178
0.0854751942618051
0.0181111775254035
0.0194859533771668
0.137716676628811
0.088224745965332
0.137716676628811
0.0359832635983264
0.075851763299462
0.00573819485953378
0.199366781231321
0.0497310221159594
0.0566049013747759
0.0834130304841602
0.0607292289300657
0.12465630603706
0.0964734010759115
0.011237298266587
0.662881052002391
0.211954572624029
0.000239091452480579
0.106096832038255
0.000239091452480579
0.168133592349073
0.0689778840406455
0.111595935445308
0.0555738194859535
0.02498505678422
0.066228332337119
0.00298864315600717
0.0277346084877466
0.123968918111178
0.0978481769276749
0.0689778840406454
0.0712118947997609
0.0222355050806934
0.0669157202630005
0.0593544530783024
0.052480573819486
0.0964734010759115
0.052480573819486
0.102659892408846
0.115720263000598
0.187208607292289
0.16246264196055
0.118469814704124
0.104722056186491
0.0912320681410638
0.134967124925284
0.0854751942618052
0.0466377764494919
0.0999103407053201
0.134967124925284
0.0469814704124328
0.0937238493723848
0.0772265391512253
0.0222355050806934
0.0579796772265391
0.048356246264196
0.00573819485953378
0.0414823670053796
0.0222355050806934
0.130842797369994
0.0442319187089062
0.0694075014943217
0.0833700687387925
0.00298864315600717
0.0634787806335923
0.578246413628211
0.181709503885236
0.0585811416616856
0.0958504557680814
0.0689778840406455
0.02498505678422
0.13342050209205
0.126546622833234
0.0662283323371192
0.0638224745965332
0.134967124925284
0.0614166168559473
0.0332337118947998
0.118469814704124
0.0706963538553496
0.0541990436341901
0.262821279139271
0.0139868499701136
0.0359832635983264
0.0964734010759115
0.17071129707113
0.0799760908547519
0.0689778840406455
0.0937238493723852
0.261446503287508
0.101285116557083
0.0222355050806934
0.112584055588763
0.156963538553497
0.101285116557083
0.0744769874476987
0.153870292887029
0.0662283323371189
0.0868499701135687
0.0394202032277346
0.0304841601912732
0.151464435146444
0.110564853556486
0.0717274357441721
0.0708682008368201
0.0689778840406455
0.0579796772265391
0.165212193664077
0.15421398684997
0.0992229527794381
0.0552301255230128
0.0593544530783025
0.0717274357441721
0.0394202032277347
0.0992229527794381
0.0854751942618054
0.0167364016736402
0.101285116557083
0.123109683203825
0.110221159593545
0.12482815301853
0.142528392109982
0.038732815301853
0.0847878063359236
0.0552301255230126
0.101972504482965
0.14596533173939
0.02498505678422
0.154729527794381
0.0432008368200838
0.14596533173939
0.052480573819486
0.27824454572624
0.103347280334728
0.0359832635983264
0.0139868499701136
0.0854751942618051
0.0401075911536163
0.0607292289300657
0.0194859533771668
0.118469814704124
0.0689778840406455
0.0772265391512253
0.0758517632994619
0.167961745367603
0.134967124925284
0.0686341900777047
0.519904363419006
0.112970711297071
0.0825537955768082
0.0744769874476987
0.572145845786013
0.0689778840406455
0.0827256425582785
0.137716676628811
0.159713090257023
0.107471607890018
0.112970711297071
0.052480573819486
0.192879557680813
0.0772265391512253
0.0139868499701136
0.149058577405857
0.0744769874476987
0.101972504482965
0.123453377166766
0.0689778840406456
0.0827256425582785
0.0909742976688584
0.0992229527794381
0.048356246264196
0.0689778840406455
0.123968918111178
0.0827256425582786
0.0717274357441721
0.148714883442917
0.0631350866706517
0.155588762701733
0.0584952181709504
0.097590406455469
0.374178123132098
0.066228332337119
0.528153018529588
0.148972653915122
0.106440526001195
0.0906306037059175
0.068290496114764
0.0468096234309624
0.174320083682009
0.00573819485953378
0.211954572624029
0.0706533921099821
0.066228332337119
0.0689778840406455
0.038732815301853
0.261446503287507
0.0689778840406455
0.0332337118947998
0.188583383144053
0.367304243873282
0.118469814704125
0.0532538852361028
0.0359832635983264
0.206455469216976
0.00848774656306037
0.092177226539151
0.121219366407651
0.101972504482965
0.066228332337119
0.00848774656306037
0.500657501494322
0.0537264644351464
0.052480573819486
0.0414823670053796
0.0827256425582785
0.0222355050806934
0.0659490809922296
0.0964734010759115
0.0593544530783025
0.0804916317991627
0.0552301255230126
0.0194859533771668
0.00298864315600717
0.0753362223550508
0.118813508667065
0.0473251643753736
0.0167364016736402
0.0937238493723849
0.036670651524208
0.0783435445307831
0.0882247459653317
0.0579796772265391
0.200956365809922
0.0909742976688584
0.0586670651524207
0.220203227734608
0.033749252839211
0.093723849372385
0.0964734010759115
0.123968918111178
0.0841004184100419
0.0304841601912732
0.115720263000598
0.00848774656306037
0.143215780035864
0.0937238493723849
0.0882247459653317
0.114345487148834
0.118469814704124
0.0634787806335926
0.173460848774656
0.112970711297071
0.0277346084877466
0.103347280334728
0.0222355050806934
0.104722056186491
0.0552301255230127
0.00298864315600717
0.0799760908547519
0.0978481769276749
0.100597728631202
0.211954572624029
0.02498505678422
0.250448296473401
0.0552301255230125
0.085690002988643
0.0547145845786015
0.0813508667065153
0.16246264196055
0.0689778840406455
0.038732815301853
0.0304841601912732
0.0804057083084279
0.115720263000598
0.15421398684997
0.126718469814704
0.126718469814704
0.0222355050806934
0.0414823670053796
0.0689778840406455
0.225702331141662
0.0786013150029888
0.0868499701135683
0.239450089659295
0.052480573819486
0.126718469814704
0.318499701135684
0.0717274357441721
0.0194859533771668
0.0552301255230126
0.103347280334728
0.07482068141064
0.0899432157800358
0.0734459055588763
0.0607292289300657
0.352181709503885
0.184459055588763
0.0607292289300657
0.184459055588763
0.0909742976688584
0.112970711297071
0.0277346084877466
0.131530185295876
0.103690974297669
0.115720263000598
0.0806634787806335
0.0634787806335924
0.100597728631201
0.0634787806335923
0.0469814704124328
0.0673453377166765
0.0978481769276748
0.066228332337119
0.0497310221159594
0.0696652719665273
0.125343693962941
0.0381313508667065
0.00848774656306037
0.0882247459653318
0.104722056186491
0.0689778840406455
0.147340107591154
0.0425993723849373
0.101628810520024
0.0593544530783026
0.0442319187089062
0.0456066945606694
0.0679468021518231
0.0641661685594736
0.0552301255230125
0.0359832635983263
0.502719665271967
0.0662283323371189
0.324342498505678
0.0332337118947998
0.255947399880454
0.00711297071129709
0.107471607890018
0.0469814704124328
0.0511057979677226
0.02498505678422
0.287395397489539
0.0656053870292888
0.0607292289300657
0.0414823670053796
0.0992229527794381
0.102659892408846
0.511655708308428
0.0304841601912732
0.0854751942618051
0.011237298266587
0.207572474596532
0.156963538553497
0.137716676628811
0.119844590555888
0.0950986252241481
0.02498505678422
0.0717274357441721
0.092005379557681
0.0359832635983264
0.121219366407651
0.0964734010759115
0.123968918111178
0.0775702331141663
0.0583233711894801
0.0607292289300657
0.123281530185296
0.02498505678422
0.159713090257023
0.0913179916317994
0.148714883442917
0.0524805738194858
0.0868499701135684
0.0607292289300657
0.346682606096832
0.118469814704124
0.15421398684997
0.134967124925284
0.0653261356843992
0.00298864315600717
0.0359832635983264
0.084100418410042
0.0909742976688585
0.120188284518829
0.0772265391512253
0.0139868499701136
0.211954572624029
0.0579796772265391
0.0277346084877466
0.156963538553497
0.0469814704124328
0.0865062761506279
0.14596533173939
0.0359832635983264
0.0871936640765092
0.0964734010759114
0.0579796772265391
0.0999103407053195
0.104722056186491
0.000239091452480579
0.126718469814704
0.148714883442917
0.156963538553497
0.00298864315600717
0.112970711297071
0.111166317991632
0.195457262402869
0.0586670651524208
0.0541990436341901
0.0786013150029886
0.0552301255230126
0.0799760908547519
0.151464435146444
0.0816086371787211
0.173460848774656
0.115032875074716
0.0407949790794978
0.101972504482965
0.0579796772265392
0.09166168559474
0.0674312612074118
0.0414823670053796
0.0882247459653317
0.0607292289300657
0.195457262402869
0.108158995815899
0.0937238493723849
0.069665271966527
0.0648535564853557
0.000239091452480579
0.101972504482965
0.038732815301853
0.107471607890018
0.0139868499701136
0.0731022115959354
0.0414823670053796
0.0590966826060969
0.0971607890017936
0.0713837417812313
0.0194859533771668
0.0665720263000598
0.0968170950388523
0.0277346084877466
0.159713090257023
0.0442319187089062
0.0689778840406455
0.0222355050806934
0.522653915122534
0.0359832635983264
0.0847878063359235
0.0593544530783024
0.101972504482965
0.0862055439330544
0.0586670651524208
0.107471607890018
0.103347280334728
0.181709503885236
0.0772265391512253
1.21279139270771
0.0497310221159594
0.0459503885236103
0.124312612074119
0.0574641362821278
0.0139868499701136
0.0511057979677226
0.181709503885236
0.0552301255230126
0.137716676628811
0.0634787806335923
0.0634787806335923
0.110221159593545
0.070352659892409
0.106096832038255
0.0621040047818293
0.02498505678422
0.101972504482965
0.264196054991034
0.0882247459653317
0.0909742976688584
0.107471607890018
0.148714883442917
0.275194261805141
0.0607292289300657
0.1081589958159
0.14596533173939
0.0688060370591752
0.132217573221758
0.0359832635983264
0.0909742976688584
0.137716676628811
0.261102809324566
0.066228332337119
0.129468021518231
0.0607292289300657
0.0992229527794381
0.0332337118947998
0.0167364016736402
0.0517931858936044
0.134967124925284
0.30406455469217
0.148714883442917
0.0916616855947402
0.118469814704125
0.104722056186491
0.011237298266587
0.0703526598924089
0.011237298266587
0.0957860131500301
0.17071129707113
0.0304841601912732
0.147340107591154
0.0854751942618052
0.0497310221159594
0.0625765839808728
0.127921398684997
0.0992229527794381
0.0548864315600719
0.129468021518231
0.034608487746563
0.0318589360430365
0.126718469814704
0.244949193066348
0.0497310221159594
0.140466228332337
0.0497310221159594
0.0414823670053796
0.0462940824865511
0.0689778840406455
0.121219366407651
0.167961745367603
0.0579796772265393
0.0717274357441721
0.0765391512253436
0.0332337118947998
0.038732815301853
0.0277346084877466
0.0964734010759115
0.32322549312612
0.13359234907352
0.111595935445308
0.0575500597728631
0.00573819485953378
0.123968918111178
0.02498505678422
0.0964734010759114
0.0909742976688584
0.0414823670053796
0.126031081888822
0.106096832038255
0.0401075911536163
0.000239091452480579
0.0291093843395099
0.0454348475791991
0.0304841601912732
0.110564853556485
0.0827256425582785
0.0841004184100418
0.011237298266587
0.00848774656306037
0.0167364016736402
0.0887402869097431
0.0579796772265391
0.0469814704124328
0.10403466826061
0.0304841601912732
0.000239091452480579
0.0442319187089062
0.148714883442917
0.0497310221159594
0.206455469216976
0.0167364016736402
0.0605896032576211
0.0764532277346084
0.0645098625224148
0.0744769874476987
0.000239091452480579
0.104722056186491
0.126718469814704
0.0992229527794381
0.0469814704124328
0.148714883442917
0.0727585176329948
0.0504828526598925
0.0971607890017935
0.0277346084877466
0.187208607292289
0.132904961147639
0.115720263000598
0.0236102809324567
0.0414823670053796
0.0304841601912732
0.0194859533771668
0.140466228332337
0.00573819485953378
0.0469814704124328
0.0717274357441721
0.0909742976688584
0.129468021518231
0.0586670651524209
0.0802768230723253
0.266945606694561
0.313687985654513
0.066228332337119
0.048356246264196
0.0304841601912732
0.0423416019127316
0.00573819485953378
0.0263598326359833
0.0579796772265392
0.0291093843395099
0.0318589360430365
0.148714883442917
0.0882247459653317
0.0139868499701136
0.112712940824865
0.189958158995816
0.156963538553497
0.00573819485953378
0.0404835064255828
0.0727585176329945
0.157565002988643
0.0669157202630008
0.02498505678422
0.0854751942618051
0.118126120741184
0.121219366407651
0.0222355050806934
0.0222355050806934
0.0689778840406455
0.00848774656306037
0.0160490137477585
0.143301703526599
0.118126120741184
0.130842797369994
0.148714883442917
0.0194859533771668
0.148714883442917
0.0937238493723849
0.0607292289300657
0.000239091452480579
0.0710400478182905
0.0579796772265391
0.0241258218768679
0.0834130304841603
0.0689778840406455
0.0981918708906159
0.0889121338912135
0.0634787806335925
0.797609085475194
0.100597728631201
0.00573819485953378
0.0428571428571429
0.066228332337119
0.214704124327555
0.02498505678422
0.101800657501495
0.175866706515242
0.117009115361626
0.104722056186491
0.0579796772265391
0.247698744769874
0.552898983861327
0.0875373580394503
0.0854751942618051
0.0579796772265391
0.0854751942618051
0.00573819485953378
0.236700537955768
0.140466228332337
0.134967124925284
0.0909742976688584
0.0937238493723849
0.0304841601912732
0.15421398684997
0.101972504482965
0.0651972504482965
0.0748206814106397
0.178959952181709
0.0700089659294681
0.000239091452480579
0.756365809922295
0.195457262402869
0.0935520023909147
0.0664001793185897
0.101972504482965
0.0359832635983264
0.06657202630006
0.0882247459653317
1.03682008368201
0.0456066945606695
0.214704124327555
0.0634787806335923
0.0579796772265391
0.195457262402869
0.165212193664077
0.00848774656306039
0.0442319187089062
0.0593544530783024
0.0414823670053796
0.115720263000598
0.00298864315600717
0.253197848176928
0.130155409444112
0.0609010759115363
0.16246264196055
0.0511057979677227
0.0786013150029886
0.0758517632994623
0.209205020920502
0.0744769874476987
0.140466228332337
0.110221159593545
0.0318589360430365
0.0126120741183503
0.280349671249252
0.0744769874476987
0.0139868499701136
0.105237597130902
0.123968918111178
0.14596533173939
0.0194859533771668
0.0909742976688584
0.0194859533771668
0.0552301255230126
0.275881649731022
0.0442319187089062
0.0167364016736402
0.011237298266587
0.114345487148834
0.186521219366408
0.0552301255230126
0.0634787806335923
0.052480573819486
0.0964734010759115
0.0339210998206814
0.109705618649133
0.123968918111178
0.0689778840406455
0.0181111775254035
0.0845300358637178
0.0497310221159594
0.0585381799163179
0.038732815301853
0.137716676628811
0.110221159593545
0.0304841601912732
0.00848774656306037
0.14246394949193
0.0717274357441721
0.0772265391512255
0.0277346084877466
0.0167364016736402
0.0717274357441721
0.117095038852361
0.0784724297668856
0.00298864315600717
0.0683334578601316
0.15421398684997
0.00573819485953378
0.0648535564853556
0.0964734010759115
1.13030484160191
0.0542849671249254
0.02498505678422
0.0538553496712492
0.066228332337119
0.0634787806335923
0.0854751942618051
0.107471607890018
0.011237298266587
0.0980629856545129
0.0731022115959357
0.00573819485953378
0.0882247459653318
0.143215780035864
0.0359832635983264
0.0456066945606695
0.0194859533771668
0.0689778840406455
0.00573819485953378
0.0854751942618051
0.0820382546323968
0.112970711297071
0.0167364016736402
0.0579796772265391
0.0579796772265391
0.097848176927675
0.0717274357441721
0.066228332337119
0.0827256425582785
0.0607292289300657
0.0717274357441721
0.261102809324566
0.159713090257023
0.0882247459653317
0.0799760908547521
0.16246264196055
0.126718469814704
0.0497310221159594
0.0139868499701136
0.048356246264196
0.134967124925284
0.121219366407652
0.00298864315600717
0.011237298266587
0.0611158846383742
0.205080693365213
0.0744769874476987
0.0579796772265392
0.119414973102212
0.0511057979677226
1.25128511655708
0.171398684997011
0.104722056186491
0.0964734010759115
0.192707710699342
0.000239091452480579
0.137716676628811
0.239450089659295
0.0937238493723849
0.0665075836820084
0.00298864315600717
0.0823819485953377
0.0359832635983264
0.0706963538553497
0.200956365809922
0.00848774656306037
0.0847878063359234
0.0909742976688584
0.231201434548715
0.0671520098625223
0.0634787806335923
0.222952779438135
0.0517931858936043
0.0222355050806934
0.00298864315600717
0.000239091452480579
0.115720263000598
0.107471607890018
0.0357254931261207
0.0799760908547519
0.02498505678422
0.723371189479976
0.0304841601912732
0.0875373580394501
0.121219366407651
0.200956365809922
0.0731022115959357
0.0466377764494919
0.0572922893006576
0.050633218768679
0.0552301255230126
0.02498505678422
0.0476688583383143
0.0631350866706516
0.137716676628811
0.198206814106396
0.101972504482965
0.011237298266587
0.0676031081888824
0.136556709503885
0.0332337118947998
0.112970711297071
0.0775702331141662
0.0937238493723849
0.00848774656306037
0.0384320830842797
0.0909742976688584
0.0676031081888823
0.0834130304841602
0.066228332337119
0.209205020920502
0.0717274357441721
0.0526309399282726
0.0579796772265391
0.0481843992827257
0.0909742976688585
0.115720263000598
0.038732815301853
0.178959952181709
0.178959952181709
0.206455469216976
0.0744769874476987
0.0167364016736402
0.0744769874476987
0.0469814704124327
0.130327256425583
0.0139868499701136
0.803108188882247
0.0731022115959355
0.0746917961745367
0.066228332337119
0.102659892408846
0.101972504482965
0.0841004184100418
0.00298864315600717
0.0717274357441722
0.110221159593545
0.0462940824865511
0.104722056186491
0.165212193664077
0.17071129707113
0.0882247459653317
0.126718469814704
0.242199641362821
0.0579796772265391
0.081350866706515
0.0778280035863718
0.0304841601912732
0.0475829348475791
0.0909742976688584
0.0882247459653317
0.066228332337119
0.125343693962941
0.066228332337119
0.011237298266587
0.0469814704124328
0.048356246264196
0.123968918111178
0.15421398684997
0.0407949790794979
0.0414823670053796
0.0717274357441721
0.123968918111178
0.0269612970711297
0.0799760908547519
0.066228332337119
0.0607292289300657
0.0689778840406455
0.0304841601912732
0.0359832635983264
0.0634787806335923
0.140036610878661
0.173460848774656
0.129468021518231
0.0617388299462044
0.139778840406456
0.00848774656306037
0.0277346084877466
0.167961745367603
0.0882247459653317
0.16370853257621
0.0634787806335923
0.121219366407651
0.132217573221757
0.0359832635983264
0.176210400478183
0.112970711297071
0.0469814704124328
0.0689778840406455
0.123968918111178
0.123968918111178
0.00298864315600717
0.343933054393305
0.092520920502092
0.0593544530783024
0.0717274357441721
0.0832411835026898
0.16246264196055
0.0744769874476987
0.011237298266587
0.0964734010759115
0.137716676628811
0.0167364016736402
0.0894276748356246
0.00573819485953378
0.0806634787806338
0.246323968918111
0.0937238493723849
0.114903989838613
0.0530390765092647
0.161087866108787
0.0992229527794381
0.0139868499701136
0.114345487148834
0.143215780035864
0.0277346084877466
0.00848774656306037
0.0139868499701136
0.0301404662283323
0.0736177525403469
0.0841004184100417
0.134967124925284
0.10386282127914
0.0449193066347878
0.0897713687985656
0.0634787806335923
0.00298864315600717
0.0528242677824267
0.0964734010759115
0.0593544530783025
0.0772265391512253
0.0552301255230126
0.0772265391512253
0.0992229527794381
0.0579796772265391
0.132217573221757
0.0834774731022115
0.371428571428571
0.02498505678422
0.052480573819486
0.0462940824865511
0.0277346084877466
0.123968918111178
0.151464435146444
0.0799760908547519
0.038732815301853
0.0497310221159594
0.0854751942618051
0.0964734010759115
0.143215780035864
0.02498505678422
0.151464435146444
0.00848774656306037
0.143215780035864
0.0222355050806934
0.02498505678422
0.0497310221159594
0.0799760908547519
0.0222355050806934
0.0139868499701136
0.066228332337119
0.167961745367603
0.0786013150029886
0.0714267035265989
0.0944112372982669
0.0744769874476989
0.0703526598924088
0.175523012552301
0.066228332337119
0.167961745367603
0.0126120741183503
0.038732815301853
0.0634787806335924
0.0139868499701136
0.0167364016736402
0.0711259713090257
0.052480573819486
0.0964734010759115
0.242199641362821
0.02498505678422
0.000239091452480579
0.0566049013747758
0.000239091452480579
0.206455469216976
0.0497310221159594
0.0727585176329945
0.052480573819486
0.0816945606694561
0.0634787806335923
0.0579796772265391
0.222952779438135
0.0139868499701136
0.0634787806335923
0.101972504482965
0.02498505678422
0.0277346084877466
0.0827256425582788
0.0236102809324567
0.0744769874476987
0.0552301255230126
0.0624476987447699
0.239450089659295
0.0950986252241481
0.0579796772265391
0.0304841601912732
0.338433950986252
0.0885684399282725
0.060729228930066
0.0806634787806337
0.104722056186491
0.0607292289300657
0.0603855349671249
0.107471607890018
0.0139868499701136
0.0949267782426781
0.02498505678422
0.148714883442917
0.0297108487746563
0.102445083682008
0.110092274357441
0.220203227734608
0.0822101016138673
0.0648535564853556
0.02498505678422
0.0598699940227137
0.159713090257023
0.0882247459653317
0.319358936043036
0.0407949790794979
0.062104004781829
0.00848774656306037
0.0799760908547519
0.0469814704124328
0.0627913927077107
0.0456066945606695
0.0689778840406455
0.0720711297071126
0.165212193664077
0.15421398684997
0.607890017931857
0.0728014793783622
0.0717274357441721
0.0359832635983263
0.0882247459653317
0.151464435146444
0.0937238493723849
0.147640839808727
0.066228332337119
0.0634787806335923
0.129468021518231
0.0634787806335923
0.0607292289300657
0.0810071727435746
0.0263598326359833
0.0456066945606695
0.123968918111178
0.0942393903167962
0.119844590555888
0.0428571428571428
0.000239091452480579
0.0846589210998208
0.129468021518231
0.0332337118947998
0.0332337118947998
0.00848774656306037
1.31452480573819
0.324686192468619
0.0222355050806934
0.16658696951584
0.15421398684997
0.052480573819486
0.00573819485953378
0.052480573819486
0.0497310221159594
0.16246264196055
0.16246264196055
0.0813508667065152
0.16246264196055
0.0332337118947998
0.02498505678422
0.0909742976688584
0.110221159593545
0.134967124925284
0.0579796772265392
0.0277346084877466
0.453915122534369
0.0744769874476987
0.209205020920502
0.00848774656306037
0.132217573221757
0.0469814704124328
0.156963538553497
0.0978481769276747
0.0882247459653317
0.0277346084877466
0.0469814704124328
0.173246040047818
0.103347280334728
0.184459055588763
0.0167364016736402
0.00298864315600717
0.0689778840406455
0.0139868499701136
0.00298864315600717
0.0772265391512253
0.0634787806335923
0.294441123729827
0.17071129707113
0.0854751942618051
1.59772863120143
0.0277346084877466
0.0555738194859536
0.0968170950388524
0.075851763299462
0.0827256425582785
0.272444710101614
0.110221159593545
0.110221159593545
0.0909742976688584
0.0857759264793783
0.0456066945606695
0.31678123132098
0.0304841601912732
0.00298864315600717
0.266945606694561
0.115720263000598
0.0139868499701136
0.132217573221757
0.118469814704124
0.0846159593544532
0.115720263000598
0.000239091452480579
0.107471607890018
0.112970711297071
0.198206814106396
0.173460848774656
0.0399357441721458
0.0806634787806337
0.0827256425582785
0.0442319187089062
0.214704124327555
0.0744769874476987
0.140466228332337
0.0387328153018529
0.0689778840406455
0.0940675433353254
0.105924985056784
0.0909742976688584
0.0359832635983263
0.0579796772265391
0.000239091452480579
0.0222355050806934
0.074476987447699
0.0552301255230126
0.0693215780035863
0.0469814704124328
0.0277346084877466
0.140466228332337
0.129468021518231
0.00298864315600717
0.0542312649432158
0.0497310221159594
0.0992229527794381
0.0712118947997609
0.167961745367603
0.00848774656306037
0.0442319187089062
0.0277346084877466
0.0937238493723849
0.0827256425582785
0.0607292289300657
0.0744769874476987
0.0786013150029886
0.066228332337119
0.091317991631799
0.0479695905558876
0.0332337118947998
0.0277346084877466
0.0937238493723853
0.14579348475792
0.147705282426778
0.107127913927077
0.0717274357441721
0.0946690077704724
0.0414823670053796
0.0760665720263
0.0277346084877466
0.0717274357441721
0.0968815376569039
0.0882247459653317
0.139091452480574
0.14596533173939
0.101972504482965
0.011237298266587
0.00298864315600717
0.0854751942618051
0.0634787806335923
0.0469814704124328
0.0332337118947998
0.123968918111178
0.00573819485953378
0.140466228332337
0.0332337118947998
0.0414823670053796
0.327435744172146
0.15421398684997
0.0607292289300658
0.137716676628811
0.0703526598924087
0.0992229527794381
0.0414823670053796
0.101972504482965
0.0964734010759115
0.00848774656306037
0.00573819485953378
0.00298864315600717
0.0414823670053796
0.0402794381350867
0.0236102809324567
0.0950986252241482
0.110221159593545
0.129725791990436
0.011237298266587
0.123968918111178
0.0167364016736402
0.0304841601912732
0.109705618649134
0.0772265391512253
0.0731881350866707
0.0634787806335923
0.159713090257023
0.0359832635983264
0.0222355050806934
0.110221159593545
0.104378362223551
0.0609010759115361
0.178959952181709
0.143215780035864
0.206455469216976
0.0782576210400478
0.228451882845188
0.16246264196055
0.16246264196055
0.16246264196055
0.0682904961147638
0.0717274357441721
0.0717274357441721
0.052480573819486
0.0689778840406457
0.000239091452480579
0.0854751942618051
0.0325463239689181
0.0937238493723849
0.052480573819486
0.0153616258218769
0.00298864315600717
0.118469814704124
0.0607292289300657
0.122594142259414
0.0469814704124328
0.118469814704124
0.183084279737
0.02498505678422
0.101972504482965
0.0645098625224148
0.00573819485953378
0.0497310221159594
0.126718469814704
0.0614166168559475
0.106311640765093
0.0579796772265391
0.0854751942618051
0.000239091452480579
0.0786013150029886
0.0926927674835625
0.0552301255230126
0.038732815301853
0.0689778840406455
0.108846383741781
0.100597728631202
0.0404512851165571
0.0895995218170949
0.0724148236700539
0.0772265391512253
0.0676031081888823
0.110221159593545
0.0778280035863717
0.0304841601912732
0.0634787806335923
0.155588762701733
0.156963538553497
0.0677749551703526
0.185833831440526
0.117782426778243
0.066228332337119
0.0964734010759115
0.0456066945606695
0.0359832635983264
0.0854751942618051
0.0552301255230126
0.038732815301853
0.121219366407651
0.011237298266587
0.0580656007172743
0.00848774656306037
0.011237298266587
0.192707710699342
0.0894276748356246
0.126718469814704
0.000239091452480579
0.00848774656306037
0.132217573221757
0.0717274357441721
0.129468021518231
0.0827256425582786
0.0964734010759115
0.14596533173939
0.0689778840406456
0.103519127316198
0.148714883442917
0.0277346084877466
0.0827256425582787
0.176210400478183
0.118469814704124
0.0497310221159594
0.0981918708906153
0.129468021518231
0.0717274357441724
0.0277346084877466
0.0655409444112373
0.0937238493723849
0.0277346084877466
0.200956365809922
0.0964734010759112
0.0359832635983264
0.0827256425582785
0.0538553496712494
0.0964734010759115
0.321936640765093
0.121219366407651
0.0895995218170951
0.0263598326359833
0.125343693962941
0.132217573221757
0.137716676628811
0.15421398684997
0.0836708009563658
0.0486999402271368
0.118469814704124
0.0822101016138672
0.066228332337119
0.0648535564853558
0.106096832038255
0.00573819485953378
0.15008965929468
0.00848774656306037
0.139091452480574
0.165212193664077
0.0318589360430365
0.108846383741781
0.0882247459653317
0.103347280334728
0.176210400478183
0.127921398684997
0.0478407053197848
0.101285116557083
0.0469814704124328
0.0669157202630006
0.038732815301853
0.0167364016736402
0.075422145845786
0.101972504482965
0.196617229527794
0.0834130304841603
0.0442319187089062
0.0579796772265391
0.0909742976688584
0.0341359085475195
0.0497310221159594
0.00298864315600717
0.00298864315600717
0.0827256425582785
0.161087866108787
0.143215780035864
0.00848774656306037
0.0462940824865511
0.0950986252241482
0.0442319187089062
0.038732815301853
0.00573819485953378
0.126718469814704
0.133076808129109
0.0428571428571428
0.100017745068739
0.0332337118947998
0.0277346084877466
0.0167364016736402
0.126718469814704
0.0617603108188882
0.0854751942618051
0.02498505678422
0.132217573221757
0.066228332337119
0.011237298266587
0.0909742976688584
0.134967124925284
0.106440526001196
0.11228332337119
0.0442319187089062
0.0194859533771668
0.0607292289300657
0.00848774656306037
0.038732815301853
0.0607292289300657
0.0552301255230126
0.0731022115959354
0.198206814106396
0.038732815301853
0.0827256425582785
0.126718469814704
0.101972504482965
0.0277346084877466
0.166737335624626
0.052480573819486
0.0497310221159594
0.0799760908547519
0.126718469814704
0.0882247459653317
0.02498505678422
0.250448296473401
0.15833831440526
0.0139868499701136
0.0772265391512253
0.0194859533771668
0.250448296473401
0.0194859533771668
0.148714883442917
0.15421398684997
0.0882247459653317
0.0538553496712493
0.106096832038254
0.154901374775852
0.0679468021518231
0.167961745367603
0.0387328153018529
0.0607292289300657
0.0373580394500896
0.0676031081888823
0.00298864315600717
0.0627913927077107
0.038732815301853
0.0332337118947998
0.0634787806335923
0.067087567244471
0.000239091452480579
0.156963538553497
0.0298826957561268
0.0538553496712494
0.0854751942618051
0.0194859533771668
0.00298864315600717
0.0635432232516437
0.13359234907352
0.140466228332337
0.0731022115959355
0.0827256425582785
0.0304841601912732
0.0909742976688584
0.0414823670053796
0.066228332337119
0.192707710699342
0.0469814704124328
0.157565002988643
0.00917513448894203
0.321936640765092
0.0627913927077108
0.00298864315600717
0.0964734010759115
0.0332337118947998
0.0827256425582785
0.118813508667065
0.00848774656306037
0.0401075911536162
0.0772265391512253
0.397549312612074
0.0497310221159594
0.0956141661685594
0.0703526598924089
0.0607292289300657
0.0359832635983264
0.0909742976688584
0.132217573221757
0.0326322474596533
0.244949193066348
0.286192468619247
0.0414823670053796
0.269695158398087
0.0332337118947998
0.651882845188285
0.123968918111178
0.194769874476988
0.110221159593545
0.0744769874476987
0.0139868499701136
0.0387328153018529
0.0854751942618052
0.0469814704124328
0.00298864315600717
0.0731022115959355
0.15421398684997
0.143215780035864
0.00298864315600717
0.0222355050806934
0.0634787806335923
0.0414823670053796
0.0854751942618051
0.0442319187089062
0.130842797369994
0.0942393903167962
0.0462940824865511
0.0689778840406455
0.0332337118947997
0.0304841601912732
0.0304841601912732
0.00573819485953378
0.0964734010759115
0.011237298266587
0.0689778840406458
0.0827256425582785
0.0731022115959355
0.0658846383741783
0.0428571428571429
0.0964734010759115
0.066228332337119
0.143215780035864
0.0772265391512253
0.244949193066348
0.0634787806335922
0.118469814704124
0.0772265391512253
0.0359832635983264
0.0715555887627018
0.0222355050806934
0.0580656007172743
0.0882247459653316
0.181709503885236
0.112798864315601
0.0579796772265391
0.0359832635983264
0.011237298266587
0.0442319187089062
0.184459055588763
0.117095038852361
0.0717274357441721
0.068913441422594
0.0634787806335923
0.066228332337119
0.129768753735804
0.0277346084877466
0.0428571428571428
0.143215780035864
0.0359832635983264
0.022922893006575
0.188067842199641
0.0992229527794382
0.0731022115959355
0.0538553496712492
0.121219366407651
0.0462081589958159
0.0456066945606695
0.165212193664077
0.0167364016736402
0.0359832635983264
0.0888691721458458
0.139778840406456
0.00298864315600717
0.244949193066348
0.000239091452480579
0.0744769874476987
0.0139868499701136
0.0497310221159594
0.165212193664077
0.0511057979677227
0.0930364614465034
0.101972504482965
0.0607292289300657
0.192707710699342
0.0497310221159593
0.101285116557083
0.0414823670053796
0.0648535564853556
0.0538553496712492
0.0657127913927076
0.184459055588763
0.144590555887627
0.0792887029288704
0.115720263000598
0.0332337118947998
0.0407949790794978
0.0194859533771668
0.0201733413030484
0.000239091452480579
0.052480573819486
0.11228332337119
0.0347803347280335
0.0887402869097428
0.0909742976688584
0.156619844590556
0.0528242677824267
0.0538553496712492
0.0793531455469217
0.110221159593545
0.0387328153018529
0.191332934847579
0.0139868499701136
0.0875373580394499
0.112970711297071
0.151464435146444
0.0449193066347878
0.112970711297071
0.0194859533771668
0.126718469814704
0.0937238493723849
0.0607292289300657
0.00298864315600717
0.143215780035864
0.000239091452480579
0.0497310221159594
0.0929934997011357
0.066228332337119
0.0469814704124328
0.0442319187089062
0.0847878063359237
0.169336521219366
0.00848774656306037
0.129468021518231
0.0359832635983264
0.0277346084877466
0.119844590555888
0.0566049013747758
0.140466228332337
0.0772265391512253
0.0992229527794381
0.02498505678422
0.0174237895995218
0.00298864315600717
0.0634787806335924
0.0799760908547519
0.148714883442917
0.02498505678422
0.0469814704124328
0.00573819485953378
0.0655409444112375
0.0552301255230126
0.112970711297071
0.0923490735206217
0.473161984459056
0.0511057979677226
0.0854751942618051
0.0442319187089062
0.0772265391512254
0.011237298266587
0.0277346084877466
0.134967124925284
0.000239091452480579
0.0359832635983263
0.0744769874476987
0.0665720263000598
0.184459055588763
0.0167364016736402
0.000239091452480579
0.083670800956366
0.0414823670053796
0.340324267782426
0.052480573819486
0.0277346084877466
0.0628128735803945
0.0665935071727434
0.161775254034668
0.0139868499701136
0.0964734010759115
0.085775926479378
0.101972504482965
0.0194859533771668
0.089599521817095
0.0194859533771668
0.0414823670053796
0.0167364016736402
0.066228332337119
0.035913450762104
0.217453676031082
0.0579796772265391
0.0682904961147638
0.211954572624029
0.147683801554094
0.09578601315003
0.0889121338912134
0.140466228332337
0.0469814704124328
0.052480573819486
0.0882247459653317
0.011237298266587
0.0139868499701136
0.118469814704124
0.0497310221159594
0.181709503885236
0.0497310221159594
0.00298864315600717
0.0249850567842199
0.0906306037059174
0.0827256425582785
0.225702331141662
0.143215780035864
0.119844590555888
0.0222355050806934
0.255947399880454
0.109877465630604
0.104722056186491
0.060041841004184
0.02498505678422
0.0937238493723848
0.0464659294680215
0.038732815301853
0.192707710699342
0.00298864315600717
0.0992229527794383
0.217453676031082
0.000239091452480579
0.187208607292289
0.0744769874476987
0.130842797369994
0.110221159593545
0.030827854154214
0.000239091452480579
0.112970711297071
0.0689778840406455
0.128093245666468
0.0579796772265391
0.0181111775254035
0.255947399880454
0.0194859533771668
0.090286909742977
0.0641661685594742
0.038732815301853
0.0717274357441721
0.148714883442917
0.0736177525403469
0.0167364016736402
0.122594142259414
0.0868499701135684
0.0469814704124328
0.149402271368799
0.0198296473401076
0.122594142259414
0.0469814704124328
0.0717274357441721
0.208045053795577
0.0469814704124328
0.104722056186491
0.0545427375971309
0.302689778840406
0.0332337118947998
0.0648535564853557
0.052480573819486
0.0854751942618051
0.0332337118947998
0.0277346084877466
0.137716676628811
0.0772265391512253
0.0511057979677227
0.0717274357441721
0.17071129707113
0.11675134488942
0.133592349073521
0.0914468768679021
0.00848774656306037
0.253197848176928
0.02498505678422
0.156963538553497
0.0720711297071132
0.0442319187089062
0.101972504482965
0.116923191870891
0.134967124925284
0.0139868499701136
0.052480573819486
0.17071129707113
0.011237298266587
0.0972467124925283
0.0937238493723849
0.0332337118947998
0.107471607890018
0.313687985654513
0.0662283323371189
0.0882247459653317
0.0442319187089062
0.0194859533771668
0.0799760908547519
0.0414823670053796
0.02498505678422
0.115720263000598
0.101972504482965
0.393424985056784
0.0689778840406455
0.00848774656306037
0.0717274357441721
0.0751214136282129
0.0744769874476987
0.011237298266587
0.129468021518231
0.00573819485953378
0.066228332337119
0.126718469814704
0.000239091452480579
0.050955431858936
0.132217573221758
0.115720263000597
0.0868499701135685
0.143215780035864
0.00573819485953378
0.0882247459653317
0.0167364016736402
0.15421398684997
0.101972504482965
0.0634787806335923
0.0909742976688584
0.107471607890018
0.0992229527794381
0.0775702331141663
0.0909742976688584
0.122765989240884
0.0277346084877466
0.0139868499701136
0.0579796772265391
0.0139868499701136
0.038732815301853
0.121219366407651
0.107471607890018
0.107643454871488
0.14596533173939
0.17071129707113
0.0414823670053796
0.104722056186491
0.181709503885236
0.0634787806335924
0.0545427375971309
0.02498505678422
0.0548864315600718
0.052480573819486
0.15189405260012
0.0359832635983263
0.0332337118947998
0.0552301255230126
0.464913329348476
0.117782426778243
0.1081589958159
0.0277346084877466
0.0827256425582785
0.332934847579199
0.0648535564853555
0.0813508667065152
0.156963538553497
0.0751643753735804
0.0739614465032875
0.0804916317991634
0.056261207411835
0.02498505678422
0.0607292289300657
0.107729378362224
0.0854751942618053
0.0304841601912732
0.15833831440526
0.0277346084877466
0.0552301255230126
0.0744769874476987
0.13771667662881
0.02498505678422
0.118469814704125
0.0882247459653318
0.00848774656306037
0.176210400478183
0.0469814704124328
0.0469814704124328
0.00573819485953378
0.28344291691572
0.123968918111178
0.170754258816497
0.0504184100418411
0.319187089061566
0.0827256425582784
0.0579796772265391
0.0703526598924087
0.172429766885834
0.0167364016736402
0.0772265391512253
0.00573819485953378
0.0848737298266586
0.126718469814704
0.0456066945606695
0.00848774656306039
0.0633069336521219
0.0617603108188882
0.0277346084877466
0.104722056186491
0.0967741332934847
0.255947399880454
0.000239091452480579
0.110221159593545
0.0139868499701136
0.11228332337119
0.195457262402869
0.00573819485953378
0.0682904961147638
0.0799760908547519
0.104722056186491
0.316437537358039
0.107471607890018
0.0889121338912135
0.181709503885236
0.070352659892409
0.119844590555888
0.0689778840406455
0.115032875074716
0.0882247459653317
0.0937238493723849
0.0497310221159594
0.294441123729827
0.181709503885236
0.14596533173939
0.0634787806335923
0.0139868499701136
0.0524805738194861
0.00848774656306037
0.110393006575015
0.0992229527794381
0.0543816310520024
0.052480573819486
0.038732815301853
0.0662283323371189
0.0689778840406455
0.250448296473401
0.0823819485953378
0.0992229527794381
0.0552301255230126
0.0634787806335922
0.0689778840406455
0.0621040047818291
0.0435445307830245
0.0442319187089062
0.0442319187089062
0.0846159593544529
0.101972504482965
0.0421697549312613
0.0167364016736401
0.104722056186491
0.275194261805141
0.0414823670053796
0.0449193066347878
0.0889121338912132
0.0653261356843993
0.0920053795576809
0.16246264196055
0.132217573221757
0.113292924387328
0.00298864315600717
0.209205020920502
0.126718469814704
0.0607292289300657
0.121219366407651
0.0772265391512253
0.390675433353258
0.0194859533771668
0.0194859533771668
0.209205020920502
0.0332337118947998
0.0414823670053796
0.0722429766885835
0.00573819485953378
0.038732815301853
0.0342647937836222
0.151464435146444
0.0469814704124328
0.0139868499701136
0.00298864315600717
0.0359832635983264
0.0359832635983264
0.143215780035864
0.103347280334728
0.0139868499701136
0.200956365809922
0.0634787806335923
0.0689778840406455
0.0139868499701136
0.00573819485953378
0.115720263000598
0.0139868499701136
0.089599521817095
0.0717274357441722
0.0277346084877466
0.0469814704124328
0.187810071727436
0.107471607890018
0.112970711297071
0.0469814704124328
0.0895995218170953
0.0992229527794381
0.0359832635983264
0.118469814704124
0.106268679019725
0.0579796772265391
0.0167364016736402
0.0799760908547519
0.0686341900777047
0.165212193664076
0.187208607292289
0.115720263000598
0.0689778840406455
0.178959952181709
0.159713090257023
0.231201434548715
0.0772265391512253
0.138833682008368
0.0799760908547519
0.0414823670053796
0.0799760908547519
0.0469814704124328
0.0535116557083085
0.0167364016736402
0.0909742976688583
0.244949193066348
0.0222355050806934
0.0964734010759118
0.0937238493723851
0.097504482964734
0.0909742976688584
0.0552301255230126
0.0607292289300657
0.0241687836222355
0.15008965929468
0.02498505678422
0.0462940824865512
0.0607292289300657
0.0607292289300657
0.052480573819486
0.00573819485953378
0.00573819485953378
0.0882247459653317
0.0868499701135683
0.0277346084877466
0.0966452480573823
0.112970711297071
0.112970711297071
0.0689778840406455
0.15421398684997
0.107471607890018
0.118469814704124
0.0667438732815303
0.0126120741183503
0.0579796772265391
0.0346084877465631
0.0772265391512253
0.0549293933054393
0.0964734010759115
0.43741781231321
0.107471607890018
0.0844441123729826
0.0992229527794381
0.0827256425582785
0.0884825164375372
0.178959952181709
0.0771406156604905
0.0331048266586969
0.106096832038255
0.0852174237895994
0.0414823670053796
0.126718469814704
0.15421398684997
0.126718469814704
0.00848774656306037
0.126031081888823
0.121219366407651
0.066228332337119
0.0772265391512253
0.115720263000598
0.0222355050806934
0.0854751942618051
0.0717274357441721
0.115720263000598
0.118297967722654
0.133592349073521
0.011237298266587
0.0847878063359234
0.105753138075314
0.102101389719067
0.302689778840406
0.137716676628811
0.038732815301853
0.0579796772265392
0.0566049013747758
0.0634787806335923
0.0469814704124328
0.0469814704124328
0.0469814704124328
0.0222355050806934
0.0923490735206215
0.136835960848775
0.0772265391512253
0.130756873879259
0.011237298266587
0.0297967722653916
0.313000597728631
0.110221159593545
0.0373580394500897
0.130155409444112
0.0579796772265391
0.139091452480574
0.0662283323371189
0.132217573221757
0.200956365809922
0.0449193066347878
0.00573819485953378
0.0627913927077107
0.0689778840406455
0.011237298266587
0.0686341900777047
0.233950986252241
0.0997384937238493
0.0937238493723849
0.0786013150029887
0.0471533173939031
0.0167364016736402
0.107471607890018
0.101972504482965
0.173460848774656
0.0751643753735804
0.0304841601912732
0.0744769874476987
0.110221159593545
0.134967124925284
0.116063956963539
0.115720263000598
0.0937238493723849
0.19167662881052
0.211954572624029
0.0882247459653318
0.15421398684997
0.100769575612672
0.104722056186491
0.118469814704124
0.280693365212194
0.052480573819486
0.0799760908547519
0.0277346084877466
0.0868499701135686
0.0304841601912732
0.0359832635983264
0.192707710699342
0.0827256425582786
0.052480573819486
0.00573819485953378
0.264196054991034
0.118469814704124
0.0194859533771668
0.112970711297071
0.198206814106396
0.126718469814704
0.0222355050806934
0.0992229527794381
0.066228332337119
0.0469814704124328
0.128093245666467
0.0992229527794381
0.0332337118947998
0.0870218170950389
0.011237298266587
0.0605573819485953
0.0359832635983264
0.081350866706515
0.011237298266587
0.0469814704124328
0.0909742976688584
0.0167364016736402
0.0799760908547517
0.112820345188285
0.0469814704124328
0.16246264196055
0.132217573221757
0.0304841601912732
0.102939143753736
0.104722056186491
0.0945830842797369
0.0552301255230126
0.0497310221159594
0.123968918111178
0.0923490735206215
0.115720263000598
0.129468021518231
0.160916019127316
0.233950986252241
0.0222355050806934
0.0916616855947398
0.0359832635983264
0.184459055588763
0.0607292289300657
0.126031081888822
0.0552301255230126
0.0401075911536163
0.0937238493723849
0.011237298266587
0.0469814704124328
0.0359832635983264
0.0194859533771668
0.151464435146444
0.0568197101016139
0.052480573819486
0.0655409444112375
0.093723849372385
0.0895995218170952
0.0579796772265391
0.099222952779438
0.0717274357441721
0.112970711297071
0.066228332337119
0.0841004184100418
0.0194859533771668
0.0359832635983264
0.140466228332337
0.0414823670053796
0.0964734010759115
0.00298864315600717
0.181709503885236
0.112970711297071
0.0717274357441721
0.00573819485953378
0.00573819485953378
0.0847878063359235
0.0222355050806934
0.0871292214584579
0.000239091452480579
0.0992229527794381
0.115720263000598
0.0744769874476987
0.0414823670053796
0.114345487148834
0.133592349073521
0.111595935445308
0.332934847579199
0.0497310221159594
0.398924088463837
0.0476688583383145
0.0428571428571429
0.258696951583981
0.0514709728033473
0.0414823670053796
0.0634787806335923
0.0964734010759115
0.107471607890018
0.0964734010759115
0.491034070531979
0.171914225941422
0.108846383741782
0.101800657501495
0.0469814704124328
0.0456066945606695
0.0992229527794381
0.0964734010759115
0.02498505678422
0.0880528989838613
0.195457262402869
0.668380155409444
0.0502465630603706
0.342740865959354
0.0799760908547519
0.286192468619247
0.0676031081888822
0.0579796772265391
0.101972504482965
0.0717274357441721
0.0277346084877466
0.123968918111178
0.126718469814704
0.0562612074118351
0.0139868499701136
0.0377017334130306
0.0442319187089062
0.0387328153018529
0.00573819485953378
0.0304841601912732
0.137716676628811
0.0717274357441721
0.0834130304841603
0.14596533173939
0.0772265391512253
0.159369396294082
0.0469814704124328
0.0607292289300657
0.0634787806335923
0.00298864315600717
0.0139868499701136
0.0579796772265391
0.0579796772265392
0.178959952181709
0.107901225343694
0.0194859533771668
0.0883106694560667
0.0304841601912732
0.233950986252241
0.038732815301853
0.0786013150029887
0.0992229527794381
0.126546622833233
0.132217573221758
0.508906156604902
0.0861625821876867
0.112970711297071
0.0194859533771668
0.054757546323969
0.0442319187089061
0.0404512851165571
0.0744769874476987
0.0524805738194859
0.052480573819486
0.145277943813509
0.052480573819486
0.0765391512253436
0.0909742976688584
0.0607292289300657
0.151464435146444
0.0332337118947998
0.0744769874476987
0.130842797369994
0.0744769874476987
0.0497310221159594
0.0194859533771668
0.0689778840406455
0.000239091452480579
0.134967124925284
0.0810071727435744
0.0950986252241481
0.0208607292289301
0.0481843992827257
0.0765391512253438
0.0827256425582785
0.038732815301853
0.156963538553497
0.206455469216976
0.156168746264196
0.0236102809324567
0.0937238493723849
0.0799760908547519
0.11980162881052
0.0359832635983264
0.0641661685594742
0.112970711297071
0.0854751942618051
0.0304841601912732
0.173460848774656
0.107471607890018
0.137716676628811
0.112970711297071
0.0799760908547519
0.187208607292289
0.255947399880454
0.0208607292289301
0.0593544530783025
0.0882247459653317
0.143215780035864
0.0827256425582785
0.0895995218170951
0.0648535564853557
0.0538553496712492
0.112970711297071
0.02498505678422
0.0277346084877466
0.932337118947998
0.0359832635983264
0.114001793185894
0.0607292289300657
0.0167364016736402
0.0634787806335923
0.0428571428571429
0.132733114166169
0.00573819485953378
0.0909742976688584
0.137716676628811
0.0442319187089062
0.112970711297071
0.178959952181709
0.0634787806335923
0.0442319187089062
0.02498505678422
0.0717274357441721
0.0442319187089062
0.0277346084877466
0.0799760908547519
0.0827256425582785
0.057893753735804
0.0167364016736402
0.0689778840406455
0.0643380155409444
0.0304841601912732
0.011237298266587
0.0222355050806934
0.134967124925284
0.155588762701733
0.0525450164375371
0.231201434548715
0.357680812910938
0.052480573819486
0.0414823670053796
0.00573819485953378
0.155588762701733
0.143215780035864
0.121219366407651
0.0854751942618051
0.0772265391512253
0.110221159593545
0.0304841601912732
0.062104004781829
0.115032875074716
0.0964734010759115
0.0469814704124328
0.0332337118947998
0.28344291691572
0.151464435146444
0.118469814704124
0.217453676031082
0.0325463239689181
0.034608487746563
0.0442319187089062
0.0634787806335923
0.0552301255230126
0.011237298266587
0.0483562462641961
0.0909742976688584
0.104722056186491
0.0799760908547519
0.0469814704124328
0.16658696951584
0.0854751942618054
0.0359832635983264
0.0874514345487148
0.174663777644949
0.159713090257023
3.48942020322773
0.0359832635983264
0.0634787806335923
0.0552301255230126
0.140466228332337
0.0889121338912134
0.132217573221757
0.0366706515242081
0.163150029886432
0.167961745367603
0.132217573221757
0.0387328153018529
0.0572063658099223
0.0442319187089062
0.00848774656306037
0.173460848774656
0.16246264196055
0.0772265391512253
0.0447474596533174
0.108846383741781
0.0634787806335923
0.236700537955768
0.0827256425582785
0.217453676031082
0.0545427375971309
0.0139868499701136
0.17071129707113
0.060686267184698
0.0579796772265391
0.0339210998206814
0.133764196054991
0.115720263000598
0.0634787806335923
0.0926068439928278
0.0923490735206218
0.147984533771668
0.0827256425582785
0.0882247459653317
0.0304841601912732
0.140466228332337
0.101972504482965
0.110221159593545
0.143215780035864
0.0731022115959355
0.0909742976688584
0.0359832635983264
0.0964734010759115
0.0304841601912732
0.0889121338912135
0.159713090257023
0.0964734010759115
0.0811790197250445
0.107471607890018
0.0552301255230126
0.110221159593545
0.0882247459653317
0.0497310221159594
0.129468021518231
0.0744769874476987
0.101972504482965
0.0373580394500897
0.0634787806335923
0.140466228332338
0.0813508667065154
0.226389719067543
0.159713090257023
0.0703526598924086
0.0359832635983264
0.0284219964136283
0.195457262402869
1.78194859533772
0.123968918111177
0.117095038852361
0.123968918111178
0.0414823670053796
0.0607292289300657
0.0572922893006575
0.103347280334728
0.0820382546323968
0.107471607890018
0.14596533173939
0.0950986252241482
0.0629632396891811
0.131959802749552
0.0538553496712494
0.0889121338912132
0.0607292289300657
0.0167364016736402
0.201643753735804
0.0291093843395098
0.129468021518231
0.0359832635983264
0.00298864315600717
0.0469814704124328
0.0277346084877466
0.174148236700538
0.0787302002390913
0.0772265391512253
0.0696652719665275
0.134967124925284
0.183084279736999
0.137716676628811
0.0882247459653317
0.0744769874476987
0.0401075911536163
0.0139868499701136
0.167961745367603
0.187208607292289
0.0194859533771668
0.0552301255230126
0.0758517632994621
0.0359832635983264
0.165212193664077
0.0726027813060371
0.0676031081888823
0.132217573221757
0.0579796772265391
0.222952779438135
0.000239091452480579
0.011237298266587
0.0304841601912732
0.209205020920502
0.187208607292289
0.0572922893006576
0.198206814106396
0.0796323968918112
0.0686341900777047
0.0851315002988642
0.140466228332337
0.0359832635983263
0.0937238493723849
0.0676031081888822
0.0645098625224149
0.0559175134488941
0.02498505678422
0.0909742976688584
0.121219366407651
0.107471607890018
0.0787731619844591
0.011237298266587
0.0744769874476987
0.0772265391512253
0.0359832635983264
0.0634787806335923
0.112970711297071
0.165212193664077
0.08753735803945
0.0414823670053796
0.127921398684997
0.107643454871488
0.104722056186491
0.0139868499701136
0.0194859533771668
0.16246264196055
0.132217573221757
0.123968918111178
0.0277346084877466
0.0167364016736402
0.038732815301853
0.0627913927077107
0.0751643753735805
0.115720263000598
0.0992229527794379
0.132217573221757
0.0792887029288703
0.210579796772266
0.157973139569635
0.159713090257023
0.0914898386132695
0.0469814704124328
0.0607292289300657
0.0909742976688584
0.0689778840406454
0.00298864315600717
0.0359617827256425
0.0757658398087269
0.0194859533771668
0.184459055588763
0.0854751942618051
0.000239091452480579
0.0579796772265391
0.264196054991034
0.134967124925284
0.0346084877465631
0.0703526598924089
0.000239091452480579
0.376927674835625
0.038732815301853
0.0772265391512253
0.0717274357441721
0.110221159593545
0.0456066945606695
0.11228332337119
0.107471607890018
0.115720263000598
0.0304841601912732
0.0552301255230126
0.0318589360430365
0.253197848176928
0.0992229527794381
0.0359832635983264
0.0841004184100418
0.0813508667065154
0.0655409444112373
0.143215780035864
0.0717274357441721
0.0985355648535567
0.214704124327555
0.147340107591154
0.0893417513448895
0.00573819485953378
0.195457262402869
0.0744769874476986
0.129672089808727
0.100683652121937
0.0964734010759115
0.0909742976688584
0.176897788404065
0.0842722653915121
0.126718469814704
0.107471607890018
0.143215780035864
0.0710400478182905
0.0497310221159594
0.122594142259415
0.0937238493723849
0.167961745367603
0.203705917513449
0.112970711297071
0.176210400478183
0.0284219964136282
0.220203227734608
0.0401075911536162
0.0442319187089061
0.0291093843395098
0.0139868499701136
0.084100418410042
0.108846383741781
0.0995344254333534
0.0442319187089062
0.0827256425582785
0.121219366407651
0.0854751942618054
0.101972504482965
0.0669157202630006
0.132217573221757
0.0937238493723849
0.11228332337119
0.140466228332337
0.00573819485953378
0.0277346084877466
0.163837417812313
0.0621040047818291
0.0469814704124328
0.0667009115361627
0.115720263000598
0.00573819485953378
0.258696951583981
0.0167364016736402
0.105323520621638
0.0744769874476987
0.0579796772265391
0.0727370367603107
0.0552301255230126
0.140466228332337
0.00848774656306037
0.165212193664077
0.0634787806335923
0.0786013150029886
0.0277346084877466
0.148714883442917
0.0304841601912732
0.118469814704124
0.0428571428571429
0.140466228332337
0.118469814704125
0.0895995218170951
0.069149731022116
0.0923490735206216
0.0720711297071129
0.0992229527794381
0.0837567244471008
0.0607292289300657
0.0854751942618051
0.0799760908547519
0.164868499701136
0.0607292289300657
0.0469814704124328
0.0870862597130903
0.0332337118947998
0.167961745367603
0.0645098625224148
0.134967124925284
0.00298864315600717
0.0765391512253435
0.0944112372982668
0.040794979079498
0.0654765017931858
0.209205020920502
0.117352809324566
0.052480573819486
0.173460848774656
0.0414823670053795
0.0524805738194859
0.0167364016736402
0.0717274357441721
0.0648535564853557
0.0978481769276748
0.0634787806335923
0.552898983861327
0.0552301255230126
0.000239091452480579
0.0689778840406455
0.173460848774656
0.0414823670053796
0.0600418410041841
0.052480573819486
0.000239091452480579
0.176210400478183
0.266945606694561
0.00298864315600717
0.101972504482965
0.112970711297071
0.247698744769874
0.179067356545129
0.064166168559474
0.052695382546324
0.0359832635983264
0.218828451882845
0.0810071727435745
0.066228332337119
0.286192468619247
0.0194859533771668
0.02498505678422
0.189270771069934
0.294441123729827
0.0359832635983264
0.0579796772265391
0.0662283323371189
0.0552301255230126
0.139005528989839
0.0937238493723849
0.0497310221159594
0.0304841601912732
0.00298864315600717
0.0973326359832634
0.101972504482965
0.0359832635983264
0.144590555887627
0.00573819485953378
0.177456291093843
0.255947399880454
0.110221159593545
0.0277346084877466
0.0717274357441721
0.0167364016736402
0.155502839210999
0.368679019725045
0.0552301255230126
0.14596533173939
0.0744769874476987
0.0456066945606694
0.0717274357441721
0.181709503885236
0.0854751942618051
0.0579796772265391
0.134967124925284
0.0724148236700536
0.15421398684997
0.0799760908547519
0.0641661685594739
0.110221159593545
0.101628810520024
0.0414823670053796
0.0698371189479977
0.143903167961746
0.882845188284519
0.011237298266587
0.0717274357441721
0.000239091452480579
0.0469814704124328
0.105409444112373
0.189958158995816
0.0799760908547519
0.198206814106396
0.0689778840406455
0.0992229527794381
0.187208607292289
0.176210400478183
0.163837417812314
0.066228332337119
0.159713090257023
0.0744769874476987
0.0854751942618051
0.112970711297071
0.0704815451285116
0.0569485953377167
0.401673640167364
0.066228332337119
0.000239091452480579
0.0222355050806934
0.0944112372982666
0.29994022713688
0.231201434548715
0.0909742976688584
0.0730592498505679
0.0841004184100418
0.0689778840406455
0.0579796772265391
0.198206814106396
0.113314405260012
0.0304841601912732
0.0456066945606695
0.141841004184101
0.0332337118947998
0.102659892408846
0.0414823670053796
0.110049312612074
0.0717274357441721
0.0497310221159594
0.0634787806335923
0.115720263000598
0.134967124925284
0.066228332337119
0.0511057979677227
0.0655409444112373
0.0634787806335923
0.187208607292289
0.0442319187089062
0.0314293185893604
0.0909742976688584
0.0332337118947998
0.177037414076509
0.111595935445308
