0
0
0.00848774656306037
0.0992229527794381
0.00424387328153019
0.0538553496712492
0.0765391512253436
0.00424387328153019
0.0167364016736402
0.0021219366407651
0.0517334130304841
0.0104901374775852
0.0992229527794381
0.0992229527794381
0.0304841601912732
0.0194859533771668
0.0104901374775852
0.0593544530783024
0.16246264196055
0.140466228332337
0.0279886431560071
0.000239091452480579
0.0469814704124328
0.0382695756126718
0.0150552898983861
0.0538553496712492
0.16246264196055
0.028735803945009
0.151464435146443
0.000119545726240289
0.0702331141661685
0.156963538553496
0.0767931858936041
0.107471607890018
0.0359832635983264
0.0812910938433951
0.0909742976688584
0.2916915720263
0.0612634488942021
0.110221159593545
0.899342498505678
0.00106096832038255
0.0352958756724447
0.0992229527794379
0.00636580992229528
0.0634787806335923
0.0356470412432755
0.0184249850567842
0.0021219366407651
0.0269276748356246
0.130842797369994
0.0171772265391512
0.104722056186491
0.101972504482965
0.0501419605499103
0.0832449193066347
0.129468021518231
0.0497310221159594
0.0277346084877466
0.0315152420800957
0.0338146294082487
0.0138673042438733
0.0847280334728033
0.104722056186491
0.0269276748356246
0.0717274357441721
0.112970711297071
0.0629482964734011
0.146652719665272
0.0579796772265391
0.0469814704124328
0.123595337716677
0.159713090257023
0.0892558278541543
0.0277346084877466
0.0909742976688584
0.0097429766885834
0.00298864315600717
0.000239091452480579
0.449671249252839
0.0407949790794979
0.0579796772265391
0.0743873281530185
0.0847878063359237
0.0222355050806934
0.122220561864913
0.0304841601912732
0.0335960848774656
0.0194859533771668
0.0300508069336521
0.0497310221159594
0.0799760908547519
0.0277346084877466
0.222952779438135
0.0277346084877466
0.0964734010759115
0.0467162283323371
0.129299910340705
0.0496712492528392
0.121219366407651
0.0139868499701136
0.052480573819486
0.0501419605499103
0.0937238493723849
0.0909742976688584
0.0139868499701136
0.0139868499701136
0.0402346084877465
0.0933203825463238
0.0235803945008966
0.0706122982665869
0.0359832635983264
0.0442319187089062
0.0228631201434549
0.0937238493723849
0.0167364016736402
0.0617304243873281
0.101972504482965
0.02498505678422
0.129468021518231
0.0413142558278542
0.0807932979677226
0.0772265391512253
0.106597429766886
0.200956365809922
0.0517632994620442
0.126718469814704
0.0222355050806934
0.0703526598924089
0.0282501494321578
0.0545128511655708
0.053298714883443
0.00298864315600717
0.0351427077106993
0.148714883442917
0.00842797369994024
0.0332337118947998
0.0469814704124328
0.0394202032277346
0.0579796772265391
0.077913927077107
0.0269575612671847
0.036237298266587
0.0868499701135683
0.011237298266587
0.011237298266587
0.200956365809922
0.0772265391512253
0.0827256425582785
0.0552301255230126
0.0807932979677226
0.0717274357441721
0.0876942618051401
0.00298864315600717
0.000239091452480579
0.036670651524208
0.10850268977884
0.00848774656306037
0.0589509862522415
0.0332337118947998
0.0909742976688584
0.0414076509264794
0.0469814704124328
0.139091452480574
0.0469814704124328
0.0222355050806934
0.165899581589958
0.0414823670053796
0.15008965929468
0.0304841601912732
0.069545726240287
0.132217573221757
0.0442319187089062
0.398924088463837
0.159713090257023
0.0689778840406455
0.107112970711297
0.0471084877465631
0.0758517632994621
0.104722056186491
0.0634787806335924
0.011237298266587
0.0273909145248057
0.0167364016736402
0.0442319187089062
0.118469814704124
0.0538254632396891
0.239450089659295
0.0964734010759114
0.0503586371787209
0.0469814704124328
0.153776897788404
0.0810071727435745
0.066228332337119
0.104722056186491
0.0211745367603108
0.122594142259414
0.244952928870293
0.16246264196055
0.0827256425582786
0.0689778840406455
0.0717274357441721
0.090787507471608
0.0767931858936041
0.038732815301853
0.0434847579199043
0.109690675433353
0.0717274357441721
0.0671828302450686
0.0618275552898983
0.0269874476987448
0.0920240585774056
0.0953040944411236
0.0609346981470412
0.0827256425582785
0.0442319187089062
0.0222355050806934
0.0507471607890018
0.0511057979677227
0.126718469814704
0.0304841601912732
0.0751344889420203
0.0304841601912732
0.0607292289300657
0.0662199267782426
0.02498505678422
0.0744769874476987
0.134967124925284
0.0167364016736402
0.0827256425582785
0.0456066945606695
0.0672295277943813
0.123548640167364
0.115720263000598
0.0937238493723849
0.0228164225941423
0.137716676628811
0.167961745367603
0.376927674835625
0.122594142259414
0.00573819485953378
0.00593245666467425
0.0827256425582785
0.0827256425582785
0.011237298266587
0.0882247459653317
0.0566049013747758
0.14596533173939
0.261446503287507
0.26868275552899
0.0827256425582785
0.0909742976688584
0.0469814704124328
0.026673640167364
0.137716676628811
0.319187089061566
0.0358637178720861
0.0427973699940227
0.064003661087866
0.0419231918708906
0.225702331141662
0.0992229527794381
0.0964734010759115
0.000239091452480579
0.0304841601912732
0.038732815301853
0.0964734010759114
0.0358637178720861
0.0799760908547519
0.129468021518231
0.0442319187089062
0.0497310221159594
0.000239091452480579
0.0485766586969516
0.00573819485953378
0.0852958756724446
0.0194859533771668
0.0359832635983263
0.0936640765092646
0.000239091452480579
0.0359832635983264
0.117095038852361
0.192707710699342
0.132217573221757
0.288942020322773
0.0447810818888224
0.0780241332934848
0.066228332337119
0.011237298266587
0.11228332337119
0.0964734010759115
0.104722056186491
0.0556387290794979
0.1081589958159
0.0854751942618051
0.00573819485953378
0.0827256425582785
0.0139868499701136
0.0621040047818291
0.0662283323371189
0.02498505678422
0.066228332337119
0.038732815301853
0.0263598326359833
0.101800657501494
0.104722056186491
0.0923490735206215
0.112970711297071
0.0304841601912732
0.0332337118947998
0.055013448894202
0.066228332337119
0.0342115585774059
0.225702331141662
0.0566049013747758
0.106096832038255
0.0222355050806934
0.0167364016736402
0.011237298266587
0.0222355050806934
0.0749775851763299
0.0806634787806336
0.0469814704124328
0.0717274357441721
0.0854751942618051
0.101972504482965
0.16246264196055
0.066228332337119
0.0854751942618051
0.00298864315600717
0.0347728631201435
0.000239091452480579
0.134107890017931
0.10219291691572
0.0139868499701136
0.0469515839808727
0.066228332337119
0.0827256425582785
0.0882247459653317
0.0319224447101017
0.0277346084877466
0.0627615062761506
0.151120741183503
0.101972504482965
0.195457262402869
0.0757434249850567
0.0662283323371189
0.409922295277944
0.115720263000598
0.011237298266587
0.0213496525702331
0.0332337118947998
0.0139868499701136
0.0582701359832636
0.0778392109982068
0.0964734010759115
0.00573819485953378
0.144005902570233
0.117095038852361
0.0885310818888224
0.123968918111178
0.174837492528392
0.0634787806335923
0.0765391512253437
0.0895546921697548
0.15421398684997
0.0772265391512252
0.0783360729228929
0.0400478182904962
0.0469814704124328
0.0583233711894799
0.0442319187089062
0.0854751942618051
0.0167364016736402
0.0854751942618051
0.110221159593545
0.0469814704124328
0.0744769874476987
0.0964734010759115
0.066228332337119
0.0413983114166169
0.0565750149432157
0.139763897190676
0.181709503885236
0.0799760908547519
0.156963538553497
0.0350941422594142
0.0968170950388523
0.114345487148834
0.052480573819486
0.0332337118947998
0.0579796772265391
0.038732815301853
0.0756350866706514
0.210579796772265
0.262821279139271
0.0402495517035266
0.128093245666468
0.0978481769276748
0.02498505678422
0.0744769874476987
0.0269874476987448
0.0937238493723849
0.0414823670053796
0.0662283323371189
0.16246264196055
0.0497310221159594
0.0455469216975493
0.0304841601912732
0.107471607890018
0.106096832038254
0.255861476389719
0.0359832635983264
0.126718469814704
0.209205020920502
0.0222355050806934
0.261446503287507
0.0676031081888821
0.0566049013747758
0.0854751942618051
0.0549648834429169
0.0358992080095637
0.0688788852361027
0.066228332337119
0.239450089659295
0.0950986252241482
0.0854751942618051
0.0827256425582785
0.0167364016736402
0.0359832635983264
0.0882247459653317
0.011237298266587
0.107471607890018
0.0682307232516436
0.00573819485953378
0.00298864315600717
0.354931261207412
0.101972504482965
0.00298864315600717
0.0566049013747759
0.0526524208009563
0.0937238493723847
0.0617603108188885
0.17071129707113
0.0277346084877466
0.210579796772265
0.0304841601912732
0.0762468245666467
0.0576060968320382
0.0691758816497306
0.134967124925284
0.0139868499701136
0.0292364016736401
0.084100418410042
0.078214192319187
0.0783911760310819
0.011237298266587
0.0552301255230126
0.0909742976688584
0.112970711297071
0.0469814704124328
0.196115697848177
0.132217573221757
0.0688060370591752
0.143028989838614
0.0827256425582785
0.0937238493723849
0.360430364614465
0.0689778840406455
0.0662283323371189
0.0222355050806934
0.0854751942618049
0.0717274357441721
0.011237298266587
0.126718469814704
0.134967124925284
0.0634190077704721
0.0359832635983264
0.17071129707113
0.0909742976688584
0.129468021518231
0.00436341900777047
0.0689778840406457
0.0912731619844593
0.0909742976688586
0.0469814704124328
0.0504819187089061
0.038732815301853
0.112970711297071
0.101972504482965
0.132217573221757
0.00848774656306037
0.0813508667065151
0.0469814704124328
0.011237298266587
0.120531978481769
0.0992229527794381
0.0634787806335923
0.0309922295277944
0.0782683614763897
0.0946479938732813
0.0929766885833831
0.00848774656306037
0.0493424985056784
0.0552301255230126
0.110221159593545
0.0167364016736402
0.0723097541841004
0.0332337118947998
0.0593544530783024
0.0607292289300657
0.0990548416019127
0.0634787806335923
0.0414823670053796
0.171398684997011
0.0634787806335923
0.0552301255230126
0.110221159593545
0.00298864315600717
0.0442319187089062
0.0579796772265391
0.0847878063359236
0.0551367304243874
0.00848774656306037
0.106096832038255
0.036640765092648
0.0548266586969515
0.129468021518231
0.0629482964734011
0.143215780035864
0.0623617752540346
0.0139868499701136
0.0458644650328751
0.000239091452480579
0.0277346084877466
0.0332337118947998
0.123968918111178
0.0167364016736402
0.0277346084877466
0.0558876270173342
0.0304841601912732
0.0667774955170352
0.0469814704124328
0.066228332337119
0.0497310221159593
0.0320644052600119
0.167961745367603
0.02498505678422
0.110480797967723
0.027940077704722
0.00573819485953378
0.183771667662881
0.101972504482965
0.129468021518231
0.0770472205618649
0.104722056186491
0.0304841601912732
0.305439330543933
0.198206814106396
0.0773797071129707
0.222937836222355
0.0442319187089062
0.0926927674835624
0.0909742976688584
0.0695559997011356
0.0375392259414226
0.0559175134488944
0.0773171323968918
0.123968918111178
0.0442319187089062
0.0744769874476986
0.00573819485953378
0.0786013150029886
0.288942020322773
0.0469814704124328
0.0937238493723849
0.110221159593545
0.106913105200239
0.052480573819486
0.107253063359235
0.110221159593545
0.0222355050806934
0.0481694560669455
0.159713090257023
0.0139868499701136
0.0552301255230126
0.0139868499701136
0.0552301255230126
0.052480573819486
0.101972504482965
0.0964734010759115
0.0579796772265391
0.0486065451285116
0.0731022115959355
0.134967124925284
0.0744769874476987
0.255947399880454
0.0857348326359832
0.118864875971309
0.113175013075314
0.0861625821876867
0.0293933054393305
0.0327891512253437
0.0277346084877466
0.0745741183502688
0.112970711297071
0.00711297071129709
0.0634787806335923
0.159713090257023
0.15812163777645
0.0279550209205021
0.159713090257023
0.0139868499701136
0.0670726240286911
0.0717274357441721
0.0735131500298863
0.0593544530783024
0.0257677077106993
0.0774861775254034
0.0194859533771668
0.0799760908547519
0.0744769874476987
0.0436734160191273
0.0415458756724447
0.0882247459653317
0.133800620143455
0.107471607890018
0.0322343843395098
0.0593544530783024
0.000239091452480579
0.0497310221159594
0.0153616258218769
0.000239091452480579
0.048699940227137
0.0552301255230126
0.101972504482965
0.0689778840406455
0.0554925657501494
0.0497310221159594
0.238943888224746
0.0277346084877466
0.0332337118947998
0.0937238493723849
0.140466228332337
0.0304841601912732
0.0792513448894202
0.0398853108188882
0.0758517632994622
0.0222355050806934
0.0607292289300657
0.236700537955768
0.143215780035864
0.0882247459653317
0.0871563060370591
0.0222355050806934
0.00848774656306037
0.159713090257023
0.199581589958159
0.148707411835027
0.0194439255827854
0.0418914375373581
0.00255528989838614
0.0937238493723849
0.0359832635983264
0.0497310221159594
0.0359832635983264
0.0947250448296471
0.0139868499701136
0.0304841601912732
0.0469814704124328
0.0236102809324567
0.0772265391512256
0.00224148236700538
0.0579796772265392
0.044575612671847
0.0507322175732219
0.066228332337119
0.0557456664674238
0.052480573819486
0.112970711297071
0.0663553496712492
0.00642558278541543
0.0139868499701136
0.0552301255230126
0.0786013150029886
0.0566049013747758
0.0995120106096833
0.0638873841900777
0.123968918111178
0.00573819485953378
0.0407650926479378
0.0634787806335923
0.0827256425582785
0.0552301255230125
0.02498505678422
0.049200537955768
0.156963538553497
0.048356246264196
0.0648535564853555
0.0359832635983264
0.00573819485953378
0.011237298266587
0.0705581291093844
0.151464435146444
0.0579796772265391
0.139091452480574
0.0435445307830245
0.0631350866706515
0.0882247459653317
0.132904961147639
0.2916915720263
0.0881948595337715
0.0662283323371188
0.0352659892408847
0.244949193066348
0.0524805738194859
0.0414823670053796
0.0321988942020323
0.0827256425582785
0.0964734010759115
0.0291093843395099
0.121219366407651
0.0222355050806934
0.132217573221757
0.0854751942618051
0.0864026075911535
0.0607292289300657
0.02498505678422
0.00848774656306037
0.169336521219366
0.0786013150029887
0.0603556485355648
0.000239091452480579
0.0909742976688584
0.0689778840406455
0.0760572325164376
0.0607292289300657
0.115720263000598
0.0654531530185293
0.0821335176329946
0.0579796772265391
0.0387328153018529
0.0277346084877466
0.0629632396891811
0.0414823670053796
0.0579796772265391
0.0579796772265391
0.0682904961147638
0.103597579199043
0.0635809315227138
0.0592946802151823
0.115720263000598
0.0139868499701136
0.107471607890018
0.0511057979677227
0.0579796772265391
0.0681037059175135
0.143215780035864
0.0711932157800358
0.0655409444112373
0.0717274357441721
0.0992229527794379
0.0153616258218769
0.077540346682606
0.0346084877465631
0.101972504482965
0.0225493126120742
0.0964734010759115
0.140466228332337
0.115720263000598
0.156963538553497
0.0854751942618051
0.0579796772265391
0.137716676628811
0.0952480573819486
0.191727996114764
0.144013374178123
0.110221159593545
0.121219366407651
0.0648535564853557
0.0153616258218769
0.140466228332337
0.060729228930066
0.0197764121338913
0.0304841601912732
0.0620741183502691
0.067294904363419
0.0304841601912732
0.368679019725045
0.0978481769276748
0.0139868499701136
0.0768828451882844
0.0536685594739988
0.121219366407651
0.0626713800059774
0.0277346084877466
0.0868499701135686
0.0827256425582784
0.107471607890018
0.0579796772265392
0.075851763299462
0.123968918111178
0.174835624626419
0.0497310221159594
0.0414823670053796
0.0909742976688584
0.0297967722653915
0.126867901972505
0.0664001793185894
0.0595263000597729
0.132217573221757
0.00573819485953378
0.203705917513449
0.0650347429766885
0.0813508667065154
0.0964734010759115
0.0662283323371189
0.173460848774656
0.0511057979677226
0.0768679019725045
0.0744769874476987
0.052480573819486
0.0703526598924088
0.0958495218170951
0.165212193664077
0.0490436341900776
0.0882247459653317
0.0610290271966526
0.106612372982666
0.0452340481171549
0.0840406455469217
0.00848774656306039
0.0740265895845786
0.00848774656306037
0.0122384937238494
0.0277346084877466
0.0538553496712493
0.0612541093843394
0.0553412656903766
0.0627913927077107
0.0304841601912732
0.0511057979677226
0.038732815301853
0.0291093843395099
0.0497310221159594
0.044202032277346
0.0992229527794381
0.123968918111178
0.346682606096832
0.141153616258219
0.038077181709504
0.0291093843395099
0.134967124925284
0.0236102809324567
0.0813508667065154
0.0559175134488942
0.202331141661686
0.0950986252241483
0.123968918111178
0.0259862522414823
0.02498505678422
0.0744769874476989
0.011237298266587
0.123968918111178
0.0607292289300657
0.0572922893006572
0.0799760908547519
0.0223905409444112
0.0849166915720263
0.00848774656306037
0.0717274357441721
0.0854751942618051
0.143215780035863
0.0504184100418411
0.074604004781829
0.218828451882845
0.0213949491930664
0.0909742976688586
0.0648535564853556
0.106096832038255
0.038732815301853
0.107471607890018
0.0194859533771668
0.011237298266587
0.151464435146444
0.00298864315600717
0.0909742976688585
0.0659135908547519
0.484160191273162
0.0263598326359833
0.0772265391512253
0.0304841601912732
0.0964734010759115
0.111595935445308
0.0634787806335924
0.225702331141662
0.0634787806335923
0.114345487148834
0.112970711297071
0.0359832635983264
0.192707710699342
0.0964734010759115
0.14165421398685
0.0905867080095636
0.0414823670053796
0.066228332337119
0.144641631332188
0.101113269575613
0.0717274357441721
0.0339210998206814
0.0799760908547519
0.0194859533771668
0.119844590555888
0.104722056186491
0.0607292289300657
0.0798042438732817
0.066228332337119
0.0748206814106398
0.0795903690974298
0.0198296473401076
0.0414823670053796
0.0222355050806934
0.159713090257023
0.153526598924088
0.0882247459653318
0.0866631799163179
0.0744769874476987
0.0593544530783024
0.0788684249850568
0.0304841601912732
0.561147638971907
0.0772265391512253
0.02498505678422
0.132217573221757
0.0401075911536163
0.148714883442917
0.126422407352062
0.0776729677226541
0.187208607292289
0.0517264083980873
0.000239091452480579
0.0236102809324567
0.163837417812313
0.0827256425582785
0.212940824865511
0.16246264196055
0.203705917513449
0.038732815301853
0.00298864315600717
0.164524805738195
0.143215780035864
0.0642782426778241
0.0552301255230126
0.0744769874476989
0.14596533173939
0.118469814704124
0.134967124925284
0.110221159593545
0.0689479976090855
0.181709503885236
0.0665570830842797
0.0710400478182906
0.000239091452480579
0.165212193664077
0.0442319187089062
0.0778915122534369
0.011237298266587
0.0139868499701136
0.187208607292289
0.225702331141662
0.0992229527794381
0.038732815301853
0.16246264196055
0.00298864315600717
0.192707710699342
0.00848774656306037
0.0662283323371189
0.038732815301853
0.0841004184100418
0.130842797369994
0.0409247982665869
0.0566049013747758
0.0717274357441721
0.262779251344889
0.0827256425582785
0.0937238493723849
0.066228332337119
0.0992229527794381
0.101972504482965
0.0401075911536163
0.0561150440824865
0.104722056186491
0.12857469739988
0.000239091452480579
0.0526337417812313
0.0304841601912732
0.0222355050806934
0.0466078900179318
0.0552301255230126
0.0854751942618051
0.0674938359234908
0.14596533173939
0.0194859533771668
0.572145845786013
0.0139868499701136
0.120438583383144
0.0909742976688584
0.0414823670053796
0.066228332337119
0.0579796772265391
0.0222355050806934
0.0222355050806934
0.17895995218171
0.0744769874476987
0.093723849372385
0.038732815301853
0.200956365809922
0.0937238493723849
0.0799760908547519
0.124656306037059
0.161087866108787
0.0442319187089062
0.0464818066347878
0.134967124925284
0.053735803945009
0.048356246264196
0.0655409444112374
0.0261917214584578
0.0689778840406455
0.144930514046623
0.0937238493723849
0.0882098027495515
0.0882247459653317
0.04163927077107
0.135241706515242
0.0627913927077107
0.193803702181709
0.0835157650926479
0.066228332337119
0.0442319187089062
0.0587548565451285
0.00573819485953378
0.0497310221159594
0.103396779736999
0.222945307830245
0.0617453676031082
0.0552301255230126
0.00573819485953378
0.0538553496712493
0.130842797369994
0.0579497907949791
0.0303515391512253
0.195457262402869
0.0194859533771668
0.088224745965332
0.133023339435146
0.0772265391512252
0.02498505678422
0.0222355050806934
0.177542214584579
0.0381481619844591
0.0909742976688584
0.064003661087866
0.0277346084877466
0.0772265391512253
0.561147638971907
0.105409444112373
0.0992229527794381
0.0744769874476987
0.0497310221159594
0.181709503885236
0.0871787208607292
0.0167364016736402
0.0497310221159594
0.2916915720263
0.0937238493723849
0.0558876270173342
0.0507287152570233
0.0359832635983264
0.0332337118947998
0.0566049013747758
0.0992229527794383
0.0827256425582785
0.0987074118350267
0.011237298266587
0.181709503885236
0.0534929766885834
0.211954572624029
0.038732815301853
0.123968918111177
0.0277346084877466
0.0629165421398682
0.0405119919306634
0.129468021518231
0.0830693365212195
0.084100418410042
0.0497310221159594
0.000239091452480579
0.0772265391512253
0.0627913927077107
0.0691936267184698
0.0594403765690377
0.027895248057382
0.110004482964734
0.0849769314106393
0.0318589360430365
0.0414823670053796
0.110213687985655
0.0524805738194861
0.15421398684997
0.110221159593545
0.0870545053795576
0.0949893529587567
0.0332337118947998
0.0545427375971309
0.0334055588762702
0.0992229527794381
0.0786013150029888
0.0181289225941422
0.09166168559474
0.0854751942618051
0.0937238493723849
0.231201434548715
0.0877073371189482
0.0634787806335923
0.0524805738194859
0.0424536760310818
0.0799760908547519
0.165212193664077
0.0442319187089062
0.244949193066348
0.0277346084877466
0.107471607890018
0.0850285322026298
0.189958158995816
0.0754221458457858
0.0359832635983264
0.0689778840406455
0.02498505678422
0.0359832635983264
0.0153616258218769
0.0909742976688585
0.134967124925284
0.0619956664674238
0.10431858936043
0.125078451882845
0.151464435146444
0.189958158995816
0.0882247459653317
0.0442319187089061
0.0318589360430365
0.00298864315600717
0.00780035863717874
0.117095038852361
0.0992229527794381
0.034171398684997
0.0823254445606692
0.17071129707113
0.00848774656306037
0.0684623430962343
0.0359832635983263
0.211954572624029
0.048544904363419
0.0786013150029886
0.0167364016736402
0.0435445307830245
0.0673378661087865
0.0177077106993425
0.0414823670053795
0.118469814704124
0.0236102809324567
0.0414823670053796
0.0711820083682008
0.140466228332337
0.184459055588763
0.0332337118947998
0.011237298266587
0.0520472205618651
0.0854751942618051
0.0909742976688583
1.0148236700538
0.121219366407651
0.0994732516437537
0.066228332337119
0.0992229527794381
0.0834130304841602
0.0507023311416618
0.0222355050806934
0.194082486551106
0.038732815301853
0.0552301255230126
0.0744769874476987
0.0277346084877466
0.261446503287507
0.0648535564853555
0.0653504184100418
0.0952704722056188
0.00848774656306037
0.140466228332337
0.065884638374178
0.00573819485953378
0.0691310520023909
0.000239091452480579
0.23320382546324
0.167961745367603
0.0222355050806934
0.0975558502689781
0.140466228332337
0.0922010422893006
0.0414823670053796
0.137716676628811
0.0304841601912732
0.0194859533771668
0.0194859533771668
0.0971607890017932
0.0222355050806934
0.0456412507471608
0.159713090257023
0.0766372160789001
0.0497310221159594
0.00902196652719663
0.0827256425582785
0.0941189106395696
0.00573819485953378
0.0888822474596533
0.0964734010759115
0.0634787806335923
0.0648535564853558
0.0194859533771668
0.143215780035864
0.0497310221159594
0.00848774656306037
0.148714883442917
0.0584858786610879
0.0909742976688584
0.113314405260012
0.0153616258218769
0.0808988344291691
0.0909742976688583
0.0194859533771668
0.0304841601912732
0.0334055588762702
0.02498505678422
0.0370143454871488
0.178959952181709
0.0447652047220562
0.129468021518231
0.00848774656306037
0.0799760908547519
0.112970711297071
0.0909742976688581
0.0606881350866706
0.0304841601912732
0.0827256425582785
0.0799760908547519
0.0634787806335923
0.0937238493723851
0.148714883442917
0.00573819485953378
0.15421398684997
0.00848774656306037
0.0890027271368798
0.16657949790795
0.0820382546323968
0.179851641885833
0.0676796921697549
0.0614166168559474
0.130842797369994
0.066228332337119
0.0332337118947998
0.0703526598924089
0.0398152644949193
0.239450089659295
0.0462730685893604
0.111237298266587
0.126718469814704
0.101138953227735
0.134967124925284
0.105409444112373
0.125339958158996
0.0934427301255231
0.0731022115959354
0.0937238493723849
0.038732815301853
0.110221159593545
0.0689778840406455
0.150433353257621
0.0167364016736402
0.0909742976688584
0.0194859533771668
0.0909742976688584
0.0568103705917513
0.103347280334728
0.0167364016736402
0.148714883442917
0.0662283323371189
0.0263598326359833
0.159713090257023
0.0768604303646144
0.145621637776449
0.115720263000597
0.14596533173939
0.0724073520621636
0.123968918111178
0.0579796772265391
0.070352659892409
0.0359832635983264
0.156963538553497
0.107471607890018
0.0622338239689183
0.0631836521219366
0.182499626419605
0.111595935445308
0.0689778840406455
0.0139868499701136
0.0469814704124328
0.066228332337119
0.129468021518231
0.0414823670053795
0.0658846383741783
0.11228332337119
0.0854751942618053
0.052480573819486
0.038732815301853
0.101972504482965
0.156963538553497
0.038732815301853
0.15421398684997
0.0964734010759115
0.0689778840406455
0.0375298864315601
0.0607292289300657
0.0222355050806934
0.0277346084877466
0.0733562462641962
0.0452630005977286
0.0717274357441721
0.0339210998206814
0.129468021518231
0.0717274357441721
0.159713090257023
0.107471607890018
0.02498505678422
0.12162843693963
0.0497310221159594
0.0194859533771668
0.0592610579796773
0.0707555429991032
0.0634787806335923
0.0442319187089062
0.0194859533771668
0.0861625821876869
0.052480573819486
0.0387328153018529
0.222952779438135
0.011237298266587
0.011237298266587
0.0763131350866706
0.0885684399282727
0.0407286685594739
0.0909742976688584
0.00573819485953378
0.0579796772265392
0.0827256425582785
0.0552301255230126
0.011237298266587
0.0414823670053796
0.0799760908547519
0.13359234907352
0.02498505678422
0.0558045053795577
0.0304841601912732
0.230514046622833
0.0805551404662286
0.0318589360430365
0.060219291691572
0.0139868499701136
0.0821914225941422
0.047563788852361
0.0520509563658101
0.0827256425582785
0.0414823670053796
0.0785714285714286
0.0228930065750149
0.0758993947997609
0.247698744769874
0.104722056186491
0.129468021518231
0.121219366407651
0.011237298266587
0.059827032277346
0.192707710699342
0.0524805738194861
0.0414823670053796
0.0992229527794381
0.0462940824865511
0.0359832635983264
0.0869265540944411
0.140466228332337
0.105194635385535
0.0497310221159594
0.0858780773684995
0.0497310221159594
0.0937238493723849
0.0770803758218769
0.0531081888822474
0.0923490735206217
0.195457262402869
0.0607292289300657
0.255947399880455
0.0746488344291693
0.0277346084877466
0.0446195083682008
0.0394202032277346
0.0607292289300657
0.0604366104116855
0.134279736999402
0.174349678253885
0.0359832635983264
0.0744769874476987
0.134967124925284
0.0497310221159594
0.141841004184101
0.0373580394500896
0.0373580394500897
0.165212193664077
0.052480573819486
0.0167364016736402
0.02498505678422
0.0428571428571428
0.121219366407651
0.0332337118947998
0.693126120741183
0.0524805738194859
0.000239091452480579
0.0850285322026298
0.0167364016736402
0.00573819485953378
0.0208607292289301
0.0854751942618051
0.129468021518231
0.0277346084877466
0.17071129707113
0.011237298266587
0.011237298266587
0.14596533173939
0.0469814704124328
0.0304841601912732
0.00848774656306037
0.0799760908547519
0.0251788516138673
0.02498505678422
0.0430509376867902
0.0414823670053796
0.0332337118947998
0.0607292289300657
0.107471607890018
0.0760562985654516
0.0607292289300656
0.0579796772265391
0.0484272265391512
0.00573819485953378
0.134967124925284
0.0627913927077107
0.0992229527794381
0.112970711297071
0.517154811715481
0.0517931858936043
0.121219366407651
0.179647340107591
0.0992238867304244
0.0187985654512851
0.0552301255230126
0.27931858936043
0.0799760908547519
0.0304841601912732
0.151464435146444
0.0683091751344888
0.0531679617453676
0.202331141661685
0.0184548714883443
0.00848774656306037
0.0304841601912732
0.0992229527794381
0.05829348475792
0.134750448296473
0.0450052301255231
0.0552301255230126
0.066228332337119
0.011237298266587
0.0600119545726239
0.0635815152420802
0.0999350904064552
0.0710400478182906
0.066228332337119
0.0335774058577406
0.0725175582785415
0.0194859533771668
0.100597728631202
0.0442319187089062
0.103304960680664
0.15421398684997
0.0373580394500897
0.0937238493723848
0.0634787806335923
0.0964734010759115
0.0167364016736402
0.123968918111178
0.0882247459653317
0.180334728033473
0.134967124925284
0.0414823670053796
0.0854751942618051
0.0554804243873281
0.0990655820382545
0.102159061192468
0.115720263000598
0.036800470711297
0.0139868499701136
0.038732815301853
0.0282501494321578
0.148714883442917
0.0944112372982664
0.02498505678422
0.0442319187089062
0.0442319187089062
0.0600418410041841
0.0999103407053198
0.066228332337119
0.0483562462641961
0.0352958756724447
0.0726725941422594
0.0593544530783024
0.0301105797967722
0.0435295875672445
0.0332337118947998
0.0442319187089062
0.112970711297071
0.0263915869695159
0.0267035265989241
0.119844590555888
0.0313284518828452
0.0734841975493126
0.0139868499701136
0.066228332337119
0.0607292289300657
0.066228332337119
0.0985355648535564
0.227077106993425
0.0594179617453676
0.137716676628811
0.00298864315600717
0.0469814704124328
0.0607292289300657
0.111858375672444
0.0414823670053796
0.0371082075612672
0.00573819485953378
0.0538553496712492
0.105542999103407
0.17071129707113
0.195457262402869
0.0222355050806934
0.0497310221159594
0.0550279251344889
0.142872086072923
0.104722056186491
0.0139868499701136
0.0167364016736402
0.011237298266587
0.0413142558278542
0.374178123132098
0.0552301255230126
0.110221159593545
0.0359832635983264
0.0772265391512252
0.0992229527794384
0.043788992453676
0.052480573819486
0.085475194261805
0.0497310221159594
0.0634787806335923
0.0784294680215183
0.0799760908547519
0.134967124925284
0.0277346084877466
0.0744769874476987
0.0744769874476987
0.0434847579199044
0.0442319187089062
0.0442319187089062
0.0796323968918114
0.167961745367603
0.000239091452480579
0.110221159593545
0.0194859533771668
0.0892787096533173
0.0744769874476987
0.0882247459653317
0.000239091452480579
0.0359832635983263
0.0917868350268978
0.0689778840406455
0.050418410041841
0.0772265391512253
0.177585176329946
0.0566049013747758
0.0731022115959355
0.052480573819486
0.118518380155409
0.136842498505678
0.115720263000598
0.0507322175732218
0.0304841601912732
0.121219366407651
0.0209578601315003
0.0552301255230126
0.0511057979677227
0.101972504482965
0.0930364614465032
0.0319100114875972
0.110221159593545
0.02498505678422
0.0497310221159594
0.00573819485953378
0.065017931858936
0.0669157202630006
0.104613717872086
0.161087866108787
0.00848774656306037
0.0950986252241484
0.101972504482965
0.00848774656306037
0.02498505678422
0.0380454273759714
0.00848774656306037
0.167961745367603
0.0703526598924089
0.0629226128212788
0.0726688583383144
0.066228332337119
0.0874215481171548
0.000239091452480579
0.0806634787806337
0.0222355050806934
0.107471607890018
0.0348139569635385
0.0139868499701136
0.16658696951584
0.112970711297071
0.107471607890018
0.0373580394500896
0.123968918111178
0.157848457112971
0.0500448296473401
0.0277346084877466
0.156963538553497
0.0288879212118948
0.109569261805141
0.132561267184698
0.0291093843395099
0.0634787806335923
0.159713090257023
0.112970711297071
0.0717274357441721
0.0553599447101016
0.0639943215780034
0.123968918111178
0.144930514046623
0.0432484683203826
0.14596533173939
0.0167364016736402
0.0511057979677226
0.218828451882845
0.0297500747160789
0.0277346084877466
0.112970711297071
0.0415608188882248
0.0717447138374178
0.052480573819486
0.0834130304841602
0.076195457262403
0.0304841601912732
0.0521574267782425
0.0772265391512255
0.0531679617453676
0.0689778840406455
0.101972504482965
0.0813508667065152
0.0909742976688584
0.112970711297071
0.052480573819486
0.209205020920502
0.0493873281530186
0.0497310221159594
0.0359832635983264
0.00848774656306037
0.0827256425582785
0.119157202630006
0.141284836371787
0.0414823670053796
0.109698147041243
0.02498505678422
0.104945970935445
0.0399600268977884
0.0194859533771668
0.0369994022713688
0.0579796772265391
0.0314115735206217
0.0304841601912732
0.0139868499701136
0.038351763299462
0.0277346084877466
0.0469814704124328
0.165212193664076
0.052480573819486
0.0552301255230126
0.0559347915421399
0.011237298266587
0.00848774656306037
0.00848774656306037
0.151464435146444
0.0181111775254035
0.0387328153018529
0.0527775702331142
0.0579796772265391
0.10203601315003
0.0414823670053796
0.288942020322773
0.0882247459653317
0.0991370292887032
0.098356246264196
0.104722056186491
0.0332337118947998
0.0806634787806338
0.0442319187089062
0.237100268977884
0.107471607890018
0.0634787806335923
0.0139868499701136
0.0222355050806934
0.0297967722653915
0.0882247459653317
0.052480573819486
0.0806634787806338
0.0717274357441721
0.0476688583383144
0.135229565152421
0.0689778840406455
0.126718469814704
0.0731022115959354
0.0497310221159594
0.0442319187089062
0.101972504482965
0.000239091452480579
0.0621040047818291
0.0300736887328153
0.0978481769276747
0.222952779438135
0.0957860131500301
0.0332337118947998
0.258696951583981
0.210579796772265
0.0139868499701136
0.231201434548715
0.0689778840406455
0.228451882845188
0.0634787806335923
0.00848774656306038
0.0414823670053796
0.0483562462641961
0.000239091452480579
0.0117229527794381
0.103160490137478
0.0834457187686793
0.0176815600717274
0.0194859533771668
0.0442319187089062
0.0689778840406456
0.192707710699342
0.0648535564853557
0.0407174611476389
0.0937238493723849
0.0552301255230126
0.0469814704124328
0.0194859533771668
0.112970711297071
0.0724148236700538
0.0442319187089062
0.0421697549312613
0.0696652719665275
0.0919054468021517
0.0490436341900777
0.132217573221757
0.0978481769276751
0.0937238493723849
0.0167364016736402
0.0139868499701136
0.0813508667065151
0.0552301255230126
0.0414823670053796
0.0775403466826062
0.0689778840406455
0.0854751942618051
0.0579796772265391
0.0882247459653317
0.0641278765690377
0.172086072922893
0.111655708308428
0.0587602267632994
0.0511057979677226
0.0937238493723849
0.101285116557083
0.130286629557681
0.0607292289300657
0.0854751942618051
0.0332337118947998
0.0854751942618051
0.0645808427973699
0.0126120741183503
0.0696652719665272
0.0607292289300657
0.0497310221159594
0.103003586371787
0.0552301255230126
0.0359832635983264
0.0825117677824267
0.0552301255230126
0.000239091452480579
0.00848774656306037
0.00298864315600717
0.115720263000598
0.0600418410041841
0.050418410041841
0.0703526598924089
0.0526524208009565
0.0538553496712493
0.0414823670053796
0.0717274357441721
0.0139868499701136
0.165212193664077
0.211954572624029
0.0373580394500897
0.0655110579796772
0.183584877465631
0.156963538553497
0.0497310221159594
0.105824118350269
0.0552301255230126
0.0261730424387328
0.0718992827256425
0.0765391512253437
0.0599054841601913
0.02498505678422
0.0799760908547519
0.0213463837417813
0.110564853556485
0.0704726725941422
0.120001494321578
0.00298864315600717
0.0372006687089061
0.000239091452480579
0.121219833383144
0.0933801554094444
0.107471607890018
0.0579796772265391
0.00298864315600717
0.0607292289300657
0.11310800209205
0.115720263000598
0.0792887029288702
0.0634124701135684
0.0222355050806934
0.121219366407651
0.103347280334728
0.0388187387925883
0.0126120741183503
0.110221159593545
0.066228332337119
0.0414823670053796
0.169653597579199
0.0194859533771668
0.0497310221159594
0.0332337118947998
0.0799760908547519
0.132217573221757
0.0772265391512254
0.0651131948595337
0.0579796772265391
0.0167364016736402
0.0689778840406455
0.0414823670053796
0.0497310221159594
0.000239091452480579
0.0643380155409445
0.0710699342498506
0.00573819485953378
0.00986252241482369
0.011237298266587
0.0744769874476987
0.101972504482965
0.118469814704124
1.24578601315003
0.0194859533771668
0.056261207411835
0.0332337118947998
0.16658696951584
0.189958158995816
0.126718469814704
0.210579796772265
0.0552301255230126
0.0854751942618051
0.0167364016736402
0.0194439255827854
0.0263598326359833
0.0669157202630005
0.0744769874476987
0.0304841601912732
0.0607292289300657
0.068189395920502
0.0743051404662283
0.167961745367603
0.0332337118947998
0.128488306933652
0.0717274357441721
0.0194859533771668
0.0332337118947998
0.203705917513449
0.167961745367603
0.0605966078900179
0.273819485953377
0.0277346084877466
0.0993947997609089
0.0552301255230126
0.129468021518231
0.0689778840406455
0.0658846383741781
0.113689853556485
0.0989577106993426
0.140466228332337
0.00298864315600717
0.110221159593545
0.192707710699342
0.0744769874476987
0.052480573819486
0.0772265391512253
0.0744769874476987
0.0510759115361626
0.0601277644949193
0.011237298266587
0.0854751942618051
0.0469814704124328
0.112970711297071
0.0641661685594739
0.0517931858936043
0.0964734010759115
0.0607292289300657
0.0874047369994023
0.0676031081888823
0.0552301255230127
0.0346084877465631
0.0634787806335923
0.0854751942618051
0.485534967124925
0.0236102809324567
0.121219366407651
0.038732815301853
0.0222355050806934
0.195457262402869
0.12492598438434
0.0167364016736402
0.0732740585774058
0.000239091452480579
0.038732815301853
0.115720263000598
0.0449575986252242
0.08335325762104
0.0992229527794381
0.126718469814704
0.0799760908547519
0.121219366407651
0.0469814704124328
0.0634787806335923
0.0772265391512253
0.00573819485953378
0.0373580394500896
0.123968918111178
0.0634787806335923
0.0909742976688584
0.0909742976688584
0.0496978668559474
0.143215780035863
0.0579796772265391
0.0882247459653317
0.121219366407651
0.114345487148835
0.145388150029887
0.0588496525702331
0.105663478780634
0.143215780035864
0.0332337118947998
0.0992229527794381
0.0975044829647339
0.0167364016736402
0.052480573819486
0.000239091452480579
0.0332337118947998
0.0634787806335923
0.0786013150029885
0.115720263000598
0.0882247459653317
0.0751307531380753
0.022922893006575
0.132217573221757
0.112970711297071
0.0456066945606695
0.000239091452480579
0.111902271368798
0.0167364016736402
0.0469814704124328
0.0277346084877466
0.115720263000598
0.0304841601912732
0.0703526598924087
0.052480573819486
0.0280974484459056
0.0808908958457861
0.0607292289300657
0.0399243032725643
0.140466228332337
0.0359832635983264
0.00573819485953378
0.0486228892707711
0.0421697549312612
0.0579796772265391
0.02498505678422
0.0486233562462642
0.0332337118947998
0.0783846383741783
0.0717274357441721
0.101972504482965
0.0727585176329945
0.00573819485953378
0.139091452480574
0.0579796772265391
0.066228332337119
0.175523012552302
0.0854751942618051
0.0744769874476987
0.111502540346682
0.0579796772265391
0.165212193664077
0.0743053739539746
0.105409444112373
0.0356246264196055
0.288942020322773
0.0502132910564854
0.0383741781231321
0.203705917513449
0.0388663702928871
0.0600418410041843
0.0703918858338314
0.0634787806335923
0.0579796772265391
0.118469814704124
0.0783771667662881
0.225702331141662
0.107471607890018
0.0607292289300657
0.00573819485953378
0.0711259713090257
0.102659892408847
0.101972504482965
0.0551217872086073
0.0579796772265391
0.0442319187089062
0.17071129707113
0.0414823670053796
0.0772265391512253
0.104722056186491
0.050418410041841
0.0194859533771668
0.00298864315600717
0.02498505678422
0.165212193664077
0.02498505678422
0.132217573221757
0.0634787806335923
0.0772265391512253
0.0744769874476988
0.0537955768081291
0.136260647041243
0.0139868499701136
0.0414823670053796
0.0603556485355649
0.0359832635983264
0.0407772340107591
0.066228332337119
0.042294904363419
0.02498505678422
0.02498505678422
0.241770023909146
0.0744769874476987
0.066228332337119
0.0139868499701136
0.02498505678422
0.0576359832635986
0.0177674835624626
0.0259829834130305
0.056864539748954
0.110221159593545
0.0772265391512253
0.064166168559474
0.0603855349671252
0.0689778840406455
0.28797351315003
0.210923490735206
0.0689778840406454
0.0731022115959354
0.0668461409145248
0.0593395098625224
0.0906231320980278
0.0698296473401076
0.011237298266587
0.0194859533771668
0.0139868499701136
0.112970711297071
0.239450089659295
0.0545215777700989
0.0194859533771668
0.181022115959354
0.0964734010759115
0.0579796772265391
0.0167364016736402
0.195457262402869
0.0694784817692767
0.0593544530783024
0.0773983861326957
0.0744769874476987
0.0277346084877466
0.0909742976688584
0.0579796772265391
0.052480573819486
0.0772265391512253
0.0398909145248059
0.0304841601912732
0.175523012552302
0.0304841601912732
0.313687985654513
0.181709503885236
0.0772265391512253
0.0442319187089062
0.000239091452480579
0.0277346084877466
0.0689778840406455
0.038732815301853
0.107471607890018
0.0167364016736402
0.0428571428571429
0.038732815301853
0.0854751942618052
0.0854751942618051
0.0497310221159594
0.00298864315600717
0.00298864315600717
0.0332337118947998
0.0386468918111177
0.0607292289300657
0.0359832635983263
0.0332337118947998
0.148714883442917
0.0167364016736402
0.0554841601912731
0.0263598326359833
0.110221159593545
0.0359832635983264
0.17071129707113
0.0414823670053796
0.011237298266587
0.0689778840406455
0.0744769874476987
0.0689613064106396
0.107471607890018
0.0167364016736402
0.0413207934847578
0.134967124925284
0.132217573221757
0.011237298266587
0.0442319187089062
0.0634787806335923
0.0332337118947998
0.0861028093245668
0.000239091452480579
0.17071129707113
0.0592685295875672
0.0882247459653317
0.0957860131500299
0.0469814704124328
0.0526860430364615
0.063022078601315
0.0194859533771668
0.159713090257023
0.0332337118947998
0.750866706515242
0.0425134488942021
0.0992229527794383
1.27603108188882
0.0841004184100418
0.0304841601912732
0.061984459055589
0.0497310221159594
0.0167364016736402
0.0457094291691571
0.0398759713090257
0.214704124327555
0.0574375186790198
0.0302973699940228
0.0277346084877466
0.0717274357441721
0.0407949790794979
0.151464435146444
0.17071129707113
0.0469814704124328
0.0359832635983264
0.177463529213987
0.038732815301853
0.00298864315600717
0.0827256425582785
0.0781546529438133
0.129165742444336
0.0699059978332335
0.195457262402869
0.0579796772265391
0.0887795128511654
0.129468021518231
0.129468021518231
0.0139868499701136
0.0882247459653317
0.000239091452480579
0.159713090257023
0.0694261805140464
0.198206814106396
0.0772265391512253
0.0937238493723849
0.038732815301853
0.0961297071129708
0.038732815301853
0.0611681858936043
0.13359234907352
0.0813508667065152
0.0904317888897188
0.0868499701135685
0.066228332337119
0.0456066945606694
0.0772265391512253
0.094067543335326
0.0689778840406455
0.112143931186491
0.195457262402869
0.0222355050806934
0.0703526598924089
0.0772265391512253
0.0493873281530186
0.0634787806335923
0.247698744769874
0.0847728631201433
0.112970711297071
0.108846383741781
0.0607292289300657
0.0689778840406455
0.0772265391512253
0.000239091452480579
0.0304841601912732
0.111595935445308
0.0416635534967125
0.0874775851763301
0.143215780035863
0.0909742976688584
0.0964734010759115
0.0895500224148238
0.00848774656306037
0.0359832635983264
0.0579796772265391
0.115720263000598
0.143215780035864
0.057546323968918
0.161087866108787
0.18553123132098
0.277943813508667
0.0222355050806934
0.0875373580394503
0.0194859533771668
0.0304841601912732
0.108846383741781
0.0871936640765092
0.0937238493723849
0.130155409444112
0.0717274357441721
0.0964734010759115
0.0139868499701136
0.0823819485953377
0.103414057830245
0.0579796772265391
0.0682904961147638
0.0469814704124328
0.0655409444112373
0.0964734010759115
0.0519500896592947
0.0909742976688584
0.0316572026300059
0.143215780035864
0.0827256425582785
0.176210400478183
0.02498505678422
0.0277346084877466
0.211954572624029
0.0717274357441721
0.0731881350866706
0.0566049013747758
0.0939311864913329
0.158831907501494
0.0428571428571429
0.00298864315600717
0.101972504482965
0.052480573819486
0.0993947997609086
0.214704124327555
0.0373580394500896
0.0194859533771668
0.0277346084877466
0.0497310221159594
0.120239651823072
0.0497396611625822
0.302198053646145
0.14596533173939
0.0359832635983264
0.0277346084877466
0.183084279737
0.0442319187089062
0.128093245666468
0.134967124925284
0.0579796772265391
0.0469814704124328
0.0277346084877466
0.038732815301853
0.0469814704124328
0.173460848774656
0.0464659294680215
0.0517931858936043
0.0536835026897789
0.155588762701733
0.0648535564853557
0.067916915720263
0.0607292289300657
0.148714883442917
0.0840070233114169
0.151808129109384
0.0621040047818291
0.0589248356246265
0.0428571428571429
0.0827256425582785
0.0717274357441724
0.0167364016736402
0.034608487746563
0.0277346084877466
0.0992229527794381
0.0950986252241485
0.0644865137477585
0.0332337118947998
0.0859832635983264
0.105222653915123
0.140466228332337
0.11192048341303
0.0582692020322773
0.0139868499701136
0.105536461446503
0.0992229527794381
0.115720263000598
0.0676731545128511
0.0769612970711295
0.123968918111178
0.0731881350866706
0.09166168559474
0.105910041841004
0.0167364016736402
0.0383291149880455
0.0736962044231919
0.0550433353257621
0.0442319187089062
0.000239091452480579
0.0304841601912732
0.0725848027495518
0.104722056186491
0.156963538553497
0.0937238493723849
0.0841247011356842
0.0937238493723849
0.0710400478182905
0.137716676628811
0.011237298266587
0.011237298266587
0.0236102809324567
0.0579796772265391
0.110221159593545
0.0538553496712492
0.115720263000598
0.125343693962941
0.0689778840406456
0.066228332337119
0.0277346084877466
0.0992229527794381
0.0636057979677226
0.0854751942618052
0.0167364016736402
0.143215780035864
0.000239091452480579
0.0854751942618051
0.0663067842199642
0.0359832635983264
0.000239091452480579
0.195457262402869
0.049348569187089
0.0139868499701136
0.0648535564853557
0.0724148236700536
0.110166990436342
0.0497310221159594
0.00848774656306037
0.137029288702929
0.00298864315600717
0.0442319187089062
0.00298864315600717
0.011237298266587
0.189958158995816
0.203705917513449
0.0618368947997609
0.107471607890018
0.0716415122534369
0.0992229527794379
0.000239091452480579
0.0964734010759115
0.178959952181709
0.173460848774656
0.0304841601912732
0.121219366407651
0.112970711297071
0.0844441123729826
0.0634787806335923
0.00573819485953378
0.00848774656306037
0.0167364016736402
0.00573819485953378
0.112970711297071
0.00573819485953378
0.084100418410042
0.0552301255230126
0.0937238493723849
0.14596533173939
0.0497310221159594
0.0222355050806934
0.0442319187089062
0.132561267184698
0.02498505678422
0.0469814704124328
0.15421398684997
0.00298864315600717
0.00848774656306037
0.02498505678422
0.0854751942618051
0.118469814704124
0.107172743574418
0.0497310221159594
0.0415682904961148
0.0744769874476987
0.143215780035864
0.0353817991631799
0.132217573221757
0.0304841601912732
0.115720263000598
0.0815227136879857
0.0634787806335923
0.0607292289300657
0.0414823670053796
0.0634787806335923
0.0359832635983264
0.123282464136282
0.238075313807531
0.104722056186491
0.0827256425582785
0.0779139270771068
0.0414823670053796
0.075851763299462
0.0717274357441721
0.0139868499701136
0.011237298266587
0.100597728631201
0.00573819485953378
0.0167364016736402
0.250448296473401
0.293066347878064
0.00848774656306037
0.184459055588763
0.107471607890018
0.101455095636581
0.0491258218768679
0.0332337118947998
0.0947549312612074
0.0736028093245666
0.0936575388523609
0.0747310221159594
0.0799760908547518
0.0576574641362821
0.0772265391512253
0.129468021518231
0.101972504482965
0.141138673042439
0.0414823670053796
0.0222355050806934
0.0717788030484161
0.0394851128212792
0.200956365809922
0.0167364016736402
0.134967124925284
0.0332337118947998
0.00848774656306037
0.106096832038254
0.0559175134488942
0.118469814704124
0.106784219964137
0.0745162133891213
0.00573819485953378
0.0492717517184698
0.056605368350269
0.132217573221757
0.0634787806335923
0.112229154213987
0.0703526598924089
0.0634787806335923
0.038732815301853
0.0442319187089062
0.0359832635983264
0.0214019538254632
0.103690974297669
0.129468021518231
0.038732815301853
0.0799760908547519
0.0497310221159594
0.0442319187089062
0.0869521210026898
0.0167364016736402
0.0814778840406455
0.0686341900777048
0.194082486551106
0.0593544530783025
0.0662283323371188
0.107471607890018
0.066228332337119
0.000239091452480579
0.162058124439629
0.0524805738194859
0.112970711297071
0.0497310221159594
0.0414823670053796
0.0724307008368199
0.066228332337119
0.0277346084877466
0.0139868499701136
0.0703526598924089
0.0738409668260611
0.0222355050806934
0.102638411536163
0.0854751942618051
0.112970711297071
0.140466228332337
0.0359832635983264
0.0634787806335923
0.0923490735206219
0.0497310221159594
0.0167364016736402
0.115720263000598
0.105409444112373
0.0717274357441721
0.0752278840406456
0.154557680812911
0.16246264196055
0.143215780035864
0.110221159593545
0.126718469814704
0.130842797369994
0.0895154662283323
0.0902869097429763
0.119367341601913
0.00573819485953378
0.137716676628811
0.082897489539749
0.0978481769276748
0.066228332337119
0.0284219964136282
0.0167364016736402
0.0553160490137478
0.02498505678422
0.0139868499701136
0.071697549312612
0.156963538553497
0.0307456664674238
0.0607292289300657
0.122594142259414
0.0538553496712493
0.0634787806335923
0.122594142259415
0.179553945008966
0.0552301255230126
0.0497310221159594
0.0469814704124328
0.0621040047818291
0.0139868499701136
0.0689778840406455
0.0579796772265391
0.0689778840406455
0.211954572624029
0.0882247459653317
0.0661199940227137
0.00298864315600717
0.17071129707113
0.143215780035864
0.116049013747759
0.0799760908547519
0.0799760908547521
0.0964734010759115
0.0407949790794979
0.0281436790197251
0.000239091452480579
0.0662283323371192
0.000239091452480579
0.0605910041841004
0.0854751942618051
0.0277346084877466
0.0167364016736402
0.169577655689629
0.133592349073521
0.00573819485953378
0.165212193664077
0.0139868499701136
0.0882247459653317
0.0194859533771668
0.0360635833831441
0.0861625821876867
0.0674013747758516
0.0827256425582786
0.118915659556186
0.0359832635983264
0.143215780035864
0.0401075911536163
0.0772265391512253
0.0827405857740585
0.0373580394500897
0.178959952181709
0.228451882845188
0.0481843992827257
0.0208607292289301
0.0139868499701136
0.0579796772265392
0.0500359571129707
0.0418111177525403
0.132217573221757
0.0538553496712492
0.0662283323371189
0.0497310221159594
0.141944672743574
0.0787460774058577
0.0937238493723851
0.0854751942618053
0.079106276033884
0.0304841601912732
0.066228332337119
0.00848774656306038
0.0937238493723849
0.0744769874476987
0.0277346084877466
0.0485794605499104
0.0683946316497311
0.0514924536760311
0.0579796772265391
0.143215780035864
0.0524805738194858
0.135466088239689
0.123968918111178
0.087741659817693
0.011237298266587
0.0277346084877466
0.00711297071129709
0.0827256425582785
0.052480573819486
0.110762238260236
0.0882247459653318
0.0497310221159594
0.101972504482965
0.0799760908547519
0.0854751942618051
0.0948399208009566
0.455289898386132
0.0607292289300657
0.052480573819486
0.134967124925284
0.218828451882845
0.0466377764494919
0.119157202630006
0.0277346084877466
0.0744769874476987
0.0722130902570232
0.0789706926180515
0.0950986252241484
0.0359832635983264
0.0499738493723849
0.132217573221757
0.0651972504482965
0.151464435146444
0.0378586371787209
0.0843367080095637
0.0663553496712493
0.126718469814704
0.0596981470412433
0.066228332337119
0.0634787806335923
0.156963538553497
0.0909742976688584
0.0277346084877466
0.101972504482965
0.14596533173939
0.0799760908547519
0.0799760908547519
0.0854751942618051
0.0882247459653317
0.855349671249253
0.00573819485953378
0.0341639270771069
0.137716676628811
0.0916616855947401
0.0684473998804543
0.0593544530783025
0.076294222579199
0.0569336521219366
0.0332337118947998
0.066228332337119
0.0738531081888823
0.0376204796772265
0.0552301255230126
0.00573819485953378
0.264196054991034
0.0723064853556485
0.0964734010759115
0.10513112671847
0.0139868499701136
0.0359832635983264
0.0332337118947998
0.255947399880454
0.0674550769575612
0.0139868499701136
0.052480573819486
0.110027598251644
0.0706029587567247
0.0779139270771071
0.117095038852361
0.0671396350119546
0.139854490436342
0.0532931111775254
0.0359832635983264
0.0545427375971309
0.0442319187089062
0.0359832635983264
0.0854751942618051
0.272444710101614
0.000239091452480579
0.0895995218170951
0.0882247459653317
0.0167364016736402
0.0827256425582785
0.0414823670053796
0.0772265391512253
0.079881995292887
0.0518445531978481
0.0469814704124328
0.122104284967125
0.0729228930065749
0.0511057979677227
0.033741781231321
0.239450089659295
0.0311715481171548
0.0911984459055587
0.0937238493723849
0.0882098027495519
0.0552301255230127
0.0882247459653317
0.112970711297071
0.0974811341900775
0.052480573819486
0.0538553496712493
0.0772265391512253
0.0222355050806934
0.0851240286909744
0.038732815301853
0.137716676628811
0.0854751942618051
0.0332337118947998
0.0378735803945009
0.0277346084877466
0.0854751942618052
0.0978481769276747
0.0440778167961745
0.0827256425582784
0.104722056186491
0.152839210998207
0.0662283323371189
0.0579796772265391
0.0277346084877466
0.0442319187089062
0.000239091452480579
0.104722056186491
0.0332337118947998
0.00298864315600717
0.0469814704124328
0.0772265391512253
0.0277346084877466
0.110019426180514
0.0222355050806934
0.0332337118947998
0.0359832635983264
0.0827256425582784
0.0304841601912731
0.0480125523012552
0.0332337118947998
0.0304841601912732
0.0717274357441721
0.0497384937238494
0.0277346084877466
0.247011356843993
0.123968918111177
0.0380454273759714
0.00848774656306037
0.088224745965332
0.0854751942618051
0.066228332337119
0.0332337118947998
0.0431102435744172
0.0167364016736402
0.00298864315600717
0.123968918111178
0.0332337118947998
0.123968918111178
0.0696652719665271
0.0634787806335923
0.0607292289300657
0.0663553496712492
0.112970711297071
0.122594142259414
0.00848774656306037
0.0304841601912732
0.0717274357441724
0.02498505678422
0.151464435146444
0.0889121338912135
0.0715022368126121
0.0909742976688584
0.178959952181709
0.0799760908547519
0.0304841601912732
0.0799760908547519
0.0827256425582785
0.0456066945606694
0.0454595972803347
0.126718469814704
0.0442319187089062
0.0827256425582785
0.0507621040047818
0.0139868499701136
0.0573305812910938
0.00573819485953378
0.078959718693963
0.0359832635983264
0.0607292289300658
0.0552301255230126
0.0944112372982668
0.0442319187089062
0.0937238493723849
0.100597728631201
0.0992229527794381
0.0277346084877466
0.121219366407651
0.0538553496712494
0.0621469665271967
0.172086072922893
0.109533771667663
0.101285116557083
0.00848774656306037
0.0964734010759115
0.110221159593545
0.0304841601912732
0.0604639868499702
0.0304841601912732
0.128093245666468
0.0736028093245666
0.0359832635983264
0.0799760908547519
0.112970711297071
0.00298864315600717
0.0586670651524208
0.153526598924089
0.0346042849671249
0.0167364016736402
0.111595935445308
0.126718469814704
0.0277346084877466
0.0139868499701136
0.17071129707113
0.0785542672220562
0.0437163777644949
0.0497310221159594
0.066228332337119
0.0607292289300657
0.0827256425582785
0.0525258704423192
0.087963239689181
0.143215780035864
0.0689778840406455
0.170496488344292
0.0842199641362821
0.157900408136581
0.0712978182904963
0.0275730349671248
0.0194859533771668
0.0579796772265391
0.0607292289300657
0.110393006575015
0.00573819485953378
0.119492024058578
0.0332337118947998
0.0786013150029886
0.00986252241482369
0.0538553496712492
0.167961745367603
0.0832145658995815
0.0442319187089062
0.0579796772265391
0.0669157202630004
0.00298864315600717
0.148714883442917
0.0277346084877466
0.0841004184100421
0.0469814704124328
0.184459055588763
0.0950986252241485
0.5501494321578
0.0744769874476987
0.140466228332337
0.0724148236700537
0.0709802749551701
0.0978481769276749
0.0442319187089062
0.0359832635983264
0.02498505678422
0.079976090854752
0.0945697754781829
0.0358506425582786
0.0868574417214585
0.053299181858936
0.113140223401076
0.103495778541542
0.0689778840406455
0.0607292289300657
0.101972504482965
0.00848774656306037
0.0689778840406455
0.0442319187089062
0.0682904961147639
0.0514494919306636
0.181709503885236
0.156963538553497
0.140466228332337
0.0781716975493129
0.0414823670053796
0.0992229527794381
0.117251942618052
0.0772265391512253
0.110221159593545
0.131530185295876
0.0728491108786613
0.116566189106396
0.115720263000598
0.0414823670053796
0.0552301255230126
0.173460848774656
0.0717274357441723
0.0236102809324567
0.0414823670053796
0.0858837978182904
0.0304841601912732
0.02498505678422
0.103347280334728
0.0799760908547519
0.0359832635983264
0.034608487746563
0.140466228332337
0.0414823670053796
0.0634787806335923
0.0789300657501494
0.0277346084877466
0.00298864315600717
0.038732815301853
0.038732815301853
0.0634787806335923
0.142236065451285
0.0799760908547519
0.0346869396294083
0.011237298266587
0.0607292289300657
0.00573819485953378
0.0194859533771668
0.0689778840406455
0.0934436640765091
0.16246264196055
0.0304841601912732
0.0607292289300657
0.0827256425582785
0.0222355050806934
0.00298864315600717
0.0854751942618051
0.0304841601912732
0.128780633592349
0.0304841601912732
0.0414823670053796
0.011237298266587
0.0332337118947998
0.000239091452480579
0.192707710699342
0.364554692169755
0.0607292289300657
0.101972504482965
0.0849409742976686
0.0442319187089062
0.0772265391512253
0.0930364614465035
0.0497310221159594
0.129468021518231
0.0442319187089062
0.0304841601912732
0.011237298266587
0.0829927525403465
0.153526598924088
0.0497310221159594
0.00780035863717873
0.070352659892409
0.0913179916317992
0.066228332337119
0.042790832337119
0.0167364016736402
0.140780035863718
0.107535116557083
0.123281530185296
0.080773684997011
0.0655409444112373
0.0194859533771668
0.143903167961746
0.0304841601912732
0.0267035265989241
0.151464435146444
0.0319100114875972
0.0497310221159594
0.0799760908547519
0.225702331141662
0.00573819485953378
0.0339210998206814
0.715122534369396
0.0634787806335923
0.165899581589958
0.121219366407651
0.00848774656306037
0.101972504482965
0.0813508667065153
0.0304841601912732
0.116806447997609
0.00573819485953378
0.0469814704124328
0.0139868499701136
0.0414823670053796
0.0421697549312612
0.0486421520098625
0.0387328153018529
0.0167364016736402
0.052480573819486
0.0799069784817692
0.0619639121338912
0.0744769874476987
0.0552301255230126
0.16246264196055
0.0827256425582785
0.106012776449492
0.15421398684997
0.0272702013598327
0.0798586465182307
0.178959952181709
0.104722056186491
0.0222355050806934
0.346682606096832
0.0643906670277944
0.00573819485953378
0.0462940824865511
0.0263598326359833
0.0882247459653318
0.0860542438732814
0.0442319187089061
0.0497310221159594
0.0401075911536163
0.0359832635983264
0.062104004781829
0.000239091452480579
0.0845659929766885
0.0532706963538553
0.132068141063958
0.0435445307830244
0.0222355050806934
0.0840929468021517
0.0703526598924088
0.0538553496712493
0.0469814704124328
0.00573819485953378
0.0552301255230126
0.112970711297071
0.0591377764494918
0.297190675433353
0.000239091452480579
0.0222355050806934
0.0882247459653317
0.148595337716676
0.0634787806335923
0.066228332337119
0.0689778840406458
0.0909742976688584
0.0167364016736402
0.0909742976688584
0.0469814704124328
0.000239091452480579
0.121219366407651
0.0649394799760908
0.107471607890018
0.0118649133293485
0.15421398684997
0.0579796772265391
0.110221159593544
0.0359832635983264
0.107471607890018
0.0291093843395099
0.0581365809922296
0.0505603705917513
0.00298864315600717
0.187895995218171
0.156963538553497
0.0731022115959355
0.02498505678422
0.123968918111178
0.0700948894202032
0.068290496114764
0.0744769874476987
0.151464435146444
0.0358637178720861
0.118626718469815
0.0579796772265392
0.0552301255230126
0.0799760908547519
0.112970711297071
0.0277346084877466
0.0552301255230126
0.0304841601912732
0.0167364016736402
0.0909742976688584
0.115720263000598
0.0414823670053795
0.379677226539151
0.052480573819486
0.071211894799761
0.374178123132098
0.0648535564853557
0.0304841601912732
0.0607292289300657
0.0222355050806934
0.038732815301853
0.0992229527794381
0.0686967647937838
0.0772265391512253
0.123968918111178
0.0356395696353855
0.00848774656306037
0.0460922323296473
0.0639573137701736
0.0414823670053796
0.097848176927675
0.0414823670053796
0.123968918111178
0.113713669306635
0.011237298266587
0.00573819485953378
0.123968918111178
0.211950836820083
0.074476987447699
0.00573819485953378
0.011237298266587
0.107278747011357
0.167961745367603
0.105409444112373
0.0577639345487149
0.10833084279737
0.0786013150029888
0.011237298266587
0.0222355050806934
0.112970711297071
0.0909742976688584
0.115720263000598
0.159713090257023
0.0359832635983264
0.02498505678422
0.0552301255230126
0.0570605527121937
0.105409444112373
0.011237298266587
0.0717274357441721
0.0786013150029886
0.132217573221757
0.126202928870293
0.0968021518230726
0.119660602211596
0.130155409444112
0.0744769874476987
0.052480573819486
0.0469814704124328
0.02498505678422
0.0469814704124328
0.144590555887627
0.0277346084877466
0.101972504482965
0.0359832635983264
0.0370143454871488
0.0359832635983264
0.0332337118947998
0.126718469814704
0.0552301255230126
0.0799760908547519
0.0359832635983264
0.115720263000598
0.011237298266587
0.0359062126419605
0.104722056186491
0.0921772265391515
0.011237298266587
0.143215780035864
0.121219366407651
0.0167364016736402
0.0758517632994621
0.134967124925284
0.112970711297071
0.0167364016736402
0.0964734010759115
0.0992229527794381
0.055520584279737
0.0469814704124328
0.064166168559474
0.117455076957562
0.239450089659295
0.121219366407651
0.0754613717872085
0.225702331141662
0.0607292289300658
0.0418223251643753
0.0923490735206219
0.0763302964360433
0.0167364016736402
0.209205020920502
0.0167364016736402
0.09166168559474
0.0972943439928274
0.0647975194261804
0.0318169082486551
0.0758517632994621
0.0892390167364016
0.184459055588763
0.178959952181709
0.0938956963538553
0.0516306784219963
0.0167364016736402
0.112970711297071
0.0689778840406455
0.0456066945606695
0.052480573819486
0.0453489240884638
0.110221159593545
0.00573819485953378
0.0717274357441721
0.0607292289300657
0.00298864315600717
0.0346084877465631
0.0715910789001794
0.0992229527794381
0.0497310221159593
0.0490156156604901
0.0167364016736402
0.0992229527794381
0.00848774656306037
0.126718469814704
0.0552301255230126
0.0586672986401673
0.0882247459653317
0.0743775800395994
0.0139868499701136
0.0964734010759115
0.0813508667065153
0.0940675433353257
0.0689778840406455
0.0579759414225944
0.0992229527794381
0.0497310221159594
0.02498505678422
0.0607292289300657
0.228451882845188
0.0511057979677226
0.0359832635983264
0.110221159593545
0.0914823670053797
0.0579796772265391
0.0566049013747758
0.651882845188285
0.052480573819486
0.097413269517241
0.0634787806335923
0.0440745479677227
0.0167364016736402
0.0744769874476987
0.0483562462641961
0.038732815301853
0.0484468395098626
0.00573819485953378
0.0414823670053796
0.0992229527794381
0.00298864315600717
0.02498505678422
0.0194859533771668
0.0560034369396294
3.09623430962343
0.02498505678422
0.052480573819486
0.0304841601912732
0.0479677226539151
0.038732815301853
0.0839136282127915
0.0868499701135686
0.00573819485953378
0.0847878063359234
0.0139868499701136
0.140466228332337
0.0744769874476987
0.0332337118947998
0.0552301255230126
0.0359832635983264
0.0562789524805741
0.143215780035863
0.0607292289300658
0.104722056186491
0.127405857740586
0.0593544530783025
0.038732815301853
0.15421398684997
0.118469814704124
0.228451882845188
0.805857740585774
0.0717274357441721
0.048356246264196
0.0414823670053796
0.0669082486551106
0.0964734010759117
0.0707514569635384
0.0414823670053796
0.103347280334728
0.115720263000598
0.221578003586372
0.066228332337119
0.0634787806335923
0.0359832635983264
0.0763673042438733
0.02498505678422
0.0572922893006575
0.0744769874476987
0.038732815301853
0.0992229527794381
0.123968918111177
0.140466228332337
0.0589808726838016
0.0167364016736402
0.0497310221159594
0.211954572624029
0.183084279736999
0.126718469814704
0.0426740884638374
0.0634787806335923
0.0689778840406455
0.0497310221159594
0.02498505678422
0.0352958756724448
0.066228332337119
0.0799760908547519
0.0943692095038852
0.28344291691572
0.0500747160789002
0.00298864315600718
0.0607292289300657
0.0167364016736402
0.0909742976688584
0.0304841601912732
0.030827854154214
0.0964734010759115
0.0786013150029887
0.038732815301853
0.173460848774656
0.0497310221159594
0.0909742976688584
0.0558409294680218
0.0167364016736402
0.268788817337866
0.0937238493723849
0.0167364016736402
0.0139868499701136
0.066228332337119
0.079976090854752
0.123968918111178
0.0414823670053796
0.100080319784818
0.0277346084877466
0.0194859533771668
0.0631350866706515
0.0579796772265391
0.0937238493723851
0.00298864315600717
0.0360953377166766
0.0607292289300657
0.0928363624476986
0.1081589958159
0.00298864315600717
0.0443495965331739
0.0937238493723849
0.0194859533771668
0.0988643156007173
0.132217573221757
0.140466228332337
0.127704722056186
0.0194859533771668
0.0139868499701136
0.0187985654512852
0.0428571428571428
0.0937238493723849
0.0745308647452181
0.0814283846383742
0.0641362821279139
0.104722056186491
0.108846383741781
0.0579796772265391
0.0854751942618051
0.156963538553497
0.0263598326359833
0.21172622160789
0.233950986252241
0.0703526598924091
0.132202630005977
0.1144089958159
0.157650926479378
0.140466228332337
0.140466228332337
0.0689778840406456
0.148714883442917
0.0167364016736402
0.0511057979677226
0.0992229527794381
0.0550086623953975
0.14380977286312
0.0992229527794381
0.0827256425582785
0.0827256425582785
0.0572381201434548
0.0222355050806934
0.0895995218170952
0.0827256425582785
0.0756687089061566
0.0924513411536163
0.0301404662283324
0.052480573819486
0.107471607890018
0.0421697549312612
0.0181111775254035
0.0497310221159594
0.0552301255230126
0.0572922893006576
0.0783435445307829
0.118469814704124
0.0827256425582785
0.112970711297071
0.00573819485953378
0.0529446307157799
1.04781829049611
0.0222355050806934
0.0490780736326956
0.0373580394500896
0.121219366407651
0.0416798976389719
0.0435445307830245
0.0634787806335923
0.0905372086072919
0.0359832635983263
0.0923490735206216
0.118469814704124
0.121219366407651
0.0277346084877466
0.107471607890018
0.280693365212194
0.0494620442319188
0.118509040645547
0.00848774656306037
0.0921697549312612
0.110908547519426
0.0497310221159594
0.0332972205618649
0.0651935146443514
0.0992229527794381
0.0222355050806934
0.0645459947511955
0.0868499701135685
0.0304841601912732
0.0897293410041842
0.0428571428571429
0.00573819485953378
0.0875373580394498
0.066228332337119
0.011237298266587
0.0522937836222355
0.104722056186491
0.0414823670053796
0.132217573221757
0.0538553496712492
0.0414823670053796
0.0566049013747758
0.000239091452480579
0.011237298266587
0.0689778840406455
0.0497310221159593
0.0662283323371189
0.0469814704124328
0.038732815301853
0.031679617453676
0.0459980200239092
0.00573819485953378
0.0167364016736402
0.0222355050806934
0.0447474596533174
0.0380155409444113
0.0497310221159594
0.0370143454871489
0.0552301255230126
0.0634787806335923
0.0359832635983264
0.00848774656306037
0.0909742976688584
0.0332337118947998
0.354931261207412
0.0387328153018529
0.0222355050806934
0.0497310221159594
0.0878810520023912
0.0419119844590556
0.101972504482965
0.198206814106396
0.0304841601912732
0.0522228033472804
0.143215780035864
0.0913179916317991
0.0705245068738792
0.0304841601912732
0.0758517632994619
0.100597728631202
0.0139868499701136
0.107471607890018
0.0466228332337119
0.0621040047818291
0.0332337118947998
0.104722056186491
0.0799760908547521
0.184459055588763
0.036670651524208
0.156963538553497
0.115376569037657
0.152839210998207
0.0304841601912732
0.0469814704124328
0.0414823670053796
0.0522638971906754
0.011237298266587
0.0277346084877466
0.0833831440526001
0.0511057979677226
0.0469814704124328
0.0172369994022713
0.00298864315600717
0.0394202032277345
0.0909742976688584
0.0717274357441721
0.0634787806335923
0.0359832635983264
0.0676031081888823
0.0743999364913328
0.0634787806335924
0.00573819485953378
0.0827256425582785
0.231201434548715
0.121219366407651
0.00298864315600717
0.0634787806335923
0.0854751942618051
0.115720263000598
0.0497310221159594
0.10403466826061
0.0579796772265391
0.0579796772265391
0.0377017334130304
0.02498505678422
0.0390765092647938
0.0222355050806934
0.0620106096832038
0.247698744769874
0.134967124925284
0.0937238493723849
0.0110206216377765
0.107471607890018
0.0167364016736402
0.095504893903168
0.038732815301853
0.0442319187089062
0.0497310221159594
0.143215780035864
0.0909742976688584
0.0428571428571429
0.00298864315600717
0.0332337118947998
0.066006518977884
0.0992229527794381
0.0552301255230126
0.0717274357441721
0.0409051852958757
0.0655409444112373
0.0442319187089062
0.0442319187089062
0.000239091452480579
0.123968918111178
0.117095038852361
0.0607292289300657
0.0934525366108789
0.132217573221757
0.0434361924686192
0.0607292289300657
0.066228332337119
0.172213090257023
0.1081589958159
0.0854751942618051
0.0318589360430365
0.0414823670053796
0.107471607890018
0.0827256425582785
0.117782426778242
0.0277346084877466
0.100937686790198
0.0717274357441721
0.0194859533771668
0.0703526598924088
0.0607292289300657
0.0992229527794381
0.140466228332337
4.04757919904363
0.052480573819486
0.0821855854004783
0.0717274357441721
0.104722056186491
0.363179916317992
0.0895995218170952
0.0497310221159594
0.000239091452480579
0.0520637981918708
0.104765017931859
0.0194859533771668
0.0304841601912732
0.242199641362821
0.112283323371189
0.0710400478182902
0.00986252241482368
0.00848774656306037
0.0222355050806934
0.261446503287507
0.0552301255230126
