0.118469814704124
0.118469814704124
0.118469814704124
0.000239091452480579
0.15421398684997
0.148714883442917
0.0469814704124328
0.118469814704124
0.0827256425582784
0.115720263000598
0.0827256425582784
0.156963538553497
0.0593544530783023
0.0469814704124328
0.155588762701733
0.00298864315600717
0.132217573221758
0.0297967722653914
0.726120741183503
0.118469814704124
0.118469814704124
0.0937238493723849
0.137716676628811
0.0799760908547519
0.0359832635983264
0.135654512851166
0.140466228332338
0.0744769874476987
0.0696652719665271
0.0940675433353255
0.0634787806335923
0.015017931858936
0.110221159593545
0.0758517632994621
0.404423191870891
0.0909742976688584
0.0222355050806934
0.0442319187089062
0.038732815301853
0.481410639569635
0.0964734010759113
0.0428571428571429
0.233950986252241
0.0964734010759113
0.138060370591752
0.0359832635983264
0.129468021518231
0.181709503885236
0.17071129707113
0.309563658099223
0.249073520621638
0.107471607890018
0.183771667662881
0.0834130304841602
0.427794381350867
0.00573819485953378
0.0277346084877466
0.133592349073521
0.130842797369994
0.00848774656306037
0.038732815301853
0.217453676031082
0.0978481769276749
0.148714883442917
0.0194859533771668
0.0689778840406455
0.0139868499701136
0.0476688583383144
0.129811715481172
0.100941422594142
0.00298864315600717
0.088224745965332
0.173460848774656
0.0796323968918111
0.104722056186491
0.0933801554094441
0.430887627017335
0.16246264196055
0.0139868499701136
0.0854751942618051
0.0579796772265391
0.0978481769276751
0.178272564255828
0.0469814704124328
0.097160789001793
0.0593544530783023
0.0442319187089062
0.0792887029288702
0.0414823670053796
0.165212193664077
0.0827256425582785
0.0524805738194859
0.0566049013747758
0.231888822474597
0.038732815301853
0.0717274357441723
0.107471607890018
0.151464435146444
0.0167364016736402
0.122594142259415
0.112970711297071
0.0359832635983264
0.00298864315600717
0.02498505678422
0.118469814704124
0.243574417214585
0.101113269575613
0.115720263000598
0.0689778840406455
0.0222355050806934
0.0882247459653317
0.323998804542738
0.00848774656306037
0.0552301255230126
0.118469814704124
0.02498505678422
0.0304841601912732
0.116407650926479
0.0194859533771668
0.0428571428571429
0.0978481769276747
0.0552301255230126
0.0490436341900777
0.038732815301853
0.0579796772265391
0.103347280334728
0.112970711297071
0.0689778840406455
0.0552301255230125
0.0875373580394505
0.127663628212792
0.16246264196055
0.0731022115959355
0.0854751942618052
0.0332337118947998
0.0468096234309623
0.0634787806335923
0.011237298266587
0.0964734010759115
0.184459055588763
0.0634787806335923
0.193395098625225
0.115720263000597
0.100597728631201
0.0579796772265391
0.0799760908547519
0.0779139270771068
0.0689778840406458
0.187208607292289
0.00298864315600717
0.0634787806335923
0.0579796772265391
0.2916915720263
0.0916616855947402
0.132217573221757
0.114345487148834
0.067946802151823
0.0937238493723849
0.0689778840406455
0.0779139270771069
0.121219366407651
0.0277346084877466
0.0854751942618051
0.0827256425582784
0.0992229527794381
0.0359832635983264
0.0827256425582785
0.0607292289300657
0.011237298266587
0.246323968918111
0.069665271966527
0.0579796772265391
0.169680215182307
0.042513448894202
0.0318589360430364
0.082725642558279
0.11675134488942
0.052480573819486
0.0552301255230126
0.112970711297071
0.107471607890018
0.0827256425582785
0.0222355050806934
0.100941422594142
0.0634787806335923
0.000239091452480579
0.134967124925284
0.165212193664077
0.0803197848176926
0.156619844590556
1.48499701135684
0.0693215780035863
0.100597728631201
0.0827256425582786
0.166243275552899
0.121906754333533
0.185833831440526
0.0634787806335923
0.0414823670053796
0.0277346084877466
0.0868499701135684
0.0469814704124328
0.038732815301853
0.0529961147638972
0.0497310221159594
0.111252241482367
0.71237298266587
0.0222355050806934
0.0414823670053796
0.0992229527794381
0.0999103407053197
0.209205020920502
0.0786013150029887
0.0318589360430365
0.0909742976688586
0.000239091452480579
0.0703526598924088
0.148027495517035
0.0861625821876866
0.0167364016736402
0.0194859533771668
0.0554019725044829
0.0579796772265391
0.250276449491931
0.128093245666468
0.107471607890018
0.0167364016736402
0.0792887029288701
0.151464435146444
0.0622758517632994
0.0772265391512253
0.0194859533771668
0.0304841601912732
0.0869358936043035
0.092349073520622
0.0634787806335923
0.0772265391512253
0.0552301255230126
0.00298864315600717
0.123968918111178
0.135310818888225
0.0882247459653317
0.0401075911536162
0.0909742976688584
0.0799760908547519
0.148714883442917
0.110221159593545
0.0167364016736402
0.129468021518231
0.223812014345488
0.0607292289300658
0.0916616855947401
0.0497310221159594
0.382426778242678
0.0897713687985656
0.217453676031082
0.117610579796772
0.170023909145248
0.110221159593545
0.0359832635983264
0.0304841601912732
0.119157202630006
0.0744769874476989
0.0966452480573823
0.107127913927077
0.0222355050806934
0.0579796772265391
0.100511805140466
0.0827256425582785
0.138404064554692
0.101542887029289
0.0552301255230125
0.143215780035864
0.079546473401076
0.761864913329346
0.228451882845188
0.223812014345488
0.0387328153018529
0.113443290496115
0.0607292289300657
0.187208607292289
0.152151823072325
0.104722056186491
0.0552301255230126
0.154557680812911
0.0428571428571429
0.00298864315600717
0.123968918111178
0.0332337118947998
0.118469814704124
0.208861326957561
0.029195307830245
0.0787731619844593
0.00298864315600717
0.115720263000598
0.0215481171548117
0.126331814106395
0.167961745367603
0.0236102809324567
0.0853033472803346
0.08753735803945
0.121906754333533
0.203018529587567
0.265377502988643
0.0868499701135684
0.0497310221159594
0.0167364016736402
0.0318589360430365
0.0634787806335923
0.0923490735206217
0.113658099222953
0.144762402869098
0.0332337118947998
0.036670651524208
0.0359832635983263
0.121219366407651
0.409234907352062
0.159197549312612
0.107471607890018
0.0999103407053195
0.0854751942618053
0.103003586371787
0.0634787806335923
0.0641661685594739
0.0799760908547519
0.324686192468619
0.14596533173939
0.052480573819486
0.0992229527794381
0.0401075911536162
0.0332337118947998
0.052480573819486
0.0304841601912732
0.0222355050806934
0.0799760908547519
0.0992229527794379
0.125343693962941
0.109190077704722
0.0717274357441721
0.02498505678422
0.0992229527794379
0.200956365809922
0.1938247160789
0.156963538553497
0.0414823670053796
0.115720263000598
0.0892558278541542
0.0566049013747761
0.00848774656306037
0.0648535564853559
0.0686341900777049
0.0772265391512253
0.0469814704124328
0.0634787806335923
0.167618051404663
0.0263598326359833
0.0921772265391513
0.0222355050806934
0.118469814704124
0.0139868499701136
0.0950986252241484
0.437654101912731
0.0579796772265391
0.167961745367603
0.0414823670053796
0.082897489539749
0.156963538553497
0.198206814106396
0.115462492528392
0.0442319187089062
0.0194859533771668
0.16658696951584
0.17071129707113
0.0610729228930064
0.0744769874476987
0.115720263000597
0.0827256425582785
0.101972504482965
0.0552301255230126
0.0909742976688584
0.176210400478183
0.0554019725044829
0.324686192468619
0.137716676628811
0.104722056186491
0.118985355648536
0.038732815301853
0.071297818290496
0.0607292289300657
0.0297967722653915
0.125343693962941
0.0909742976688581
0.0676031081888822
0.062104004781829
0.0895995218170949
0.011237298266587
0.16246264196055
0.02498505678422
0.011237298266587
0.236013150029886
0.111595935445308
0.148607479079498
0.0222355050806934
0.0359832635983264
0.0909742976688584
0.0277346084877466
0.14596533173939
0.118469814704125
0.0469814704124328
0.106096832038255
0.395959728033473
0.038732815301853
0.0976333682008365
0.0263598326359833
0.000239091452480579
0.075851763299462
0.00848774656306037
0.0827256425582785
0.0139868499701136
0.0579796772265391
0.0222355050806934
0.074476987447699
0.0456066945606695
0.0552301255230126
0.123968918111178
0.0414823670053796
0.383801554094441
0.0304841601912732
0.107471607890018
0.0955712044231922
0.0167364016736402
0.111595935445308
0.194512104004782
0.066228332337119
0.0825108338314405
0.277943813508667
0.210236102809325
0.034608487746563
0.473161984459056
0.115720263000598
0.000239091452480579
0.0827256425582786
0.107471607890018
0.0297967722653916
0.0511057979677226
0.739868499701136
0.167961745367603
0.129468021518231
0.0497310221159594
0.0222355050806934
0.107471607890018
0.091146144650329
0.00573819485953378
0.0818664076509265
0.0799760908547522
0.0222355050806934
0.0469814704124328
0.15833831440526
0.052480573819486
0.104722056186491
0.0909742976688584
0.0662283323371189
0.0139868499701136
0.038732815301853
0.206455469216976
0.0689778840406455
0.0194859533771668
0.0632639719067543
0.220203227734608
0.00298864315600717
0.123968918111178
0.187638224745966
0.0992229527794381
0.154901374775852
0.134021966527197
0.0552301255230126
0.160400478182905
0.02498505678422
0.159713090257023
0.15421398684997
0.118340929468021
0.141841004184101
0.132217573221757
0.131057606096832
0.0194859533771668
0.0786013150029888
0.154901374775852
0.0414823670053796
0.121219366407651
0.0634787806335923
0.00848774656306037
0.412671846981469
0.0442319187089062
0.00848774656306037
0.126718469814704
0.0637150702331143
0.0758517632994621
0.103819859533772
0.011237298266587
0.112970711297071
0.0428571428571428
0.0676890316796177
0.0484421697549313
0.0552301255230126
0.0284219964136283
0.101972504482965
0.0521368798565451
0.15341919456067
0.100597728631201
0.0277346084877466
0.129468021518231
0.26282127913927
0.110328563956963
0.038732815301853
0.02498505678422
0.0992229527794382
0.0621040047818292
0.0359832635983265
0.0428571428571428
0.113486252241483
0.0528242677824267
0.247784668260609
0.0893417513448894
0.400298864315601
0.0909742976688584
0.126718469814704
0.178959952181709
0.0584952181709503
0.211954572624029
0.00298864315600717
0.0648535564853557
0.052480573819486
0.0937238493723849
0.165212193664077
0.14149731022116
0.00848774656306037
0.0839285714285714
0.093723849372385
0.137716676628811
0.10403466826061
0.195457262402869
0.0139868499701136
0.107471607890018
0.0937238493723849
0.0737895995218172
0.0442319187089062
0.111595935445308
0.0964734010759115
0.0686341900777047
0.000239091452480579
0.43289608861327
0.0579796772265391
0.0937238493723849
0.0634787806335923
0.0806634787806334
0.0593544530783024
0.0744769874476987
0.0469814704124328
0.112970711297071
0.137716676628811
0.0387328153018529
0.0593544530783027
0.0194859533771668
0.0689778840406455
0.0167364016736402
0.000239091452480579
0.0194859533771668
0.16246264196055
0.0359832635983264
0.0552301255230126
0.00848774656306037
0.0909742976688584
0.0894706365809921
0.0456066945606695
0.133936043036461
0.011237298266587
0.0332337118947998
0.148714883442917
0.108395285415422
0.0139868499701136
0.104979826658697
0.0772265391512253
0.0595907426778244
0.0882247459653317
0.0291093843395099
0.00298864315600717
0.0167364016736402
0.0913179916317992
0.143215780035864
0.011237298266587
0.104722056186491
0.0304841601912732
0.0964734010759115
0.0359832635983264
0.0808353257621039
0.104722056186491
0.101972504482965
0.00848774656306037
0.0139868499701136
0.0909742976688584
0.0511057979677226
0.0953134339509866
0.0834989539748955
0.181709503885236
0.183771667662881
0.0572063658099222
0.00848774656306037
0.100425881649731
0.070352659892409
0.02498505678422
0.0655839061566049
0.10403466826061
0.136341900777047
0.00573819485953378
0.0359832635983264
0.0442319187089062
0.0304841601912732
0.0332337118947998
0.0964734010759113
0.100254034668261
0.0497310221159594
0.0414823670053795
0.0787731619844594
0.0863344291691572
0.209205020920502
0.0717274357441719
0.134967124925284
0.0382172743574417
0.070352659892409
0.159713090257023
0.00298864315600717
0.203705917513449
0.148714883442917
0.16246264196055
0.0552301255230126
0.0277346084877466
0.0483562462641961
0.100726613867304
0.0497310221159594
0.0432008368200838
0.00573819485953378
0.0277346084877466
0.129468021518231
0.0799760908547519
0.145106096832038
0.000239091452480579
0.0660564853556486
0.0263598326359833
0.0469814704124328
0.0469814704124328
0.118469814704124
0.0552301255230126
0.0816945606694559
0.245636580992229
0.0414823670053796
0.698625224148237
0.126374775851763
0.112970711297071
0.0579796772265391
0.0689778840406455
0.0827256425582785
0.000239091452480579
0.0222355050806934
0.157307232516437
0.14596533173939
0.126202928870292
0.0696652719665272
0.0277346084877466
0.0359832635983264
0.0359832635983264
0.139091452480574
0.112970711297071
0.0139868499701136
0.222952779438134
0.0579796772265391
0.0799760908547522
0.103605050806934
0.123968918111177
0.134967124925284
0.068290496114764
0.16246264196055
0.0596981470412432
0.384488942020323
0.038732815301853
0.392050209205021
0.0593544530783026
0.0563471309025703
0.0854751942618052
0.0837567244471012
0.275194261805141
0.0963874775851765
0.0304841601912732
0.0689778840406455
0.107471607890018
0.10025403466826
0.18720860729229
0.0648535564853558
0.148543036461447
0.151808129109384
0.221062462641961
0.00298864315600717
0.0851315002988643
0.148714883442917
0.0971607890017933
0.0167364016736402
0.0882247459653317
0.0304841601912732
0.0139868499701136
0.000239091452480579
0.0359832635983264
0.132217573221757
0.0332337118947997
0.0139868499701136
0.156963538553497
0.110221159593545
0.122594142259414
0.0868499701135684
0.0139868499701136
0.0442319187089062
0.242199641362821
0.0997384937238496
0.0770546921697549
0.112970711297071
0.151979976090855
0.19467321054991
0.066228332337119
0.0491617789898387
0.143215780035864
0.126718469814704
0.0820382546323967
0.261446503287507
0.194082486551105
0.126374775851763
0.937836222355051
0.0854751942618051
0.0222355050806934
0.0579796772265391
0.124656306037059
0.101972504482965
0.134967124925284
0.0456066945606694
0.57489539748954
0.184459055588763
0.0937238493723849
0.14596533173939
0.0850026150627617
0.0772265391512253
0.0648535564853557
0.000239091452480579
0.17071129707113
0.121219366407651
0.397549312612074
0.0277346084877466
0.0731022115959354
0.0882247459653317
0.0139868499701136
0.0167364016736402
0.126718469814704
0.104722056186491
0.0545427375971311
0.288942020322773
0.0937238493723849
0.0167364016736402
0.0167364016736402
0.181709503885236
0.151464435146444
0.0167364016736402
0.0741332934847579
0.0744340257023312
0.0442319187089062
0.106784219964136
0.0937238493723849
0.0703526598924092
0.0469814704124327
0.0946475268977886
0.052480573819486
0.0469814704124328
0.011237298266587
0.156963538553497
0.075980648535565
0.0304841601912732
0.15387029288703
0.110221159593545
0.0277346084877466
0.111144837118948
0.236356843992828
0.112970711297071
0.0167364016736402
0.0809212492528391
0.125859234907352
0.0304841601912732
0.0222355050806934
0.00573819485953378
0.111595935445308
0.126718469814704
0.0222355050806934
0.011237298266587
0.000239091452480579
0.038732815301853
0.112970711297071
0.0978481769276748
0.106010908547519
0.16246264196055
0.0827256425582784
0.281380753138076
0.0854751942618051
0.0945830842797369
0.0414823670053796
0.011237298266587
0.123968918111178
0.152753287507471
0.0497310221159594
0.0752502988643159
0.066228332337119
0.290805486028094
0.132260534967125
0.0167364016736402
0.0621040047818291
0.522653915122535
0.0634787806335923
0.00298864315600717
0.113314405260012
0.0944541990436346
0.0414823670053796
0.011237298266587
0.0277346084877466
0.0882247459653318
0.115720263000598
0.115720263000597
0.00298864315600717
0.0590107591153616
0.0517502241482366
0.200956365809922
0.0593544530783025
0.101972504482965
0.0304841601912732
0.0591826060968319
0.052480573819486
0.0222355050806934
0.0717274357441721
0.0469814704124328
0.011237298266587
0.222952779438135
0.0579796772265391
0.165212193664077
0.0566049013747758
0.0749925283921102
0.187208607292289
0.0868499701135685
0.0814367901972504
0.0813508667065153
0.0536835026897788
0.011237298266587
0.0759376867901975
0.115720263000598
0.0655409444112371
0.176897788404064
0.011237298266587
0.0263598326359833
0.16246264196055
0.101972504482965
0.30818888224746
0.066228332337119
0.0621040047818291
0.0167364016736402
0.0895995218170951
0.110221159593545
0.00298864315600717
0.110221159593545
0.0504184100418411
0.0153616258218769
0.0194859533771668
0.0545427375971309
0.079976090854752
0.0987074118350268
0.0964734010759116
0.132217573221758
0.0634787806335926
0.066228332337119
0.0425134488942019
0.158767931858936
0.066228332337119
0.0566049013747758
0.0538553496712492
0.495158398087268
0.0908883741781233
0.0139868499701136
0.0847878063359235
0.11640765092648
0.0497310221159594
0.052480573819486
0.0909742976688584
0.0263598326359833
0.0734888673042441
0.0291093843395099
0.0878810520023907
0.0854751942618051
0.0634787806335923
0.159713090257023
0.118469814704124
0.151464435146444
0.0469814704124328
0.165212193664077
0.011237298266587
0.0469814704124328
0.344177399320084
0.0969352398386134
0.203705917513449
0.107471607890018
0.0978481769276748
0.103347280334728
0.117309847579199
0.0861625821876869
0.121219366407651
0.00848774656306037
0.038732815301853
0.0456066945606695
0.0414823670053796
0.0591396443514645
0.10940488643156
0.052480573819486
0.206455469216976
0.0497310221159594
0.0332337118947998
0.0624476987447698
0.0882247459653318
0.0469814704124328
0.160400478182905
0.0607292289300657
0.356306037059175
0.0304841601912732
0.0909742976688584
0.0469814704124328
0.0593544530783024
0.0882247459653317
0.0579796772265391
0.104722056186491
0.0538553496712491
0.129468021518231
0.134967124925284
0.0669157202630006
0.0854751942618051
0.110221159593545
0.121219366407651
0.0442319187089062
0.0469814704124328
0.011237298266587
0.0414823670053795
0.116407650926479
0.128093245666467
0.12912432755529
0.164524805738195
0.144590555887628
0.112970711297071
0.111595935445308
0.110221159593545
0.0772265391512253
0.079976090854752
0.048356246264196
0.011237298266587
0.0827256425582787
0.02498505678422
0.1372011356844
0.0766680364614465
0.0208607292289301
0.0406660938433951
0.147340107591154
0.0569485953377166
0.0992229527794383
0.0222355050806934
0.038732815301853
0.0909742976688581
0.121219366407651
0.0663142558278543
0.00848774656306037
0.343933054393305
0.14596533173939
0.011237298266587
0.052480573819486
0.0511057979677226
0.228451882845188
0.121219366407651
0.0724148236700538
0.0456066945606695
0.0753362223550506
0.0882247459653317
0.0744769874476987
0.052480573819486
0.0579796772265391
0.0796323968918114
0.130842797369994
0.117610579796772
0.00298864315600717
0.0277346084877466
0.0579796772265391
0.107471607890018
0.0579796772265391
0.159713090257023
0.0689778840406455
0.0689778840406455
0.175565974297669
0.0634787806335923
0.0194859533771668
0.167961745367603
0.15421398684997
0.101972504482965
0.426591452480574
0.00573819485953378
0.000239091452480579
0.0870862597130904
0.0744769874476987
0.038732815301853
0.0607292289300657
0.052480573819486
0.056604901374776
0.0167364016736402
0.0909742976688584
0.0194859533771668
0.0497310221159594
0.038732815301853
0.07499252839211
0.0724148236700539
0.0428571428571429
0.0669157202630007
0.0263598326359833
0.121906754333533
0.0866781231320981
0.0442319187089062
0.0744769874476988
0.0607292289300657
0.0818664076509265
0.0964734010759115
0.0964734010759115
0.0222355050806934
0.216078900179318
0.0744769874476987
0.101628810520024
0.101972504482965
0.0167364016736402
0.0703526598924089
0.0562612074118351
0.0717274357441721
0.00848774656306037
0.172086072922893
0.0854751942618051
0.109361924686192
0.0359832635983264
0.156963538553497
0.346682606096832
0.155932456664675
0.00848774656306037
0.0359832635983264
0.128995442319187
0.0456066945606694
0.145277943813509
0.0167364016736402
0.0607292289300657
0.0700089659294681
0.0866781231320979
0.0497310221159594
0.0442319187089062
0.0717274357441721
0.0976763299462046
0.0621040047818291
0.0139868499701136
0.0885684399282727
0.146652719665272
0.129468021518231
0.106827181709504
0.0648535564853556
0.129553945008966
0.115720263000598
0.137029288702929
0.0607292289300657
0.0882247459653317
0.00573819485953378
0.0139868499701136
0.0277346084877466
0.0737895995218172
0.0414823670053796
0.104722056186491
0.121219366407651
0.112970711297071
0.0873655110579798
0.110049312612074
0.066228332337119
0.0930364614465033
0.00848774656306037
0.000239091452480579
0.0634787806335923
0.0909742976688584
0.0909742976688584
0.0569485953377167
0.0559175134488943
0.02498505678422
0.123968918111178
0.047497011356844
0.105409444112373
0.198206814106396
0.069579348475792
0.0729303646144649
0.000239091452480579
0.0311715481171548
0.0167364016736402
0.101199193066348
0.132045726240287
0.0634787806335923
0.126718469814704
0.118469814704124
0.178959952181709
0.0744769874476987
3.2172145845786
0.0930364614465033
0.0277346084877466
0.273218021518231
0.189958158995816
0.0480125523012552
0.14596533173939
0.114989913329348
0.0222355050806934
0.123968918111178
0.143215780035864
0.0717274357441721
0.0719583551255231
0.0909742976688585
0.0909742976688584
0.00298864315600717
0.0717274357441721
0.0634787806335923
0.10725679916318
0.00298864315600717
0.0937238493723849
0.0589248356246266
0.011237298266587
0.0717274357441721
0.146260693738792
0.0497310221159594
0.100554766885834
0.0922631500298867
0.0839285714285718
0.0194859533771668
0.152667364016737
0.0923490735206218
0.011237298266587
0.000239091452480579
0.0656698296473403
0.0829565619396294
0.0792887029288701
0.195092087567244
0.0277346084877466
0.101285116557083
0.0497310221159594
0.140358823968918
0.0744769874476987
0.0744769874476987
0.737118947997609
0.0937238493723849
0.0277346084877466
0.050740623132098
0.011237298266587
0.079976090854752
0.0167364016736402
0.187208607292289
0.0222355050806934
0.0593544530783024
0.178959952181709
0.0401075911536163
0.0469814704124328
0.222509736439032
0.0167364016736402
0.165212193664076
0.11640765092648
0.132217573221757
0.0167364016736402
0.0827256425582785
0.0773124626419606
0.038732815301853
0.0442319187089062
0.000239091452480579
0.0937238493723849
0.0346084877465631
0.0957860131500295
0.0614166168559475
0.112970711297071
0.052480573819486
0.052480573819486
0.15421398684997
0.00848774656306037
0.0895995218170953
0.0552301255230125
0.125386655708309
0.0607292289300658
0.192707710699342
0.0744769874476987
0.00298864315600717
0.137716676628811
0.0607292289300657
0.0964734010759115
0.0854751942618049
0.02498505678422
0.111510011954573
0.0863344291691572
0.00298864315600717
0.0304841601912732
0.222952779438135
0.140466228332337
0.0689778840406455
0.462163777644949
0.00573819485953378
0.0786013150029886
0.085818888224746
0.0937238493723849
0.0469814704124328
0.00848774656306037
0.0552301255230125
0.0432437985654514
0.101972504482965
0.222952779438135
0.121219366407651
0.115720263000598
0.0552301255230126
0.0731022115959355
0.0194859533771668
0.105871282875075
0.0854751942618051
0.0497310221159594
0.0579796772265391
0.000239091452480579
0.092349073520622
0.0639943215780036
0.112970711297071
0.137716676628811
0.000239091452480579
0.11703059623431
0.0854751942618051
0.0490436341900777
0.129468021518231
0.0992229527794381
0.108803421996414
0.0813508667065153
0.665630603705917
0.0724148236700538
0.121219366407651
0.159713090257023
0.0565189778840407
0.121219366407651
0.121219366407651
0.085475194261805
0.100254034668261
0.0167364016736402
0.083541915720263
0.12087567244471
0.0277346084877466
0.0552301255230126
0.0662283323371188
0.0668297967722653
0.0561538030484162
0.093380155409444
0.0790738942020326
0.197519426180514
0.0194859533771668
0.0882247459653317
0.0745951322474598
0.0387328153018529
0.132217573221757
0.0770117304243875
0.011237298266587
0.02498505678422
0.0304841601912732
0.0469814704124328
0.137716676628811
0.185490137477584
0.0469814704124328
0.451165570830843
0.104722056186491
0.0538553496712492
0.0913179916317991
0.0359832635983264
0.101972504482965
0.0511057979677228
0.0471533173939031
0.0669157202630006
0.0689778840406457
0.0799760908547519
0.0507621040047819
0.255947399880454
0.0304841601912732
0.0854751942618051
0.066228332337119
0.0277346084877466
0.0964734010759115
0.143215780035864
0.118469814704124
0.187208607292289
0.0937238493723849
0.21461820083682
0.0696652719665272
0.0617173490735205
0.0139868499701136
0.111166317991632
0.0937238493723849
0.00848774656306037
0.0545427375971309
0.0645098625224149
0.127405857740585
0.134623430962343
0.0772265391512253
0.0428571428571429
0.00848774656306037
0.0442319187089062
0.0139868499701136
0.0827256425582785
0.0964734010759115
0.121477136879856
0.00573819485953378
0.011237298266587
0.0964734010759115
0.0139868499701136
0.0937238493723849
0.195457262402869
0.0456066945606695
0.0469814704124328
0.00298864315600717
0.13359234907352
0.0222355050806934
0.250448296473401
0.402361028093246
0.103519127316198
0.097418559473999
0.0895995218170949
0.075851763299462
0.0854751942618053
0.0858188882247458
0.129468021518231
0.0407949790794979
0.230857740585774
0.0921342647937837
0.136148572922893
0.159713090257023
0.000239091452480579
0.052480573819486
0.0318589360430366
0.0822960251046025
0.0813508667065153
0.104722056186491
0.111424088463837
0.069579348475792
0.0864847952779438
0.151464435146444
0.115720263000598
0.0332337118947998
0.0747777196652719
0.0703526598924088
0.0621040047818293
0.157650926479379
0.121906754333533
0.0442319187089062
0.0912750298864315
0.0559175134488941
0.178959952181709
0.0153616258218769
0.0181111775254035
0.0167364016736402
0.0607292289300657
0.0579796772265391
0.02498505678422
0.0909742976688584
0.0937238493723849
0.0931223849372388
0.0329490903317394
0.132217573221757
0.0854751942618051
0.0926068439928275
0.0621040047818291
0.0414823670053796
0.093723849372385
0.00573819485953378
0.0827256425582786
0.209205020920502
0.0442319187089062
0.127771032576211
0.0607292289300657
0.156963538553497
0.0731022115959353
0.405797967722654
0.0414823670053796
0.011237298266587
0.0607292289300657
0.0522228033472803
0.148714883442917
0.0475829348475791
0.0772265391512253
0.104722056186492
0.0401075911536162
0.114345487148835
0.17071129707113
0.0414823670053796
0.0194859533771668
0.140466228332337
0.052480573819486
0.0813508667065152
0.123968918111178
0.00298864315600717
0.0332337118947998
0.066228332337119
0.103347280334728
0.225702331141662
0.104722056186491
0.0772265391512255
0.0194859533771668
0.0469814704124328
0.145729042139869
0.111402607591154
0.0442319187089062
0.135826359832636
0.156963538553497
0.063822474596533
0.0992229527794381
0.0490436341900778
0.0689134414225941
0.0689778840406455
0.148714883442917
0.0634787806335923
0.0373580394500897
0.00573819485953378
0.0493873281530183
0.0256724447101017
0.0766250747160792
0.136685594739988
0.134967124925284
0.0804916317991629
0.0992229527794381
0.104722056186491
0.156963538553497
0.107471607890018
0.0607292289300657
0.114517334130305
0.151808129109385
0.0882247459653317
0.166279524525553
0.064284313359235
0.0648535564853558
0.107471607890018
0.0731022115959354
0.14596533173939
0.0497310221159594
0.0507621040047818
0.0126120741183503
0.0854751942618054
0.0222355050806934
0.136986326957561
0.29180971682606
0.0462940824865512
0.116063956963538
0.0222355050806934
0.0139868499701136
0.137716676628811
0.0263598326359833
0.0764263766437539
0.090372833233712
0.0545856993424985
0.0634787806335924
0.18230022788404
0.00573819485953378
0.370053795576808
0.073789599521817
0.0332337118947998
0.0607292289300656
0.0552301255230126
0.000239091452480579
0.44566646742379
0.0854751942618051
0.00711297071129709
0.0442319187089062
0.0497310221159594
0.0167364016736402
0.0937238493723849
0.181709503885236
0.0607292289300657
0.0222355050806934
0.229482964734011
0.793312910938432
0.0964734010759115
0.00298864315600717
0.0703526598924088
0.0882247459653317
0.124312612074119
0.0990511057979677
0.0194859533771668
0.0222355050806934
0.0579796772265392
0.106784219964136
0.0497310221159594
0.0799760908547519
0.0277346084877466
0.00573819485953378
0.385863717872086
0.0414823670053796
0.0469814704124328
0.0674957038254633
0.151464435146444
0.0744769874476987
0.0434586072922895
0.0359832635983264
0.0442319187089062
0.0964734010759115
0.132217573221757
0.0394202032277346
0.0607292289300661
0.128222130902571
0.107471607890018
0.123968918111178
0.143215780035864
0.0359832635983263
0.0744125448296471
0.178903564890915
0.105409444112373
0.052480573819486
0.000239091452480579
0.105409444112373
0.0602351688583384
0.0181111775254035
0.0655409444112373
0.0414823670053796
0.105753138075314
0.104722056186492
0.0318589360430365
0.0545427375971309
0.0194859533771668
0.0833700687387928
0.00848774656306037
0.0665720263000598
0.0799760908547521
0.097160789001793
0.0442319187089062
0.101972504482965
0.0442319187089062
0.0672594142259415
0.0222355050806934
0.185833831440526
0.159713090257023
0.0222355050806934
0.0332337118947998
0.0909742976688585
0.308532576210401
0.132217573221757
0.0929397975194262
0.123968918111178
0.0512239427674837
0.02498505678422
0.159713090257023
0.0442319187089062
0.148585998206814
0.0843581888822474
0.256065544680215
0.0394202032277346
0.0139868499701136
0.0755080693365211
0.0700734085475194
0.0662283323371189
0.134967124925284
0.226046025104603
0.038732815301853
0.0222355050806934
0.114173640167364
0.0304841601912732
0.0627913927077106
0.0844441123729827
0.103494961334429
0.0976763299462046
0.181709503885236
0.00573819485953378
0.217453676031082
0.0854751942618051
0.0634787806335924
0.0139868499701136
0.02498505678422
0.115720263000598
0.0854751942618051
0.00298864315600717
0.0882247459653317
0.0607292289300658
0.0332337118947998
0.0566049013747758
0.0579796772265391
0.113615137477585
0.00573819485953378
0.230471084877466
0.0304841601912732
0.0964734010759115
0.02498505678422
0.0194859533771668
0.143215780035864
0.144590555887628
0.156963538553497
0.0167364016736402
0.0794605499103405
0.0899861775254035
0.00298864315600717
0.104722056186491
0.0222355050806934
0.0552301255230126
0.0359832635983264
0.0167364016736402
0.16246264196055
0.0854751942618051
0.0359832635983264
0.0950986252241485
0.038732815301853
0.052480573819486
0.052480573819486
0.110908547519426
0.0724148236700536
0.0359832635983264
0.258696951583981
0.0277346084877466
0.0882247459653317
0.0854751942618051
0.112970711297071
0.297190675433353
0.0476688583383144
0.0678608786610878
0.0634787806335923
0.211954572624029
0.0428571428571429
0.183084279736999
0.038732815301853
0.0167364016736402
0.0401075911536163
0.0442319187089062
0.142399506873879
0.0541560818888225
0.0435445307830245
0.0995236849970115
0.126202928870293
0.0861625821876869
0.134279736999402
0.0414823670053796
0.0552301255230126
0.0772265391512253
0.0381098699940228
0.233950986252242
0.101972504482965
0.0799760908547519
0.126718469814704
0.0984926031081889
0.112970711297071
0.00848774656306037
0.0916616855947401
0.066228332337119
0.267632994620442
0.038732815301853
0.115720263000598
0.183470935445307
0.0497310221159594
0.0538553496712492
0.189958158995816
0.0648535564853557
0.093723849372385
0.0964734010759117
0.0414823670053796
0.011237298266587
0.0923490735206215
0.000239091452480579
0.75086670651524
0.0689778840406455
0.0868499701135685
0.0442319187089062
0.0847878063359234
0.0854751942618051
0.0153616258218769
0.0854751942618051
0.0648535564853555
0.192707710699342
0.0713837417812315
0.110221159593545
0.214704124327555
0.0598485131500298
0.000239091452480579
0.132217573221757
0.0552301255230126
0.294441123729827
0.0788590854751944
0.0552301255230126
0.100318477286312
0.129468021518231
0.0662283323371189
0.0937238493723849
0.00298864315600717
0.146480872683802
0.077570233114166
0.142485430364614
0.0679468021518234
0.0414823670053796
0.0909742976688582
0.126718469814704
0.121219366407651
0.0854751942618054
0.0877092050209204
0.0854751942618051
0.189958158995816
0.265570830842797
0.0284219964136282
0.0992229527794381
0.108846383741781
0.0926927674835624
0.0850026150627616
0.124656306037059
0.0139868499701136
0.122057120442319
0.0607292289300657
0.093723849372385
0.0964734010759115
0.00573819485953378
0.011237298266587
0.0339210998206814
0.137738157501494
0.156963538553497
0.236759610355649
0.13629893903168
0.140895845786014
0.123968918111178
0.0937238493723849
0.0806634787806336
0.100597728631202
0.137716676628811
0.00848774656306037
0.17071129707113
0.0359832635983264
0.07499252839211
0.0442319187089062
0.104722056186491
0.0760236102809325
0.148714883442917
0.0689778840406455
0.0359832635983264
0.0579796772265391
0.0772265391512253
0.0772265391512253
0.0827256425582785
0.103046548117154
0.0836708009563658
0.0827256425582784
0.085475194261805
0.0263598326359833
0.0346084877465631
0.0882247459653317
0.0964734010759115
0.134967124925284
0.138661835026897
0.0898572922893005
0.103895042588165
0.161603407053198
0.183556858936043
0.0736929355947402
0.00848774656306037
0.133592349073521
0.0139868499701136
0.00573819485953378
0.079976090854752
0.0930364614465038
0.0552301255230126
0.000239091452480579
0.0634787806335923
0.206455469216976
0.0717274357441721
0.159713090257023
0.0617603108188883
0.0439472971458458
0.0552301255230126
0.137716676628811
0.0909742976688584
0.0497310221159594
0.02498505678422
0.011237298266587
0.341183502689779
0.0772265391512253
0.112970711297071
0.011237298266587
0.17466377764495
0.0421697549312612
0.092520920502092
0.0744769874476987
0.0541990436341901
0.0332337118947998
0.161087866108787
0.0332337118947998
0.069665271966527
0.079976090854752
0.00573819485953378
0.102853220263001
0.071727435744172
0.0607292289300657
0.104722056186491
0.0442319187089062
0.17071129707113
0.0346084877465632
0.0304841601912732
0.0607292289300657
0.0277346084877466
0.137716676628811
0.422295277943813
0.00298864315600717
0.115720263000598
0.0139868499701136
0.13771667662881
0.00573819485953378
0.123968918111177
0.0456066945606695
0.13771667662881
0.0399652803720861
0.0552301255230126
0.02498505678422
0.133162731619844
0.134967124925284
0.0304841601912732
0.0174237895995219
0.0497310221159594
0.0590107591153616
0.0775487522414826
0.0641339472504481
0.261446503287507
0.0991692505977286
0.0359832635983264
0.122937836222355
0.15008965929468
0.258696951583981
0.0992229527794381
0.167961745367603
0.107471607890018
0.0497310221159594
0.0933371936640768
0.0679897638971909
0.0937238493723849
0.132217573221757
0.147426031081889
0.02498505678422
0.0548864315600718
0.132217573221757
0.0689778840406455
0.128093245666468
0.371428571428571
0.085818888224746
0.101285116557083
0.00298864315600717
0.0717274357441721
0.175608936043037
0.066228332337119
0.101972504482965
0.133635310818889
0.0937238493723852
0.0579796772265391
0.486909742976687
0.0800190526001198
0.00573819485953378
0.257810865585774
0.0545427375971309
0.104893903167962
0.0693215780035863
0.00298864315600717
0.118469814704125
0.209892408846384
0.0579796772265391
0.0304841601912732
0.0552301255230126
0.038732815301853
0.126718469814704
0.0689778840406455
0.0964734010759115
0.103690974297669
0.114861028093246
0.0882247459653316
0.0689778840406455
0.258696951583981
0.145106096832038
0.13409714958159
0.0181111775254035
0.101972504482965
0.057979677226539
0.0964734010759115
0.0194859533771668
0.011237298266587
0.0442319187089062
0.052480573819486
0.0681186491332934
0.137716676628811
0.089835811416617
0.0552301255230126
0.038732815301853
0.02498505678422
0.187208607292289
0.066228332337119
0.129038404064555
0.127252135245442
0.00298864315600717
0.0194859533771668
0.166715854751943
0.0795249925283922
0.192707710699342
0.064166168559474
0.0332337118947998
0.0799760908547519
0.118469814704124
0.0634787806335923
0.0552301255230126
0.038732815301853
0.0964734010759115
0.244524945830843
0.0689778840406455
3.08798565451285
0.02498505678422
0.0414823670053796
0.0194859533771668
0.182654662283323
0.0359832635983264
0.250448296473401
0.0731022115959355
0.167961745367603
0.189958158995816
0.0853892707710698
0.0950986252241482
0.14596533173939
0.000239091452480579
0.00848774656306037
0.0566049013747758
0.0593544530783024
0.000239091452480579
0.0751643753735804
0.132217573221757
0.0854751942618051
0.011237298266587
0.187208607292289
0.0332337118947998
0.0222355050806934
0.0670660863717873
0.0634787806335923
0.115720263000598
0.138318141063958
0.0476688583383144
0.137716676628811
0.16246264196055
0.011237298266587
0.141282501494322
0.0222355050806934
0.092005379557681
0.0717274357441723
0.00573819485953378
0.0827256425582785
0.0359832635983264
0.0304841601912732
0.107471607890018
0.0497310221159594
0.106096832038255
0.17071129707113
0.0923490735206219
0.0442319187089062
0.00573819485953378
0.114689181111775
0.0401075911536162
0.0442319187089062
0.121219366407651
0.151464435146444
0.0854751942618051
0.0222355050806934
0.0724148236700539
0.0418260609683204
0.104722056186491
0.0799760908547519
0.0978481769276748
0.038732815301853
0.118469814704124
0.0359832635983264
0.02498505678422
0.112970711297071
0.0351240286909743
0.156963538553497
0.171398684997012
0.0607292289300657
0.126718469814704
0.052480573819486
0.236700537955768
0.0621040047818291
0.0549723550508069
0.0167364016736402
0.011237298266587
0.0469814704124328
0.0744769874476987
0.0978159556186491
0.0731022115959355
0.0222355050806934
0.0497310221159594
0.101972504482965
0.0304841601912732
0.0726296323968915
0.0359832635983264
0.0222355050806934
0.147683801554095
0.0837567244471011
0.0469814704124328
0.0222355050806934
0.0713407800358637
0.0761954572624031
0.0222355050806934
0.0744769874476987
0.206455469216976
0.0634787806335923
0.101972504482965
0.0744769874476987
0.148714883442917
0.253197848176928
0.038732815301853
0.0633069336521219
0.066228332337119
0.0139868499701136
0.126718469814704
0.108631575014943
0.00573819485953378
0.260367089435147
0.00848774656306037
0.118469814704125
0.0524805738194858
0.118469814704124
0.0731022115959355
0.104722056186491
0.0552301255230126
0.125751830543933
0.0194859533771668
0.0799760908547519
0.0552301255230126
0.0770546921697549
0.0304841601912732
0.00848774656306037
0.228451882845188
0.148714883442917
0.094239390316796
0.294441123729827
0.0952704722056185
0.0359832635983264
0.00848774656306037
0.0799760908547519
0.0167364016736402
0.0909742976688584
0.110736700537955
0.0332337118947997
0.128082505230125
0.107471607890018
0.114495853257621
0.0909742976688584
0.066228332337119
0.150497795875672
0.0953993574417215
0.200784518828452
0.223640167364017
0.0662014812462642
0.0909742976688584
0.101972504482965
0.0992229527794381
0.302346084877466
0.0222355050806934
0.0497310221159594
0.0695686080394501
0.101886580992229
0.0552301255230126
0.154471757322176
0.185805637795128
0.066228332337119
0.066228332337119
0.0854751942618051
0.0432008368200838
0.137716676628811
0.0937238493723849
0.0480125523012552
0.0854751942618053
0.00848774656306037
0.0731022115959353
0.114345487148834
0.080491631799163
0.0552301255230126
0.150433353257621
0.134967124925284
0.0799760908547522
0.129468021518231
0.140466228332337
0.0239539748953975
0.222952779438135
0.0708252390914525
0.0304841601912732
0.128093245666467
0.0469814704124328
0.0899432157800356
0.0724148236700535
0.0531679617453677
0.118469814704124
0.0469814704124328
0.0167364016736402
0.066228332337119
0.0772265391512253
0.110221159593545
0.148714883442917
0.0126120741183503
0.172773460848775
0.0304841601912732
0.0882247459653316
0.0139868499701136
0.0882247459653317
0.0717274357441721
0.0996525702331137
0.052480573819486
0.107471607890018
0.134967124925284
0.0658201957561267
0.0825430551404665
0.288942020322773
0.100597728631202
0.0414823670053796
0.123968918111177
0.115032875074717
0.0517502241482368
5.8017931858936
0.156963538553497
0.0635647041243275
0.0751643753735804
0.00573819485953378
0.0548864315600718
0.101972504482965
0.0607292289300657
0.263508667065152
0.0194859533771668
0.0497310221159594
0.0827256425582785
0.0529101912731619
0.0359832635983264
0.0929290570830842
0.140466228332337
0.108846383741782
0.0480125523012552
0.0799760908547519
0.178959952181709
0.205252540346683
0.0634787806335922
0.156963538553497
0.220203227734608
0.0883858525104604
0.110221159593545
0.122594142259414
0.0607292289300657
0.00848774656306037
0.111595935445308
0.0332337118947998
0.0277346084877466
0.052480573819486
0.0607292289300657
0.0854751942618051
0.0703526598924088
0.0857759264793785
0.0222355050806934
0.0442319187089062
0.0442319187089062
0.14596533173939
0.0469814704124328
0.0895995218170949
0.108846383741781
0.0634787806335925
0.0859907352062163
0.0909742976688584
0.0607292289300657
0.0651972504482964
0.052480573819486
0.0813508667065152
0.0799760908547519
0.125343693962941
0.0776561566049015
0.112970711297072
0.0442319187089062
0.221191347878063
0.0300438023012552
0.0552301255230126
0.0579796772265393
0.00573819485953378
0.123968918111178
0.0676031081888824
0.0359832635983264
0.119844590555888
0.0462940824865511
0.0277346084877466
0.0717274357441721
0.0304841601912732
0.0222355050806934
0.126718469814704
0.107471607890018
0.0679468021518232
0.0304841601912732
0.20422145845786
0.0373580394500897
0.0332337118947998
0.267976688583384
0.148929692169755
0.0572922893006576
0.0799760908547519
0.137845561864913
0.0139868499701136
0.0669157202630005
0.0871936640765092
0.011237298266587
0.0332337118947998
0.0634787806335923
0.134279736999402
0.0660564853556486
0.0459503885236103
0.0139868499701136
0.178959952181709
0.0543708906156606
0.0194859533771668
0.0167364016736402
0.143215780035864
0.0909742976688584
2.48583383144053
0.0167364016736402
0.107471607890018
0.0704385833831442
0.0194859533771668
0.058344852062164
0.174835624626419
0.052480573819486
0.02498505678422
0.104722056186491
0.0139868499701136
0.0304841601912732
0.159713090257023
0.163837417812313
0.178959952181709
0.119329049611477
0.151464435146444
0.0676031081888823
0.0538553496712493
0.171398684997011
0.0332337118947998
0.0304841601912732
0.038732815301853
0.038732815301853
0.011237298266587
0.104722056186491
0.0222355050806934
0.0442319187089062
0.011237298266587
0.011237298266587
0.132217573221757
0.0949267782426778
0.0964734010759115
0.0339210998206814
0.126718469814704
0.0346084877465631
0.00848774656306037
0.0968170950388521
0.0744769874476987
0.0607292289300657
0.173804542737597
0.0531679617453678
0.126159967124925
0.0885684399282728
0.0729303646144649
0.0552301255230126
0.0954423191870894
0.159713090257023
0.112970711297071
0.0772265391512253
0.00298864315600717
0.0332337118947998
0.0194859533771668
0.0497310221159593
0.178959952181709
0.232619172145845
0.0607292289300657
0.0713837417812316
0.0194859533771668
0.0332337118947998
0.0566478631201435
0.0304841601912732
0.052480573819486
0.0827256425582785
0.18692398572923
0.159713090257023
0.0847878063359235
0.0139868499701136
0.0689778840406455
0.0689778840406455
0.0277346084877466
0.0304841601912732
0.100597728631202
0.101972504482965
0.0579796772265391
0.115827667364017
0.0139868499701136
0.192707710699342
0.00298864315600717
0.0442319187089061
0.15008965929468
0.11917868350269
0.0139868499701136
0.0878380902570231
0.0648535564853559
0.0253287507471609
0.0552301255230126
0.000239091452480579
0.0442319187089062
0.0550878147414824
0.0511057979677226
0.111595935445308
0.114345487148834
0.117438732815302
0.132217573221758
0.0602781306037061
0.0291093843395099
0.284989539748954
0.132217573221757
0.0263598326359833
0.066228332337119
0.048356246264196
0.0772265391512253
0.0332337118947998
0.0428571428571429
0.14596533173939
0.120016437537358
0.0332337118947998
0.115032875074716
0.0222355050806934
0.0579796772265391
0.132765335475194
0.107471607890018
0.0277346084877466
0.038732815301853
0.02498505678422
0.0323744769874477
0.0964734010759115
0.0626195457262402
0.0511057979677226
0.0854751942618051
0.0469814704124328
0.231201434548715
0.038732815301853
0.0655409444112376
0.00848774656306037
0.0882247459653317
0.0442319187089062
0.0992229527794381
0.0992229527794381
0.0634787806335924
0.00573819485953378
0.0772265391512253
0.123968918111178
0.0387328153018529
0.0992229527794381
0.112970711297071
0.217453676031082
0.000239091452480579
0.038732815301853
0.0332337118947998
0.132947922893007
0.02498505678422
0.011237298266587
0.052480573819486
0.0964734010759115
0.0442319187089062
0.140466228332337
0.0590107591153617
0.0827256425582785
0.0572922893006576
0.0538553496712492
0.110221159593545
0.209205020920502
0.101972504482965
0.0469814704124328
0.132217573221757
0.0992229527794381
0.0689778840406455
0.250448296473401
0.000239091452480579
0.0414823670053796
0.0194859533771668
0.137029288702929
0.0634787806335923
0.144590555887627
0.0495162133891213
0.02498505678422
0.0607292289300657
0.00298864315600717
0.02498505678422
0.156963538553496
0.0332337118947998
0.0610729228930064
0.0634787806335923
0.739868499701136
0.0937238493723849
0.0940675433353259
0.000239091452480579
0.136341900777047
0.0717274357441721
0.110908547519426
0.02498505678422
0.0735640503586374
0.056604901374776
0.0643380155409445
0.786610878661088
0.0799760908547519
0.156791691572026
0.0758517632994622
0.0651972504482965
0.0167364016736402
0.660131500298864
0.062104004781829
0.0497310221159594
0.123968918111178
0.0456066945606695
0.0522979864016737
0.0681401300059769
0.0359832635983264
0.144590555887627
1.39426180514047
0.0998244172145845
0.0194859533771668
0.0822101016138673
0.122594142259414
0.034608487746563
0.0167364016736402
0.0772265391512253
0.0497310221159594
0.000239091452480579
0.176210400478183
0.173460848774656
0.00573819485953378
0.0414823670053796
0.0772265391512253
0.178959952181709
0.038732815301853
0.178959952181709
0.0167364016736402
0.0359832635983264
0.115032875074716
0.149681522713688
0.0325463239689181
0.0442319187089062
0.0359832635983264
0.0397638971906754
0.110221159593545
0.0222355050806934
0.234122833233712
0.0731022115959355
0.100254034668261
0.0685428963687986
0.0990940675433353
0.13710312920278
0.143215780035864
0.0854751942618051
0.0614166168559474
0.156963538553497
0.139091452480574
0.0394631649731024
0.0834559922295279
0.0456066945606694
0.134967124925284
0.0926927674835623
0.0959578601315002
0.115720263000598
0.0497310221159594
0.0772265391512253
0.066228332337119
0.0146742378959952
0.0414823670053796
0.106870143454872
0.00298864315600717
0.0373580394500897
0.0579796772265392
0.000239091452480579
0.011237298266587
0.0641661685594739
0.0854751942618051
0.0338499444299163
0.0557456664674238
0.0964734010759115
0.10708495218171
0.0449783790346684
0.0442319187089062
0.0469814704124328
0.0139868499701136
0.114345487148834
0.134967124925284
0.0359832635983264
0.0509339509862522
0.0813508667065153
0.052480573819486
0.0304841601912732
0.0959578601315003
0.0937238493723849
0.126718469814704
0.0964734010759115
0.0542420053795579
0.125773311416617
0.0332337118947998
0.0414823670053796
0.0469814704124328
0.15421398684997
0.0294530783024507
0.0318589360430365
0.0662283323371192
0.011237298266587
0.0167364016736402
0.0304841601912732
0.0950986252241484
0.0466377764494919
0.0332337118947998
0.110951509264794
0.101564367901972
0.000239091452480579
0.0937238493723849
0.0488717872086073
0.110221159593545
0.233950986252241
0.241512253436939
0.0517931858936044
0.02498505678422
0.0854751942618051
0.431918708906157
0.0662283323371189
0.0167364016736402
0.038732815301853
0.150433353257621
0.0139868499701136
0.0799760908547522
0.0772265391512253
0.00298864315600717
0.000239091452480579
0.0662283323371189
0.0607292289300657
0.117803907650926
0.0194859533771668
0.0937238493723849
0.0446615361625822
0.048356246264196
0.0744769874476987
0.0469814704124328
0.0971607890017931
0.0589248356246263
0.0727585176329946
0.0772265391512253
0.148714883442917
0.0687845561864912
0.0799760908547521
0.102488045427376
0.0359832635983264
0.0469814704124328
0.184459055588763
0.17071129707113
0.00848774656306037
0.0992229527794381
0.169336521219366
0.0897284070531977
0.123968918111178
0.0332337118947998
0.0511057979677226
0.0744769874476987
0.115720263000598
0.13771667662881
0.0634787806335923
0.0462940824865511
0.10742864614465
0.0523409481470412
0.0579796772265391
0.0222355050806934
0.104356881350867
0.0803197848176931
0.0294530783024507
0.105753138075314
0.0744769874476987
0.057227846682606
0.0359832635983264
0.0731022115959353
0.159713090257023
0.0847341041542142
0.038732815301853
0.153322530633593
0.0552301255230126
0.0167364016736402
0.00573819485953378
0.0854751942618052
0.0937238493723849
0.137716676628811
0.000239091452480579
0.0167364016736402
0.109877465630604
0.048356246264196
0.12929617453676
0.00848774656306037
0.0799760908547519
0.180678421996414
0.0755080693365214
0.0564330543933055
0.112970711297071
0.00436341900777048
0.133592349073521
0.0837352435744172
0.02498505678422
0.111939629408249
0.148714883442917
0.11228332337119
0.0717274357441721
0.0964734010759115
0.0505902570233113
0.294441123729827
0.0882247459653317
0.0194859533771668
0.0607292289300657
0.0596981470412433
0.0194859533771668
0.0194859533771668
0.14596533173939
0.0689778840406455
0.0497310221159594
0.0277346084877466
0.0669157202630007
0.0607292289300657
0.173460848774656
0.0242976688583383
0.08143679019725
0.21229826658697
0.038732815301853
0.112970711297071
0.0998458980872683
0.066228332337119
0.0892558278541543
0.0772265391512253
0.0481199566646743
0.121219366407651
0.00298864315600717
0.048356246264196
0.159713090257023
0.0772265391512253
0.0194859533771668
0.129038404064554
0.0822530633592349
0.0469814704124328
0.0937238493723849
0.0488610467722654
0.222952779438135
0.180162881052003
0.0394202032277346
0.0799760908547519
0.196832038254632
0.0836278392109982
0.0703526598924089
0.152463295726241
0.103003586371787
0.0758517632994623
0.13359234907352
0.0277346084877466
0.0194859533771668
0.0579796772265391
0.117009115361626
0.11262701733413
0.14596533173939
0.0194859533771668
0.049215481171548
0.077398386132696
0.0194859533771668
0.0744769874476987
0.126522456851464
0.000239091452480579
0.0827256425582784
0.0469814704124328
0.0751643753735804
0.118469814704124
0.134967124925284
0.0675601464435148
0.12465630603706
0.0277346084877466
0.02498505678422
0.00848774656306037
0.097848176927675
0.215219665271967
0.038732815301853
0.0624476987447698
0.0414823670053796
0.137716676628811
0.0442319187089062
0.0167364016736402
0.128995442319187
0.214704124327555
0.0332337118947998
0.0992229527794381
0.0139868499701136
0.0469814704124328
0.115720263000598
0.24976090854752
0.157462968843396
0.140466228332337
0.0964734010759115
0.0469814704124328
0.000239091452480579
0.407172743574417
0.0795196223102212
0.108846383741781
0.134279736999403
0.0332337118947998
0.110221159593545
0.0799760908547519
0.038732815301853
0.0332337118947998
0.0442319187089062
0.0657127913927079
0.0827256425582786
0.136341900777047
0.0909742976688585
0.104722056186491
0.438534817692768
0.0414823670053796
0.0787731619844592
0.217453676031082
0.0222355050806934
0.0959578601315006
0.283314031679617
0.209376867901973
0.0222355050806934
0.0318589360430364
0.0414823670053796
0.115720263000598
0.0882247459653317
0.0519220711297071
0.0634787806335923
0.0992229527794381
0.0359832635983264
0.0469814704124328
0.261446503287507
0.0800190526001198
0.0277346084877466
0.0579796772265391
0.011237298266587
0.129468021518231
0.0895995218170949
0.0579796772265391
0.0442319187089062
0.0607883013299463
0.065884638374178
0.0332337118947998
0.0469814704124328
0.0717274357441721
0.105753138075314
0.011237298266587
0.0277346084877466
0.0167364016736402
0.195457262402869
0.0445756126718471
0.137716676628811
0.0717274357441721
0.0300975044829647
0.0832411835026897
0.038732815301853
0.066228332337119
0.0857329647340109
0.0208607292289301
0.266945606694561
0.0689778840406455
0.0830693365212193
0.401673640167364
0.117868350268978
0.0442319187089062
0.0497310221159594
0.0359832635983264
0.120016437537358
0.0689778840406455
0.0760236102809324
0.0932083084279739
0.159713090257023
0.121219366407651
0.101972504482965
0.0555738194859534
0.052480573819486
0.00161386730424387
0.0744769874476987
0.0643272751046026
0.129468021518231
0.121219366407651
0.115978033472804
0.0872795875672447
0.0703526598924089
0.0497310221159594
0.0605573819485953
0.0304841601912732
0.0607292289300657
0.00298864315600717
0.0579796772265391
0.188583383144052
0.0744769874476988
0.0346084877465631
0.189571503287507
0.0612447698744772
0.0772265391512253
0.105753138075314
0.00848774656306037
0.134365660490137
0.0359832635983264
0.140466228332337
0.0304841601912732
0.0937238493723849
0.0689778840406455
0.0937238493723849
0.0724148236700539
0.0992229527794381
0.038732815301853
0.0414823670053796
0.1418410041841
0.052480573819486
0.000239091452480579
0.0222355050806934
0.0413105200239092
0.02498505678422
0.042513448894202
0.0607292289300657
0.0978481769276751
0.112970711297071
0.112047033771668
0.0689778840406457
0.0139868499701136
0.0436304542737598
0.192707710699342
0.107471607890018
0.0611481059473998
0.134967124925284
0.0717274357441721
0.011237298266587
0.0596766661685596
0.0332337118947998
0.0917261282127916
0.423670053795577
0.0968170950388522
0.0923490735206215
0.000239091452480579
0.0538553496712492
0.0895995218170951
0.0604070158398088
0.0344366407650926
0.0277346084877466
0.104722056186491
0.0304841601912732
0.0482703227734608
0.101972504482965
0.163837417812313
0.107471607890018
0.0717274357441722
0.0799760908547519
0.134967124925284
0.126718469814704
0.0359832635983264
0.0383891213389121
0.282068141063957
0.0882247459653317
0.126718469814704
0.124312612074118
0.181709503885236
0.0827256425582785
0.0772265391512253
0.02498505678422
0.14596533173939
0.0579796772265391
0.0277346084877466
0.0744769874476988
0.0964734010759115
0.0744769874476987
0.011237298266587
0.0744769874476987
0.0844441123729826
0.0222355050806934
0.0352958756724447
0.135654512851166
0.0909742976688584
0.123968918111178
0.137716676628811
0.0332337118947998
0.0621040047818289
0.0423416019127317
0.00298864315600717
0.103347280334728
0.156963538553497
0.038732815301853
0.0277346084877466
0.0827256425582785
0.101972504482965
0.0799760908547519
0.0882542821652721
0.0585811416616854
0.00573819485953378
0.178959952181709
0.0579796772265391
0.0653690974297668
0.133592349073521
0.0552301255230126
0.0676031081888819
0.0584952181709506
0.148714883442917
0.106096832038254
0.0724148236700541
0.0359832635983264
0.0910172594142262
0.000239091452480579
0.0727370367603106
0.192707710699342
0.123968918111178
0.0717274357441721
0.0616743873281532
0.0194859533771668
0.0744769874476987
0.0689778840406455
0.0670338650627616
0.0703526598924089
0.178959952181709
0.142141736401674
0.055745666467424
0.136341900777047
0.0799760908547519
0.0825537955768085
0.0669157202630006
0.111595935445308
0.0552301255230126
0.0610729228930066
0.0558315899581589
0.118469814704124
0.0927786909742977
0.0377017334130305
0.0655839061566049
0.214704124327555
0.118469814704124
0.0720711297071129
0.0313219142259414
0.0359832635983264
0.126718469814704
0.206455469216976
0.0332337118947998
0.00298864315600717
0.0304841601912732
0.115720263000598
0.0167364016736402
0.0208607292289301
0.00573819485953379
0.0964734010759115
0.0964734010759115
0.0708252390914526
0.0607292289300657
0.0806634787806336
0.151464435146444
0.02498505678422
0.00573819485953377
0.0541990436341901
0.0469814704124328
0.234638374178123
0.0942501307531383
0.0882247459653317
0.139435146443515
0.101972504482965
0.107471607890018
0.0868499701135685
0.0799760908547519
0.0332337118947998
0.242199641362821
0.182912432755529
0.038732815301853
0.000239091452480579
0.068290496114764
0.123968918111178
0.0607292289300657
0.0565189778840409
0.0812434623430963
0.118469814704124
0.0552301255230126
0.0194859533771668
0.0799760908547519
0.038732815301853
0.0813508667065151
0.123968918111178
0.034608487746563
0.0318589360430365
0.0414823670053796
0.192707710699342
0.220203227734608
0.0614166168559474
0.0772265391512253
0.140466228332337
0.143215780035864
0.0497310221159594
0.178798845636581
0.0854751942618051
0.0476688583383144
0.00848774656306037
0.0967687630753135
0.111595935445308
0.0909742976688586
0.0842722653915123
0.0748206814106395
0.106784219964136
0.0689778840406455
0.231201434548715
0.0506546996413629
0.0854751942618051
0.0222355050806934
0.143215780035864
0.0928860953377169
0.0972467124925287
0.0194859533771668
0.0194859533771668
0.052480573819486
0.0359832635983264
0.0359832635983264
0.0566049013747759
0.0493873281530184
0.0469814704124328
0.0904587567244473
0.088224745965332
0.0469814704124327
0.1131318178422
0.034608487746563
0.0772265391512253
0.176210400478183
0.172279400777047
0.141153616258218
0.038732815301853
0.0222355050806934
0.134967124925284
0.0469814704124328
0.0359832635983264
0.0579796772265391
0.121219366407651
0.0744769874476987
0.0695471271667664
0.0566049013747758
0.0304841601912732
0.0332337118947998
0.131702032277346
0.00711297071129709
0.107471607890018
0.0610729228930066
0.0646817095038853
0.134279736999402
0.0401075911536163
0.0964734010759115
0.0497310221159594
0.0799760908547519
0.0552301255230126
0.0194859533771668
0.115720263000598
0.114345487148834
0.000239091452480579
0.0442319187089062
0.118469814704125
0.132217573221757
0.0799760908547519
0.319187089061566
0.113142558278542
0.066228332337119
0.0847878063359236
0.0689778840406455
0.0566049013747758
0.13771667662881
0.189958158995816
0.00848774656306037
0.0359832635983264
0.0717274357441721
0.194769874476987
0.0194859533771668
0.215042448072324
0.050418410041841
0.0194859533771668
0.132217573221757
0.0552301255230126
0.169422444710101
0.126718469814704
0.0744769874476987
0.239450089659295
0.0772265391512253
0.0854751942618051
0.0467022190675435
0.0827256425582785
0.0291093843395099
0.0139868499701136
0.0686341900777047
0.00573819485953378
0.0910602211595937
0.079976090854752
0.0781716975493126
0.00298864315600717
0.00573819485953378
0.453915122534369
0.112970711297071
0.0703526598924089
0.113658099222953
0.0849596533173939
0.097848176927675
0.264539748953974
0.00298864315600717
0.0304841601912732
0.0622758517632992
0.0442319187089062
0.117352809324567
0.107621973998804
0.0277346084877466
0.0940460624626419
0.101972504482965
0.00298864315600717
0.103003586371787
0.00848774656306037
0.126718469814704
0.0373580394500896
0.0332337118947998
0.0799760908547519
0.0222355050806934
0.000239091452480579
0.0937238493723851
0.011237298266587
0.107471607890018
0.0610729228930066
0.0332337118947998
0.0428571428571429
0.0913179916317994
0.189958158995816
0.0139868499701136
0.42092050209205
0.0706104303646144
0.00161386730424387
0.192707710699342
0.0511057979677226
0.132829778093245
0.0799760908547519
0.0332337118947998
0.0964734010759115
0.0990081440525999
0.066228332337119
0.106096832038254
0.112970711297071
0.0799760908547519
0.0194859533771668
0.0586241034070534
0.011237298266587
0.0442319187089062
0.0799760908547519
0.0813508667065153
0.180334728033473
0.222952779438135
0.053683502689779
0.0277346084877466
0.228451882845188
0.0772265391512253
0.0139868499701136
0.038732815301853
0.0414823670053796
0.011237298266587
0.104722056186491
0.166415122534369
0.0693967610579796
0.207387202069636
0.129639868499701
0.02498505678422
0.117438732815302
0.0964734010759115
0.0628773161984458
0.156963538553497
0.119844590555888
0.00848774656306037
0.165212193664077
0.0772265391512253
0.0909742976688585
0.101972504482965
0.126718469814704
0.0167364016736402
0.0799760908547519
0.0854751942618051
0.00573819485953378
0.205939928272564
0.0304841601912732
0.0820382546323966
0.280693365212194
0.126052562761506
0.0277346084877466
0.00986252241482369
0.0222355050806934
0.0579796772265392
0.10567795502092
0.0497310221159594
0.148714883442917
0.0726403728332339
0.000239091452480579
0.140466228332337
0.0194859533771668
0.0167364016736402
0.0139868499701136
0.0469814704124328
0.0442319187089062
0.0497310221159594
0.0633069336521221
0.170367603108189
0.0992229527794381
0.286750971309026
0.217453676031082
0.0579796772265391
0.0666579497907951
0.0552301255230126
0.0497310221159594
0.140466228332337
0.129468021518231
0.137716676628811
0.101972504482965
0.00298864315600717
0.0632210101613863
0.0471533173939031
0.038732815301853
0.00573819485953378
0.0194859533771668
0.0689778840406455
0.038732815301853
0.0765391512253436
0.052480573819486
0.0799760908547519
0.0676031081888823
0.0812649432157801
0.0514494919306635
0.134967124925284
0.0779139270771068
0.0648535564853557
0.167961745367603
0.02498505678422
0.0897606283622235
0.0167364016736402
0.0469814704124327
0.062877316198446
0.148714883442917
0.0497310221159594
0.126202928870293
0.104797239240884
0.0497310221159594
0.0607292289300657
0.038732815301853
0.497177600119546
0.109018230723252
0.104807979677227
0.0689778840406455
0.177928870292887
0.292207112970711
0.0566049013747757
0.0854751942618051
0.011237298266587
0.0126120741183503
0.0689778840406455
0.0277346084877466
0.136489581776748
0.0194859533771668
0.038732815301853
0.0277346084877466
0.110221159593545
0.099222952779438
0.0732740585774058
0.107471607890018
0.0868499701135684
0.0634787806335923
0.0655409444112372
0.0346084877465631
0.0791168559473998
0.0284219964136282
0.106612372982666
0.066657949790795
0.0917905708308427
0.0744769874476987
0.0744769874476987
0.0497310221159594
0.139808376606396
0.0479266288105201
0.0779300377316196
0.14596533173939
0.038732815301853
0.112970711297071
0.0964734010759115
0.0469814704124328
0.0717274357441721
0.00573819485953378
0.0712118947997608
0.0222355050806934
0.0596122235505082
0.0916616855947399
0.0827256425582785
0.0531679617453677
0.132217573221757
0.0332337118947998
0.0139868499701136
0.200354901374776
0.0990511057979677
0.0373580394500896
0.0950986252241482
0.0469814704124328
0.00573819485953378
0.0579796772265391
0.156963538553497
0.0806634787806336
0.156447997609086
0.0332337118947998
0.02498505678422
0.0520079946204423
0.0579796772265391
0.000239091452480579
0.0414823670053796
0.0950986252241482
0.0332337118947998
0.011237298266587
0.0559175134488943
0.0167364016736402
0.0909742976688584
0.15421398684997
0.100350698595338
0.0923490735206217
0.0634787806335923
0.0227510460251046
0.137716676628811
0.101972504482965
0.0865062761506278
0.0346084877465631
0.104722056186491
0.134967124925284
0.0552301255230126
0.217453676031082
0.0373580394500898
0.0830693365212193
0.0717274357441721
0.110221159593545
0.092520920502092
0.0634787806335923
0.0332337118947998
0.0926927674835626
0.140466228332337
0.038732815301853
0.0222355050806934
0.165212193664077
0.0731022115959355
0.0462940824865511
0.0698263785116559
0.0521583607292291
0.132217573221757
0.106053870292887
0.0304841601912732
0.0153616258218769
0.0359832635983264
0.114066235803945
0.0914039151225344
0.0854751942618051
0.00848774656306037
0.151464435146444
0.0194859533771668
0.0511057979677227
0.148714883442917
0.0806634787806337
0.011237298266587
0.187208607292289
0.242521854453078
0.107471607890018
0.151464435146444
0.0502358226240287
0.187208607292289
0.173460848774656
0.106096832038254
0.0167364016736402
0.104722056186491
0.02498505678422
0.0139868499701136
0.0985355648535564
0.00848774656306037
0.00573819485953378
0.0560893604303647
0.110221159593545
0.0497310221159594
0.0483562462641961
0.0552301255230126
0.0889121338912134
0.0419549462044233
0.0717274357441721
0.0572922893006576
0.0916616855947398
0.0401075911536162
0.126718469814704
0.0744769874476987
0.0827256425582784
0.0359832635983264
0.176210400478183
0.0414823670053796
0.148714883442917
0.0634787806335923
0.0497310221159594
1.60047818290496
0.0167364016736402
0.0222355050806934
0.272444710101614
0.0304841601912732
0.122937836222355
0.115720263000598
0.02498505678422
0.244261805140466
0.10403466826061
0.02498505678422
0.101972504482965
0.082467872086073
0.00298864315600717
0.181709503885236
0.197863120143455
0.02498505678422
0.113744022713688
0.129468021518231
0.0401075911536162
0.17071129707113
0.0552301255230126
0.15421398684997
0.0538553496712492
0.0950986252241483
0.115075836820084
0.0194859533771668
0.228451882845188
0.0937238493723849
0.16246264196055
0.0579796772265391
0.143215780035864
0.209205020920502
0.0345225642558279
0.0401075911536162
0.066228332337119
0.0854751942618051
0.0923490735206217
0.000239091452480579
0.149208943514644
10.6712492528392
0.02498505678422
0.110221159593545
0.0992229527794381
0.161087866108787
0.110221159593545
0.000239091452480579
0.0552301255230126
0.0552301255230126
0.111424088463838
0.105839061566049
0.178959952181709
0.286192468619247
0.146652719665272
0.124312612074119
0.167961745367603
0.134967124925284
0.0799760908547519
0.0538553496712492
0.0964734010759115
0.0167364016736402
0.15421398684997
0.0552301255230126
0.034608487746563
0.02498505678422
0.154385833831441
0.0937238493723849
0.126718469814704
0.0428571428571428
0.0717811379258816
0.129468021518231
0.0950986252241481
0.052480573819486
0.118813508667065
0.0139868499701136
0.0332337118947998
0.0167364016736402
0.0218273684997011
0.0813508667065151
0.00298864315600717
0.112970711297071
0.0638224745965332
0.052480573819486
0.052480573819486
0.148714883442917
0.107471607890018
0.148714883442917
0.0488717872086072
0.212985654512851
0.126718469814704
0.0664914730274957
0.0194859533771668
0.104722056186491
0.0332337118947998
0.0744769874476987
0.101972504482965
0.132904961147639
0.052480573819486
0.000239091452480579
0.040794979079498
0.13771667662881
0.0572922893006576
0.00573819485953378
0.0937238493723849
0.0139868499701136
0.0827256425582785
0.0277346084877466
0.107471607890018
0.16246264196055
0.0442319187089062
0.0153616258218769
0.066228332337119
0.0359832635983264
0.0654550209205021
0.0649072586670653
0.115720263000598
0.0902869097429767
0.176210400478183
0.0514494919306634
0.0760665720262999
0.110390321465929
0.0291093843395099
0.0744769874476987
0.00573819485953378
0.242199641362821
0.170969067543336
0.0957000896592946
0.0414823670053796
0.0744769874476987
0.126202928870293
0.0797183203825467
0.0799760908547519
0.0992229527794381
0.0552301255230126
0.128351016138673
0.136341900777047
0.0964734010759115
0.0497310221159594
0.0414823670053796
0.066228332337119
0.0983637178720859
0.0717274357441721
0.0442319187089062
0.052480573819486
0.0964734010759115
0.360430364614465
0.0469814704124328
0.231201434548715
0.0761954572624028
0.148714883442917
0.0332337118947998
0.120489016736402
0.0332337118947998
0.0738325612671847
0.0256724447101016
0.0682904961147637
0.0634787806335923
0.0854751942618051
0.0937238493723849
0.0992229527794381
0.000239091452480579
0.118469814704124
0.0689778840406455
0.0975904064554695
0.0576359832635983
0.0978481769276748
0.011237298266587
0.0902869097429767
0.0297967722653916
0.0277346084877466
0.129468021518231
0.107471607890018
0.0222355050806934
0.0167364016736402
0.104893903167962
0.143215780035863
0.0868499701135683
0.0882247459653317
0.0767432195158398
0.363179916317992
0.113255332860132
0.0263598326359833
0.0222355050806934
0.0579796772265391
0.16246264196055
0.0346084877465631
0.106096832038254
0.115720263000598
0.0781931784219966
0.0944112372982665
0.0497310221159594
0.125343693962941
0.0509634871861925
0.038732815301853
0.0717274357441721
0.0763673042438732
0.0905446802151823
0.0442319187089062
0.0552301255230126
0.200956365809922
0.0469814704124328
0.178959952181709
0.0744769874476987
0.209205020920502
0.416108786610879
0.137716676628811
0.169336521219366
0.160400478182905
0.0552301255230125
0.0717274357441721
0.066228332337119
0.0923490735206217
0.0236102809324567
0.0648535564853557
0.0913179916317992
0.0469814704124328
0.258696951583981
0.173460848774656
0.0462940824865511
0.0576789450089662
0.253197848176928
0.0456066945606694
0.144332785415421
0.0799760908547519
0.0167364016736402
0.0277346084877466
0.106612372982666
0.187208607292289
0.0936164450089662
0.0511057979677227
0.136943365212194
0.0222355050806934
0.112970711297071
0.109533771667663
0.0688355732591152
0.00848774656306037
0.101972504482965
0.0689778840406455
0.189958158995816
0.00848774656306037
0.0236102809324567
0.0799760908547519
0.00573819485953378
0.115720263000598
0.0442319187089062
0.052480573819486
0.00848774656306037
0.114291784967125
0.00848774656306037
0.0937238493723849
0.00573819485953378
0.0662283323371189
0.00848774656306038
0.0566049013747758
0.15421398684997
0.146674200537956
0.148714883442917
0.75911536162582
0.155588762701733
0.038732815301853
0.0931223849372385
0.212985654512851
0.0688489988045427
0.0634787806335923
0.0442319187089062
0.0882247459653317
0.0414823670053796
0.0835848774656306
0.0964734010759115
0.0531679617453676
0.0194859533771668
0.0469814704124328
0.132217573221757
0.112970711297071
0.0222355050806934
0.100597728631202
0.0538553496712494
0.0409668260609683
0.0760236102809324
0.118469814704124
0.0442319187089062
0.14499869246862
0.0304841601912732
0.00573819485953378
0.247698744769874
0.0827256425582785
0.0442319187089062
0.198206814106396
0.0881388224745968
0.151464435146444
0.048356246264196
0.0500317543335325
0.154901374775852
0.066228332337119
0.0937238493723849
0.107471607890018
0.129038404064555
0.0607292289300657
0.00573819485953378
0.0763673042438733
0.066228332337119
0.00298864315600717
0.0277346084877466
0.0552301255230126
0.123968918111178
0.0731022115959357
0.113658099222953
0.0842722653915123
0.185790869695159
0.144246861924686
0.065927600119546
0.115720263000598
0.137716676628811
0.110221159593545
0.0950986252241485
0.0636506276150628
0.0744769874476987
0.00573819485953378
0.0414823670053796
0.415421398684997
0.120950855499103
0.0744769874476987
0.0882247459653318
0.0222355050806934
0.0359832635983264
0.0139868499701136
0.00573819485953378
0.000239091452480579
0.0748206814106397
0.0304841601912732
0.167961745367603
0.0584952181709504
0.104378362223551
0.123281530185296
0.0558852921398685
0.0538553496712494
0.0815227136879856
0.00298864315600717
0.0734459055588763
0.0277346084877466
0.0689778840406455
0.104722056186491
0.038732815301853
0.0560893604303647
0.0497310221159594
0.0579796772265392
0.122594142259414
0.115720263000598
0.0359832635983264
0.0682904961147638
0.0634787806335923
0.0469814704124328
0.0497310221159594
0.126718469814704
0.0717274357441721
0.0929183166467427
0.15438583383144
0.0377017334130305
0.0359832635983264
0.206455469216976
0.00298864315600717
0.191332934847579
0.0962156306037059
0.0776454161685597
0.17178534070532
0.0194859533771668
0.132561267184698
0.0497310221159594
0.0740366295576808
0.187208607292289
0.184459055588763
0.02498505678422
0.048356246264196
0.0634787806335923
0.0442319187089062
0.341183502689779
0.110221159593545
0.156963538553497
0.183771667662881
0.00298864315600717
0.038732815301853
0.114517334130305
0.0882247459653317
0.0579796772265391
0.0497310221159594
0.431918708906157
0.140466228332337
0.00848774656306037
0.02498505678422
0.0318589360430365
0.107471607890018
2.79653317393903
0.15421398684997
0.0937238493723848
0.115720263000598
0.0882247459653317
0.0717274357441721
0.0332337118947998
0.0689778840406455
0.0613736551105797
0.0607292289300657
0.112970711297071
0.0694504632396892
0.0600418410041841
0.0277346084877466
0.054113120143455
0.072285938433951
0.038732815301853
0.0689778840406456
0.0497310221159594
0.0926927674835624
1.02032277346085
0.192707710699343
0.0294530783024508
0.0139868499701136
0.0865062761506274
0.0469814704124328
0.0731022115959354
0.0277346084877466
0.0414823670053796
0.0359832635983264
0.145063135086671
0.0469814704124328
0.011237298266587
0.0689778840406454
0.0854751942618051
0.0277346084877466
0.0497310221159594
0.011237298266587
0.0717274357441721
0.066228332337119
0.0222355050806934
0.000239091452480579
0.0961297071129708
0.108588613269576
0.123968918111177
0.0689134414225939
0.0700519276748357
0.00573819485953378
0.119329049611476
0.0634787806335924
0.0167364016736402
0.0222355050806934
0.181709503885236
0.0624047369994022
0.104722056186491
0.0542420053795577
0.206455469216976
0.110221159593545
0.0493873281530185
0.0559175134488941
0.0579796772265391
0.13082131649731
0.0731881350866706
0.00298864315600717
0.0428571428571429
0.0497310221159594
0.0734459055588761
0.0359832635983264
0.0497310221159594
0.0882247459653317
0.225702331141662
0.156963538553497
0.0442319187089062
0.0488717872086073
0.0139868499701136
0.0882247459653317
0.0139868499701136
0.0194859533771668
0.123968918111178
0.0181111775254035
0.0208607292289301
0.0593544530783026
0.134967124925284
0.0689778840406455
0.0222355050806934
0.038625410938434
0.181709503885236
0.02498505678422
0.176210400478183
0.011237298266587
0.102488045427376
0.132217573221757
0.0879669754931265
0.0373580394500896
0.0139868499701136
0.204736999402271
0.000239091452480579
0.231201434548715
0.0621040047818291
0.270210699342498
0.0992229527794381
0.0222355050806934
0.0442319187089062
0.129468021518231
0.066228332337119
0.12251358898685
0.065540944411237
0.143215780035864
1.15230125523013
0.0586670651524208
0.407516437537357
0.104722056186491
0.123968918111178
0.156963538553497
0.0744769874476987
0.0926927674835626
0.0242976688583383
0.0552301255230126
0.126718469814704
0.0414823670053796
0.0751643753735805
0.000239091452480579
0.0744769874476987
0.0167364016736402
0.011237298266587
0.0812219814704124
0.0649394799760909
0.011237298266587
0.118469814704124
0.10833084279737
0.217453676031082
0.038732815301853
0.0552301255230126
0.0634787806335923
0.0717274357441721
0.0593544530783024
0.0895995218170952
0.199388262104005
0.116015625
0.174835624626419
0.0772265391512253
0.198206814106396
0.0269760651710998
0.0912320681410641
0.0964734010759115
0.0634787806335923
0.0885684399282727
0.148714883442917
0.0414823670053796
0.115720263000598
0.02498505678422
0.061674387328153
0.0567337866108786
0.178616258218769
0.130842797369994
0.14596533173939
0.0786872384937238
0.0359832635983264
0.0139868499701136
0.0861625821876869
0.000239091452480579
0.00573819485953378
0.0751643753735805
0.0332337118947998
0.02498505678422
0.176210400478183
0.0854751942618051
0.05832337118948
0.0634787806335925
0.0718992827256426
0.050418410041841
0.0139868499701136
0.159713090257023
0.0879669754931263
0.186349372384937
0.112970711297071
0.011237298266587
0.111939629408249
0.386121488344291
0.0744769874476987
0.105495367603108
0.02498505678422
0.02498505678422
0.0711259713090256
0.0525664973102213
0.0930364614465031
0.101414001793186
0.079632396891811
0.0579796772265391
0.02498505678422
0.038732815301853
0.00848774656306037
0.0277346084877466
0.02498505678422
0.0311715481171548
0.0978481769276747
0.0425134488942022
0.132217573221757
0.0627913927077108
0.054972355050807
0.126718469814704
0.036670651524208
0.0853892707710699
0.0520885478930066
0.02498505678422
0.075851763299462
0.0304841601912732
0.0689778840406455
0.103819859533772
0.066228332337119
1.27740585774059
0.00573819485953378
0.0970319037656903
0.0552301255230125
0.155760609683204
0.0222355050806934
0.104722056186492
0.0497310221159594
0.114345487148834
0.0194859533771668
0.0139868499701136
0.0222355050806934
0.00436341900777048
0.159197549312612
0.121219366407651
0.00298864315600717
0.02498505678422
0.02498505678422
0.0318589360430364
0.0428571428571428
0.0471640578302452
0.156963538553497
0.11002783173939
0.0963874775851765
0.0607292289300657
0.0877736476389721
0.165212193664077
0.0414823670053796
0.0442319187089062
0.122594142259414
0.0222355050806934
0.0425134488942021
0.258696951583981
0.0442319187089062
0.112970711297071
0.0885576994919307
0.167961745367603
0.0332337118947998
0.126202928870293
0.038732815301853
0.0332337118947998
0.00848774656306037
0.0668297967722654
0.0944112372982668
0.0454643837791393
0.0414823670053796
0.0676031081888824
1.68021518230723
0.0194859533771668
0.137716676628811
0.159713090257023
0.146996413628213
0.0909742976688583
0.0421697549312612
0.110221159593545
0.024555439330544
0.123968918111178
0.15421398684997
0.0222355050806934
0.0799760908547519
0.00848774656306037
0.0717274357441721
0.0328470561864914
0.0634787806335923
0.0579796772265391
0.0194859533771668
0.0717274357441722
0.0827256425582785
0.0782576210400479
0.0689778840406455
0.0469814704124328
0.000239091452480579
0.0607292289300657
0.0689778840406455
0.0541990436341901
0.324686192468619
0.114345487148834
0.0779139270771071
0.123968918111178
0.0981435389270768
0.0655409444112373
0.038732815301853
0.0494732516437537
0.0789557494022715
0.244949193066348
0.0277346084877466
0.0590107591153615
0.0583878138075314
0.0772265391512253
0.0689778840406455
0.109533771667663
0.00298864315600717
0.00986252241482368
0.10386282127914
0.059612223550508
0.0964734010759115
0.000239091452480579
0.0964734010759115
0.0795035116557084
0.0586670651524207
0.15421398684997
0.0841004184100419
0.209205020920502
0.0664001793185893
0.122594142259415
0.00573819485953378
0.0648535564853557
0.0552301255230126
0.134967124925284
0.0167364016736402
0.140466228332337
0.0318589360430364
0.0538553496712492
0.186564181111775
0.250448296473401
0.239450089659295
0.0139868499701136
0.155524320083682
0.144590555887627
0.107643454871488
0.0607292289300657
0.00573819485953378
0.0428571428571429
0.0593544530783023
0.0552301255230126
0.0744769874476987
0.105900819075015
0.0304841601912732
0.0469814704124328
0.0882247459653317
0.00848774656306037
0.118469814704124
0.100597728631202
0.0965539543484762
0.071727435744172
0.0469814704124328
0.0468955469216975
0.000239091452480579
0.0854751942618051
0.16246264196055
0.0344151598924088
0.0414823670053796
0.0854751942618051
0.0167364016736402
0.533652121936641
0.0359832635983264
0.0236102809324567
0.00573819485953378
0.132217573221757
0.00298864315600717
0.101875840555888
0.0677749551703526
0.115720263000598
0.106827181709504
0.00848774656306037
0.102144351464435
0.0854751942618051
0.05419904363419
0.0965271032576207
0.0992229527794381
0.0167364016736402
0.00573819485953378
0.062104004781829
0.0167364016736402
0.0607292289300657
0.112970711297071
0.0634787806335923
0.123968918111178
0.00573819485953378
0.0854751942618051
0.0662283323371188
0.0813508667065153
0.0497310221159594
0.0995881276150628
0.0359832635983264
0.156402350754632
0.0139868499701136
0.693126120741183
0.0359832635983264
0.112970711297071
0.00298864315600717
0.0332337118947998
0.0937238493723848
0.175523012552301
1.24578601315003
0.128093245666467
0.058634843843395
0.00573819485953378
0.126374775851763
0.070352659892409
0.0332337118947998
0.104722056186491
0.148714883442917
0.0359832635983264
0.121219366407651
0.0181111775254035
0.00298864315600717
0.040359991407651
0.0318589360430365
0.0442319187089061
0.338433950986252
0.0937238493723849
0.000239091452480579
0.0885684399282728
0.000239091452480579
0.195457262402869
0.0799760908547519
0.0717274357441721
0.0139868499701136
0.0579796772265392
0.00573819485953378
0.052480573819486
0.104722056186491
0.134967124925284
0.0964734010759115
0.214704124327555
0.0634787806335925
0.141448978257621
0.0222355050806934
0.00298864315600717
0.0805345935445305
0.0731022115959354
0.0958826770771069
0.02498505678422
0.0442319187089062
0.109190077704722
0.00161386730424387
0.0744769874476987
0.02498505678422
0.126374775851763
0.109190077704722
0.0167364016736402
0.0332337118947998
0.0614166168559474
0.121154923789599
0.127405857740586
0.0619751195457264
0.0618462343096234
0.0277346084877466
0.0469814704124328
0.0923490735206215
0.234439676105798
0.112970711297071
0.159713090257023
0.0854751942618051
0.294441123729827
0.0291093843395099
0.0167364016736402
0.0904157949790795
0.122765989240885
0.17071129707113
0.038732815301853
0.133334578601314
0.0784294680215183
0.0277346084877466
0.169379482964734
0.111338164973102
0.11460325762104
0.0731022115959354
0.117782426778242
0.066228332337119
0.140466228332337
0.0882247459653317
0.0964734010759115
0.0414823670053796
0.00573819485953378
0.127405857740586
0.038732815301853
0.101972504482965
0.03752988643156
0.169336521219366
0.104722056186491
0.0479373692468618
0.0981274282725643
0.0978481769276745
0.0222355050806934
0.165212193664077
0.0304841601912732
0.0456066945606696
0.0607292289300657
0.0194859533771668
0.134279736999402
0.0717274357441721
0.0456066945606695
0.118469814704124
0.0304841601912732
0.0992229527794381
0.0759833336446504
0.261446503287507
0.280693365212194
0.0741977361028094
0.0442319187089062
0.0517931858936043
0.0937238493723849
0.0739184847579198
0.0634787806335923
0.0566049013747758
0.0500586054243874
0.0822906548864316
0.052480573819486
0.236700537955768
0.0657127913927076
0.0813508667065153
0.0552301255230126
0.0971607890017929
0.184459055588763
0.0923490735206215
0.0744769874476987
0.060063321876868
0.0579796772265391
0.0717274357441721
0.101972504482965
0.209205020920502
0.0139868499701136
0.0920053795576805
0.43741781231321
0.00573819485953378
0.0497310221159594
0.100168111177525
0.255947399880454
0.0236102809324567
0.0902869097429767
0.181285256649731
0.0923490735206218
0.00298864315600717
0.0569485953377165
0.0780857740585773
0.0909742976688584
0.0139868499701136
0.0682904961147639
0.0277346084877466
0.0291093843395099
0.0552301255230126
0.0607292289300657
0.0799760908547519
0.0799760908547519
0.0277346084877466
0.0944112372982668
0.0263598326359833
0.136341900777047
0.0854751942618051
0.038732815301853
0.156963538553497
0.0465088912133891
0.0222355050806934
0.0978481769276748
0.17483562462642
0.070438583383144
0.0904157949790795
0.104722056186491
0.0718428954348476
0.192707710699342
0.050418410041841
0.0689778840406455
0.0579796772265392
0.0689778840406455
0.0482273610280932
0.118469814704124
0.121219366407651
0.0712978182904961
0.00298864315600717
0.120897153317394
0.101972504482965
0.0469814704124328
0.126718469814704
0.407172743574417
0.00848774656306037
0.115720263000598
0.0606580735393006
0.0585596607890017
0.000239091452480579
0.104722056186491
0.0304841601912732
0.0964734010759115
0.16246264196055
0.156963538553497
0.0531679617453676
0.0527383442916916
0.0680327256425583
0.208582075612672
0.122723027495517
0.0401075911536163
0.038732815301853
0.205080693365213
0.0222355050806934
0.137716676628811
0.011237298266587
0.0607292289300657
0.038732815301853
0.067087567244471
0.277256425582786
0.0440600717274357
0.125343693962941
0.0914898386132692
0.14596533173939
0.112970711297071
0.0520939181111775
0.0992229527794381
0.0904587567244473
0.133764196054991
0.0414823670053796
0.110564853556485
0.0497310221159594
0.129468021518231
0.148714883442917
0.0339210998206814
0.0854751942618051
0.0827256425582786
0.00573819485953378
0.104722056186491
0.0599559175134489
0.156963538553497
0.038732815301853
0.0373580394500897
0.0222355050806934
0.0456066945606694
0.104722056186491
0.0928646144650331
0.258009563658099
0.000239091452480579
0.0569485953377167
0.0744769874476987
0.0473466452480574
0.171828302450687
