5.902199166671784
5.902199166671784
9.903789526588053
11.005350917800968
10.701859514099445
8.386332508080482
10.229761775008233
9.465413054574782
9.656500234683135
5.430101427580568
21.20041399770001
10.892946694207797
9.802625725354211
8.060360259660346
4.5533484835539495
7.55454125349118
5.913439589031112
13.051107787196361
5.126610023879046
7.048722247321977
7.644464632365692
23.347334668329243
8.667343067063385
17.05269814711263
21.256616109496573
14.88329663176478
4.530867638835332
34.868767586627456
10.027434172540548
8.296409129205971
6.520422396434157
6.419258595200316
9.296806719185051
4.587069750631896
8.746026023578567
6.8014329554170185
9.847587414791487
14.029024532456821
4.429703837601491
10.387127688038635
14.973220010639295
9.049517427280094
6.756471265979784
9.004555737842853
10.18480008557096
5.812275787797272
5.126610023879046
9.81386614771354
10.578214868146988
10.836744582411235
10.982870073082353
5.002965377926588
10.00495332782189
11.589852880485358
8.824708980093792
11.488689079251513
4.76691650838096
10.701859514099445
12.803818495291441
9.982472483103276
6.441739439918934
8.509977154032981
7.082443514399924
47.28943429367099
12.949943985962523
6.711509576542509
11.803420905312366
8.476255886955036
6.396777750481699
9.836346992432158
9.499134321652727
7.902994346629937
8.914632358968301
12.196835687888399
7.532060408772522
8.20648575033146
6.70026915418318
20.94188428343573
10.016193750181223
8.071600682019671
9.645259812323806
8.071600682019671
8.476255886955036
10.465810644553818
9.128200383795315
8.476255886955036
10.769302048255344
7.67818589944364
8.296409129205971
6.92507760136952
12.882501451806627
8.734785601219281
9.690221501761082
6.26189268216991
9.847587414791487
9.353008830981613
4.3735017258049265
7.880513501911321
5.272735514550163
6.284373526888529
6.745230843620456
12.803818495291441
7.397175340460735
8.982074893124198
11.522410346329462
9.071998271998748
8.397572930439813
6.351816061044422
10.297204309164123
12.579010048105106
14.591045650422585
7.768109278318151
4.6882335518657365
11.64605499228196
9.341768408622283
10.364646843319976
13.298397079101315
9.701461924120412
7.655705054724979
8.611140955266821
6.149488458576741
8.094081526738291
5.025446222645205
7.003760557884701
6.5653840858713925
12.264278222044293
9.027036582561475
5.104129179160429
8.903391936609017
9.206883340310538
22.942679463393876
8.44253461987709
10.03867459489984
5.014205800285877
9.791385302994922
8.071600682019671
9.409210942778179
6.70026915418318
7.352213651023499
5.553746073533026
9.510374744012017
4.991724955567259
4.76691650838096
12.241797377325677
10.387127688038635
10.982870073082353
7.846792234833374
7.161126470915107
7.56578167585047
6.194450148014018
8.790987713015845
12.264278222044293
11.92706555126482
7.217328582711713
13.309637501460603
8.59990053290749
7.318492383945553
5.980882123187007
5.047927067363823
6.621586197667997
9.634019389964518
11.41000612273633
7.768109278318151
7.206088160352382
5.283975936909451
7.228569005071
10.094876706696445
14.029024532456821
6.48670112935621
8.465015464595707
10.420848955116586
8.408813352799143
6.947558446088137
7.633224210006362
7.116164781477871
6.6103457753086685
10.128597973774394
4.5533484835539495
14.287554246721065
22.897717773956604
11.825901750030985
11.556131613407409
10.34216599860136
6.745230843620456
122.46562338977981
9.926270371306709
9.723942768839029
11.398765700377002
10.229761775008233
5.070407912082482
6.363056483403751
7.824311390114715
8.633621799985438
8.060360259660346
11.972027240702099
5.441341849939857
10.173559663211627
14.276313824361734
11.398765700377002
9.386730098059559
31.856334394330947
10.364646843319976
12.151873998451121
22.08840736408592
10.668138247021501
9.195642917951208
6.711509576542509
11.061553029597533
9.17316207323259
10.724340358818107
6.4754607069968815
12.882501451806627
8.802228135375175
7.408415762820064
10.353406420960688
9.841967203611842
8.476255886955036
13.75925439583324
15.445317749730545
8.892151514249687
14.029024532456821
9.532855588730678
22.245773277116328
5.29521635926878
6.745230843620456
9.62277896760519
6.396777750481699
6.767711688339074
9.802625725354211
8.611140955266821
11.64605499228196
8.487496309314325
22.0097244075707
9.7127023464797
56.59650400718399
11.308842321502492
7.442137029898011
6.6103457753086685
9.690221501761082
8.20648575033146
12.028229352498665
9.251845029747772
5.250254669831504
6.419258595200316
7.4646178746166285
7.082443514399924
5.250254669831504
5.677390719485485
5.216533402753558
9.139440806154644
8.44253461987709
9.723942768839029
13.927860731222982
5.216533402753558
5.699871564204144
9.409210942778179
12.444124979793356
14.040264954816104
11.803420905312366
6.947558446088137
8.296409129205971
7.655705054724979
5.789794943078655
9.555336433449295
17.12014068126852
5.862857688414193
11.117755141394136
14.163909600768566
9.881308681869434
6.745230843620456
10.072395861977784
18.525193476182917
7.835551812474043
6.576624508230721
8.285168706846642
11.050312607238245
12.073191041935939
13.298397079101315
5.160331290956993
10.982870073082353
8.880911091890356
9.510374744012017
7.262290272148946
15.72632830871341
9.420451365137508
9.892549104228763
5.969641700827678
11.64605499228196
27.292722916448902
5.778554520719326
8.487496309314325
14.62476691750053
10.128597973774394
8.116562371456908
5.958401278468389
9.566576855808623
16.816649277566995
9.195642917951208
11.601093302844685
7.700666744162257
9.251845029747772
8.835949402453123
7.824311390114715
13.10730989899292
5.958401278468389
8.296409129205971
9.634019389964518
7.2398094274303295
6.228171415091963
13.81545650762981
12.331720756200186
6.711509576542509
6.048324657342901
8.487496309314325
9.73518319119836
25.280687314131463
4.811878197818196
8.285168706846642
7.026241402603319
13.860418197067084
7.318492383945553
3.6990763842459966
12.275518644403622
10.083636284337114
5.688631141844814
50.65032057910608
8.577419688188876
5.407620582861909
19.716678246270348
5.171571713316323
7.610743365287746
5.688631141844814
6.430499017559645
7.4646178746166285
6.284373526888529
5.362658893424675
10.589455290506317
21.16669273062206
6.6103457753086685
6.542903241152774
8.86967066953107
14.467401004470084
5.014205800285877
18.491472209105016
13.03986736483707
12.208076110247728
7.284771116867605
8.892151514249687
10.061155439618496
10.488291489272479
8.633621799985438
5.002965377926588
6.677788309464562
12.342961178559515
10.34216599860136
8.633621799985438
7.7343880112402035
13.388320457975826
9.341768408622283
25.280687314131463
7.2398094274303295
6.003362967905624
13.230954544945421
5.913439589031112
7.970436880785832
8.44253461987709
0.5629985459970143
16.086021824211493
7.768109278318151
8.85843024717174
8.060360259660346
6.104526769139466
8.262687862128024
12.118152731373176
6.6103457753086685
5.84599705487522
5.812275787797272
13.320877923819936
9.06075784963942
7.093683936759214
8.93711320368696
11.972027240702099
9.240604607388443
8.060360259660346
11.218918942627981
28.9787862703462
7.228569005071
9.61153854524586
7.801830545396098
8.184004905612802
9.105719539076699
11.061553029597533
9.128200383795315
6.5653840858713925
7.723147588880875
8.330130396283918
18.187980805403495
8.20648575033146
7.633224210006362
26.505893351296834
6.767711688339074
9.240604607388443
6.81267337777635
9.993712905462603
10.252242619726852
5.4525822722991855
24.774868307962265
9.62277896760519
8.633621799985438
13.208473700226767
23.03260284226839
6.216930992732635
6.26189268216991
6.26189268216991
9.364249253340942
10.04991501725917
10.533253178709714
5.104129179160429
11.747218793515803
7.307251961586222
8.779747290656516
8.487496309314325
15.254230569622194
7.4646178746166285
8.95959404840558
8.10532194909762
27.27024207173029
8.251447439768695
13.646850172240077
10.319685153882745
7.790590123036767
8.62238137762611
0.01221785039056016
10.465810644553818
6.48670112935621
8.982074893124198
4.98048453320793
11.039072184878917
8.127802793816237
3.85644229727641
6.58786493059005
14.961979588279965
8.352611241002537
5.913439589031112
9.330527986262997
21.582588357916716
13.905379886504315
5.430101427580568
8.97083447076491
11.061553029597533
6.48670112935621
10.55573402342837
9.049517427280094
10.443329799835197
10.319685153882745
9.083238694358037
7.43089660753868
6.857635067213625
9.296806719185051
6.138248036217412
8.184004905612802
30.912138916148482
13.590648060443506
6.6103457753086685
7.846792234833374
5.992122545546336
7.914234768989268
10.634416979943554
17.906970246420585
9.667740657042465
7.981677303145159
0.13586249634302916
10.982870073082353
6.880115911932244
19.716678246270348
11.286361476783874
10.488291489272479
9.903789526588053
7.206088160352382
7.67818589944364
6.857635067213625
7.577022098209799
11.589852880485358
15.254230569622194
10.229761775008233
6.396777750481699
9.319287563903666
8.689823911782003
11.2413997873466
40.78122974762733
11.41000612273633
25.01091717750788
6.576624508230721
7.4196561851793925
8.892151514249687
10.04991501725917
7.914234768989268
11.353804010939767
6.880115911932244
8.85843024717174
0.2595071422954976
9.847587414791487
12.691414271698276
6.037084234983571
6.756471265979784
7.745628433599533
4.620791017709842
9.4878938992934
25.74154463086339
16.80540885520771
9.251845029747772
28.203197127553466
7.846792234833374
9.4878938992934
8.094081526738291
8.678583489422717
9.285566296825719
6.891356334291571
17.075178991831248
7.790590123036767
10.128597973774394
7.475858296975957
12.275518644403622
12.994905675399796
6.441739439918934
16.063540979492874
6.722749998901839
8.10532194909762
6.70026915418318
7.644464632365692
8.431294197517758
17.22130448250236
10.701859514099445
7.902994346629937
7.093683936759214
8.161524060894186
4.6882335518657365
9.870068259510107
6.733990421261126
9.60029812288657
6.531662818793446
12.376682445637467
6.408018172840986
8.195245327972131
8.847189824812409
9.308047141544339
5.6324290300482485
6.239411837451253
9.57781727816791
7.577022098209799
4.103731589181351
19.064733749430072
10.522012756350428
7.026241402603319
6.880115911932244
7.644464632365692
58.54109707534554
10.982870073082353
6.138248036217412
5.002965377926588
12.792578072932113
6.059565079702229
12.061950619576614
10.297204309164123
7.520819986413233
10.758061625896053
15.546481550964383
8.240207017409407
8.251447439768695
14.006543687738157
8.914632358968301
10.072395861977784
8.21772617269075
13.41080130269445
6.621586197667997
5.194052558034939
7.059962669681266
18.750001923369258
10.634416979943554
4.485905949398055
8.251447439768695
6.835154222494967
8.397572930439813
8.498736731673654
12.376682445637467
11.252640209705923
11.533650768688792
0.06841996218713707
12.668933426979654
5.160331290956993
10.173559663211627
6.093286346780176
6.58786493059005
14.343756358517629
12.55652920338648
7.475858296975957
3.9463656761509345
7.9591964584265025
6.171969303295358
12.713895116416888
10.218521352648906
7.172366893274436
5.430101427580568
6.1607288809360705
13.66933101695869
5.677390719485485
10.11735755141506
9.229364185029155
6.632826620027285
7.936715613707885
7.891753924270608
9.116959961435983
9.431691787496836
8.64486222234477
6.216930992732635
12.7026546940576
9.139440806154644
14.029024532456821
7.835551812474043
11.994508085420717
14.208871290205842
8.768506868297228
5.94716085610906
14.658488184578477
4.620791017709842
13.163512010789532
5.070407912082482
11.421246545095665
6.958798868447467
6.38553732812237
9.903789526588053
3.9351252537916177
5.93592043374973
6.419258595200316
50.65032057910608
7.745628433599533
9.836346992432158
12.320480333840859
9.57781727816791
20.559709923219017
29.034988382142817
7.2398094274303295
6.3068543716071455
11.275121054424545
11.938305973624153
8.195245327972131
5.902199166671784
8.689823911782003
10.994110495441639
8.184004905612802
9.544096011089966
9.544096011089966
9.73518319119836
7.902994346629937
14.287554246721065
7.296011539226894
9.442932209856124
16.737966321051818
9.364249253340942
10.80302331533329
13.129790743711583
30.035385972121862
5.475063117017803
4.542108061194661
7.633224210006362
7.55454125349118
5.924680011390442
8.3076495515653
11.983267663061387
10.544493601069039
13.691811861677348
8.633621799985438
10.207280930289574
9.364249253340942
7.397175340460735
18.41278925258979
9.004555737842853
17.131381103627845
7.2398094274303295
9.768904458276264
12.050710197217285
8.296409129205971
11.735978371156472
8.127802793816237
5.756073676000707
5.373899315783962
10.477051066913145
22.0097244075707
9.431691787496836
7.475858296975957
5.160331290956993
8.95959404840558
7.633224210006362
27.146597425777827
9.038277004920802
5.587467340610973
28.09079290396029
9.81386614771354
12.185595265529066
7.577022098209799
9.375489675700232
5.306456781628111
9.004555737842853
15.42283690501189
7.273530694508278
15.546481550964383
6.093286346780176
7.318492383945553
5.958401278468389
5.93592043374973
7.633224210006362
7.723147588880875
16.816649277566995
7.273530694508278
7.925475191348555
9.476653476934072
5.137850446238375
8.240207017409407
6.542903241152774
6.149488458576741
7.655705054724979
7.262290272148946
11.185197675550029
14.332515936158297
10.600695712865607
12.4216441350747
9.128200383795315
5.418861005221239
17.277506594298924
7.487098719335287
12.983665253040463
10.37588726567931
9.690221501761082
6.767711688339074
32.66564480420167
8.049119837301054
7.846792234833374
7.498339141694575
5.823516210156601
6.295613949247858
7.711907166521586
9.634019389964518
10.18480008557096
15.42283690501189
9.7127023464797
10.578214868146988
5.868477899593877
10.027434172540548
23.8531536744984
0.27074756465481337
5.711111986563431
8.44253461987709
8.453775042236376
6.70026915418318
11.601093302844685
9.027036582561475
10.600695712865607
9.802625725354211
7.194847737993054
7.385934918101446
7.475858296975957
10.904187116567131
7.858032657192663
8.071600682019671
5.497543961736462
8.318889973924588
7.599502942928416
8.049119837301054
15.81625168758792
6.070805502061519
13.703052284036639
12.904982296525283
9.296806719185051
7.947956036067212
7.498339141694575
7.498339141694575
7.2398094274303295
15.254230569622194
6.1607288809360705
8.408813352799143
7.99291772550445
11.972027240702099
5.902199166671784
26.078757301642856
9.004555737842853
11.915825128905537
7.442137029898011
9.341768408622283
7.352213651023499
21.605069202635335
5.94716085610906
8.116562371456908
6.104526769139466
11.960786818342772
8.3076495515653
15.198028457825588
8.993315315483526
4.8680803096147995
5.609948185329591
9.645259812323806
8.903391936609017
12.601490892823762
6.8014329554170185
4.542108061194661
11.983267663061387
5.497543961736462
4.632031440069172
13.28715665674199
7.307251961586222
7.194847737993054
5.39638016050262
7.644464632365692
10.926667961285748
18.716280656291307
10.758061625896053
8.228966595050078
9.454172632215453
7.037481824962648
8.64486222234477
4.811878197818196
13.71429270639597
10.398368110397925
7.048722247321977
6.396777750481699
17.74960433339018
6.857635067213625
5.913439589031112
8.161524060894186
7.66694547708431
7.711907166521586
6.093286346780176
9.678981079401751
4.193654968055863
6.778952110698402
0.11338165162439844
7.194847737993054
9.555336433449295
8.62238137762611
18.232942494840724
6.689028731823891
9.892549104228763
16.513157873865477
4.407222992882874
8.59990053290749
9.982472483103276
6.913837179010189
7.487098719335287
13.826696929989135
18.46899136438635
11.039072184878917
6.396777750481699
10.207280930289574
8.880911091890356
7.633224210006362
10.207280930289574
9.06075784963942
7.4196561851793925
8.240207017409407
6.419258595200316
7.082443514399924
9.263085452107102
7.329732806304842
7.9591964584265025
7.936715613707885
8.273928284487353
10.37588726567931
5.643669452407537
8.465015464595707
17.22130448250236
5.250254669831504
9.296806719185051
8.116562371456908
7.768109278318151
9.589057700527242
16.02981971241493
8.273928284487353
7.4196561851793925
11.64605499228196
8.779747290656516
12.74761638349484
6.497941551715497
6.37429690576304
11.848382594749644
8.835949402453123
6.228171415091963
6.677788309464562
6.464220284637592
6.644067042386616
9.589057700527242
10.836744582411235
9.116959961435983
11.65729541464125
7.037481824962648
6.014603390264954
7.914234768989268
10.533253178709714
11.994508085420717
4.632031440069172
0.9114516391357878
7.498339141694575
7.700666744162257
5.126610023879046
8.734785601219281
9.61153854524586
7.588262520569087
33.17146381037081
10.926667961285748
6.745230843620456
7.498339141694575
14.995700855357905
5.83475663251593
9.780144880635591
6.677788309464562
4.991724955567259
8.757266445937898
13.849177774707755
5.83475663251593
7.9591964584265025
5.868477899593877
7.858032657192663
7.8130709677554275
5.890958744312495
15.580202818042336
18.041855314732377
12.893741874165952
8.330130396283918
9.431691787496836
5.643669452407537
8.903391936609017
15.287951836700099
15.647645352198227
5.564986495892355
9.982472483103276
6.644067042386616
8.285168706846642
8.42005377515843
10.083636284337114
5.756073676000707
10.218521352648906
8.375092085721194
7.487098719335287
13.185992855508148
5.73359283128209
10.791782892973997
6.104526769139466
10.016193750181223
5.104129179160429
7.172366893274436
7.4646178746166285
5.025446222645205
9.60029812288657
13.073588631914973
5.83475663251593
13.916620308863651
11.64605499228196
23.572143115515544
9.128200383795315
8.509977154032981
7.723147588880875
10.994110495441639
9.465413054574782
7.340973228664169
7.026241402603319
7.363454073382787
5.137850446238375
7.925475191348555
8.026638992582397
12.691414271698276
8.847189824812409
16.558119563302753
10.398368110397925
8.903391936609017
6.677788309464562
6.048324657342901
9.892549104228763
11.286361476783874
12.455365402152646
8.431294197517758
11.02783176251959
9.015796160202145
5.014205800285877
8.21772617269075
8.982074893124198
17.22130448250236
6.205690570373306
20.087612184127767
5.902199166671784
11.814661327671699
12.208076110247728
8.139043216175567
8.903391936609017
8.42005377515843
6.621586197667997
11.477448656892228
10.387127688038635
6.38553732812237
6.318094793966475
19.761639935707624
11.511169923970177
4.7781569307402885
3.226978645154749
9.690221501761082
7.352213651023499
10.926667961285748
10.600695712865607
17.43487250732937
23.90935578629501
8.734785601219281
10.151078818493009
8.925872781327634
9.386730098059559
12.7026546940576
8.903391936609017
9.81386614771354
5.070407912082482
9.341768408622283
7.914234768989268
7.093683936759214
7.66694547708431
10.218521352648906
8.476255886955036
12.994905675399796
9.802625725354211
7.475858296975957
11.331323166221106
35.22846110212554
8.172764483253513
7.891753924270608
6.677788309464562
14.13018833369066
7.228569005071
8.532457998751601
12.005748507780046
22.268254121834943
5.62118860768892
5.171571713316323
9.847587414791487
6.621586197667997
5.699871564204144
6.216930992732635
10.128597973774394
14.051505377175435
7.048722247321977
8.184004905612802
10.825504160051944
6.846394644854296
6.419258595200316
7.217328582711713
7.13864562619649
10.308444731523414
8.97083447076491
8.611140955266821
9.206883340310538
6.014603390264954
15.647645352198227
11.983267663061387
5.868477899593877
6.329335216325805
8.779747290656516
8.318889973924588
6.396777750481699
13.523205526287615
8.734785601219281
6.778952110698402
9.386730098059559
5.902199166671784
19.7503995133483
8.678583489422717
6.778952110698402
9.4878938992934
0.11338165162439844
9.532855588730678
7.1498860485558176
4.811878197818196
7.296011539226894
16.041060134774263
8.779747290656516
6.936318023728808
7.543300831131853
5.564986495892355
6.093286346780176
12.826299340010058
13.47824383685034
12.680173849338942
10.847985004770562
9.139440806154644
5.564986495892355
13.804216085270479
5.126610023879046
6.37429690576304
8.004158147863778
16.985255612956735
5.137850446238375
12.174354843169784
7.925475191348555
10.409608532757256
13.545686371006232
8.161524060894186
18.041855314732377
8.498736731673654
8.273928284487353
6.464220284637592
13.995303265378876
8.790987713015845
6.1607288809360705
7.858032657192663
14.332515936158297
5.553746073533026
6.576624508230721
6.5653840858713925
8.633621799985438
8.049119837301054
10.18480008557096
11.2413997873466
8.85843024717174
6.452979862278264
7.296011539226894
15.681366619276174
7.172366893274436
9.510374744012017
7.790590123036767
7.048722247321977
18.109297848888268
6.1607288809360705
8.386332508080482
10.128597973774394
11.589852880485358
16.243387737241946
10.780542470614668
6.37429690576304
6.722749998901839
8.64486222234477
8.296409129205971
13.511965103928286
6.1157671914987946
10.13983839613368
11.634814569922629
8.824708980093792
8.127802793816237
4.148693278618627
5.463822694658515
7.43089660753868
5.913439589031112
13.028626942477743
14.9057774764834
9.634019389964518
9.791385302994922
10.814263737692617
7.475858296975957
8.037879414941727
7.56578167585047
9.836346992432158
5.83475663251593
8.813468557734462
8.341370818643247
11.275121054424545
9.06075784963942
9.656500234683135
15.299192259059431
13.073588631914973
18.64883812213542
9.836346992432158
11.64605499228196
8.95959404840558
5.475063117017803
6.2731331045292
10.465810644553818
31.76641101545643
5.890958744312495
6.059565079702229
5.62118860768892
7.947956036067212
6.093286346780176
7.1049243591185425
11.263880632065217
6.464220284637592
8.903391936609017
8.386332508080482
9.544096011089966
5.812275787797272
10.18480008557096
8.082841104379
8.779747290656516
7.790590123036767
7.99291772550445
10.308444731523414
6.689028731823891
7.363454073382787
9.17316207323259
6.756471265979784
11.331323166221106
7.082443514399924
10.836744582411235
8.554938843470218
7.66694547708431
6.902596756650861
10.825504160051944
8.577419688188876
14.175150023127893
8.285168706846642
7.936715613707885
5.486303539377132
9.027036582561475
5.272735514550163
9.027036582561475
5.2277738251128865
13.051107787196361
6.284373526888529
10.465810644553818
9.532855588730678
11.061553029597533
12.320480333840859
6.756471265979784
14.208871290205842
9.476653476934072
9.521615166371346
10.443329799835197
10.173559663211627
5.564986495892355
6.6103457753086685
5.84599705487522
7.026241402603319
9.757664035916974
8.049119837301054
8.42005377515843
6.756471265979784
7.947956036067212
11.589852880485358
17.625959687437728
10.915427538926458
5.868477899593877
16.974015190597406
7.67818589944364
11.207678520268649
4.542108061194661
10.69061909174016
6.913837179010189
7.981677303145159
6.599105352949339
6.666547887105233
16.232147314882617
8.240207017409407
18.896127414040336
17.131381103627845
7.599502942928416
6.025843812624282
14.714690296375045
5.823516210156601
7.082443514399924
11.679776259359906
5.699871564204144
13.71429270639597
5.340178048706057
11.45496781217357
7.700666744162257
4.294818769289704
13.309637501460603
6.599105352949339
23.90935578629501
7.408415762820064
12.860020607088007
18.570155165620193
13.253435389664041
9.094479116717364
8.42005377515843
8.779747290656516
10.701859514099445
11.08403387431619
9.195642917951208
13.3770800356165
9.049517427280094
5.73359283128209
7.981677303145159
8.352611241002537
6.171969303295358
5.216533402753558
6.497941551715497
10.207280930289574
7.520819986413233
8.52121757639227
10.81988394887226
12.084431464295228
7.284771116867605
11.92706555126482
6.902596756650861
8.285168706846642
7.093683936759214
9.57781727816791
7.902994346629937
13.849177774707755
10.443329799835197
5.609948185329591
9.746423613557647
12.949943985962523
9.802625725354211
8.925872781327634
7.801830545396098
10.859225427129894
11.533650768688792
8.633621799985438
9.251845029747772
6.655307464745943
6.194450148014018
6.947558446088137
6.790192533057732
7.228569005071
25.438053227161863
4.22737623513381
9.465413054574782
10.825504160051944
7.13864562619649
4.811878197818196
7.858032657192663
7.588262520569087
17.10890025890919
8.375092085721194
4.575829328272607
8.10532194909762
8.004158147863778
11.882103861827591
10.106117129055734
0.19206460813960596
11.376284855658387
7.644464632365692
8.903391936609017
10.18480008557096
4.935522843770694
7.442137029898011
5.39638016050262
8.903391936609017
6.194450148014018
5.340178048706057
6.92507760136952
7.397175340460735
10.904187116567131
8.59990053290749
10.499531911631767
11.331323166221106
8.52121757639227
28.214437549912773
9.948751216025327
8.993315315483526
7.936715613707885
23.246170867095397
9.982472483103276
6.497941551715497
41.57929973513886
5.609948185329591
10.285963886804797
22.63918805969236
6.26189268216991
8.375092085721194
6.1607288809360705
18.187980805403495
13.084829054274305
11.353804010939767
6.037084234983571
8.161524060894186
10.13983839613368
12.387922867996751
6.70026915418318
6.497941551715497
9.319287563903666
7.340973228664169
9.004555737842853
8.386332508080482
5.497543961736462
9.667740657042465
6.846394644854296
12.354201600918804
6.408018172840986
6.958798868447467
5.812275787797272
6.014603390264954
8.993315315483526
10.16231924085234
10.477051066913145
10.106117129055734
8.318889973924588
12.286759066762906
13.275916234382661
11.162716830831378
4.429703837601491
10.465810644553818
11.972027240702099
12.376682445637467
8.3076495515653
9.57781727816791
11.342563588580441
6.104526769139466
5.4525822722991855
10.634416979943554
13.534445948646946
7.66694547708431
6.857635067213625
10.37588726567931
6.5653840858713925
6.947558446088137
10.364646843319976
9.892549104228763
7.307251961586222
10.668138247021501
9.892549104228763
9.442932209856124
8.487496309314325
7.397175340460735
34.913729276064736
8.588660110548163
11.668535837000576
7.655705054724979
6.599105352949339
88.71039068774802
5.6324290300482485
6.880115911932244
13.87165861942637
0.16958376342097523
9.521615166371346
8.802228135375175
10.623176557584268
8.824708980093792
4.991724955567259
7.700666744162257
5.778554520719326
4.058769899744087
13.792975662911191
10.825504160051944
9.476653476934072
17.468593774407275
5.531265228814409
4.8680803096147995
5.4525822722991855
5.890958744312495
10.353406420960688
5.857237477234548
5.4525822722991855
5.969641700827678
8.026638992582397
6.509181974074828
11.915825128905537
8.004158147863778
11.612333725204016
8.85843024717174
10.34216599860136
11.162716830831378
7.082443514399924
10.106117129055734
9.61153854524586
6.778952110698402
11.915825128905537
17.401151240251426
8.892151514249687
8.577419688188876
20.69459499153081
10.016193750181223
4.294818769289704
9.757664035916974
5.39638016050262
10.780542470614668
9.139440806154644
6.689028731823891
5.902199166671784
7.453377452257341
6.430499017559645
4.632031440069172
8.10532194909762
10.915427538926458
7.824311390114715
9.027036582561475
4.103731589181351
10.915427538926458
14.647247762219147
24.235328034715153
3.968846520869564
10.420848955116586
8.476255886955036
11.499929501610842
6.756471265979784
9.7127023464797
13.096069476633637
13.635609749880746
5.29521635926878
7.99291772550445
18.62635727741681
14.444920159751467
8.85843024717174
9.81386614771354
4.991724955567259
13.47824383685034
7.745628433599533
6.655307464745943
6.655307464745943
9.409210942778179
34.26178477922442
13.47824383685034
6.441739439918934
5.823516210156601
8.93711320368696
4.485905949398055
8.21772617269075
10.13983839613368
8.172764483253513
9.555336433449295
6.947558446088137
45.00762855472998
5.025446222645205
7.858032657192663
15.81625168758792
4.306059191649033
11.08403387431619
7.093683936759214
10.027434172540548
12.55652920338648
10.432089377475872
6.1157671914987946
10.218521352648906
7.700666744162257
5.418861005221239
9.982472483103276
7.2398094274303295
0.19206460813960596
10.398368110397925
7.610743365287746
9.982472483103276
4.8680803096147995
13.028626942477743
7.318492383945553
8.375092085721194
8.64486222234477
25.01091717750788
6.351816061044422
6.216930992732635
6.464220284637592
17.580997998000445
8.44253461987709
6.81267337777635
6.655307464745943
6.823913800135678
9.094479116717364
34.868767586627456
8.93711320368696
6.228171415091963
8.52121757639227
12.342961178559515
4.66575270714712
7.363454073382787
2.0692151421452705
9.7127023464797
12.983665253040463
12.163114420810452
10.578214868146988
5.340178048706057
9.57781727816791
4.755676086021631
7.397175340460735
5.980882123187007
7.532060408772522
6.880115911932244
11.173957253190702
8.161524060894186
7.340973228664169
5.475063117017803
12.713895116416888
7.925475191348555
5.94716085610906
8.397572930439813
7.610743365287746
14.9057774764834
6.025843812624282
7.723147588880875
29.754375413138995
10.566974445787661
8.184004905612802
5.239014247472217
9.431691787496836
7.970436880785832
5.94716085610906
0.7653261484646874
9.634019389964518
8.903391936609017
9.150681228513934
12.095671886654557
6.778952110698402
12.477846246871303
16.839130122285656
5.902199166671784
9.015796160202145
8.397572930439813
7.4196561851793925
10.173559663211627
6.419258595200316
21.256616109496573
6.666547887105233
5.39638016050262
6.857635067213625
11.376284855658387
12.230556954966346
7.13864562619649
9.195642917951208
8.251447439768695
7.902994346629937
12.43288455743403
10.03867459489984
32.18230664275107
7.7343880112402035
3.114574421561595
8.408813352799143
7.442137029898011
19.2333400848198
6.689028731823891
1.8668875396775932
6.666547887105233
31.76641101545643
7.610743365287746
13.455762992131719
4.991724955567259
13.264675812023368
7.453377452257341
17.277506594298924
5.801035365437983
6.318094793966475
6.8014329554170185
12.163114420810452
8.026638992582397
8.026638992582397
6.025843812624282
9.454172632215453
6.958798868447467
5.711111986563431
4.6882335518657365
4.823118620177524
9.499134321652727
5.789794943078655
9.678981079401751
10.836744582411235
10.814263737692617
6.228171415091963
6.790192533057732
9.17316207323259
9.195642917951208
7.194847737993054
6.452979862278264
6.250652259810582
6.509181974074828
6.419258595200316
10.173559663211627
10.027434172540548
13.275916234382661
7.082443514399924
19.963967538175304
6.4754607069968815
5.609948185329591
13.399560880335155
9.870068259510107
0.4505943224038609
9.049517427280094
5.73359283128209
13.691811861677348
8.465015464595707
4.294818769289704
7.194847737993054
6.351816061044422
6.329335216325805
13.073588631914973
10.566974445787661
9.049517427280094
13.658090594599402
13.804216085270479
8.85843024717174
4.2386166574931385
11.64605499228196
13.36583961325721
5.407620582861909
8.094081526738291
8.026638992582397
8.386332508080482
14.118947911331329
11.75845921587509
6.127007613858123
11.825901750030985
6.666547887105233
11.162716830831378
8.262687862128024
9.971232060743944
7.43089660753868
14.714690296375045
11.702257104078523
9.386730098059559
159.7276235109103
4.2835783469303745
11.792180482953038
7.093683936759214
6.823913800135678
10.37588726567931
7.8130709677554275
5.6661502971261966
7.790590123036767
12.163114420810452
5.531265228814409
5.980882123187007
8.20648575033146
5.4525822722991855
0.596719813074957
10.949148806004406
5.1828121356756105
9.442932209856124
8.026638992582397
8.734785601219281
5.441341849939857
10.13983839613368
14.073986221894051
12.208076110247728
8.20648575033146
7.858032657192663
10.03867459489984
7.172366893274436
6.677788309464562
8.689823911782003
8.993315315483526
9.971232060743944
9.791385302994922
30.518724133572444
11.634814569922629
6.194450148014018
5.958401278468389
6.520422396434157
9.982472483103276
6.464220284637592
8.285168706846642
8.487496309314325
6.059565079702229
9.409210942778179
8.768506868297228
12.208076110247728
13.47824383685034
8.509977154032981
6.846394644854296
11.286361476783874
8.802228135375175
9.780144880635591
8.982074893124198
14.501122271548036
12.118152731373176
22.84151566216004
7.453377452257341
6.127007613858123
7.307251961586222
10.701859514099445
5.756073676000707
8.44253461987709
9.049517427280094
6.183209725654687
8.59990053290749
6.767711688339074
7.284771116867605
7.487098719335287
6.947558446088137
5.744833253641378
14.973220010639295
8.824708980093792
13.545686371006232
11.64605499228196
5.261495092190834
8.835949402453123
4.609550595350555
9.431691787496836
9.341768408622283
8.296409129205971
18.41278925258979
5.564986495892355
8.633621799985438
8.3076495515653
13.3770800356165
7.711907166521586
11.398765700377002
10.870465849489182
7.4196561851793925
9.532855588730678
5.036686645004535
5.317697203987398
21.043048084669564
9.892549104228763
12.10691230901389
4.935522843770694
10.336545787421716
8.476255886955036
4.811878197818196
8.139043216175567
8.431294197517758
6.857635067213625
9.094479116717364
6.3068543716071455
6.464220284637592
13.748013973473915
15.97361760061837
6.318094793966475
14.793373252890229
6.621586197667997
9.802625725354211
8.498736731673654
7.8692730795519905
5.688631141844814
4.811878197818196
6.497941551715497
7.206088160352382
10.229761775008233
12.803818495291441
5.72235240892276
7.251049849789659
7.172366893274436
12.073191041935939
15.939896333540421
6.014603390264954
7.577022098209799
8.3076495515653
7.858032657192663
13.253435389664041
17.92945109113925
5.868477899593877
9.4878938992934
9.353008830981613
5.115369601519717
8.184004905612802
11.08403387431619
5.823516210156601
15.524000706245728
9.465413054574782
9.690221501761082
10.016193750181223
10.724340358818107
24.190366345277873
25.62914040727026
4.3735017258049265
9.836346992432158
10.600695712865607
8.408813352799143
18.322865873715283
4.96924411084864
6.666547887105233
11.488689079251513
8.64486222234477
7.66694547708431
7.1049243591185425
8.386332508080482
6.520422396434157
7.914234768989268
4.991724955567259
10.769302048255344
13.298397079101315
9.240604607388443
11.061553029597533
8.004158147863778
7.801830545396098
10.285963886804797
12.904982296525283
6.26189268216991
6.171969303295358
5.913439589031112
7.936715613707885
10.13983839613368
6.37429690576304
4.5533484835539495
8.892151514249687
6.138248036217412
9.184402495591879
7.296011539226894
10.229761775008233
12.084431464295228
7.936715613707885
12.545288781027157
15.085624234232457
10.589455290506317
12.10691230901389
6.857635067213625
12.208076110247728
8.251447439768695
9.532855588730678
6.396777750481699
17.10890025890919
9.780144880635591
8.64486222234477
11.533650768688792
13.93910115358227
6.992520135525413
45.00762855472998
7.981677303145159
12.9274631412439
7.475858296975957
14.591045650422585
7.7343880112402035
7.981677303145159
8.082841104379
8.296409129205971
6.677788309464562
8.892151514249687
11.972027240702099
8.97083447076491
7.442137029898011
7.891753924270608
20.908163016357783
8.97083447076491
9.858827837150816
6.419258595200316
5.93592043374973
8.42005377515843
6.093286346780176
9.049517427280094
16.198426047804666
6.891356334291571
13.332118346179264
6.621586197667997
8.779747290656516
3.1370552662802287
18.28914460663733
10.083636284337114
12.7026546940576
12.365442023278135
0.05717953982782174
11.814661327671699
6.351816061044422
8.656102644704056
18.55891474326087
8.93711320368696
6.621586197667997
6.531662818793446
10.274723464445469
20.728316258608753
9.17316207323259
12.342961178559515
16.086021824211493
10.13983839613368
6.284373526888529
7.936715613707885
14.343756358517629
6.025843812624282
10.37588726567931
4.96924411084864
7.902994346629937
4.800637775458907
20.143814295924376
8.21772617269075
12.601490892823762
11.511169923970177
8.925872781327634
5.216533402753558
10.18480008557096
7.206088160352382
6.745230843620456
8.049119837301054
9.634019389964518
8.431294197517758
9.420451365137508
5.486303539377132
11.769699638234417
10.69061909174016
5.441341849939857
1.203702620477989
4.7781569307402885
8.330130396283918
6.205690570373306
8.476255886955036
11.904584706546208
10.510772333991092
7.790590123036767
8.802228135375175
10.982870073082353
14.579805228063256
15.158686979568
6.745230843620456
9.667740657042465
9.139440806154644
9.330527986262997
10.207280930289574
11.365044433299055
5.126610023879046
10.713099936458779
7.183607315633765
10.18480008557096
8.094081526738291
11.612333725204016
6.059565079702229
4.991724955567259
11.848382594749644
5.83475663251593
8.835949402453123
8.386332508080482
4.98048453320793
11.499929501610842
16.850370544644942
8.139043216175567
11.960786818342772
7.12740520383716
7.273530694508278
6.396777750481699
5.94716085610906
8.10532194909762
7.003760557884701
14.175150023127893
19.716678246270348
7.67818589944364
23.414777202485134
7.790590123036767
10.578214868146988
7.66694547708431
6.228171415091963
9.454172632215453
14.961979588279965
9.39797052041889
7.633224210006362
8.892151514249687
7.925475191348555
4.96924411084864
7.577022098209799
12.253037799684963
5.531265228814409
20.78451837040532
14.467401004470084
9.73518319119836
10.18480008557096
19.255820929538423
8.139043216175567
8.97083447076491
8.21772617269075
16.25462815960123
5.047927067363823
5.418861005221239
68.59003466457358
7.487098719335287
7.644464632365692
10.285963886804797
10.589455290506317
6.666547887105233
17.25502574958031
6.37429690576304
6.430499017559645
7.756868855958821
7.66694547708431
3.8114806078391497
7.689426321802926
13.995303265378876
9.353008830981613
12.331720756200186
10.18480008557096
10.634416979943554
8.20648575033146
10.69061909174016
6.408018172840986
8.85843024717174
3.3393828687479066
5.542505651173697
5.542505651173697
12.4216441350747
9.926270371306709
10.758061625896053
9.982472483103276
21.59382878027604
10.634416979943554
5.744833253641378
4.4634251046794375
8.026638992582397
7.689426321802926
17.25502574958031
7.67818589944364
4.85683988725547
9.049517427280094
12.241797377325677
7.307251961586222
7.048722247321977
8.95959404840558
9.60029812288657
12.904982296525283
6.868875489572913
12.253037799684963
8.10532194909762
10.387127688038635
5.126610023879046
13.916620308863651
9.06075784963942
4.3735017258049265
12.916222718884573
20.525988656141077
10.994110495441639
12.545288781027157
6.4754607069968815
9.240604607388443
8.892151514249687
10.825504160051944
20.020169649971876
7.228569005071
5.137850446238375
6.70026915418318
17.839527712264697
13.17475243314882
8.44253461987709
8.42005377515843
5.160331290956993
8.64486222234477
6.0820459244208465
9.353008830981613
7.487098719335287
13.826696929989135
5.924680011390442
10.207280930289574
10.634416979943554
9.690221501761082
9.17316207323259
6.284373526888529
11.477448656892228
9.195642917951208
13.208473700226767
9.836346992432158
10.915427538926458
4.96924411084864
12.904982296525283
8.62238137762611
8.813468557734462
6.689028731823891
8.554938843470218
12.264278222044293
12.7026546940576
6.216930992732635
8.689823911782003
29.52956696595269
8.498736731673654
16.704245053973864
10.03867459489984
8.72354517885995
36.217618269745316
8.532457998751601
5.475063117017803
6.396777750481699
9.139440806154644
21.279096954215195
7.756868855958821
7.981677303145159
5.39638016050262
5.587467340610973
8.487496309314325
7.037481824962648
9.678981079401751
5.418861005221239
9.128200383795315
7.835551812474043
8.554938843470218
6.981279713166084
6.408018172840986
11.376284855658387
7.251049849789659
10.780542470614668
8.532457998751601
13.781735240551866
16.929053501160173
7.7343880112402035
14.973220010639295
9.39797052041889
13.298397079101315
7.2398094274303295
9.892549104228763
9.7127023464797
7.8692730795519905
18.210461650122106
11.814661327671699
7.228569005071
9.82510657007287
7.880513501911321
10.510772333991092
9.656500234683135
8.892151514249687
22.897717773956604
8.779747290656516
13.950341575941595
29.922981748528716
9.150681228513934
7.442137029898011
14.006543687738157
5.306456781628111
8.071600682019671
10.353406420960688
6.3405756386850936
8.543698421110928
26.719461376123856
7.498339141694575
13.658090594599402
6.520422396434157
9.465413054574782
8.813468557734462
13.523205526287615
6.689028731823891
6.295613949247858
7.093683936759214
6.318094793966475
8.262687862128024
12.309239911481571
5.531265228814409
8.375092085721194
9.409210942778179
9.476653476934072
7.801830545396098
5.272735514550163
7.644464632365692
6.138248036217412
11.533650768688792
9.62277896760519
6.363056483403751
10.825504160051944
13.320877923819936
5.29521635926878
10.623176557584268
7.453377452257341
11.612333725204016
5.677390719485485
8.026638992582397
6.711509576542509
7.644464632365692
6.351816061044422
9.285566296825719
13.298397079101315
7.071203092040594
7.588262520569087
10.387127688038635
12.241797377325677
7.340973228664169
10.03867459489984
8.790987713015845
6.857635067213625
14.24259255728379
5.93592043374973
6.711509576542509
9.150681228513934
5.272735514550163
6.228171415091963
17.401151240251426
4.171174123337244
7.801830545396098
12.084431464295228
14.88329663176478
6.48670112935621
12.320480333840859
9.442932209856124
7.037481824962648
10.027434172540548
22.549264680817846
10.398368110397925
11.769699638234417
10.173559663211627
10.600695712865607
8.59990053290749
5.73359283128209
8.757266445937898
9.229364185029155
15.81625168758792
9.184402495591879
6.48670112935621
6.093286346780176
9.027036582561475
7.217328582711713
5.463822694658515
6.958798868447467
13.073588631914973
9.678981079401751
6.497941551715497
5.2277738251128865
9.802625725354211
10.285963886804797
6.1607288809360705
10.465810644553818
5.73359283128209
4.013808210306823
6.2731331045292
9.645259812323806
7.655705054724979
8.64486222234477
8.554938843470218
7.340973228664169
9.442932209856124
9.768904458276264
8.925872781327634
19.69419740155173
8.195245327972131
3.4293062476224256
12.815058917650733
9.296806719185051
10.252242619726852
11.522410346329462
9.150681228513934
7.059962669681266
12.342961178559515
7.99291772550445
4.22737623513381
6.1157671914987946
16.041060134774263
11.814661327671699
7.7343880112402035
5.93592043374973
7.5095795640539045
8.184004905612802
4.317299614008321
6.621586197667997
9.094479116717364
10.814263737692617
1.1362600863220949
9.465413054574782
12.444124979793356
18.120538271247593
5.84599705487522
10.510772333991092
6.396777750481699
13.28715665674199
8.139043216175567
15.299192259059431
9.083238694358037
9.330527986262997
6.3405756386850936
18.570155165620193
9.094479116717364
10.106117129055734
5.250254669831504
9.544096011089966
6.239411837451253
5.823516210156601
6.520422396434157
7.172366893274436
13.03986736483707
29.304758518766356
12.62397173754238
12.005748507780046
7.644464632365692
11.252640209705923
9.06075784963942
9.128200383795315
9.971232060743944
5.025446222645205
11.08403387431619
5.1828121356756105
7.228569005071
9.341768408622283
8.757266445937898
9.634019389964518
7.262290272148946
6.38553732812237
3.721557228964627
10.45457022219453
12.354201600918804
5.283975936909451
9.476653476934072
5.272735514550163
5.385139738143292
11.185197675550029
8.060360259660346
4.126212433899969
8.757266445937898
9.308047141544339
18.43527009730841
7.082443514399924
10.308444731523414
4.9580036884893115
22.53802425845852
8.431294197517758
9.128200383795315
7.1498860485558176
9.128200383795315
17.491074619125936
12.916222718884573
11.072793451956864
8.240207017409407
10.04991501725917
7.453377452257341
7.284771116867605
8.20648575033146
7.397175340460735
13.75925439583324
10.949148806004406
5.587467340610973
7.7343880112402035
18.26666376191868
6.509181974074828
7.9591964584265025
6.913837179010189
9.16192165087326
8.925872781327634
12.095671886654557
9.27432587446639
19.087214594148726
6.913837179010189
8.273928284487353
10.982870073082353
8.97083447076491
12.365442023278135
4.96924411084864
4.96924411084864
5.756073676000707
5.070407912082482
5.047927067363823
9.229364185029155
13.163512010789532
18.322865873715283
8.72354517885995
9.993712905462603
24.190366345277873
5.609948185329591
12.264278222044293
18.974810370555552
7.194847737993054
9.926270371306709
7.790590123036767
13.264675812023368
10.994110495441639
6.329335216325805
7.273530694508278
7.936715613707885
4.4634251046794375
10.825504160051944
3.0246510426870756
6.902596756650861
10.18480008557096
5.879718321953166
5.002965377926588
6.070805502061519
11.915825128905537
5.50878438409575
8.925872781327634
7.183607315633765
12.904982296525283
10.80302331533329
7.644464632365692
18.637597699776094
8.892151514249687
11.4662082345329
6.464220284637592
10.274723464445469
7.487098719335287
6.014603390264954
13.006146097759121
6.216930992732635
9.847587414791487
6.846394644854296
9.341768408622283
10.128597973774394
8.64486222234477
4.66575270714712
9.757664035916974
6.1157671914987946
10.926667961285748
8.543698421110928
9.757664035916974
9.184402495591879
7.902994346629937
7.621983787647034
8.285168706846642
31.856334394330947
10.420848955116586
6.767711688339074
9.982472483103276
11.983267663061387
7.116164781477871
4.845599464896142
6.216930992732635
7.43089660753868
9.521615166371346
7.1049243591185425
9.386730098059559
5.801035365437983
7.577022098209799
9.589057700527242
9.454172632215453
10.16231924085234
12.489086669230597
9.768904458276264
6.621586197667997
6.880115911932244
6.464220284637592
8.285168706846642
9.431691787496836
12.208076110247728
6.936318023728808
5.306456781628111
37.6114306423004
6.37429690576304
9.892549104228763
8.757266445937898
8.273928284487353
7.8692730795519905
10.634416979943554
4.519627216476002
12.275518644403622
8.59990053290749
12.084431464295228
5.497543961736462
11.83714217239031
7.082443514399924
8.880911091890356
11.589852880485358
10.533253178709714
11.43248696745495
9.81386614771354
4.542108061194661
10.533253178709714
22.08840736408592
21.043048084669564
8.341370818643247
8.734785601219281
9.57781727816791
9.195642917951208
7.543300831131853
12.320480333840859
10.061155439618496
6.419258595200316
6.037084234983571
7.644464632365692
8.52121757639227
8.892151514249687
7.768109278318151
14.995700855357905
6.025843812624282
0.06841996218713707
9.353008830981613
12.073191041935939
6.857635067213625
11.218918942627981
5.08164833444177
9.195642917951208
5.868477899593877
20.829480059842595
23.30237297889197
12.97242483068118
7.262290272148946
9.948751216025327
15.242990147262862
8.93711320368696
17.88448940170197
8.712304756500622
8.341370818643247
5.801035365437983
13.185992855508148
6.037084234983571
10.994110495441639
32.80052987251345
6.228171415091963
7.768109278318151
9.094479116717364
7.037481824962648
20.94188428343573
21.694992581509883
9.476653476934072
8.184004905612802
13.129790743711583
6.38553732812237
7.026241402603319
14.411198892673525
9.420451365137508
12.399163290356082
5.08164833444177
12.039469774857995
12.4216441350747
9.116959961435983
5.744833253641378
9.982472483103276
13.511965103928286
5.609948185329591
10.701859514099445
9.308047141544339
8.847189824812409
4.294818769289704
7.262290272148946
8.532457998751601
6.1607288809360705
8.172764483253513
5.94716085610906
13.703052284036639
8.93711320368696
13.590648060443506
11.43248696745495
4.609550595350555
7.475858296975957
7.172366893274436
7.768109278318151
11.75845921587509
10.083636284337114
10.724340358818107
8.296409129205971
8.802228135375175
8.914632358968301
9.780144880635591
6.880115911932244
5.980882123187007
4.2835783469303745
6.419258595200316
9.465413054574782
15.73756873107274
6.891356334291571
6.542903241152774
14.88329663176478
8.150283638534853
7.352213651023499
5.531265228814409
17.625959687437728
0.5517581236376974
8.85843024717174
10.432089377475872
9.27432587446639
6.228171415091963
8.802228135375175
11.511169923970177
6.48670112935621
9.589057700527242
9.881308681869434
9.645259812323806
14.175150023127893
1.6308386701319688
7.66694547708431
9.82510657007287
6.756471265979784
13.590648060443506
6.1607288809360705
18.974810370555552
6.127007613858123
10.173559663211627
6.239411837451253
4.8680803096147995
6.183209725654687
7.723147588880875
7.790590123036767
8.554938843470218
7.329732806304842
4.96924411084864
8.049119837301054
18.974810370555552
5.553746073533026
4.2386166574931385
9.723942768839029
10.13983839613368
5.50878438409575
32.53075973588989
7.12740520383716
6.936318023728808
4.474665527038766
19.874044159300794
10.229761775008233
9.206883340310538
6.216930992732635
6.194450148014018
9.229364185029155
8.498736731673654
12.713895116416888
8.184004905612802
6.228171415091963
11.747218793515803
0.8102878379019512
5.52002480645508
28.259399239350028
13.860418197067084
9.757664035916974
7.172366893274436
5.340178048706057
9.364249253340942
8.487496309314325
11.218918942627981
7.711907166521586
7.66694547708431
6.621586197667997
19.761639935707624
9.870068259510107
8.184004905612802
6.92507760136952
6.37429690576304
10.432089377475872
7.9591964584265025
26.505893351296834
6.970039290806754
13.332118346179264
9.802625725354211
10.791782892973997
7.329732806304842
11.511169923970177
13.051107787196361
14.141428756049947
6.430499017559645
9.836346992432158
8.95959404840558
10.881706271848511
14.411198892673525
10.218521352648906
13.422041725053774
7.487098719335287
6.891356334291571
23.167487910580174
17.22130448250236
4.182414545696575
10.13983839613368
7.037481824962648
7.318492383945553
10.16231924085234
16.007338867696316
16.198426047804666
14.287554246721065
9.094479116717364
8.453775042236376
5.025446222645205
8.487496309314325
11.848382594749644
11.612333725204016
6.295613949247858
13.163512010789532
10.274723464445469
8.026638992582397
8.892151514249687
13.849177774707755
9.015796160202145
5.73359283128209
20.07637176176847
5.328937626346727
10.398368110397925
7.307251961586222
5.94716085610906
14.377477625595574
6.239411837451253
5.83475663251593
8.341370818643247
6.81267337777635
7.059962669681266
7.1049243591185425
9.948751216025327
7.071203092040594
6.351816061044422
6.880115911932244
6.733990421261126
6.846394644854296
10.432089377475872
15.209268880184917
8.554938843470218
7.599502942928416
56.59650400718399
12.7026546940576
21.20041399770001
5.070407912082482
10.37588726567931
11.173957253190702
9.420451365137508
13.826696929989135
26.719461376123856
15.512760283886442
6.823913800135678
11.499929501610842
11.623574147563302
5.137850446238375
6.093286346780176
14.591045650422585
8.498736731673654
10.03867459489984
12.680173849338942
10.353406420960688
7.116164781477871
6.880115911932244
9.62277896760519
14.961979588279965
4.058769899744087
7.655705054724979
8.375092085721194
12.275518644403622
12.039469774857995
5.059167489723152
6.419258595200316
9.62277896760519
10.881706271848511
6.835154222494967
7.711907166521586
6.947558446088137
20.863201326920542
12.713895116416888
9.858827837150816
9.251845029747772
9.81386614771354
4.148693278618627
9.083238694358037
9.870068259510107
5.014205800285877
13.185992855508148
28.203197127553466
6.183209725654687
10.432089377475872
16.018579290055605
9.308047141544339
17.738363911030856
7.914234768989268
9.959991638384658
6.576624508230721
21.582588357916716
5.070407912082482
7.610743365287746
6.1157671914987946
15.186788035466297
14.017784110097491
6.4754607069968815
10.758061625896053
7.003760557884701
7.970436880785832
14.579805228063256
15.158686979568
6.464220284637592
8.689823911782003
10.656897824662211
4.5083867941167135
7.55454125349118
10.13983839613368
8.656102644704056
7.1049243591185425
12.455365402152646
9.296806719185051
11.365044433299055
9.240604607388443
7.082443514399924
11.41000612273633
7.543300831131853
5.475063117017803
7.7343880112402035
5.801035365437983
10.18480008557096
21.53762666847944
5.418861005221239
12.78133765057278
6.902596756650861
12.994905675399796
7.55454125349118
9.431691787496836
5.587467340610973
0.2145454528582367
10.16231924085234
6.576624508230721
7.577022098209799
4.429703837601491
36.31878207097914
5.475063117017803
4.047529477384771
10.027434172540548
10.18480008557096
6.194450148014018
12.78133765057278
6.216930992732635
6.666547887105233
7.711907166521586
13.03986736483707
10.11735755141506
16.827889699926335
7.936715613707885
5.902199166671784
9.791385302994922
6.228171415091963
12.174354843169784
6.171969303295358
5.789794943078655
14.051505377175435
8.880911091890356
7.284771116867605
13.568167215724895
10.847985004770562
8.049119837301054
14.557324383344643
7.902994346629937
10.128597973774394
5.744833253641378
0.11338165162439844
7.340973228664169
8.656102644704056
14.9057774764834
12.567769625745813
8.85843024717174
8.52121757639227
8.375092085721194
4.76691650838096
13.961581998300929
8.3076495515653
7.936715613707885
9.465413054574782
11.252640209705923
5.744833253641378
6.408018172840986
6.868875489572913
12.758856805854165
8.262687862128024
8.656102644704056
10.016193750181223
8.903391936609017
9.39797052041889
12.4216441350747
6.880115911932244
12.792578072932113
14.006543687738157
11.623574147563302
9.993712905462603
10.701859514099445
7.1049243591185425
6.228171415091963
23.167487910580174
7.194847737993054
9.678981079401751
4.98048453320793
4.901801576692748
13.084829054274305
7.43089660753868
6.711509576542509
13.219714122586096
6.576624508230721
5.902199166671784
13.792975662911191
5.092888756801099
8.240207017409407
8.554938843470218
7.56578167585047
14.321275513799012
8.330130396283918
7.172366893274436
10.758061625896053
7.711907166521586
15.445317749730545
8.296409129205971
12.084431464295228
7.059962669681266
9.847587414791487
8.240207017409407
13.849177774707755
7.1498860485558176
6.059565079702229
5.598707762970302
8.026638992582397
12.275518644403622
6.677788309464562
10.892946694207797
12.601490892823762
11.331323166221106
6.2731331045292
27.27024207173029
8.465015464595707
10.791782892973997
5.767314098360036
26.101238146361478
7.217328582711713
8.94835362604625
14.287554246721065
10.769302048255344
4.66575270714712
9.948751216025327
19.109695438867348
8.97083447076491
10.847985004770562
5.553746073533026
11.207678520268649
8.431294197517758
8.42005377515843
15.42283690501189
8.184004905612802
8.139043216175567
6.014603390264954
5.441341849939857
8.59990053290749
8.813468557734462
10.218521352648906
10.061155439618496
12.848780184728676
9.004555737842853
8.21772617269075
9.319287563903666
4.96924411084864
9.723942768839029
7.644464632365692
6.778952110698402
7.251049849789659
11.499929501610842
9.847587414791487
8.678583489422717
12.78133765057278
9.61153854524586
13.264675812023368
19.379465575490926
10.870465849489182
9.723942768839029
10.072395861977784
15.242990147262862
7.363454073382787
9.027036582561475
9.870068259510107
7.779349700677479
7.66694547708431
9.780144880635591
8.59990053290749
9.319287563903666
11.556131613407409
0.596719813074957
11.915825128905537
13.66933101695869
6.149488458576741
5.4525822722991855
6.902596756650861
9.420451365137508
9.499134321652727
6.542903241152774
8.375092085721194
8.914632358968301
7.273530694508278
9.544096011089966
7.284771116867605
7.487098719335287
6.048324657342901
8.577419688188876
3.2044978004361186
8.285168706846642
9.442932209856124
8.352611241002537
24.932234220992704
10.80302331533329
14.029024532456821
35.588154617623644
6.745230843620456
8.746026023578567
7.228569005071
6.542903241152774
58.54109707534554
10.432089377475872
6.981279713166084
9.465413054574782
12.151873998451121
6.396777750481699
8.330130396283918
7.644464632365692
8.85843024717174
7.970436880785832
10.600695712865607
7.644464632365692
8.476255886955036
4.96924411084864
14.220111712565172
17.88448940170197
9.847587414791487
15.186788035466297
7.048722247321977
13.972822420660211
8.925872781327634
6.284373526888529
6.6103457753086685
8.094081526738291
4.3735017258049265
12.74761638349484
6.37429690576304
11.691016681719193
7.228569005071
10.241002197367521
12.97242483068118
5.609948185329591
7.116164781477871
22.63918805969236
8.498736731673654
8.285168706846642
6.6103457753086685
7.914234768989268
12.444124979793356
8.3076495515653
7.43089660753868
8.004158147863778
7.048722247321977
8.285168706846642
9.57781727816791
11.65729541464125
8.746026023578567
9.071998271998748
24.999676755148602
8.95959404840558
7.2398094274303295
8.667343067063385
4.171174123337244
5.958401278468389
12.55652920338648
6.936318023728808
6.947558446088137
9.038277004920802
9.083238694358037
9.780144880635591
7.66694547708431
34.66643998415979
18.69379981157265
10.477051066913145
10.937908383645075
18.55891474326087
9.027036582561475
11.275121054424545
7.655705054724979
7.981677303145159
5.654909874766866
6.857635067213625
9.555336433449295
7.442137029898011
11.556131613407409
12.050710197217285
10.701859514099445
13.47824383685034
12.185595265529066
4.96924411084864
8.240207017409407
16.041060134774263
8.678583489422717
27.01171235746604
6.138248036217412
5.441341849939857
8.802228135375175
10.668138247021501
7.711907166521586
5.160331290956993
9.937510793666
9.982472483103276
7.936715613707885
22.571745525536468
12.230556954966346
3.226978645154749
10.387127688038635
12.10691230901389
29.462124431796795
10.241002197367521
5.711111986563431
8.914632358968301
8.487496309314325
4.294818769289704
11.297601899143164
29.675692456623757
10.083636284337114
7.858032657192663
11.499929501610842
12.028229352498665
6.576624508230721
11.353804010939767
6.250652259810582
11.972027240702099
9.476653476934072
7.621983787647034
32.51951931353055
10.611936135224935
12.545288781027157
10.26348304208618
8.184004905612802
0.3606709435293358
13.208473700226767
13.71429270639597
13.185992855508148
13.320877923819936
8.071600682019671
12.028229352498665
6.8014329554170185
5.801035365437983
5.092888756801099
6.38553732812237
9.81386614771354
3.968846520869564
6.194450148014018
17.165102370705796
8.982074893124198
5.137850446238375
7.015000980244031
6.576624508230721
10.16231924085234
12.78133765057278
13.905379886504315
10.207280930289574
9.82510657007287
7.13864562619649
8.746026023578567
13.208473700226767
8.465015464595707
8.543698421110928
4.755676086021631
6.981279713166084
10.128597973774394
8.813468557734462
8.925872781327634
8.453775042236376
12.118152731373176
7.262290272148987
10.34216599860136
6.138248036217412
12.174354843169784
6.3405756386850936
6.430499017559645
6.981279713166084
22.48182214666196
9.116959961435983
7.723147588880875
9.251845029747772
11.08403387431619
11.19643809790932
9.116959961435983
6.250652259810582
8.330130396283918
10.45457022219453
7.284771116867605
17.288747016658256
7.228569005071
8.577419688188876
10.881706271848511
7.487098719335287
12.387922867996751
8.352611241002537
8.64486222234477
14.152669178409282
8.352611241002537
9.802625725354211
8.802228135375175
21.16669273062206
13.096069476633637
8.3076495515653
12.657693004620324
11.747218793515803
12.55652920338648
12.073191041935939
9.768904458276264
14.88329663176478
10.994110495441639
5.83475663251593
7.67818589944364
12.331720756200186
5.194052558034939
11.533650768688792
7.172366893274436
10.083636284337114
10.668138247021501
6.958798868447467
25.24696604705352
12.331720756200186
26.69698053140519
8.3076495515653
13.680571439318022
10.533253178709714
12.354201600918804
9.881308681869434
19.008531637633507
8.847189824812409
6.599105352949339
4.699473974225066
7.059962669681266
1.3610685335084023
16.322070693757123
5.542505651173697
7.228569005071
14.770892408171605
8.86967066953107
8.465015464595707
1.3610685335084023
19.615514445036546
6.329335216325805
14.141428756049947
4.710714396584395
5.958401278468389
10.319685153882745
8.015398570223107
10.825504160051944
9.229364185029155
5.126610023879046
7.858032657192663
10.589455290506317
8.397572930439813
8.10532194909762
5.362658893424675
13.264675812023368
11.128995563753428
10.892946694207797
8.363851663361865
6.531662818793446
21.53762666847944
6.138248036217412
15.962377178259041
9.296806719185051
7.5095795640539045
8.982074893124198
6.58786493059005
7.55454125349118
5.969641700827678
33.17146381037081
16.277109004319893
12.455365402152646
5.73359283128209
6.0820459244208465
28.416765152380442
7.689426321802926
13.208473700226767
15.557721973323678
10.97162965072302
7.318492383945553
10.03867459489984
4.632031440069172
18.69379981157265
7.307251961586222
11.66291562582093
9.195642917951208
8.64486222234477
8.847189824812409
29.04622880450211
8.925872781327634
6.3068543716071455
10.611936135224935
6.037084234983571
9.071998271998748
7.723147588880875
11.45496781217357
6.666547887105233
5.756073676000707
6.745230843620456
5.50878438409575
8.95959404840558
9.420451365137508
11.128995563753428
10.611936135224935
12.500327091589917
10.668138247021501
8.768506868297228
8.004158147863778
6.756471265979784
8.082841104379
7.723147588880875
10.37588726567931
7.116164781477871
17.74960433339018
6.689028731823891
12.253037799684963
9.690221501761082
4.755676086021631
4.991724955567259
8.892151514249687
13.635609749880746
7.577022098209799
6.37429690576304
11.353804010939767
7.352213651023499
12.916222718884573
14.737171141093661
5.62118860768892
9.791385302994922
5.789794943078655
8.3076495515653
11.398765700377002
6.970039290806754
6.8014329554170185
10.656897824662211
15.355394370855997
9.81386614771354
6.92507760136952
7.093683936759214
6.92507760136952
3.395584980544479
11.533650768688792
18.64883812213542
12.028229352498665
11.41000612273633
11.623574147563302
10.926667961285748
14.25383297964312
10.80302331533329
6.868875489572913
9.465413054574782
6.497941551715497
6.4754607069968815
8.588660110548163
2.9909297756091284
7.970436880785832
9.308047141544339
5.801035365437983
6.981279713166084
10.67937866938083
4.935522843770694
11.14023598611276
7.059962669681266
11.64605499228196
26.21364236995464
12.331720756200186
7.925475191348555
7.700666744162257
6.81267337777635
10.870465849489182
6.767711688339074
24.482617326620066
5.598707762970302
9.791385302994922
11.983267663061387
8.509977154032981
7.1049243591185425
8.026638992582397
10.274723464445469
8.689823911782003
9.510374744012017
6.138248036217412
5.39638016050262
4.85683988725547
5.306456781628111
8.93711320368696
5.83475663251593
8.62238137762611
9.139440806154644
7.363454073382787
11.589852880485358
14.995700855357905
5.553746073533026
5.73359283128209
5.868477899593877
8.689823911782003
8.296409129205971
9.442932209856124
8.734785601219281
9.645259812323806
10.656897824662211
7.914234768989268
10.701859514099445
7.116164781477871
10.465810644553818
9.847587414791487
10.915427538926458
9.768904458276264
8.633621799985438
5.711111986563431
6.38553732812237
6.452979862278264
7.8692730795519905
6.554143663512105
7.9591964584265025
8.62238137762611
7.161126470915107
10.330925576242072
5.73359283128209
3.980086943228881
6.430499017559645
5.137850446238375
6.520422396434157
8.3076495515653
10.904187116567131
11.769699638234417
6.70026915418318
11.960786818342772
5.08164833444177
7.273530694508278
5.497543961736462
10.330925576242072
8.813468557734462
6.1157671914987946
7.4646178746166285
6.3068543716071455
9.555336433449295
9.903789526588053
9.847587414791487
11.792180482953038
5.83475663251593
10.510772333991092
9.81386614771354
8.127802793816237
9.038277004920802
8.139043216175567
11.275121054424545
4.98048453320793
13.028626942477743
10.780542470614668
5.328937626346727
6.711509576542509
7.397175340460735
7.12740520383716
7.8692730795519905
10.465810644553818
7.67818589944364
4.3285400363676505
11.387525278017717
8.577419688188876
4.632031440069172
6.104526769139466
10.37588726567931
16.524398296224806
12.230556954966346
12.893741874165952
6.228171415091963
5.744833253641378
6.857635067213625
13.073588631914973
9.62277896760519
8.813468557734462
5.497543961736462
7.689426321802926
7.307251961586222
6.059565079702229
5.475063117017803
7.172366893274436
8.914632358968301
13.03986736483707
8.892151514249687
6.542903241152774
8.071600682019671
9.780144880635591
13.93910115358227
6.632826620027285
8.757266445937898
7.66694547708431
8.330130396283918
7.453377452257341
6.70026915418318
6.846394644854296
6.576624508230721
9.61153854524586
16.018579290055605
7.768109278318151
41.57929973513886
13.084829054274305
13.118550321352256
7.352213651023499
7.329732806304842
8.86967066953107
9.105719539076699
6.599105352949339
4.66575270714712
8.352611241002537
15.220509302544247
8.94835362604625
7.7343880112402035
10.027434172540548
10.600695712865607
7.644464632365692
6.1607288809360705
9.353008830981613
7.059962669681266
7.1049243591185425
7.374694495742116
3.4855083594190033
5.598707762970302
11.230159364987268
17.828287289905408
11.08403387431619
9.083238694358037
9.308047141544339
10.173559663211627
7.981677303145159
10.994110495441639
8.880911091890356
7.689426321802926
6.767711688339074
12.151873998451121
35.071095189095146
6.722749998901839
12.050710197217285
6.127007613858123
10.510772333991092
10.994110495441639
10.55573402342837
7.768109278318151
8.487496309314325
9.926270371306709
9.094479116717364
11.848382594749644
8.97083447076491
7.194847737993054
10.03867459489984
7.003760557884701
12.444124979793356
18.109297848888268
11.218918942627981
13.590648060443506
4.148693278618627
10.432089377475872
4.901801576692748
8.273928284487353
13.635609749880746
8.543698421110928
6.677788309464562
12.500327091589917
25.11208097874172
15.962377178259041
5.239014247472217
8.330130396283918
8.20648575033146
11.376284855658387
9.656500234683135
10.04991501725917
7.1498860485558176
5.643669452407537
9.532855588730678
7.588262520569087
9.60029812288657
7.217328582711713
6.452979862278264
9.296806719185051
6.194450148014018
8.172764483253513
4.587069750631896
5.688631141844814
8.880911091890356
15.09686465659175
8.240207017409407
11.08403387431619
8.757266445937898
16.198426047804666
6.767711688339074
7.1498860485558176
5.576226918251644
20.436065277266565
7.217328582711713
14.579805228063256
6.38553732812237
7.003760557884701
8.386332508080482
7.003760557884701
9.16192165087326
8.633621799985438
8.397572930439813
8.453775042236376
11.005350917800968
8.678583489422717
9.802625725354211
11.679776259359906
7.318492383945553
0.01221785039056016
9.251845029747772
10.522012756350428
6.835154222494967
12.579010048105106
6.8014329554170185
28.09079290396029
5.564986495892355
7.116164781477871
9.049517427280094
8.72354517885995
12.904982296525283
6.3405756386850936
9.993712905462603
14.973220010639295
5.475063117017803
7.037481824962648
5.812275787797272
13.613128905162124
8.049119837301054
11.859623017108929
20.829480059842595
5.531265228814409
6.408018172840986
14.838334942327506
7.161126470915107
0.06841996218713707
8.487496309314325
7.161126470915107
9.555336433449295
6.408018172840986
16.15346435836739
16.018579290055605
13.77049481819253
8.712304756500622
6.509181974074828
7.902994346629937
6.104526769139466
12.83753976236939
11.016591340160302
7.655705054724979
10.55573402342837
5.441341849939857
9.285566296825719
13.230954544945421
8.588660110548163
9.62277896760519
13.28715665674199
9.431691787496836
8.228966595050078
8.824708980093792
9.16192165087326
18.62635727741681
8.195245327972131
9.802625725354211
6.183209725654687
11.713497526437852
8.21772617269075
10.600695712865607
11.499929501610842
13.75925439583324
5.756073676000707
33.84588915192976
76.85174509867012
7.633224210006362
6.880115911932244
10.330925576242072
9.476653476934072
6.329335216325805
12.050710197217285
10.420848955116586
12.309239911481571
12.882501451806627
14.310035091439683
7.487098719335287
4.126212433899969
8.925872781327634
5.711111986563431
9.420451365137508
12.219316532607015
14.88329663176478
8.476255886955036
18.210461650122106
7.307251961586222
14.085226644253382
7.172366893274436
14.287554246721065
8.116562371456908
10.80302331533329
11.32008274386182
5.711111986563431
14.9057774764834
12.163114420810452
6.205690570373306
8.082841104379
13.568167215724895
10.229761775008233
8.85843024717174
10.398368110397925
5.73359283128209
8.150283638534853
25.876429699175183
13.590648060443506
9.049517427280094
10.870465849489182
10.982870073082353
9.229364185029155
9.116959961435983
12.83753976236939
3.8901635643543564
10.173559663211627
16.95153434587878
8.318889973924588
13.81545650762981
7.475858296975957
8.689823911782003
16.277109004319893
11.747218793515803
9.982472483103276
4.96924411084864
5.104129179160429
15.355394370855997
4.96924411084864
8.397572930439813
7.296011539226894
6.8014329554170185
15.546481550964383
9.442932209856124
9.184402495591879
9.521615166371346
7.56578167585047
18.43527009730841
8.86967066953107
5.598707762970302
6.396777750481699
6.104526769139466
9.701461924120412
6.599105352949339
6.104526769139466
11.365044433299055
11.702257104078523
7.689426321802926
10.611936135224935
4.542108061194661
4.8680803096147995
12.893741874165952
12.9274631412439
16.985255612956735
9.195642917951208
8.3076495515653
9.128200383795315
8.667343067063385
9.004555737842853
7.56578167585047
4.429703837601491
10.836744582411235
13.084829054274305
6.329335216325805
8.701064334141334
11.45496781217357
7.99291772550445
4.474665527038766
37.6114306423004
17.491074619125936
8.352611241002537
8.408813352799143
6.6103457753086685
11.43248696745495
10.45457022219453
12.095671886654557
6.733990421261126
10.825504160051944
12.770097228213492
9.364249253340942
7.037481824962648
10.701859514099445
9.105719539076699
8.588660110548163
8.779747290656516
6.0820459244208465
9.296806719185051
7.835551812474043
6.520422396434157
11.915825128905537
10.330925576242072
30.192751885152266
11.522410346329462
7.689426321802926
9.903789526588053
8.026638992582397
14.040264954816104
7.284771116867605
6.5653840858713925
12.342961178559515
5.373899315783962
15.220509302544247
11.275121054424545
12.55652920338648
9.937510793666
7.217328582711713
7.487098719335287
5.497543961736462
8.397572930439813
19.862803736941466
9.442932209856124
8.779747290656516
5.677390719485485
14.017784110097491
8.139043216175567
10.533253178709714
12.893741874165952
6.419258595200316
9.768904458276264
6.947558446088137
8.195245327972131
4.66575270714712
11.488689079251513
4.474665527038766
7.217328582711713
6.059565079702229
12.320480333840859
17.906970246420585
16.782928010489048
6.171969303295358
10.915427538926458
9.81386614771354
8.498736731673654
8.21772617269075
25.24696604705352
9.7127023464797
6.3405756386850936
10.173559663211627
10.96038922836369
6.520422396434157
5.6661502971261966
7.206088160352382
6.621586197667997
8.59990053290749
6.228171415091963
10.308444731523414
7.172366893274436
8.42005377515843
12.994905675399796
10.589455290506317
6.093286346780176
6.81267337777635
8.790987713015845
9.723942768839029
6.947558446088137
9.206883340310538
6.070805502061519
6.599105352949339
6.149488458576741
13.680571439318022
7.67818589944364
13.849177774707755
6.835154222494967
5.531265228814409
9.038277004920802
9.083238694358037
9.780144880635591
8.95959404840558
8.554938843470218
7.790590123036767
12.848780184728676
9.308047141544339
9.06075784963942
23.03260284226839
6.250652259810582
5.50878438409575
5.171571713316323
6.171969303295358
11.691016681719193
23.021362419909103
10.18480008557096
15.546481550964383
7.082443514399924
5.475063117017803
7.599502942928416
10.398368110397925
5.868477899593877
9.61153854524586
8.240207017409407
7.824311390114715
5.2277738251128865
8.408813352799143
9.06075784963942
3.9463656761509345
9.16192165087326
11.398765700377002
9.431691787496836
4.429703837601491
21.369020333089704
11.668535837000576
8.408813352799143
9.094479116717364
20.200016407720934
9.229364185029155
21.03180766231028
5.913439589031112
6.3068543716071455
6.5653840858713925
11.66291562582093
10.477051066913145
6.127007613858123
8.139043216175567
6.295613949247858
9.094479116717364
8.240207017409407
12.55652920338648
5.564986495892355
8.049119837301054
8.64486222234477
8.59990053290749
9.971232060743944
60.598094367100394
9.82510657007287
36.25133953682324
7.442137029898011
9.229364185029155
12.848780184728676
9.993712905462603
9.409210942778179
11.769699638234417
7.532060408772522
10.128597973774394
7.082443514399924
6.38553732812237
7.161126470915107
9.116959961435983
12.073191041935939
10.465810644553818
9.083238694358037
13.905379886504315
5.84599705487522
10.34216599860136
4.5533484835539495
5.958401278468389
15.928655911181092
10.128597973774394
9.150681228513934
6.419258595200316
10.432089377475872
10.173559663211627
11.92706555126482
11.128995563753428
12.78133765057278
11.106514719034813
6.509181974074828
11.43248696745495
7.329732806304842
5.677390719485485
5.39638016050262
12.62397173754238
15.299192259059431
7.925475191348555
8.228966595050078
18.120538271247593
8.734785601219281
9.634019389964518
5.767314098360036
12.500327091589917
10.522012756350428
20.69459499153081
10.45457022219453
9.746423613557647
10.027434172540548
14.444920159751467
3.8114806078391497
6.127007613858123
5.475063117017803
6.093286346780176
6.318094793966475
4.721954818943684
6.228171415091963
10.859225427129894
6.778952110698402
5.418861005221239
7.756868855958821
14.591045650422585
5.711111986563431
10.016193750181223
7.307251961586222
7.947956036067212
13.748013973473915
5.958401278468389
12.039469774857995
8.757266445937898
8.611140955266821
8.296409129205971
15.344153948496706
6.576624508230721
11.64605499228196
4.2835783469303745
4.418463415242162
17.10890025890919
11.275121054424545
9.071998271998748
8.049119837301054
6.722749998901839
8.72354517885995
6.048324657342901
0.596719813074957
7.2398094274303295
18.187980805403495
7.711907166521586
7.4196561851793925
6.857635067213625
7.858032657192663
7.824311390114715
6.880115911932244
10.982870073082353
19.44690810964682
13.703052284036639
6.351816061044422
8.903391936609017
10.67937866938083
7.026241402603319
6.3405756386850936
20.525988656141077
7.970436880785832
7.858032657192663
7.082443514399924
9.62277896760519
10.825504160051944
6.104526769139466
18.28914460663733
4.9130419990520355
4.11497201154068
11.702257104078523
8.925872781327634
9.465413054574782
7.408415762820064
6.745230843620456
8.397572930439813
7.026241402603319
14.579805228063256
6.880115911932244
10.97162965072302
8.161524060894186
6.419258595200316
8.62238137762611
17.153861948346467
8.701064334141334
14.029024532456821
5.39638016050262
6.222551203912279
10.836744582411235
7.970436880785832
12.264278222044293
11.780940060593752
9.409210942778179
5.283975936909451
5.778554520719326
7.55454125349118
5.171571713316323
4.890561154333418
14.220111712565172
10.735580781177397
15.377875215574651
6.531662818793446
9.903789526588053
11.41000612273633
8.611140955266821
11.634814569922629
11.556131613407409
5.39638016050262
15.861213377025202
7.543300831131853
10.769302048255344
6.902596756650861
7.801830545396098
16.524398296224806
9.690221501761082
10.37588726567931
4.890561154333418
13.47824383685034
8.240207017409407
9.285566296825719
16.26586858196056
10.668138247021501
13.03986736483707
7.251049849789659
9.903789526588053
7.655705054724979
9.083238694358037
5.531265228814409
9.218123762669826
7.711907166521586
10.308444731523414
12.691414271698276
8.184004905612802
7.936715613707885
8.172764483253513
5.149090868597664
9.499134321652727
5.83475663251593
10.330925576242072
10.37588726567931
9.656500234683135
11.983267663061387
10.600695712865607
6.0820459244208465
7.925475191348555
13.084829054274305
7.633224210006362
10.892946694207797
11.522410346329462
12.904982296525283
9.308047141544339
26.910548556232197
14.152669178409282
21.53762666847944
7.251049849789659
6.284373526888529
7.577022098209799
5.047927067363823
8.892151514249687
12.331720756200186
6.3405756386850936
8.116562371456908
11.173957253190702
9.667740657042465
9.645259812323806
7.700666744162257
10.623176557584268
6.5653840858713925
8.824708980093792
9.184402495591879
90.53133910995702
19.581793177958602
7.082443514399924
9.690221501761082
9.386730098059559
9.139440806154644
10.18480008557096
9.7127023464797
9.61153854524586
14.939498743561348
5.93592043374973
1.6308386701319688
7.340973228664169
8.95959404840558
4.2835783469303745
6.846394644854296
9.431691787496836
7.644464632365692
9.937510793666
6.295613949247858
12.7026546940576
9.330527986262997
7.801830545396098
2.9909297756091284
9.7127023464797
9.690221501761082
14.737171141093661
24.235328034715153
9.510374744012017
37.93740289072054
9.251845029747772
11.589852880485358
11.556131613407409
15.355394370855997
9.319287563903666
9.881308681869434
13.849177774707755
9.454172632215453
7.194847737993054
5.72235240892276
9.049517427280094
10.285963886804797
8.273928284487353
16.79416843284838
10.420848955116586
19.525591066161994
14.973220010639295
6.396777750481699
10.69061909174016
9.420451365137508
5.149090868597664
7.352213651023499
10.67937866938083
5.913439589031112
7.1498860485558176
10.67937866938083
5.014205800285877
16.02981971241493
10.600695712865607
5.463822694658515
5.239014247472217
10.488291489272479
3.395584980544479
9.7127023464797
4.845599464896142
5.6324290300482485
6.48670112935621
8.228966595050078
7.408415762820064
5.6661502971261966
10.589455290506317
5.272735514550163
9.476653476934072
5.283975936909451
7.520819986413233
9.780144880635591
32.18230664275107
8.251447439768695
9.544096011089966
16.558119563302753
8.049119837301054
7.936715613707885
12.500327091589917
10.566974445787661
10.566974445787661
11.904584706546208
5.531265228814409
6.3405756386850936
21.121731041184788
6.947558446088137
12.736375961135549
7.1049243591185425
4.9130419990520355
7.621983787647034
7.756868855958821
6.576624508230721
12.005748507780046
11.691016681719193
7.891753924270608
13.3770800356165
11.286361476783874
11.938305973624153
12.061950619576614
16.243387737241946
13.590648060443506
9.589057700527242
26.26984448175121
6.48670112935621
5.73359283128209
7.543300831131853
5.025446222645205
13.141031166070869
3.2044978004361186
8.892151514249687
6.205690570373306
10.274723464445469
5.137850446238375
6.936318023728808
12.489086669230597
8.251447439768695
6.059565079702229
18.637597699776094
8.026638992582397
6.6103457753086685
6.8014329554170185
10.623176557584268
7.453377452257341
8.3076495515653
4.755676086021631
6.138248036217412
8.476255886955036
8.262687862128024
22.852756084519324
4.519627216476002
7.228569005071
9.959991638384658
6.936318023728808
12.151873998451121
9.454172632215453
12.994905675399796
8.689823911782003
9.431691787496836
9.971232060743944
7.4196561851793925
8.982074893124198
9.645259812323806
10.477051066913145
9.364249253340942
11.848382594749644
14.287554246721065
5.778554520719326
5.609948185329591
5.598707762970302
8.431294197517758
9.532855588730678
6.194450148014018
9.319287563903666
6.014603390264954
6.318094793966475
8.925872781327634
6.419258595200316
5.418861005221239
9.926270371306709
16.79416843284838
7.9591964584265025
7.374694495742116
5.430101427580568
37.34166050567685
10.207280930289574
10.769302048255344
8.925872781327634
7.13864562619649
8.892151514249687
6.677788309464562
6.599105352949339
21.121731041184788
25.438053227161863
8.892151514249687
10.18480008557096
36.116454468511456
8.037879414941727
8.790987713015845
8.914632358968301
13.590648060443506
7.711907166521586
6.981279713166084
5.84599705487522
6.452979862278264
6.441739439918934
12.770097228213492
8.273928284487353
9.083238694358037
8.566179265829545
10.083636284337114
14.579805228063256
14.995700855357905
11.072793451956864
5.39638016050262
5.52002480645508
7.329732806304842
7.082443514399924
7.2398094274303295
10.69061909174016
8.532457998751601
6.5653840858713925
6.947558446088137
9.645259812323806
20.436065277266565
12.770097228213492
12.72513553877622
5.924680011390442
14.838334942327506
8.082841104379
5.969641700827678
6.689028731823891
12.994905675399796
8.273928284487353
8.588660110548163
10.668138247021501
6.025843812624282
11.747218793515803
7.633224210006362
8.925872781327634
10.274723464445469
10.061155439618496
11.151476408472083
7.206088160352382
4.429703837601491
6.452979862278264
9.049517427280094
8.071600682019671
4.362261303445598
14.006543687738157
6.396777750481699
9.510374744012017
4.98048453320793
4.519627216476002
12.208076110247728
9.218123762669826
11.825901750030985
0.5629985459970143
4.9130419990520355
7.56578167585047
11.994508085420717
10.308444731523414
7.2398094274303295
6.947558446088137
13.230954544945421
9.071998271998748
6.868875489572913
8.3076495515653
15.434077327371215
12.7026546940576
5.711111986563431
23.673306916749386
5.83475663251593
21.650030892072607
7.217328582711713
21.605069202635335
5.092888756801099
7.756868855958821
5.205292980394268
13.972822420660211
7.228569005071
15.287951836700099
5.969641700827678
6.767711688339074
6.093286346780176
10.072395861977784
8.341370818643247
6.318094793966475
12.78133765057278
7.408415762820064
5.609948185329591
12.10691230901389
7.970436880785832
10.34216599860136
10.611936135224935
3.4293062476224256
12.62397173754238
8.44253461987709
6.014603390264954
6.003362967905624
8.543698421110928
7.936715613707885
8.228966595050078
18.716280656291307
8.689823911782003
5.194052558034939
8.712304756500622
12.331720756200186
5.441341849939857
10.274723464445469
60.598094367100394
7.307251961586222
6.284373526888529
8.296409129205971
9.071998271998748
8.86967066953107
10.623176557584268
5.879718321953166
10.522012756350428
9.61153854524586
8.42005377515843
12.691414271698276
16.108502668930157
13.24219496730471
7.711907166521586
6.823913800135678
4.991724955567259
12.96118440832185
10.128597973774394
7.925475191348555
4.609550595350555
5.73359283128209
11.443727389814278
6.194450148014018
9.57781727816791
5.283975936909451
6.70026915418318
88.71039068774802
7.442137029898011
11.072793451956864
9.319287563903666
11.072793451956864
12.97242483068118
5.29521635926878
15.355394370855997
6.880115911932244
8.453775042236376
9.038277004920802
13.860418197067084
9.116959961435983
6.868875489572913
5.576226918251644
9.532855588730678
22.48182214666196
8.94835362604625
8.330130396283918
8.476255886955036
6.228171415091963
7.194847737993054
8.72354517885995
6.228171415091963
8.42005377515843
10.544493601069039
4.013808210306823
12.657693004620324
6.3405756386850936
6.4754607069968815
17.88448940170197
8.20648575033146
5.980882123187007
9.094479116717364
6.857635067213625
12.399163290356082
7.318492383945553
7.835551812474043
8.44253461987709
10.611936135224935
3.8901635643543564
5.609948185329591
9.038277004920802
11.207678520268649
5.83475663251593
10.18480008557096
8.892151514249687
10.11735755141506
8.296409129205971
7.037481824962648
8.498736731673654
6.441739439918934
6.138248036217412
12.208076110247728
6.37429690576304
13.77049481819253
8.94835362604625
6.464220284637592
17.075178991831248
8.453775042236376
10.825504160051944
6.059565079702229
10.128597973774394
4.9130419990520355
17.446112929688656
6.8014329554170185
9.39797052041889
7.374694495742116
6.138248036217412
14.501122271548036
5.598707762970302
9.656500234683135
8.049119837301054
6.171969303295358
9.982472483103276
5.4525822722991855
7.194847737993054
22.942679463393876
9.263085452107102
9.083238694358037
8.465015464595707
11.08403387431619
6.37429690576304
7.936715613707885
8.757266445937898
61.160115485066015
9.251845029747772
6.3405756386850936
10.870465849489182
8.509977154032981
6.981279713166084
11.297601899143164
9.892549104228763
11.679776259359906
7.408415762820064
4.249857079852468
14.804613675249557
10.330925576242072
5.283975936909451
8.689823911782003
9.116959961435983
12.7026546940576
9.251845029747772
9.17316207323259
11.702257104078523
8.397572930439813
8.734785601219281
13.230954544945421
6.902596756650861
5.727972620102404
10.336545787421716
7.858032657192663
9.757664035916974
9.465413054574782
17.727123488671563
9.229364185029155
8.195245327972131
7.914234768989268
7.487098719335287
7.453377452257341
16.80540885520771
5.441341849939857
7.037481824962648
8.049119837301054
7.599502942928416
6.902596756650861
7.790590123036767
15.546481550964383
7.13864562619649
11.769699638234417
11.511169923970177
6.902596756650861
6.644067042386616
8.44253461987709
12.241797377325677
7.768109278318151
9.82510657007287
10.836744582411235
11.612333725204016
12.74761638349484
4.5983101729912255
9.128200383795315
5.902199166671784
9.7127023464797
12.680173849338942
8.824708980093792
8.476255886955036
5.52002480645508
8.85843024717174
11.387525278017717
9.61153854524586
12.713895116416888
14.88329663176478
6.891356334291571
6.846394644854296
7.172366893274436
8.341370818643247
10.45457022219453
5.767314098360036
4.620791017709842
17.153861948346467
6.171969303295358
8.240207017409407
12.174354843169784
8.802228135375175
5.83475663251593
13.984062843019545
7.082443514399924
9.847587414791487
8.678583489422717
6.38553732812237
12.62397173754238
5.564986495892355
6.981279713166084
7.408415762820064
9.105719539076699
9.150681228513934
10.106117129055734
5.306456781628111
15.939896333540421
10.297204309164123
7.352213651023499
34.26178477922442
22.796553972722766
9.263085452107102
7.768109278318151
13.10730989899292
10.18480008557096
6.37429690576304
6.318094793966475
4.306059191649033
10.229761775008233
9.004555737842853
14.501122271548036
7.340973228664169
8.139043216175567
8.577419688188876
21.189173575340686
7.543300831131853
20.84072048220188
8.116562371456908
7.925475191348555
13.141031166070869
7.1498860485558176
9.982472483103276
7.026241402603319
10.892946694207797
8.892151514249687
14.411198892673525
8.026638992582397
5.711111986563431
11.533650768688792
16.389513227913017
6.677788309464562
9.4878938992934
16.974015190597406
9.353008830981613
6.666547887105233
6.655307464745943
6.171969303295358
8.734785601219281
13.264675812023368
9.544096011089966
7.026241402603319
9.341768408622283
5.823516210156601
35.071095189095146
12.826299340010058
14.63600733985982
6.070805502061519
12.994905675399796
6.351816061044422
10.80302331533329
5.059167489723152
9.296806719185051
13.006146097759121
10.387127688038635
5.83475663251593
6.295613949247858
13.118550321352256
9.701461924120412
11.072793451956864
16.277109004319893
12.095671886654557
6.913837179010189
8.925872781327634
12.365442023278135
7.228569005071
17.727123488671563
7.093683936759214
9.791385302994922
9.555336433449295
10.241002197367521
8.824708980093792
9.06075784963942
6.644067042386616
13.298397079101315
6.025843812624282
12.78133765057278
20.78451837040532
7.947956036067212
10.04991501725917
8.026638992582397
9.61153854524586
9.386730098059559
11.848382594749644
8.85843024717174
5.542505651173697
5.890958744312495
5.250254669831504
5.08164833444177
5.992122545546336
8.509977154032981
7.66694547708431
9.780144880635591
8.296409129205971
9.982472483103276
7.756868855958821
12.691414271698276
5.83475663251593
13.141031166070869
11.634814569922629
1.664559937209916
7.363454073382787
11.972027240702099
7.4646178746166285
6.048324657342901
5.283975936909451
3.45178709234106
6.329335216325805
9.341768408622283
5.115369601519717
6.520422396434157
5.014205800285877
10.758061625896053
8.59990053290749
7.655705054724979
29.85553921437284
11.02783176251959
9.375489675700232
11.780940060593752
7.003760557884701
8.004158147863778
13.781735240551866
5.643669452407537
6.576624508230721
8.431294197517758
7.981677303145159
10.982870073082353
11.983267663061387
7.520819986413233
8.071600682019671
7.217328582711713
8.397572930439813
5.4525822722991855
8.880911091890356
8.72354517885995
28.551650220692242
21.93104145105547
5.609948185329591
8.082841104379
5.767314098360036
9.094479116717364
7.13864562619649
7.340973228664169
6.452979862278264
7.194847737993054
15.265470991981486
9.62277896760519
4.418463415242162
41.20836579728135
5.756073676000707
4.643271862428502
13.523205526287615
6.127007613858123
15.72632830871341
9.881308681869434
3.8339614525577805
9.701461924120412
7.56578167585047
12.208076110247728
9.678981079401751
5.418861005221239
7.633224210006362
33.84588915192976
5.149090868597664
9.57781727816791
18.154259538325544
4.85683988725547
8.273928284487353
11.151476408472083
7.99291772550445
6.3405756386850936
8.779747290656516
7.296011539226894
7.43089660753868
8.285168706846642
5.385139738143292
7.475858296975957
7.43089660753868
8.251447439768695
25.11208097874172
11.14023598611276
7.689426321802926
7.307251961586222
8.678583489422717
5.351418471065345
7.532060408772522
7.1498860485558176
8.847189824812409
10.083636284337114
28.9787862703462
4.249857079852468
6.329335216325805
13.590648060443506
8.352611241002537
7.970436880785832
7.835551812474043
10.96038922836369
5.789794943078655
5.351418471065345
13.81545650762981
5.52002480645508
5.340178048706057
6.452979862278264
9.465413054574782
6.857635067213625
4.699473974225066
8.779747290656516
11.005350917800968
11.19643809790932
7.824311390114715
6.003362967905624
10.701859514099445
9.723942768839029
8.44253461987709
9.083238694358037
36.116454468511456
13.646850172240077
9.409210942778179
9.555336433449295
12.331720756200186
7.262290272148946
6.823913800135678
12.410403712715409
7.1498860485558176
7.824311390114715
6.4754607069968815
6.3405756386850936
16.827889699926335
6.014603390264954
8.386332508080482
5.025446222645205
10.364646843319976
12.97242483068118
6.868875489572913
8.824708980093792
6.733990421261126
4.148693278618627
12.365442023278135
9.926270371306709
14.017784110097491
8.847189824812409
10.432089377475872
19.379465575490926
5.812275787797272
6.542903241152774
9.81386614771354
7.588262520569087
7.43089660753868
9.82510657007287
7.262290272148946
10.791782892973997
12.253037799684963
10.769302048255344
7.374694495742116
9.27432587446639
5.609948185329591
7.99291772550445
5.83475663251593
6.992520135525413
8.892151514249687
6.992520135525413
5.913439589031112
8.701064334141334
7.228569005071
14.534843538625982
5.812275787797272
8.273928284487353
9.476653476934072
6.497941551715497
9.634019389964518
12.949943985962523
5.62118860768892
9.27432587446639
8.59990053290749
10.241002197367521
6.6103457753086685
7.385934918101446
7.711907166521586
4.699473974225066
8.701064334141334
10.083636284337114
24.774868307962265
14.25383297964312
6.194450148014018
5.149090868597664
5.913439589031112
7.228569005071
10.566974445787661
19.716678246270348
16.277109004319893
7.532060408772522
12.882501451806627
13.995303265378876
7.059962669681266
5.84599705487522
5.576226918251644
4.474665527038766
6.58786493059005
7.846792234833374
12.97242483068118
5.958401278468389
7.273530694508278
8.127802793816237
7.66694547708431
7.8692730795519905
10.949148806004406
7.936715613707885
11.151476408472083
5.913439589031112
11.702257104078523
7.981677303145159
8.588660110548163
8.554938843470218
9.06075784963942
15.287951836700099
29.034988382142817
9.330527986262997
11.848382594749644
5.328937626346727
14.276313824361734
12.151873998451121
9.971232060743944
6.92507760136952
20.94188428343573
9.420451365137508
11.668535837000576
0.13586249634302916
10.387127688038635
7.4646178746166285
10.45457022219453
18.525193476182917
9.454172632215453
11.679776259359906
7.846792234833374
6.497941551715497
6.666547887105233
9.589057700527242
9.847587414791487
7.059962669681266
6.441739439918934
4.249857079852468
6.756471265979784
6.599105352949339
11.41000612273633
6.722749998901839
9.195642917951208
11.421246545095665
18.075576581810328
8.251447439768695
5.025446222645205
6.351816061044422
10.364646843319976
7.756868855958821
8.746026023578567
6.284373526888529
11.039072184878917
5.924680011390442
9.251845029747772
12.208076110247728
16.25462815960123
10.656897824662211
11.4662082345329
5.868477899593877
6.599105352949339
