0.0194859533771668
0.00298864315600717
0.066228332337119
0.0579796772265391
0.052480573819486
0.0621040047818291
0.00298864315600717
0.0346084877465631
0.027047220561865
0.0359832635983264
0.0621040047818291
0.0799760908547519
0.0689778840406455
0.0352958756724448
0.143215780035864
0.192707710699342
0.255947399880454
0.242199641362821
0.066228332337119
0.275194261805141
0.0572922893006576
0.0332337118947998
0.0469814704124328
0.0194859533771668
1.95242080095637
0.038732815301853
0.14596533173939
0.02498505678422
0.0194859533771668
0.159713090257023
0.0511057979677227
0.156619844590556
0.178959952181709
0.137716676628811
0.0414823670053796
0.0301404662283324
0.434668260609683
0.00298864315600717
0.0634787806335923
0.0579796772265391
0.15421398684997
0.121219366407651
0.000239091452480579
0.0332337118947998
0.0167364016736402
0.112970711297071
0.140466228332337
0.176210400478183
0.115720263000598
0.0579796772265391
27.9136879856545
0.0435445307830245
0.0895995218170949
0.30818888224746
0.0442319187089062
0.066228332337119
0.178959952181709
0.222952779438135
0.178959952181709
0.02498505678422
0.14991781231321
0.107471607890018
0.319187089061566
0.0277346084877466
0.16246264196055
0.0507621040047818
0.0222355050806934
0.0401075911536162
1.02032277346085
0.242199641362821
0.066228332337119
0.0497310221159594
0.0827256425582785
0.0920053795576807
0.0222355050806934
0.198206814106396
0.0167364016736402
0.115720263000598
0.0359832635983264
0.217453676031082
0.143215780035864
0.0731022115959356
0.123968918111178
0.110221159593545
0.103347280334728
0.0497310221159594
0.118469814704124
0.352181709503885
0.14596533173939
0.0992229527794379
0.214704124327555
0.0139868499701136
0.0909742976688584
0.151464435146443
0.0854751942618051
0.698625224148237
0.0304841601912732
0.0792887029288701
0.0937238493723849
0.277943813508667
0.151464435146444
0.0717274357441721
0.0469814704124328
0.0772265391512253
0.151464435146444
0.151464435146444
0.330185295875672
0.104722056186491
0.112970711297071
0.0332337118947998
0.0672594142259414
0.0139868499701136
0.0167364016736402
0.178959952181709
0.239450089659295
0.184459055588763
4.38302450687388
0.264196054991034
0.000239091452480579
0.275194261805141
0.0964734010759115
0.15421398684997
0.266945606694561
0.210579796772266
0.0758517632994623
0.286192468619247
0.107471607890018
0.161087866108787
0.011237298266587
0.220203227734608
0.0359832635983264
0.0507621040047818
0.156963538553497
0.000239091452480579
0.41267184698147
0.28344291691572
0.0332337118947998
0.17071129707113
0.189958158995816
0.0414823670053796
0.126718469814704
0.107471607890018
0.0474970113568439
0.110221159593545
0.123968918111178
0.0442319187089062
0.126718469814704
0.0387328153018529
0.0139868499701136
0.71237298266587
0.15421398684997
0.132217573221757
0.101972504482965
0.140466228332337
0.101972504482965
0.17071129707113
0.183599820681411
0.211954572624029
0.0827256425582785
0.0222355050806934
0.118469814704124
0.0992229527794381
0.0854751942618051
0.200956365809922
0.15421398684997
0.000239091452480579
0.02498505678422
0.121219366407651
0.30818888224746
0.121219366407651
0.147340107591154
0.117095038852361
0.0634787806335923
0.038732815301853
0.236700537955768
0.112970711297071
0.330185295875672
0.112970711297071
0.0971607890017931
0.110221159593545
0.0873655110579799
0.181709503885236
0.0992229527794381
0.0456066945606695
0.112970711297071
0.02498505678422
0.02498505678422
0.239450089659295
0.0332337118947998
0.104722056186491
0.236700537955768
0.0744769874476987
0.107471607890018
0.038732815301853
0.0854751942618051
0.0634787806335923
0.134967124925284
0.148714883442917
0.0799760908547519
0.0469814704124328
0.0992229527794381
0.159713090257023
0.0579796772265391
0.0689778840406455
0.0222355050806934
0.110908547519426
0.140466228332337
0.631261207411835
0.0332337118947998
0.156963538553497
0.563897190675434
0.0139868499701136
0.0332337118947998
0.233950986252241
0.128093245666467
0.0717274357441724
0.492408846383742
1.52624028690974
0.269695158398087
0.261446503287507
0.173460848774656
0.0889121338912136
0.0909742976688582
0.0992229527794381
0.141153616258219
0.011237298266587
0.099222952779438
0.115720263000598
0.0497310221159594
0.286192468619247
0.00848774656306037
0.17071129707113
0.112970711297071
0.0222355050806934
0.0139868499701136
0.526778242677825
0.148714883442917
0.181709503885236
0.151464435146444
0.192707710699343
0.115720263000598
0.126718469814704
1.02066646742379
0.034608487746563
0.374178123132098
0.0222355050806934
0.178959952181709
0.0167364016736402
13.983084279737
0.203705917513449
0.0153616258218769
0.0871936640765093
0.143215780035864
0.101972504482965
1.16054991034071
0.198206814106396
0.0799760908547519
0.132217573221757
0.0552301255230126
0.195457262402869
0.00848774656306037
0.0985355648535566
0.000239091452480579
0.0497310221159594
0.137716676628811
0.114345487148834
0.0414823670053796
0.415421398684997
0.0359832635983264
0.000239091452480579
0.00848774656306037
0.195457262402869
0.02498505678422
0.181709503885236
0.181709503885236
0.134967124925284
0.136341900777047
0.0607292289300657
0.156963538553497
0.107471607890018
0.0359832635983264
0.0552301255230126
0.176210400478183
0.415421398684997
0.189958158995816
0.121219366407651
0.313687985654513
0.225702331141662
0.882845188284519
0.0139868499701136
0.0634787806335923
0.159713090257024
0.0304841601912732
0.143215780035864
0.161087866108787
0.0139868499701136
0.0854751942618051
0.181709503885236
0.0854751942618051
0.155588762701734
1.85068738792588
0.0469814704124328
0.00780035863717874
0.0827256425582785
0.121219366407651
0.134967124925284
0.217453676031082
0.000239091452480579
0.396174536760311
0.121219366407651
0.0139868499701136
0.407172743574417
0.0607292289300657
0.0497310221159594
0.0332337118947998
0.0194859533771668
0.195457262402869
0.165212193664077
0.0332337118947998
0.265570830842797
0.302689778840406
0.0139868499701136
0.126718469814704
0.0689778840406456
0.02498505678422
0.0854751942618051
0.676628810520024
0.0167364016736402
0.0222355050806934
0.132217573221757
0.0579796772265391
0.456664674237896
0.111595935445308
0.244949193066348
0.181709503885236
0.0456066945606695
0.140466228332337
0.13771667662881
0.0167364016736402
0.011237298266587
0.0937238493723849
0.0304841601912732
0.0882247459653317
0.0786013150029885
0.0566049013747758
0.137716676628811
0.227077106993425
0.0469814704124328
0.354931261207412
0.385863717872086
0.111595935445308
0.29994022713688
0.165212193664077
0.000239091452480579
0.156963538553497
0.0992229527794381
0.165212193664077
0.148714883442917
0.0139868499701136
0.123968918111178
0.0194859533771668
0.0822960251046026
0.572145845786013
0.137716676628811
0.2916915720263
0.00848774656306037
0.0414823670053796
0.0798042438732816
0.101972504482965
0.110221159593545
0.111595935445308
0.0744769874476987
0.0167364016736402
0.14596533173939
0.225702331141662
0.8498505678422
0.0476688583383145
0.0167364016736402
0.374178123132098
0.0552301255230126
0.371428571428571
0.156963538553497
0.14596533173939
0.0827256425582785
0.156963538553497
0.148714883442917
0.0332337118947998
0.132217573221757
0.0442319187089061
0.126718469814704
0.176210400478183
0.16246264196055
0.0634787806335923
0.580394500896593
0.227077106993425
0.189958158995816
0.192707710699342
0.011237298266587
0.0260161386730425
0.0992229527794381
0.0909742976688584
0.110221159593545
0.129468021518231
0.198206814106396
0.282068141063957
0.0717274357441721
0.16246264196055
0.0222355050806934
0.137716676628811
0.038732815301853
0.00298864315600717
0.0442319187089062
0.0634787806335923
0.0964734010759117
0.0607292289300657
0.0304841601912732
0.0304841601912732
0.156963538553497
0.17071129707113
0.0748206814106397
0.132217573221757
0.0401075911536162
0.965331739390317
0.151464435146444
0.0442319187089062
0.196832038254632
0.00848774656306037
0.596891811117752
0.161087866108787
0.0552301255230126
0.110221159593545
0.0772265391512253
0.107471607890018
0.101972504482965
0.0552301255230126
0.0744769874476987
0.140466228332337
0.0854751942618051
0.0139868499701136
0.178959952181709
0.159713090257023
0.126718469814704
0.0297967722653916
0.0607292289300657
0.0497310221159594
0.140466228332337
0.134967124925284
0.189958158995816
0.121219366407651
0.0108936043036462
0.0469814704124328
0.530902570233114
0.0497310221159594
0.00573819485953378
0.0772265391512253
0.128093245666468
0.0717274357441721
0.250448296473401
0.135654512851166
0.181709503885236
0.214704124327555
0.118469814704124
0.0318589360430365
0.148714883442917
0.00848774656306037
0.220203227734608
0.0469814704124328
0.02498505678422
0.0194859533771668
0.0744769874476987
0.0854751942618051
0.0772265391512253
0.222952779438135
0.189958158995816
0.129468021518231
0.0799760908547519
0.00298864315600717
0.0497310221159594
0.0854751942618051
0.427106993424985
0.266945606694561
0.0552301255230126
0.114345487148835
0.0167364016736402
0.0607292289300658
0.16246264196055
0.151464435146444
0.0827256425582788
0.148714883442917
0.128093245666468
0.588643156007173
0.16246264196055
0.0222355050806934
0.0401075911536162
0.0937238493723849
0.052480573819486
0.206455469216976
0.135654512851166
0.192707710699342
0.0827256425582785
0.107471607890018
0.122594142259415
0.991108786610881
0.198206814106396
0.0139868499701136
0.118469814704124
0.0194859533771668
0.110221159593545
0.580394500896593
0.132217573221757
0.134967124925284
0.0222355050806934
0.0909742976688584
0.181709503885236
0.132217573221757
0.112970711297071
0.0139868499701136
0.0882247459653317
0.151464435146444
0.0277346084877466
0.126718469814704
0.224327555289898
0.255947399880454
1.32827256425583
0.121219366407651
0.000239091452480579
24.9881649731022
0.232576210400478
0.0442319187089062
0.310938433950986
0.231201434548715
0.269695158398087
0.125343693962941
0.0923490735206217
0.0139868499701136
0.101972504482965
0.0304841601912732
0.134967124925284
0.0469814704124328
0.052480573819486
0.066228332337119
0.209205020920502
0.0607292289300657
0.113314405260012
0.0882247459653317
0.247698744769874
0.112970711297071
0.0263598326359833
0.121219366407651
0.0359832635983264
0.126718469814704
0.02498505678422
0.0964734010759115
0.0167364016736402
0.165212193664077
0.167961745367603
0.0277346084877466
0.0139868499701136
0.000239091452480579
0.30818888224746
0.173460848774656
0.0304841601912732
0.0359832635983264
0.275194261805141
0.0375298864315601
0.121219366407651
0.376927674835625
0.176210400478183
0.345307830245069
0.352181709503885
0.2916915720263
0.0992229527794381
0.134279736999403
0.151464435146444
0.206455469216976
0.242199641362821
0.137716676628811
0.0579796772265392
0.0222355050806934
0.129468021518231
0.184459055588763
0.0291093843395099
0.108846383741781
0.0827256425582785
0.594142259414226
0.101972504482965
0.0882247459653317
0.0689778840406455
0.0167364016736402
0.506156604901375
0.123968918111178
0.407172743574417
0.140466228332337
0.00298864315600717
0.143215780035864
0.0194859533771668
0.0167364016736402
2.23424985056784
0.0236102809324567
0.143215780035864
0.0497310221159594
0.231201434548715
0.0334914823670054
0.0858188882247462
0.0854751942618051
0.000239091452480579
0.0222355050806934
0.786610878661086
0.209205020920502
0.0520509563658101
0.15421398684997
0.0304841601912732
0.27106993424985
0.011237298266587
0.0992229527794381
1.03132098027496
0.448416019127316
0.108158995815899
0.346682606096832
0.61270173341303
0.0442319187089062
0.0909742976688584
0.000239091452480579
0.0607292289300657
0.00573819485953378
0.15421398684997
0.286192468619247
0.144590555887627
0.111595935445308
0.0882247459653317
0.00298864315600717
0.313687985654513
0.0139868499701136
0.134967124925284
0.0579796772265391
0.121219366407651
0.0689778840406455
0.228451882845188
1.13236700537956
0.600672444710103
0.261446503287507
0.132217573221758
0.192707710699343
0.0304841601912732
0.0607292289300657
0.143215780035864
0.0607292289300657
0.011237298266587
0.0854751942618051
0.0909742976688584
0.11138112671847
0.203705917513449
1.13855349671249
0.0552301255230126
0.0139868499701136
1.18048416019127
0.0242976688583383
0.0469814704124328
0.231201434548715
0.0332337118947998
0.318499701135685
0.0854751942618051
0.133592349073521
3.48667065152421
0.0469814704124328
0.132217573221757
0.0830693365212195
0.577644949193066
0.034608487746563
0.0304841601912731
0.187208607292289
0.00573819485953378
0.000239091452480579
0.98732815301853
0.118469814704124
0.187208607292289
0.011237298266587
0.100941422594142
0.0648535564853558
0.0882247459653317
0.034608487746563
0.126718469814704
0.038732815301853
0.485019426180514
0.129468021518231
0.382426778242678
0.0428571428571429
0.0552301255230126
0.000239091452480579
0.0222355050806934
0.167961745367603
0.214704124327555
0.228451882845188
0.0937238493723849
0.203705917513449
0.17071129707113
0.0607292289300657
0.0607292289300657
0.0928646144650327
0.192707710699342
0.110221159593545
0.0634787806335923
0.0799760908547519
0.00848774656306037
0.107385684399283
0.181709503885236
0.110221159593545
0.255947399880454
0.181709503885236
0.104722056186491
0.0579796772265391
0.0377017334130306
0.211954572624029
0.176210400478183
0.0882247459653317
0.200956365809922
0.68762701733413
0.0552301255230126
0.0786013150029886
0.101972504482965
0.206455469216976
0.00573819485953378
0.0586670651524209
0.181709503885236
0.066228332337119
0.066228332337119
0.203705917513449
0.0923490735206216
0.110221159593545
0.176210400478183
0.0964734010759115
0.0483562462641961
0.0277346084877466
0.0772265391512253
0.272444710101614
0.0552301255230126
0.320561864913329
0.0332337118947998
0.0552301255230126
0.0964734010759115
0.123968918111178
0.00573819485953378
0.0950986252241484
0.0139868499701136
0.0332337118947998
0.066228332337119
0.0827256425582785
0.151464435146444
0.431918708906157
0.363179916317992
0.206455469216975
0.132217573221757
0.0937238493723849
0.121219366407651
0.0717274357441721
0.0167364016736402
0.167961745367603
0.0992229527794381
0.104722056186491
0.0442319187089062
0.203705917513449
0.02498505678422
0.011237298266587
0.0937238493723849
0.0511057979677226
0.0882247459653317
0.0964734010759115
0.218141063956963
0.0579796772265391
0.0469814704124328
0.275194261805141
0.0442319187089062
0.115720263000598
0.118469814704124
0.0194859533771668
0.148714883442917
0.0304841601912732
0.319187089061566
0.0882247459653317
0.0964734010759113
0.0579796772265391
1.37226539151225
0.0497310221159594
0.118469814704124
0.0497310221159594
0.0717274357441721
0.0772265391512253
0.02498505678422
14.0779438135087
0.228280035863718
0.129468021518231
0.220203227734608
14.0930663478781
0.0964734010759115
0.0854751942618051
0.415421398684997
0.140466228332337
0.220203227734608
0.151464435146444
0.0634787806335923
0.0304841601912732
0.593283024506875
0.066228332337119
0.126718469814704
0.456664674237896
0.159713090257024
0.0717274357441721
0.02498505678422
0.137716676628811
0.104722056186491
0.0684623430962342
0.302689778840406
0.121219366407651
0.115720263000598
0.13771667662881
0.111595935445308
0.0641661685594739
0.14596533173939
0.112970711297071
0.294441123729827
0.178959952181709
0.147340107591154
0.0222355050806934
0.134967124925284
0.0607292289300657
0.209892408846384
0.0442319187089062
0.512600866706516
0.0799760908547519
0.0689778840406455
0.217453676031082
0.198206814106396
0.272444710101614
0.0651972504482962
0.156963538553497
0.114689181111775
0.129468021518231
0.0566049013747758
0.330185295875672
0.0772265391512253
0.0854751942618051
1.14130304841602
0.151464435146444
0.225702331141662
0.16246264196055
0.107471607890018
0.0469814704124328
0.159713090257023
0.151464435146444
0.0194859533771668
0.0851315002988643
0.0937238493723849
0.132217573221758
0.132217573221757
0.148714883442917
0.528153018529589
0.130842797369994
0.0909742976688584
0.0689778840406455
0.0937238493723849
0.220203227734608
0.277943813508667
0.148714883442917
0.0717274357441721
0.0854751942618051
0.0442319187089062
0.170023909145248
0.233950986252241
0.266945606694561
0.038732815301853
0.0736177525403467
0.00298864315600717
0.0607292289300657
0.0497310221159593
0.272444710101614
0.453915122534369
0.0992229527794381
0.0442319187089062
0.107471607890018
0.0786013150029885
0.15008965929468
0.0937238493723849
0.280693365212194
0.613389121338912
0.0469814704124328
0.0827256425582785
0.0414823670053796
0.0194859533771668
0.165212193664076
2.07615062761506
0.206455469216976
9.44494919306635
0.0854751942618051
9.32946802151823
0.210579796772265
0.0332337118947998
0.172086072922893
0.0194859533771668
0.038732815301853
0.0772265391512253
0.0421697549312613
0.0689778840406455
0.0139868499701136
0.14596533173939
0.126718469814704
0.0304841601912732
0.0277346084877466
0.151464435146444
0.0717274357441721
0.0909742976688584
0.268320382546324
0.0538553496712491
0.196832038254632
0.349432157800358
0.310938433950986
0.134967124925284
0.0676031081888823
0.0579796772265391
0.0744769874476988
0.126718469814704
0.134967124925284
0.0139868499701136
0.0579796772265391
0.0469814704124328
0.167274357441722
0.0724148236700538
0.0442319187089062
0.156963538553496
0.0882247459653317
0.203705917513449
0.0964734010759115
0.0703526598924089
0.0634787806335923
0.104722056186491
0.0456066945606695
0.169336521219366
0.178959952181709
0.00573819485953378
0.0634787806335923
0.0717274357441721
0.066228332337119
0.225702331141662
0.0511057979677227
0.280005977286312
0.195457262402869
0.599641362821279
0.767364016736402
0.121219366407651
0.159713090257023
0.234896144650329
0.0359832635983264
0.101972504482965
0.0799760908547519
0.00573819485953378
0.0579796772265391
0.277943813508667
1.06981470412433
0.0332337118947998
0.066228332337119
0.152151823072325
0.192707710699343
0.0304841601912732
0.052480573819486
0.15421398684997
0.134967124925284
0.0139868499701136
7.18413030484162
0.0937238493723849
0.0552301255230125
0.14596533173939
0.0937238493723849
0.0937238493723849
0.0442319187089062
0.211954572624029
0.0882247459653317
0.836102809324567
0.401673640167364
0.328810520023909
0.0909742976688584
0.194769874476988
0.591392707710699
0.214704124327555
0.206455469216976
0.123968918111178
0.0607292289300657
1.17154811715481
0.0882247459653317
0.129468021518231
0.0194859533771668
0.16246264196055
0.062104004781829
0.00573819485953378
0.0676031081888822
0.0882247459653317
0.316437537358039
0.0167364016736402
0.0222355050806934
0.528153018529588
0.0167364016736402
0.0469814704124328
0.104722056186491
0.0497310221159594
0.075851763299462
0.107471607890018
0.0167364016736402
0.0937238493723849
0.0854751942618051
0.0992229527794381
0.0401075911536162
6.65690376569038
0.203705917513449
0.134967124925284
0.213329348475792
0.41267184698147
0.196832038254632
0.209205020920502
0.176210400478183
0.16246264196055
0.0882247459653318
0.00298864315600717
0.44566646742379
0.0607292289300657
0.365929468021518
0.0469814704124328
0.137716676628811
0.0761954572624031
0.0744769874476987
0.00848774656306037
0.066228332337119
0.123968918111178
0.011237298266587
0.0469814704124328
0.233950986252241
0.163150029886431
0.236700537955768
0.280693365212194
0.00848774656306037
0.141153616258219
0.337746563060371
0.114689181111775
0.102659892408847
0.15421398684997
0.335684399282726
0.0827256425582785
0.0552301255230126
0.323311416616856
0.111595935445308
0.0992229527794381
0.247698744769874
0.0304841601912732
0.0964734010759115
0.0923490735206215
0.275194261805141
0.0744769874476987
0.297190675433353
0.264196054991034
0.128093245666467
0.0744769874476987
0.00573819485953378
0.0689778840406455
0.128093245666467
0.066228332337119
0.126718469814704
0.0469814704124328
0.131530185295876
0.189958158995816
0.130842797369994
0.195457262402869
0.011237298266587
0.115720263000598
0.0758517632994621
5.64781829049611
0.0359832635983264
0.214704124327555
0.178959952181709
0.539151225343694
0.0923490735206217
0.0332337118947998
0.00298864315600717
0.151464435146444
0.011237298266587
1.12411835026898
0.2916915720263
0.305439330543933
0.132217573221757
0.0332337118947998
0.129468021518231
0.0744769874476987
0.0827256425582785
0.123968918111178
0.0799760908547519
0.0222355050806934
0.0194859533771668
0.151464435146444
0.123968918111177
0.0607292289300657
0.052480573819486
8.99952181709504
0.261446503287507
0.165212193664077
0.115720263000598
0.261446503287507
0.321936640765093
0.0222355050806934
0.233950986252241
0.0854751942618051
0.0634787806335924
0.0909742976688584
0.14596533173939
0.0909742976688584
0.0442319187089062
0.220203227734609
0.0882247459653317
0.220203227734608
0.097504482964734
0.0401075911536163
0.00848774656306037
0.0882247459653317
0.200956365809922
0.195457262402869
0.143215780035864
0.121219366407651
0.0689778840406455
0.066228332337119
0.0799760908547519
0.17071129707113
0.112970711297071
0.02498505678422
0.174148236700538
0.255947399880454
0.0937238493723849
0.0442319187089062
0.28344291691572
0.0607292289300657
0.269695158398087
0.277943813508667
0.137716676628811
0.176210400478183
0.052480573819486
0.0923490735206217
0.0882247459653317
0.29994022713688
0.250448296473401
0.156963538553497
0.0359832635983264
1.34751942618051
0.0882247459653317
0.0964734010759115
0.066228332337119
0.0689778840406456
0.0868499701135683
0.211954572624029
0.0614166168559474
0.0139868499701136
0.198206814106396
1.34751942618051
0.0799760908547519
0.0689778840406455
0.00573819485953378
17.4406455469217
0.0377017334130305
0.159713090257023
0.0222355050806934
0.0194859533771668
0.155588762701734
0.250448296473401
0.0854751942618051
0.038732815301853
0.0992229527794381
0.0978481769276751
0.0469814704124328
0.0827256425582785
0.0304841601912732
0.0717274357441721
0.231201434548715
0.156963538553497
0.0497310221159593
0.132217573221757
0.165212193664077
0.011237298266587
0.0909742976688584
0.167961745367603
0.189614465032875
0.0497310221159594
0.189958158995816
0.143215780035864
0.104722056186491
0.0827256425582785
0.02498505678422
0.179991034070532
0.0277346084877466
0.0607292289300657
0.368679019725045
0.038732815301853
0.184459055588762
1.30627615062762
0.0676031081888823
0.0909742976688584
0.165212193664077
0.0359832635983264
0.128780633592349
0.0799760908547519
5.38386132695756
0.0799760908547519
0.107471607890018
0.231201434548715
0.15421398684997
0.101972504482965
0.101972504482965
0.060041841004184
0.151464435146443
0.134967124925284
0.0744769874476987
0.101972504482965
0.132217573221757
0.393424985056784
0.143215780035864
0.0332337118947998
0.231201434548715
0.0744769874476987
1.69946204423192
0.038732815301853
0.176210400478183
0.066228332337119
0.00298864315600717
0.0868499701135683
2.45833831440526
0.198206814106396
0.154213986849971
0.0909742976688584
0.236700537955768
0.0552301255230126
0.02498505678422
0.011237298266587
0.431918708906157
0.137716676628811
0.121906754333533
0.0579796772265391
0.0799760908547519
0.038732815301853
0.17071129707113
0.134967124925284
0.0277346084877466
0.038732815301853
0.176210400478183
0.0717274357441721
0.075851763299462
4.38577405857741
0.0930364614465037
0.148714883442917
0.176210400478183
0.2916915720263
0.221578003586372
0.370053795576808
0.610639569635385
0.121219366407651
0.222952779438135
0.0469814704124328
0.0634787806335923
0.379677226539151
0.177585176329946
0.228451882845188
0.0194859533771668
0.0827256425582785
0.159713090257023
0.126718469814704
0.192707710699342
0.0964734010759113
0.195457262402869
0.17071129707113
0.129468021518231
0.038732815301853
0.011237298266587
0.140466228332337
0.0717274357441721
0.0992229527794381
0.123968918111178
0.148714883442917
0.0304841601912732
0.038732815301853
0.286192468619247
0.0456066945606695
0.110221159593545
0.0744769874476987
0.0167364016736402
0.066228332337119
0.0139868499701136
0.0820382546323969
0.206455469216976
0.115720263000598
0.209205020920502
0.172043111177526
0.011237298266587
0.0882247459653317
0.0359832635983264
0.126718469814704
0.224327555289898
0.147683801554094
0.0882247459653317
0.0703526598924089
0.192707710699342
0.0139868499701136
0.11228332337119
0.167961745367603
0.16246264196055
0.159025702331142
0.156963538553497
0.0497310221159594
0.011237298266587
0.0442319187089062
0.02498505678422
0.111595935445308
0.066228332337119
8.30113568439928
0.147168260609684
0.0964734010759117
0.0799760908547519
0.00986252241482368
0.365929468021518
0.0442319187089062
0.316437537358039
0.0882247459653317
0.0744769874476987
0.0772265391512253
0.0579796772265392
0.140466228332337
0.646383741781231
0.0194859533771668
0.00573819485953378
0.0717274357441721
0.258696951583981
0.0277346084877466
0.187208607292289
0.0469814704124328
0.151464435146444
0.181709503885236
0.112970711297071
0.143215780035864
0.0854751942618051
0.14596533173939
0.121219366407651
0.107471607890018
0.69587567244471
0.0950986252241486
0.214704124327555
0.121219366407651
0.0744769874476987
0.387925881649731
0.0497310221159594
0.107471607890018
0.000239091452480579
0.360430364614465
0.0957860131500299
0.198206814106396
0.15008965929468
0.198206814106396
0.101972504482965
0.403478033472804
0.104722056186491
0.169336521219366
0.0222355050806934
0.121219366407651
1.14130304841602
0.42504482964734
0.0717274357441721
0.264196054991034
0.200956365809922
0.189958158995816
0.0126120741183503
0.0493873281530186
0.354931261207412
0.0469814704124328
0.151464435146444
0.0194859533771668
0.195457262402869
0.0576359832635983
0.0882247459653317
0.209205020920502
0.352095786013151
0.121219366407651
0.331560071727436
0.101972504482965
0.143215780035864
0.0359832635983264
0.15008965929468
0.0717274357441721
0.187208607292289
0.134193813508667
0.0277346084877466
0.140466228332337
0.16246264196055
0.00848774656306037
0.119844590555888
0.0139868499701136
0.137716676628811
1.32139868499701
0.110564853556486
0.173460848774656
0.352181709503885
0.0566049013747759
0.121219366407651
0.066228332337119
0.148714883442917
0.011237298266587
0.0139868499701136
0.123968918111177
0.231201434548715
0.126718469814704
0.132217573221757
0.470412432755529
0.261446503287507
0.0744769874476987
0.0194859533771668
0.0744769874476987
0.052480573819486
0.00848774656306037
0.0167364016736402
0.132217573221757
0.484160191273162
0.187208607292289
0.0469814704124328
0.0854751942618051
0.343933054393305
0.0332337118947998
0.0359832635983264
0.192707710699342
0.0854751942618051
0.242199641362821
0.129468021518231
0.066228332337119
0.100855499103407
0.0579796772265391
0.038732815301853
0.0332337118947998
0.250448296473401
0.360430364614465
0.0689778840406455
0.104722056186491
0.0277346084877466
0.15421398684997
0.0579796772265391
0.0563900926479379
0.228451882845188
0.0414823670053796
0.0964734010759115
0.0167364016736402
0.173460848774656
0.222952779438135
0.00848774656306037
0.099222952779438
0.0442319187089062
0.178272564255828
0.0937238493723849
0.195457262402869
0.0827256425582784
0.0923490735206214
0.066228332337119
0.151464435146444
0.048356246264196
0.0579796772265391
0.137716676628811
0.0607292289300657
0.0744769874476987
0.198206814106396
0.0222355050806934
0.0854751942618051
0.0401075911536162
0.0827256425582785
0.0359832635983264
0.15421398684997
0.195457262402869
0.0139868499701136
0.101972504482965
0.0964734010759115
0.115720263000598
0.00298864315600717
0.165212193664077
2.49133293484758
0.0572922893006576
0.214704124327555
0.173460848774656
0.011237298266587
0.137716676628811
0.236700537955768
0.0992229527794381
0.156963538553497
0.250448296473401
0.112970711297071
0.173460848774656
0.0909742976688582
0.0813508667065152
0.198206814106396
0.0772265391512253
0.134967124925284
0.000239091452480579
0.0909742976688584
0.00298864315600717
0.16246264196055
0.0827256425582785
0.0950986252241483
0.0194859533771668
0.066228332337119
0.0882247459653317
0.319187089061566
0.14596533173939
0.246323968918111
0.0497310221159594
0.0359832635983264
0.136341900777047
0.233950986252241
0.0882247459653317
0.0731022115959355
0.14596533173939
0.169336521219366
0.165212193664076
0.112970711297071
0.178272564255828
0.14596533173939
0.167961745367603
0.000239091452480579
0.0799760908547519
0.066228332337119
0.0442319187089062
7.17106993424987
0.0909742976688584
0.0717274357441721
0.0992229527794381
0.0634787806335923
0.0222355050806934
0.123968918111178
0.385863717872086
0.0607292289300657
0.128608786610879
0.100597728631201
0.173460848774656
0.132217573221757
0.0827256425582785
0.110221159593545
0.115720263000598
0.0359832635983264
0.0799760908547519
0.112970711297071
0.134967124925284
0.0799760908547519
0.200956365809922
0.00848774656306037
0.0139868499701136
0.0950986252241483
0.123968918111178
0.129468021518231
0.115720263000598
0.066228332337119
0.236700537955768
0.233950986252241
0.0194859533771668
0.0359832635983264
0.792109982068141
0.14596533173939
0.0799760908547519
0.0992229527794381
0.143215780035864
0.0854751942618051
0.211954572624029
0.066228332337119
0.167961745367603
0.14596533173939
0.31678123132098
0.0634787806335923
0.0909742976688584
0.0772265391512253
0.115720263000598
0.0772265391512253
0.221578003586372
0.0799760908547519
0.0552301255230126
0.104722056186491
0.112970711297071
0.216078900179318
0.0882247459653317
0.00298864315600717
0.638135086670651
0.107471607890018
0.0806634787806335
0.107471607890018
0.066228332337119
0.052480573819486
0.112970711297071
0.0744769874476987
0.896592946802152
0.125343693962941
0.00848774656306037
0.101972504482965
0.0222355050806934
0.121219366407651
0.335684399282725
0.0717274357441721
0.0497310221159594
0.110221159593545
0.0758517632994618
0.0717274357441721
0.143215780035864
0.132904961147639
0.128093245666467
0.0593544530783024
0.0964734010759115
0.203705917513449
0.0222355050806934
0.0847878063359236
0.052480573819486
0.396174536760311
0.02498505678422
0.104722056186491
0.0277346084877466
0.011237298266587
0.00848774656306037
0.0414823670053796
0.242199641362821
0.0222355050806934
0.135654512851165
0.126718469814704
0.0950986252241482
0.236700537955769
0.357680812910938
0.293066347878064
3.30794979079498
7.05833831440526
0.118469814704124
0.203705917513449
0.192707710699342
0.294441123729827
0.181709503885236
0.184459055588763
0.198206814106396
0.15421398684997
0.396174536760311
0.0607292289300657
0.0909742976688584
0.277943813508667
0.123968918111178
0.15421398684997
0.0414823670053796
0.093723849372385
0.185833831440526
0.218828451882845
0.0561752839210999
0.338433950986252
0.269007770472206
0.0744769874476987
0.200956365809922
0.121219366407651
0.121906754333532
0.225702331141662
0.115720263000598
0.0895995218170951
0.000239091452480579
0.0717274357441721
0.089599521817095
0.038732815301853
0.198206814106396
0.0469814704124328
0.0222355050806934
0.280349671249252
4.19330543933054
0.071727435744172
0.266945606694561
0.236700537955768
0.192707710699342
0.16246264196055
0.0167364016736402
7.06727435744172
0.0414823670053796
0.481410639569635
0.173460848774657
0.159713090257023
0.209205020920502
0.159713090257023
0.107471607890018
0.129468021518231
0.14596533173939
0.112970711297071
0.0882247459653317
0.14596533173939
0.269695158398087
0.066228332337119
0.0915757621040052
0.139091452480573
0.139778840406455
0.0689778840406456
9.46969515839809
0.539151225343694
0.00848774656306037
0.250448296473401
0.115720263000598
0.0854751942618051
0.140466228332337
1.74070531978482
0.0277346084877466
0.0277346084877466
0.0222355050806934
0.261446503287507
0.00573819485953378
0.0854751942618054
0.0648535564853557
0.101972504482965
0.0332337118947998
0.0992229527794381
0.184459055588763
0.0469814704124328
0.0359832635983264
0.15421398684997
0.0909742976688584
0.100597728631201
0.126718469814704
0.129811715481172
0.0497310221159593
0.165212193664077
0.0442319187089062
0.0167364016736402
0.0992229527794381
0.187208607292289
0.0552301255230126
0.0304841601912732
0.116063956963538
0.0139868499701136
0.0277346084877466
0.0469814704124328
0.143215780035864
0.165212193664077
0.0882247459653317
0.167961745367603
0.137716676628811
0.108846383741781
0.910340705319785
0.151464435146444
0.701374775851763
0.272444710101614
0.0579796772265392
0.122594142259414
0.0992229527794381
0.0744769874476987
0.0799760908547519
0.066228332337119
3.23371189479976
0.0765391512253438
0.0538553496712493
0.17071129707113
0.00848774656306037
0.211954572624029
0.200956365809922
0.011237298266587
0.101972504482965
1.11655708308428
0.562522414823671
0.0277346084877466
0.0772265391512253
0.261446503287507
0.0456066945606695
0.066228332337119
0.110221159593545
0.0964734010759118
0.222952779438135
0.0772265391512253
0.277943813508667
0.0488288254632398
0.280693365212194
0.0854751942618051
0.208861326957561
0.0689778840406455
1.06156604901375
0.0909742976688584
0.184459055588763
0.000239091452480579
0.079976090854752
0.052480573819486
0.159713090257023
0.393424985056784
0.0414823670053796
0.0964734010759115
0.038732815301853
0.327435744172146
0.0882247459653317
0.104722056186491
0.0552301255230126
0.264196054991034
0.336371787208607
0.126718469814704
0.118469814704124
0.198206814106396
0.214704124327555
0.0634787806335923
0.132217573221757
0.000239091452480579
0.451165570830843
0.104722056186491
0.0332337118947998
0.0497310221159594
0.0222355050806934
0.181709503885236
0.123968918111178
0.0497310221159594
0.0621040047818291
0.0964734010759115
0.200956365809922
0.0717274357441721
0.0937238493723849
0.172086072922893
0.0442319187089062
0.052480573819486
0.141841004184101
0.255947399880454
0.0799760908547519
0.150777047220562
0.143215780035864
0.225702331141662
0.134967124925284
0.129468021518231
0.112970711297071
0.0414823670053796
1.30902570233114
0.15421398684997
0.140466228332337
0.159025702331142
0.132217573221757
0.173460848774656
0.0194859533771668
0.0304841601912732
0.0882247459653317
0.0497310221159594
0.668380155409444
0.038732815301853
0.206455469216976
0.129468021518231
0.0167364016736402
0.220203227734608
0.335684399282725
0.0847878063359236
0.266945606694561
0.0909742976688584
0.00848774656306037
0.464913329348476
0.0497310221159594
0.187208607292289
0.0579796772265391
0.0414823670053796
0.111595935445308
0.00298864315600717
0.00848774656306037
0.128093245666468
0.140466228332337
0.0469814704124328
0.159713090257023
0.258696951583981
0.02498505678422
0.805857740585774
0.052480573819486
0.223640167364017
1.2732815301853
0.121219366407651
0.0552301255230125
0.0981918708906158
0.156963538553497
0.0950986252241483
0.066228332337119
0.0332337118947998
0.231201434548715
0.126718469814704
0.288942020322773
0.134967124925284
0.187208607292289
0.09166168559474
0.0988792588164973
0.140466228332337
0.0992229527794381
0.20009713090257
0.243574417214585
0.15008965929468
0.132217573221757
0.365929468021518
0.0593544530783024
0.0895995218170952
0.0799760908547521
0.137716676628811
0.0222355050806934
0.0497310221159594
0.0717274357441721
1.35026897788404
0.0744769874476987
0.192707710699342
0.050418410041841
0.173460848774656
0.038732815301853
0.332934847579199
0.0758517632994623
1.00382546323969
0.0222355050806934
0.0442319187089062
0.327435744172146
0.0607292289300657
0.132217573221758
0.104722056186491
0.0634787806335923
0.0552301255230126
0.0992229527794381
0.038732815301853
0.357680812910938
0.118469814704124
0.0634787806335923
0.187208607292289
0.110221159593545
0.0744769874476987
0.247698744769874
0.0882247459653317
0.0552301255230126
0.140466228332337
0.0359832635983263
0.0744769874476987
0.255947399880454
0.310938433950986
0.0621040047818291
0.163837417812313
0.126718469814704
0.02498505678422
0.233950986252241
0.0717274357441721
12.2329946204423
0.143215780035864
0.214704124327555
0.0607292289300657
0.104722056186491
0.231201434548715
0.178959952181709
0.321936640765093
0.0634787806335923
0.115720263000598
0.0731022115959355
0.0772265391512253
0.0414823670053796
0.111595935445308
0.112283323371189
0.0827256425582785
0.110221159593545
0.0304841601912732
0.0772265391512253
0.0194859533771668
0.0607292289300657
0.0222355050806934
0.0552301255230126
0.0607292289300657
0.209205020920502
0.187208607292289
0.121219366407651
0.0895995218170952
0.288942020322773
0.052480573819486
0.231201434548715
0.140466228332337
0.0469814704124328
0.0964734010759115
0.00298864315600717
0.401673640167364
0.0167364016736402
0.0717274357441721
0.338433950986252
0.139864763897191
0.0607292289300657
0.176210400478183
0.0841004184100418
0.0964734010759115
0.0607292289300657
0.0621040047818291
0.0584952181709504
0.0827256425582785
0.184459055588763
0.0167364016736402
0.00298864315600717
0.0827256425582785
0.222952779438135
0.0634787806335923
0.00573819485953378
0.0167364016736402
0.0167364016736402
0.0414823670053796
0.0964734010759115
0.176210400478183
0.148714883442917
0.148714883442917
0.126718469814704
0.101972504482965
0.0772265391512253
0.131143529587567
0.121219366407651
0.156276150627615
0.0868499701135687
0.198206814106396
0.0442319187089062
0.0579796772265391
0.066228332337119
0.143215780035864
0.0552301255230126
0.0524805738194859
0.269695158398087
0.0854751942618051
0.0689778840406455
0.231201434548715
0.122594142259414
0.269007770472206
0.0937238493723849
0.034608487746563
0.066228332337119
0.123968918111178
0.178959952181709
0.0414823670053796
0.0634787806335923
0.0167364016736402
0.0689778840406455
0.0882247459653317
0.247698744769874
0.0552301255230126
0.107471607890018
0.121219366407651
0.224327555289898
0.0909742976688584
0.0277346084877466
2.22875074716079
0.152839210998207
0.075851763299462
0.0442319187089062
0.0194859533771668
0.0469814704124328
0.0414823670053796
0.14596533173939
0.052480573819486
0.0579796772265391
0.0483562462641961
0.0710400478182907
0.0964734010759115
0.203705917513449
0.0992229527794381
0.214704124327555
0.2916915720263
0.00848774656306037
0.258696951583981
0.126718469814704
0.233950986252241
0.02498505678422
0.184459055588763
0.173460848774656
0.203705917513449
0.0586670651524207
0.140466228332337
0.140466228332337
0.213329348475792
0.159713090257023
0.0978481769276748
0.0882247459653317
0.0607292289300657
0.066228332337119
0.0689778840406455
0.0609010759115363
0.0669157202630005
0.052480573819486
0.134967124925284
0.0676031081888821
0.109705618649133
0.272444710101614
0.0992229527794381
0.0552301255230126
0.0937238493723849
0.0497310221159594
0.0208607292289301
0.0414823670053796
0.101972504482965
0.819605499103407
0.0222355050806934
0.107471607890018
0.275194261805141
0.066228332337119
0.143215780035864
0.198206814106396
0.16246264196055
0.0552301255230126
0.0304841601912732
0.110221159593545
0.261446503287507
0.0854751942618051
0.0414823670053796
0.02498505678422
0.121219366407651
0.132217573221757
0.038732815301853
0.126718469814704
0.162462641960549
0.144590555887627
0.122594142259414
0.473161984459056
0.110221159593544
0.129468021518231
0.121219366407651
0.244949193066348
0.155588762701733
0.176554094441124
0.473161984459056
0.418170950388524
0.038732815301853
0.0992229527794381
0.0920053795576808
0.156963538553497
0.167961745367603
0.052480573819486
0.198206814106396
0.178959952181709
0.16246264196055
0.151464435146444
0.115720263000598
0.178959952181709
0.0937238493723849
0.0607292289300657
0.0359832635983264
0.258696951583981
0.0744769874476987
0.511655708308428
0.0414823670053796
0.066228332337119
0.111595935445308
0.195457262402869
0.297190675433353
0.0717274357441721
0.0194859533771668
0.112970711297071
0.00848774656306037
0.143559473998805
0.0827256425582785
0.0717274357441721
0.0139868499701136
0.0634787806335923
0.118469814704124
0.011237298266587
0.0827256425582785
0.239450089659295
0.117782426778243
0.00298864315600717
0.110221159593545
0.0414823670053796
0.160916019127316
0.107471607890018
0.181709503885236
0.209205020920502
0.0689778840406455
0.15421398684997
0.0882247459653317
0.0909742976688584
0.143215780035864
0.0194859533771668
0.118469814704124
0.112970711297071
0.0497310221159594
0.0421697549312613
0.0126120741183503
0.200956365809922
0.16246264196055
0.130842797369994
0.0964734010759115
0.02498505678422
0.02498505678422
0.0442319187089062
0.0469814704124328
0.42092050209205
0.243574417214585
0.0689778840406455
0.181709503885236
0.0634787806335923
0.42092050209205
0.0126120741183503
0.011237298266587
0.250448296473401
0.15421398684997
0.143215780035864
0.148714883442917
0.0497310221159594
0.17071129707113
0.00711297071129707
0.0607292289300657
0.0937238493723849
0.610639569635385
0.181709503885236
0.159713090257023
0.15421398684997
0.0923490735206215
0.671129707112971
0.0222355050806934
0.0717274357441721
0.00573819485953378
0.0139868499701136
0.167961745367603
0.163837417812313
0.00298864315600717
0.258696951583981
0.066228332337119
0.194769874476987
0.066228332337119
0.123968918111178
0.631604901374777
0.011237298266587
0.0435445307830245
0.756365809922295
0.0497310221159594
0.247698744769874
0.0552301255230126
0.0689778840406455
0.115720263000598
0.0717274357441721
0.123968918111178
0.0359832635983264
0.0304841601912732
0.17071129707113
0.231201434548715
0.0799760908547519
0.0761954572624029
0.121219366407651
0.0676031081888823
0.144590555887627
0.517326658696952
0.123968918111178
0.00298864315600717
0.0167364016736402
0.0799760908547519
0.121219366407651
1.1083084279737
0.052480573819486
0.0937238493723849
0.104722056186491
0.0359832635983264
0.148714883442917
0.0772265391512253
0.0772265391512253
0.338433950986252
0.0552301255230126
0.0304841601912732
0.011237298266587
0.0717274357441721
0.0469814704124328
0.0139868499701136
0.228451882845188
0.0937238493723849
0.133592349073521
0.115720263000598
0.0222355050806934
0.0868499701135687
0.187208607292289
0.0442319187089062
0.052480573819486
0.118469814704124
0.159713090257023
0.272444710101614
0.544650328750747
0.580394500896593
0.0566049013747758
0.0758517632994622
0.272444710101614
0.0799760908547519
0.0332337118947998
0.129468021518231
0.0552301255230126
0.00298864315600717
0.052480573819486
0.0552301255230126
0.0139868499701136
0.159713090257023
0.107471607890018
0.439093320382546
0.0332337118947998
0.178959952181709
0.0291093843395099
0.0717274357441721
0.167961745367603
0.107471607890018
0.121219366407651
0.038732815301853
0.178959952181709
0.148714883442917
0.02498505678422
0.199237895995218
0.00298864315600717
0.0359832635983264
0.011237298266587
0.123968918111178
0.0772265391512253
0.220203227734608
0.217453676031082
0.385176329946204
0.0937238493723849
0.247698744769874
0.137716676628811
0.121219366407651
0.148714883442917
0.160400478182905
0.123968918111178
0.0634787806335923
0.0634787806335923
0.0277346084877466
0.112970711297071
0.0767969216975493
0.0579796772265391
0.123968918111178
0.310938433950986
0.052480573819486
1.35851763299462
0.178616258218769
0.0882247459653317
0.266945606694561
0.0304841601912732
0.000239091452480579
0.118469814704124
0.203705917513449
0.140466228332337
0.110221159593545
0.0277346084877466
0.110221159593545
0.635385534967125
0.0744769874476988
0.00848774656306037
0.137716676628811
0.14596533173939
0.0332337118947998
0.0414823670053796
0.231888822474596
0.0799760908547519
0.203705917513449
0.16246264196055
0.321936640765093
0.165212193664077
0.0937238493723849
0.387925881649731
0.0895995218170949
0.0126120741183503
0.0992229527794381
0.176210400478183
0.143215780035864
0.244949193066348
0.25422893006575
0.16246264196055
0.0167364016736402
0.192707710699342
0.233950986252241
0.106440526001196
0.159713090257023
0.0799760908547519
1.22378959952182
0.0717274357441721
0.0868499701135686
0.167961745367603
0.095098625224148
0.519904363419008
0.0304841601912732
0.0717274357441721
0.288942020322773
0.112970711297071
0.137716676628811
0.0277346084877466
0.181709503885236
0.0332337118947998
0.227077106993425
0.134967124925284
0.233950986252241
0.207486551105798
0.0359832635983264
0.265033809025702
0.0359832635983264
0.332934847579199
0.0634787806335923
0.356306037059175
0.0579796772265391
0.0579796772265391
0.0552301255230126
0.0758517632994621
0.167961745367603
0.011237298266587
0.02498505678422
0.0882247459653317
0.143215780035864
0.0689778840406455
0.02498505678422
0.0772265391512253
0.038732815301853
0.176210400478183
0.0277346084877466
0.258696951583981
0.0167364016736402
0.178959952181709
0.192707710699342
0.182568738792588
0.066228332337119
0.327435744172146
0.0909742976688584
0.156963538553497
0.052480573819486
0.0854751942618051
0.390675433353257
0.330185295875672
0.448416019127316
0.0222355050806934
0.0332337118947998
0.442916915720263
0.143215780035864
0.426419605499103
0.0909742976688584
0.00298864315600717
0.0634787806335923
0.16246264196055
0.0579796772265391
0.0607292289300657
0.0469814704124328
0.0634787806335923
0.011237298266587
0.126718469814704
0.066228332337119
0.0497310221159594
0.129468021518231
1.89193066347878
0.011237298266587
0.0552301255230126
0.000239091452480579
0.15008965929468
0.17071129707113
0.0717274357441721
0.286192468619247
0.123968918111178
0.159713090257023
0.00573819485953378
0.0882247459653317
3.49216975493126
0.231201434548715
0.198206814106396
0.134967124925284
0.0194859533771668
0.0744769874476987
2.79928272564256
0.0497310221159594
0.130155409444112
0.0717274357441721
0.176210400478183
0.29994022713688
0.464913329348476
0.0607292289300657
0.0222355050806934
0.387925881649731
0.231201434548715
0.115720263000598
0.0277346084877466
0.00573819485953378
0.0827256425582785
0.165212193664077
0.294441123729827
0.101972504482965
0.165212193664077
0.181709503885236
0.0799760908547521
0.00848774656306037
0.0607292289300657
0.159713090257023
0.066228332337119
0.14596533173939
0.121219366407651
0.209205020920502
0.00573819485953378
0.173460848774656
0.616138673042439
0.0194859533771668
0.324686192468619
0.184459055588763
0.115720263000598
0.0634787806335923
0.0992229527794381
0.185146443514644
0.238419007770472
0.0964734010759115
0.139091452480574
19.3543335325762
0.00573819485953378
0.0964734010759115
1.5729826658697
0.00298864315600717
0.115720263000598
0.151464435146444
0.000239091452480579
0.0717274357441721
0.0744769874476987
0.118469814704124
0.183084279737
0.0717274357441721
1.58947997609085
0.052480573819486
0.305439330543933
0.0579796772265391
0.0469814704124328
0.768051404662282
0.181709503885236
0.0772265391512255
0.0277346084877466
0.0799760908547519
0.101972504482965
0.0937238493723849
0.0937238493723849
0.167961745367603
0.101972504482965
0.101972504482965
0.0696652719665272
0.0909742976688584
0.0222355050806934
0.0579796772265391
0.0552301255230126
0.0634787806335923
0.0442319187089062
0.104722056186491
0.122594142259414
0.83747758517633
0.0414823670053796
0.482785415421398
0.0882247459653317
0.16246264196055
0.121219366407651
0.195457262402869
0.0222355050806934
0.00848774656306037
0.178959952181709
0.0277346084877466
0.467662881052002
0.141132135385535
0.0139868499701136
0.0277346084877466
0.279232665869695
0.152839210998207
0.0827256425582785
0.071727435744172
0.184459055588763
0.011237298266587
0.0689778840406455
0.0497310221159594
0.250448296473401
0.0799760908547519
0.00573819485953378
0.720621637776449
0.0854751942618051
0.101972504482965
0.112970711297071
0.0332337118947998
0.0937238493723849
0.066228332337119
0.118469814704124
0.132217573221757
0.0772265391512256
0.118469814704124
0.0139868499701136
0.0717274357441721
0.115720263000598
0.0751643753735803
0.0634787806335923
0.0799760908547519
0.00573819485953378
0.0304841601912732
0.0607292289300657
0.206455469216976
0.907591153616258
0.0799760908547519
0.805857740585774
0.112970711297071
0.0868499701135685
0.258696951583981
0.0992229527794381
0.104722056186491
0.156963538553497
0.0167364016736402
0.0689778840406455
0.587955768081291
0.00573819485953378
0.0717274357441721
0.211954572624029
0.0607292289300657
0.0744769874476987
0.121219366407651
0.104722056186491
0.173460848774656
0.15421398684997
0.0895995218170948
0.00848774656306037
0.115720263000598
0.126718469814704
0.0552301255230124
0.0524805738194858
0.011237298266587
0.176210400478183
0.264196054991034
0.115720263000598
0.110221159593545
0.0277346084877466
0.141153616258219
0.02498505678422
0.0575285789001794
0.0352958756724448
0.0469814704124328
0.206455469216976
0.121219366407651
0.132217573221757
0.0442319187089062
0.118469814704124
0.0772265391512253
0.148714883442917
0.0689778840406455
0.165212193664077
0.0964734010759115
0.240824865511058
0.321936640765093
0.0304841601912732
0.101972504482965
0.472474596533174
0.148714883442917
0.156276150627615
0.111595935445308
0.137716676628811
0.0607292289300657
0.203448147041243
0.181709503885236
0.727495517035265
0.0854751942618052
0.203705917513449
0.107471607890018
0.011237298266587
0.130842797369994
0.48347280334728
0.0827256425582785
0.117095038852361
0.0992229527794381
0.0964734010759115
0.104722056186491
0.0497310221159594
0.15421398684997
0.107471607890018
0.0414823670053796
0.250448296473401
0.066228332337119
0.0414823670053796
0.0194859533771668
0.0689778840406455
0.0937238493723849
0.0304841601912732
0.118469814704124
0.00573819485953378
0.17913179916318
0.0579796772265391
0.247698744769874
0.253863755230126
0.173460848774656
0.0194859533771668
0.305439330543933
0.198206814106396
0.183084279736999
0.330185295875672
0.0607292289300657
0.121219366407651
0.852600119545726
0.0744769874476987
0.0194859533771668
0.42092050209205
0.0442319187089062
0.343933054393305
0.0380454273759714
0.0689778840406455
1.31727435744172
0.0744769874476987
0.123968918111178
0.0304841601912732
0.178959952181709
0.0607292289300657
0.277943813508667
0.02498505678422
0.151808129109385
0.0909742976688584
0.0741332934847582
0.0634787806335925
0.000239091452480579
0.066228332337119
0.0806634787806338
0.591392707710699
0.0401075911536163
0.0799760908547519
1.00382546323969
0.158682008368201
0.0359832635983264
0.167961745367603
0.0909742976688584
0.209205020920502
0.511655708308428
0.161087866108787
0.0579796772265391
0.02498505678422
0.0792887029288702
0.103347280334728
0.863598326359833
0.0964734010759117
0.179647340107591
0.222952779438135
0.0854751942618051
0.0442319187089062
0.15421398684997
0.118469814704124
0.409922295277943
0.178959952181709
0.333450388523611
0.0717274357441721
0.0772265391512253
0.0854751942618051
0.390675433353258
0.0607292289300657
0.0401075911536162
0.0414823670053796
0.011237298266587
0.0827256425582785
0.0511057979677227
0.0497310221159594
0.0909742976688584
0.0978481769276749
0.0889121338912134
0.0167364016736402
0.173460848774656
0.0277346084877466
0.231201434548715
0.180334728033473
0.038732815301853
0.189958158995816
0.0277346084877466
0.0277346084877466
0.0799760908547519
0.200956365809922
0.222952779438135
0.0744769874476987
0.0304841601912732
0.1418410041841
0.0731022115959354
0.0634787806335923
0.0744769874476987
0.0332337118947998
0.066228332337119
0.0607292289300657
0.132217573221757
0.203705917513448
0.0689778840406455
0.0799760908547519
0.126718469814704
0.0277346084877466
0.121219366407651
0.340152420800956
0.236700537955768
0.00298864315600717
0.0703526598924088
0.118469814704124
0.819605499103407
0.0744769874476987
0.066228332337119
0.484160191273162
0.0909742976688586
0.17071129707113
0.0717274357441722
0.163837417812313
0.0139868499701136
0.02498505678422
0.825104602510458
0.0414823670053796
0.0909742976688584
0.0854751942618051
0.0744769874476987
0.101972504482965
0.0167364016736402
0.00848774656306037
0.126718469814704
0.247698744769874
0.0634787806335923
0.115720263000598
0.0442319187089062
0.297190675433353
0.206455469216976
0.0772265391512253
0.0359832635983264
0.280693365212194
0.0744769874476987
0.126718469814704
0.187208607292289
0.187208607292289
0.0985355648535565
0.0717274357441721
0.148714883442917
0.426419605499103
0.16246264196055
0.0277346084877466
0.011237298266587
0.066228332337119
0.255947399880454
0.181709503885236
0.368679019725045
0.0786013150029887
0.0937238493723849
0.273733562462642
0.00848774656306037
0.0277346084877466
0.138404064554692
0.198206814106396
0.132217573221757
0.16246264196055
0.196832038254632
0.0909742976688584
0.038732815301853
0.115720263000598
0.327435744172146
0.0607292289300657
0.0992229527794381
0.0689778840406455
0.0694934249850568
0.0744769874476987
0.0854751942618051
0.2916915720263
0.288942020322773
0.106956066945607
0.178959952181709
0.011237298266587
0.0689778840406455
0.352181709503885
0.0854751942618051
0.165212193664077
0.192707710699342
0.140466228332337
0.038732815301853
0.126718469814704
0.0414823670053796
0.275194261805141
0.123968918111178
0.0799760908547519
0.0607292289300657
0.121219366407651
0.126718469814704
0.506156604901375
0.45872683801554
0.000239091452480579
0.00573819485953378
0.393424985056784
0.0139868499701136
0.277943813508667
0.0799760908547519
0.16658696951584
0.0937238493723852
0.209205020920502
0.231201434548715
0.272444710101614
0.0992229527794381
0.225702331141662
0.0964734010759115
0.799671249252839
0.265570830842797
0.14596533173939
0.121219366407651
0.0703526598924087
0.0964734010759115
0.127062163777645
0.174491930663479
0.176210400478183
0.0552301255230125
0.0700089659294682
0.0882247459653317
0.0469814704124328
0.495158398087268
0.742618051404662
0.165212193664077
0.258696951583981
0.097160789001793
0.227721533173939
0.0662283323371191
0.101972504482965
0.148714883442917
0.16246264196055
0.233950986252241
0.0359832635983264
0.038732815301853
0.178959952181709
0.148027495517035
0.0841004184100416
0.390675433353258
0.00573819485953378
0.0909742976688584
0.28344291691572
0.130842797369994
0.189958158995816
0.052480573819486
0.233950986252241
0.176210400478183
0.02498505678422
0.544650328750747
0.129468021518231
0.0950986252241483
0.0895995218170953
0.000239091452480579
0.140466228332337
0.169336521219366
0.0992229527794381
0.202331141661686
0.108846383741782
0.0744769874476987
0.126718469814704
0.176210400478183
0.0167364016736402
0.188411536162582
15.4829647340108
0.0194859533771668
0.123968918111178
0.137716676628811
0.0139868499701136
0.0332337118947998
0.038732815301853
0.470412432755529
0.150777047220562
0.110221159593545
0.0772265391512253
0.0428571428571429
0.0882247459653317
0.199581589958159
0.0689778840406457
0.02498505678422
0.167961745367603
0.0139868499701136
0.200956365809922
1.25403466826061
0.0909742976688584
0.104722056186491
0.178959952181709
0.011237298266587
0.0277346084877466
0.424357441721459
0.052480573819486
0.0731022115959353
0.0332337118947998
0.038732815301853
0.0497310221159594
0.0469814704124328
0.275194261805141
0.0937238493723849
0.130155409444112
0.0909742976688584
0.0744769874476987
0.132217573221757
0.0304841601912732
0.266945606694561
0.552898983861327
0.0524805738194859
0.038732815301853
0.233950986252242
0.222952779438135
0.306814106395697
0.0909742976688584
0.110221159593545
0.066228332337119
0.00573819485953378
0.136341900777047
0.121219366407651
0.0799760908547519
0.14596533173939
0.497907949790795
0.0689778840406455
0.0167364016736402
0.0607292289300657
0.107471607890018
0.161087866108787
0.478661087866109
0.0277346084877466
0.0332337118947998
0.038732815301853
0.151464435146444
0.0332337118947998
0.115720263000598
0.126718469814704
0.195457262402869
0.0548864315600718
0.0717274357441721
0.0579796772265391
0.0304841601912732
0.0799760908547518
0.43741781231321
0.178959952181709
0.0414823670053796
0.0194859533771668
0.167961745367603
0.0806634787806336
0.0607292289300657
0.00573819485953378
0.148714883442917
0.123968918111178
0.0744769874476988
0.128093245666468
0.101972504482965
10.4375373580394
0.247698744769874
0.00848774656306037
0.15421398684997
0.068290496114764
0.000239091452480579
0.181709503885236
0.140466228332337
0.0607292289300658
0.0277346084877466
0.0909742976688584
0.107471607890018
0.0717274357441721
0.0222355050806934
0.280693365212194
0.118469814704124
0.222952779438135
0.173460848774656
0.15421398684997
0.0937238493723849
0.0139868499701136
0.0607292289300658
0.126718469814704
0.00298864315600717
0.231201434548715
0.189958158995816
0.200956365809922
0.0139868499701136
0.0194859533771668
0.134967124925284
0.473161984459056
0.0222355050806934
0.000239091452480579
0.0332337118947998
0.148714883442917
0.0882247459653317
0.148714883442917
0.0401075911536162
0.151464435146444
0.000239091452480579
0.132217573221757
0.0511057979677226
0.0854751942618051
0.15421398684997
0.0731022115959355
0.038732815301853
0.220203227734608
0.0194859533771668
0.371428571428571
0.181709503885236
0.124656306037059
0.0799760908547519
0.104722056186491
0.137716676628811
0.0194859533771668
0.167961745367603
0.217453676031082
0.965331739390317
0.139778840406456
0.0854751942618051
0.0332337118947998
0.0414823670053796
0.236700537955768
0.192707710699342
0.181709503885236
0.220203227734608
0.253197848176928
0.0964734010759115
0.00298864315600717
0.15421398684997
0.140466228332337
0.00298864315600717
0.0552301255230126
0.151464435146444
0.151464435146444
0.396174536760311
0.110221159593545
0.132217573221757
0.0332337118947998
0.0562612074118351
0.00298864315600717
0.220203227734608
0.117782426778243
0.0655409444112375
0.104722056186491
0.275194261805141
0.16246264196055
0.110908547519426
0.126718469814704
0.176210400478183
0.00573819485953378
0.0359832635983264
0.115720263000598
0.129468021518231
0.0827256425582785
1.40251046025105
0.154213986849971
0.0854751942618051
0.038732815301853
0.151464435146444
0.30818888224746
0.198206814106396
0.15008965929468
0.123968918111178
0.0717274357441721
0.101972504482965
0.144590555887627
0.427407725642558
0.165212193664077
0.0208607292289301
0.0271331440526002
0.02498505678422
0.143215780035864
0.194082486551106
0.110221159593545
0.0930364614465032
0.00848774656306037
0.0854751942618051
0.0992229527794381
0.02498505678422
0.097848176927675
0.0964734010759115
0.151464435146444
0.123968918111178
0.038732815301853
0.0607292289300657
0.140466228332337
0.242199641362821
0.253197848176928
0.119157202630006
0.640884638374178
0.101972504482965
0.02498505678422
0.159713090257023
0.269695158398087
0.200956365809922
0.0167364016736402
0.0194859533771668
0.148714883442917
0.0373580394500896
0.118469814704124
0.038732815301853
0.126718469814704
0.926838015540944
0.0607292289300657
0.107471607890018
0.0634787806335923
0.107471607890018
0.0706963538553497
0.000239091452480579
0.519904363419008
0.0634787806335923
0.011237298266587
0.258696951583981
0.4415421398685
0.0139868499701136
0.101972504482965
0.000239091452480579
0.126718469814704
0.0469814704124328
0.0469814704124328
0.0285938433950987
0.0827256425582785
0.297190675433353
0.101972504482965
0.151464435146444
0.0194859533771668
0.0882247459653317
0.0882247459653317
0.104722056186491
0.140466228332337
0.107471607890018
0.066228332337119
0.198894202032277
0.0648535564853558
0.0222355050806934
0.580394500896593
0.0497310221159594
0.0304841601912732
0.132217573221757
0.0854751942618051
0.066228332337119
0.0469814704124328
0.0167364016736402
0.0607292289300657
0.176210400478183
0.075851763299462
0.0772265391512253
0.415421398684997
0.15421398684997
1.00657501494322
0.253197848176928
0.0689778840406455
0.156963538553497
0.0717274357441721
0.140466228332337
0.368206440526001
0.0909742976688584
0.0992229527794381
0.00298864315600717
0.0799760908547519
0.101972504482965
0.159713090257023
0.067946802151823
0.0167364016736402
0.217453676031082
0.0676031081888823
0.17071129707113
0.011237298266587
0.478661087866109
0.121219366407651
0.0813508667065153
0.02498505678422
0.0332337118947998
0.129468021518231
0.129468021518231
0.0882247459653318
0.167961745367603
0.000239091452480579
0.104722056186491
0.217453676031082
0.0717274357441721
0.112970711297071
0.200956365809922
0.123968918111177
0.84160191273162
0.16246264196055
0.139091452480574
0.0634787806335923
0.0950986252241485
0.126718469814704
0.0222355050806934
0.112970711297071
0.195457262402869
0.223296473401076
0.0497310221159594
0.0717274357441721
0.00848774656306037
0.104722056186491
0.225702331141662
0.0607292289300657
5.32062163777645
0.0988792588164974
0.0772265391512256
0.0634787806335923
0.0854751942618051
0.0937238493723846
0.254916317991632
0.118469814704124
0.214704124327555
0.0662283323371192
0.0744769874476987
0.14596533173939
0.0992229527794381
0.148714883442917
0.115720263000598
0.338777644949193
0.218828451882845
0.0607292289300657
0.0744769874476987
0.0359832635983264
0.294441123729827
0.0937238493723849
0.00298864315600717
0.0854751942618051
0.176210400478183
0.0882247459653317
0.165727734608488
0.1081589958159
0.0799760908547519
0.104722056186491
0.011237298266587
0.0566049013747758
0.0937238493723849
0.0469814704124328
0.02498505678422
0.0717274357441721
0.189958158995816
0.233950986252241
0.156963538553497
0.0634787806335923
0.284817692767484
0.181709503885236
0.156963538553497
0.0875373580394501
0.151464435146444
0.0964734010759115
0.195457262402869
0.187208607292289
0.011237298266587
0.0772265391512252
0.176210400478183
1.43550508069337
0.0277346084877466
0.0854751942618051
0.0277346084877466
0.0634787806335923
0.0359832635983264
1.29527794381351
0.192707710699343
0.194082486551105
0.155588762701733
8.68057381948595
0.207830245068739
0.0552301255230126
0.192707710699342
0.0992229527794381
0.0772265391512253
0.0882247459653317
0.431918708906157
0.00298864315600717
0.187208607292289
0.0222355050806934
0.0909742976688584
0.02498505678422
0.0579796772265391
0.115720263000598
0.107471607890018
0.121219366407651
0.117095038852361
0.0689778840406455
0.580394500896593
0.195457262402869
0.0359832635983264
0.0464659294680216
0.066228332337119
0.128093245666468
0.0634787806335924
0.0332337118947998
0.0194859533771668
0.0717274357441721
0.211954572624029
0.118469814704124
0.0414823670053796
0.0277346084877466
0.187895995218171
0.253197848176928
0.0718992827256428
0.43741781231321
0.0139868499701136
0.140809922295278
0.0799760908547519
0.0854751942618051
0.294441123729827
0.236700537955768
0.122594142259414
0.514577106993425
0.0882247459653317
0.0964734010759115
0.297190675433353
0.0414823670053796
0.0744769874476987
0.0854751942618051
0.14596533173939
0.11657949790795
0.135976725941423
0.0442319187089061
0.127749551703527
0.286192468619247
0.16246264196055
0.539151225343694
0.0717274357441721
0.255947399880454
0.132217573221757
0.0882247459653317
0.203705917513449
0.0552301255230126
0.0772265391512253
0.137716676628811
0.123968918111178
0.310938433950986
0.108674536760311
0.066228332337119
0.286192468619247
0.121219366407651
0.0139868499701136
0.164524805738195
0.0359832635983264
0.14596533173939
0.143215780035864
0.0332337118947998
0.104722056186491
0.120531978481769
0.16246264196055
0.101972504482965
0.17071129707113
0.0552301255230126
0.066228332337119
0.0964734010759115
0.101972504482965
1.67746563060371
0.258696951583981
0.0981059473998804
0.0703526598924091
0.0882247459653317
0.14596533173939
0.0579796772265391
0.118040197250448
0.0703526598924088
0.0469814704124328
0.0332337118947998
0.137716676628811
0.198894202032278
0.0277346084877466
0.261446503287507
0.17071129707113
0.115720263000598
0.132217573221757
1.03682008368201
0.156963538553497
0.0332337118947998
0.0607292289300657
0.052480573819486
0.0827256425582786
0.264196054991034
0.0909742976688584
0.066228332337119
0.172086072922893
0.715122534369396
0.176210400478183
0.112970711297071
0.126718469814704
0.110221159593545
0.387925881649731
0.0882247459653317
0.228451882845188
0.0497310221159594
0.0868499701135685
0.288942020322773
0.0552301255230126
0.0607292289300657
0.0167364016736402
0.184459055588763
0.0373580394500897
0.365929468021518
0.474536760310818
0.0359832635983264
0.390675433353258
0.0992229527794381
0.123968918111177
0.0304841601912732
0.0579796772265391
0.0827256425582785
0.107471607890018
0.0194859533771668
0.324686192468619
0.0882247459653317
0.0593544530783023
0.118469814704124
0.0277346084877466
0.264196054991034
0.102659892408846
1.29527794381351
0.140466228332337
0.0854751942618051
0.0414823670053796
0.112970711297071
0.0607292289300657
0.0139868499701136
0.066228332337119
0.0772265391512253
0.248729826658697
0.0937238493723849
7.78696951583983
0.489659294680215
0.0222355050806934
0.15421398684997
0.0964734010759115
0.183084279737
0.0167364016736402
0.132904961147639
0.0882247459653317
0.0964734010759115
0.115720263000598
0.00573819485953378
0.038732815301853
0.0579796772265391
0.0222355050806934
0.236700537955768
0.178959952181709
0.14596533173939
0.123968918111178
0.132217573221757
0.0882247459653317
0.0497310221159594
0.02498505678422
0.701374775851764
0.0139868499701136
2.67280334728033
0.0167364016736402
0.132217573221757
0.0772265391512253
0.101972504482965
0.137716676628811
0.361805140466228
0.17071129707113
0.0799760908547519
0.224327555289899
0.0909742976688584
0.247698744769874
0.30818888224746
0.0854751942618051
0.217453676031082
0.105409444112373
0.011237298266587
0.149402271368799
0.00298864315600717
0.0944112372982666
0.14596533173939
0.0194859533771668
0.16246264196055
0.0827256425582785
0.121219366407651
0.156963538553497
0.148714883442917
0.187208607292289
0.00848774656306037
0.125343693962941
0.0718133592349074
0.139091452480574
0.203705917513449
0.0937238493723849
1.02444710101614
0.0359832635983264
0.0937238493723849
0.0139868499701136
0.0359832635983264
0.0579796772265391
0.0992229527794381
0.0566049013747758
0.0579796772265391
1.72145845786013
0.0187985654512851
0.547399880454274
0.137716676628811
3.38768679019725
0.293066347878063
0.0552301255230126
0.0552301255230126
0.00573819485953378
0.341183502689779
0.173460848774656
0.178959952181709
0.189958158995816
0.184459055588763
0.0497310221159594
0.0772265391512253
0.192707710699342
0.42092050209205
0.011237298266587
0.192707710699342
0.297190675433353
0.0579796772265391
0.0607292289300657
9.68416019127316
0.0744769874476987
0.0414823670053796
0.165212193664077
0.0827256425582785
0.172086072922893
0.17071129707113
0.038732815301853
0.110221159593545
0.0717274357441721
0.129468021518231
0.121219366407651
0.0332337118947998
0.143215780035864
0.155588762701733
0.217453676031082
0.0469814704124328
0.154213986849971
0.0882247459653317
0.038732815301853
0.187208607292289
0.706873879258816
0.214704124327555
0.253197848176928
0.0964734010759115
0.528153018529588
0.266945606694561
0.0827256425582785
0.0841004184100419
0.0222355050806934
0.563897190675433
0.297190675433353
0.0799760908547519
0.261446503287507
0.137716676628811
0.00298864315600717
0.167961745367603
0.0937238493723849
0.236700537955768
0.0332337118947998
0.533652121936641
0.0332337118947998
0.0607292289300657
0.0332337118947998
0.0442319187089062
0.0607292289300657
0.066228332337119
0.0469814704124329
0.011237298266587
0.0139868499701136
0.2916915720263
0.198206814106396
0.289436080394501
0.682127913927078
0.0167364016736402
0.111595935445308
0.0937238493723849
0.0992229527794381
0.104722056186491
0.189958158995816
0.123968918111178
0.038732815301853
0.0854751942618051
0.337059175134489
0.0552301255230126
0.123968918111177
0.0731022115959354
0.382426778242678
0.0497310221159594
0.0552301255230126
0.172086072922893
0.0772265391512253
0.00573819485953378
0.328294979079499
0.0634787806335923
0.253197848176927
0.393424985056784
0.0882247459653317
0.0799760908547519
0.178959952181709
0.203705917513449
0.176210400478183
0.198206814106396
0.0139868499701136
0.0359832635983264
0.0277346084877466
0.335684399282726
0.107471607890018
0.205424387328152
0.288942020322773
0.124656306037059
0.118469814704124
0.129468021518231
2.89689181111775
0.302689778840406
0.266945606694561
0.0744769874476987
0.0277346084877466
0.0552301255230125
0.156963538553497
0.0469814704124328
0.156276150627615
0.0717274357441721
0.159713090257023
0.107471607890018
0.0469814704124328
0.0414823670053796
0.328380902570234
0.0827256425582785
0.112970711297071
0.110221159593545
0.297190675433353
0.0744769874476989
0.0194859533771668
0.222952779438135
0.00298864315600717
0.390675433353258
0.0511057979677226
0.110221159593545
0.052480573819486
0.0222355050806934
0.178959952181709
0.0992229527794381
0.196144650328751
0.134967124925284
0.720621637776449
0.269695158398087
0.089599521817095
0.0277346084877466
0.31643753735804
0.0992229527794381
0.132217573221757
0.0689778840406455
0.437417812313209
0.924088463837418
0.0676031081888824
0.02498505678422
0.0909742976688584
0.140466228332337
0.0823819485953377
0.0277346084877466
0.15421398684997
0.140466228332337
0.15421398684997
0.272444710101614
0.0139868499701136
0.0744769874476987
0.28344291691572
0.192707710699342
0.0937238493723849
0.00573819485953378
0.181709503885236
0.195457262402869
0.105924985056784
0.0332337118947998
0.0799760908547519
0.280693365212194
0.134967124925284
0.15421398684997
0.178959952181709
0.0703526598924089
0.0689778840406455
0.0586670651524208
0.475911536162582
0.00573819485953378
0.140466228332337
0.0222355050806934
0.0442319187089062
0.183084279737
0.0222355050806934
0.0442319187089062
0.0882247459653317
0.127405857740586
0.0786013150029886
0.0937238493723849
0.214704124327556
0.0579796772265391
0.126031081888822
0.2916915720263
0.0772265391512253
0.242199641362821
0.066228332337119
0.0854751942618051
0.0744769874476987
0.178959952181709
0.118469814704124
0.0579796772265391
0.0222355050806934
0.0717274357441721
0.038732815301853
0.011237298266587
0.0332337118947998
0.134967124925284
0.159713090257023
0.129468021518231
0.0799760908547519
0.165212193664077
0.0964734010759115
0.968081291093843
0.0552301255230126
0.0181111775254035
0.143215780035864
0.203705917513449
0.218828451882845
0.165212193664077
0.0566049013747758
0.066228332337119
0.189958158995816
0.594142259414226
0.104722056186491
0.132217573221757
0.16246264196055
0.192707710699342
0.066228332337119
0.0786013150029888
0.275194261805141
0.0552301255230126
0.198206814106396
0.1372011356844
0.214704124327556
0.682127913927077
0.266945606694561
0.0550153167961746
0.129468021518231
0.330185295875672
0.00573819485953378
0.222952779438135
0.107471607890018
0.14596533173939
0.181709503885236
0.0827256425582786
0.0676031081888823
0.261446503287507
0.187208607292289
0.500657501494322
0.0351240286909743
0.0992229527794381
0.528153018529588
0.0552301255230126
0.15421398684997
0.02498505678422
0.0937238493723849
0.110221159593545
0.0909742976688584
0.255947399880454
0.134967124925284
0.052480573819486
0.0497310221159594
0.156963538553497
0.079976090854752
0.0469814704124328
0.42504482964734
0.134967124925284
0.173460848774656
0.192707710699342
0.137716676628811
0.0944112372982666
0.126718469814704
0.0139868499701136
0.191912918410042
0.0744769874476987
0.103347280334728
0.077913927077107
0.052480573819486
0.871846981470414
0.0579796772265391
0.0744769874476987
0.187208607292289
0.132217573221757
0.228838538553497
0.232576210400478
0.243574417214585
0.139091452480574
1.00932456664674
0.0517931858936043
0.0937238493723849
0.011237298266587
0.0634787806335923
0.404423191870891
0.0813508667065151
0.0332337118947998
0.0717274357441721
0.00298864315600717
0.0304841601912732
0.209205020920502
0.0194859533771668
0.302689778840406
0.231201434548715
0.277943813508667
0.181709503885236
0.206455469216975
0.0882247459653317
0.0827256425582785
0.0387328153018529
0.385176329946204
0.00848774656306037
0.0579796772265391
0.0442319187089062
0.693126120741183
0.242199641362821
0.0304841601912732
0.0634787806335923
0.152151823072325
0.0469814704124328
0.0552301255230126
0.69587567244471
0.14596533173939
0.14596533173939
0.288942020322773
2.32086072922893
0.0593544530783024
0.302346084877466
0.181709503885236
0.0277346084877466
0.0497310221159594
0.167961745367603
0.0854751942618051
0.108846383741781
0.150433353257621
0.242199641362821
0.0827256425582785
0.415421398684997
0.148714883442917
0.255947399880455
0.0689778840406455
0.0504184100418411
0.0456066945606694
0.0579796772265392
0.624387328153018
0.151464435146444
0.17071129707113
0.148714883442917
0.104722056186491
0.178959952181709
1.7228332337119
0.107471607890018
0.00848774656306037
0.123968918111178
0.0304841601912732
0.330185295875672
0.134967124925284
0.119844590555888
0.151464435146444
0.129468021518231
0.0964734010759115
0.247698744769874
0.104722056186491
0.118469814704124
0.148714883442917
0.00848774656306037
0.187208607292289
0.110221159593545
0.0964734010759115
0.107471607890018
0.0263598326359833
0.0181111775254035
0.0717274357441721
0.0909742976688585
0.02498505678422
0.286192468619247
0.580394500896593
0.37898983861327
0.173460848774656
0.151464435146444
0.159713090257023
0.118469814704124
0.038732815301853
0.052480573819486
0.981829049611476
0.110221159593545
0.0304841601912732
0.261446503287507
0.0964734010759115
0.115720263000598
0.148714883442917
0.141841004184101
0.17998029363419
0.15421398684997
0.0511057979677227
0.134967124925284
0.236700537955768
0.0964734010759115
0.0882247459653316
0.184459055588763
0.0139868499701136
0.11228332337119
0.122250448296474
0.0992229527794381
0.194082486551106
0.346682606096832
0.198206814106396
0.0304841601912732
0.123968918111178
0.0579796772265391
0.244949193066348
0.206455469216976
0.0469814704124328
0.107471607890018
0.0359832635983264
0.104722056186491
0.148714883442917
0.0194859533771668
0.126718469814704
0.0937238493723849
0.233950986252241
0.066228332337119
0.173460848774656
0.173460848774656
0.0359832635983264
0.305439330543933
0.011237298266587
0.123968918111178
0.148714883442917
0.0497310221159594
0.409922295277944
1.21004184100418
0.14596533173939
0.0511057979677227
0.354931261207412
0.0827256425582785
0.874596533173939
0.0717274357441724
0.143215780035864
0.0909742976688584
0.0359832635983264
0.00298864315600717
0.0497310221159594
0.167961745367603
0.0167364016736402
0.2916915720263
0.0538553496712494
0.0469814704124328
0.110221159593545
0.0414823670053796
0.200956365809922
0.16246264196055
0.00573819485953378
0.00573819485953378
0.376927674835625
0.126718469814704
0.242199641362821
0.0813508667065152
0.129468021518231
0.115720263000598
0.0689778840406455
0.00848774656306037
0.104722056186491
0.00161386730424387
0.0964734010759115
0.233950986252241
0.118469814704124
0.164524805738195
0.16246264196055
0.0579796772265391
0.038732815301853
0.132217573221757
0.0607292289300657
0.0469814704124328
0.198206814106396
0.184459055588763
0.15421398684997
0.110221159593545
0.269695158398087
0.183084279737
0.000239091452480579
0.00848774656306037
0.0882247459653317
0.118469814704124
0.0799760908547519
0.0717274357441721
0.154557680812911
0.272444710101614
0.280693365212194
0.0304841601912732
0.522653915122534
0.156963538553497
0.0359832635983264
0.63401075911536
0.123968918111178
0.42092050209205
0.123968918111178
0.17483562462642
0.00848774656306037
0.0277346084877466
0.0469814704124328
0.187208607292289
0.0566049013747761
0.176210400478183
0.159713090257023
0.385176329946204
0.255947399880454
0.00298864315600717
0.17071129707113
0.126718469814704
0.0923490735206217
0.0923490735206215
0.144590555887627
0.313687985654513
0.167961745367603
0.110908547519426
0.0139868499701136
0.151464435146444
0.134967124925284
0.130155409444112
0.0744769874476987
0.143215780035864
0.134107890017932
0.140466228332337
0.217453676031082
0.0167364016736402
0.0469814704124328
0.0593544530783026
0.02498505678422
0.011237298266587
0.079976090854752
0.217453676031082
0.112970711297071
0.0359832635983264
0.0964734010759115
0.0442319187089062
0.161087866108787
0.148714883442917
0.159713090257024
0.140466228332337
0.195457262402869
0.0799760908547519
0.261446503287507
0.132217573221757
0.213587118947998
0.112970711297071
0.693126120741183
0.0744769874476987
0.0744769874476987
0.200956365809922
0.165212193664077
0.275194261805141
0.038732815301853
0.177585176329946
0.110221159593545
0.161087866108786
0.112970711297071
0.16246264196055
0.0799760908547519
0.183084279736999
0.217453676031082
0.151464435146444
0.0442319187089062
0.143215780035864
0.129468021518231
0.0304841601912732
0.0689778840406455
0.264196054991034
0.143215780035864
0.137716676628811
0.129468021518231
0.0194859533771668
0.247698744769874
0.0992229527794381
0.0359832635983264
0.00848774656306037
0.00298864315600717
0.038732815301853
0.0359832635983264
0.280693365212194
0.118469814704124
0.110221159593545
0.0194859533771668
0.207830245068739
0.176210400478183
0.110221159593545
0.0442319187089062
0.0772265391512253
0.0882247459653317
0.0964734010759115
0.0552301255230126
0.0854751942618051
0.000239091452480579
0.172429766885834
0.167961745367603
0.202331141661686
0.0882247459653317
0.0772265391512253
0.170711297071129
0.0607292289300657
0.198206814106396
0.0497310221159594
0.111595935445308
0.220203227734608
0.0799760908547519
0.0304841601912732
0.0731022115959354
0.137716676628811
0.104722056186491
0.332934847579199
0.803108188882247
0.0332337118947998
0.0414823670053796
0.0401075911536162
0.0414823670053796
0.0799760908547519
0.000239091452480579
0.156963538553497
0.0222355050806934
0.0813508667065151
0.0772265391512253
0.165212193664077
0.0387328153018529
0.02498505678422
0.115720263000598
0.101972504482965
0.115720263000598
0.16246264196055
0.151464435146444
0.0689778840406455
0.730245068738795
0.280693365212194
0.176210400478183
0.0428571428571428
0.137716676628811
0.048699940227137
0.038732815301853
0.14596533173939
0.115720263000598
0.0882247459653317
0.343933054393306
0.0772265391512253
0.0304841601912732
0.011237298266587
0.261446503287507
0.000239091452480579
0.16246264196055
0.0672594142259412
0.0854751942618051
0.126718469814704
0.118469814704124
0.0373580394500896
0.030827854154214
0.0868499701135687
0.288942020322773
0.0799760908547519
0.233950986252241
0.11262701733413
0.209205020920502
0.0689778840406455
0.0566049013747758
0.0854751942618051
0.0277346084877466
0.134967124925284
0.181709503885236
0.104722056186491
0.0167364016736402
0.149058577405857
0.346682606096832
0.209205020920502
0.159713090257024
0.141153616258219
0.0854751942618051
0.104722056186491
0.178959952181709
0.0304841601912732
0.0304841601912732
0.0552301255230126
0.0181111775254035
0.0167364016736402
0.118469814704124
0.660131500298864
0.184459055588763
0.277943813508667
0.00848774656306037
0.448416019127316
0.0359832635983264
0.0634787806335923
0.0854751942618051
0.0442319187089062
0.156963538553497
0.011237298266587
0.112283323371189
0.0497310221159594
0.225702331141662
0.196832038254632
0.0497310221159594
0.0559175134488942
0.0442319187089062
0.393424985056784
0.101972504482965
0.41267184698147
0.052480573819486
0.142506911237299
0.156963538553497
0.169336521219366
0.0689778840406455
0.0552301255230126
0.132217573221757
0.55839808726838
0.121219366407651
0.110221159593545
0.297190675433353
0.0942393903167965
0.269695158398087
0.0813508667065153
0.0139868499701136
0.196832038254632
0.0497310221159594
0.0277346084877466
0.0882247459653317
0.159713090257023
0.0139868499701136
0.129468021518231
0.000239091452480579
0.0937238493723849
0.107471607890018
0.0414823670053796
0.0139868499701136
0.286192468619247
0.0579796772265391
0.797609085475194
0.038732815301853
0.123968918111178
9.61817095038852
0.126718469814704
0.0304841601912732
0.0861625821876867
0.203705917513449
0.0937238493723847
0.0566049013747758
0.0277346084877466
0.0854751942618051
0.0607292289300657
0.134967124925284
0.090286909742977
0.16246264196055
0.0579796772265391
0.0359832635983264
0.02498505678422
2.10914524805738
0.129468021518231
0.0978481769276747
0.0497310221159594
0.0717274357441721
0.0634787806335923
0.0772265391512253
0.167961745367603
0.206455469216976
0.202331141661686
0.069665271966527
0.115720263000598
0.0497310221159593
0.0222355050806934
0.0827256425582786
0.0689778840406455
0.184459055588763
0.0882247459653317
0.0552301255230126
0.0772265391512253
0.0167364016736402
0.0607292289300657
0.320561864913329
0.0854751942618051
0.000239091452480579
0.209205020920502
0.178959952181709
0.211954572624029
0.0552301255230126
0.0332337118947998
0.0222355050806934
0.132217573221757
0.104722056186491
0.011237298266587
0.121906754333533
0.15421398684997
0.107471607890018
0.0715126270173343
0.052480573819486
0.126718469814704
0.0655409444112373
0.052480573819486
0.0772265391512253
0.104722056186491
0.250448296473401
0.180334728033473
0.00298864315600717
0.0717274357441721
0.225702331141662
0.0469814704124328
0.0497310221159594
0.0579796772265391
0.0469814704124328
0.00848774656306037
0.00848774656306037
0.15421398684997
0.107471607890018
0.228451882845188
1.69396294082487
0.330185295875672
0.224327555289898
0.104722056186491
0.0909742976688585
2.57106993424985
0.390675433353258
0.108846383741781
0.134612690526001
0.401673640167364
0.0854751942618051
0.715122534369396
0.101972504482965
0.02498505678422
0.0579796772265391
0.0194859533771668
0.066228332337119
0.011237298266587
0.052480573819486
0.206455469216976
0.0854751942618051
0.107471607890018
0.148714883442917
0.144590555887628
0.0744769874476987
0.126718469814704
0.178959952181709
0.038732815301853
0.161087866108787
0.16246264196055
0.0332337118947998
0.0414823670053796
0.107471607890018
0.0442319187089062
0.228451882845188
0.178959952181709
0.0579796772265391
0.30818888224746
0.112970711297071
0.137716676628811
0.0139868499701136
0.869097429766886
0.143215780035864
0.14596533173939
0.159713090257023
0.0655409444112373
0.165899581589958
0.379677226539151
0.253197848176928
0.0607292289300657
0.390675433353258
0.0882247459653317
0.0909742976688584
0.176210400478183
0.0579796772265391
0.159713090257023
0.0194859533771668
0.0964734010759115
0.112970711297071
0.0222355050806934
0.0304841601912732
0.0579796772265391
0.134967124925284
0.360430364614465
0.107117173490735
0.0944112372982669
0.112970711297071
0.176210400478183
0.070352659892409
0.038732815301853
0.14596533173939
0.0414823670053796
0.0277346084877466
0.294441123729827
0.107471607890018
0.178959952181709
0.0964734010759115
0.0607292289300658
0.134967124925284
0.0827256425582785
0.0854751942618051
0.17071129707113
0.0964734010759115
0.011237298266587
0.260759115361626
0.0414823670053796
0.0634787806335923
0.0359832635983264
0.107471607890018
0.118469814704124
0.129468021518231
0.0222355050806934
0.0414823670053796
0.101972504482965
0.129468021518231
0.052480573819486
0.123968918111178
0.244949193066348
0.0583233711894798
0.277943813508667
0.0469814704124328
0.0409668260609682
0.313687985654513
0.200956365809922
0.602390914524806
0.0744769874476987
0.0607292289300657
0.0689778840406455
0.453915122534369
0.288942020322773
0.276354228930066
0.011237298266587
0.132217573221757
0.706873879258816
0.0744769874476987
0.253197848176928
0.137716676628811
0.0607292289300657
0.8498505678422
0.0332337118947998
0.132217573221757
0.0332337118947998
0.062104004781829
0.0964734010759115
0.544650328750747
0.110221159593545
0.0139868499701136
0.052480573819486
0.0909742976688584
0.203705917513449
0.011237298266587
0.415421398684997
0.0579796772265391
0.17071129707113
0.638135086670651
0.233950986252242
0.0744769874476987
0.0717274357441721
0.132217573221757
0.117782426778243
0.066228332337119
0.0222355050806934
0.0992229527794381
0.107471607890018
0.00573819485953378
0.0992229527794381
0.110221159593545
0.0854751942618051
0.338433950986252
0.0964734010759115
0.218141063956963
0.321936640765093
0.00573819485953378
0.0442319187089062
0.112970711297071
0.0937238493723849
0.200956365809922
4.44901374775852
2.90376569037657
0.123968918111178
0.137716676628811
0.0799760908547519
0.0222355050806934
0.0634787806335923
0.216078900179319
0.0926927674835624
0.355618649133294
0.0139868499701136
0.0222355050806934
0.0607292289300657
0.0469814704124328
0.220203227734608
0.0950986252241485
0.121219366407651
0.176210400478183
0.126718469814704
0.0586670651524208
0.134967124925284
0.00298864315600717
0.0827256425582785
0.222952779438135
0.121219366407651
0.0579796772265391
0.14596533173939
0.0346084877465631
0.0332337118947998
0.189958158995816
0.110221159593545
0.203705917513449
0.544650328750747
0.264196054991034
0.167961745367603
0.140466228332337
0.0607292289300657
0.206455469216976
0.0469814704124328
0.011237298266587
0.02498505678422
0.110221159593545
0.0717274357441721
0.176210400478183
0.142184698147041
0.178959952181709
0.167961745367603
0.0689778840406455
0.17071129707113
0.0882247459653316
0.0607292289300657
0.0359832635983264
5.82378959952182
0.0497310221159594
0.15421398684997
0.0359832635983264
0.129468021518231
0.0497310221159594
0.382426778242678
0.0167364016736402
0.0964734010759115
0.134967124925284
0.0579796772265391
0.0414823670053796
0.0284219964136282
0.0222355050806934
0.0621040047818291
0.200956365809922
0.117782426778243
0.0304841601912732
0.0552301255230126
0.110221159593545
0.957083084279737
0.123281530185296
0.0497310221159594
0.0469814704124328
0.0717274357441721
0.130842797369994
0.0909742976688584
0.176897788404065
0.167961745367603
0.115720263000598
0.16658696951584
0.17071129707113
0.250448296473401
0.0414823670053796
0.0332337118947998
0.0559175134488943
0.00848774656306037
0.0469814704124328
0.167961745367603
0.174835624626419
0.236700537955768
0.383114166168558
0.0909742976688584
0.101972504482965
0.165212193664077
0.00436341900777048
0.0689778840406455
0.352181709503885
0.654632396891811
0.178959952181709
0.137716676628811
0.17071129707113
0.220203227734608
0.000239091452480579
0.176210400478183
0.103347280334728
0.0854751942618054
0.129468021518231
0.0799760908547519
1.54548714883443
0.16246264196055
0.198206814106396
0.305439330543933
0.0882247459653317
0.123968918111177
0.00573819485953378
0.106096832038254
0.125343693962941
0.156963538553497
2.41159593544531
0.0167364016736402
0.0971607890017936
0.052480573819486
0.148714883442917
0.177585176329946
0.119844590555887
0.0579796772265391
0.0222355050806934
0.0222355050806934
0.0332337118947998
0.233950986252241
0.173460848774656
0.0414823670053796
0.0950986252241482
0.244949193066348
0.0414823670053795
0.0909742976688584
0.14596533173939
0.0194859533771668
0.02498505678422
0.206455469216976
0.211954572624029
0.066228332337119
0.0992229527794381
0.198206814106396
0.038732815301853
0.0167364016736402
0.0222355050806934
0.0827256425582785
0.0414823670053796
0.121219366407651
0.00298864315600717
0.173460848774656
0.0744769874476987
0.129468021518231
0.16246264196055
0.159713090257023
0.0689778840406455
0.0579796772265391
0.195457262402869
0.176210400478183
0.654632396891811
0.0957860131500299
0.225702331141662
0.0634787806335923
0.354931261207412
0.140466228332337
0.401673640167364
0.0799760908547519
0.398924088463837
0.0689778840406455
0.0717274357441722
0.0263598326359833
0.616138673042439
0.0566049013747758
0.0194859533771668
0.0854751942618053
0.407172743574417
0.00298864315600717
0.206455469216976
0.0469814704124328
0.0607292289300657
0.757740585774059
0.16246264196055
0.220203227734608
0.0552301255230126
0.0607292289300657
0.126718469814704
0.0964734010759115
0.0717274357441721
0.134967124925284
0.134967124925284
0.0442319187089062
0.14596533173939
0.231201434548715
0.192707710699342
0.0469814704124328
0.011237298266587
0.0277346084877466
0.478661087866109
0.160217890765093
0.011237298266587
0.181709503885236
0.192707710699342
0.275194261805141
0.0139868499701136
0.195457262402869
0.278631201434549
0.156963538553497
0.0827256425582785
0.104722056186491
0.0139868499701136
0.181709503885236
0.0964734010759115
0.310938433950986
0.206455469216976
0.0359832635983264
0.214704124327555
0.230514046622833
0.286192468619247
0.173460848774656
0.0662283323371189
0.132217573221758
0.00298864315600717
0.0717274357441723
0.111595935445308
0.00848774656306037
0.0634787806335923
0.0538553496712492
0.0579796772265391
0.0634787806335923
0.0579796772265391
0.0937238493723849
0.0194859533771668
0.211954572624029
0.129468021518231
0.126718469814704
0.0634787806335923
1.88643156007173
0.0827256425582785
0.112970711297071
0.0579796772265391
0.0607292289300657
0.143215780035864
0.00848774656306037
0.0139868499701136
0.151464435146444
0.276569037656903
0.0318589360430365
0.156963538553497
0.247698744769874
0.140466228332337
0.08753735803945
0.0909742976688584
0.0469814704124328
0.17071129707113
0.211954572624029
0.137716676628811
0.0827256425582786
0.011237298266587
1.49874476987448
0.118469814704124
0.126718469814704
0.161087866108787
0.134967124925284
0.211954572624029
0.30818888224746
0.159713090257023
3
0.0194859533771668
0.156963538553497
0.313687985654513
0.168305439330544
0.0497310221159594
0.14596533173939
0.147340107591153
0.225702331141662
0.0359832635983264
0.159713090257023
0.0909742976688584
0.101972504482965
0.0634787806335923
0.189958158995816
0.052480573819486
0.297190675433353
2.88451882845188
0.0689778840406455
0.140294381350866
0.134967124925284
0.0332337118947998
0.0937238493723849
0.184459055588763
0.217453676031082
0.242199641362821
0.239450089659295
0.0414823670053796
0.0676031081888823
5.24913329348473
0.0332337118947998
0.277943813508667
0.0442319187089062
0.0469814704124328
0.125343693962941
0.110221159593545
0.0827256425582785
0.066228332337119
0.0194859533771668
0.0469814704124328
0.0744769874476987
