16.2143454871488
27.7982068141064
10.8994620442319
17.1189479976091
27.3087866108787
12.7334130304842
18.3287507471608
12.0790197250448
15.5132098027496
21.301016138673
19.3515839808727
14.581111775254
10.6849970113568
22.3128511655708
17.7128511655708
19.332337118948
15.2877465630604
16.9732217573222
16.7587567244471
14.0202032277346
12.1917513448894
55.68410041841
38.7441721458458
12.6261805140466
12.5574417214585
23.7096234309623
17.0309623430962
16.3435744172146
21.2597728631201
16.6377764494919
20.3111775254035
8.09216975493126
44.0699342498506
15.4637178720861
9.615421398685
18.1775254034668
22.7775254034668
21.1332934847579
14.2869097429767
19.2498505678422
13.3410639569635
20.1929468021518
36.8167961745368
14.319904363419
18.037298266587
22.6482964734011
23.3136879856545
21.0315600717274
12.3539748953975
21.1580394500897
9.35146443514644
19.541303048416
29.1289898386133
23.0634787806336
10.753735803945
9.63466826060968
11.3806335923491
20.8968320382546
16.2225941422594
22.6592946802152
16.5662881052002
8.83729826658697
13.0688583383144
22.9562462641961
17.0502092050209
12.0212791392708
20.1517035265989
12.2934847579199
15.0897788404065
16.6790197250448
11.9305439330544
18.2545128511656
19.9344889420203
20.0692169754931
10.4265391512253
23.7426180514047
65.0107591153616
20.0389719067543
14.0614465032875
14.6416019127316
24.1165570830843
18.5212193664077
15.6039450089659
12.2274955170353
16.2335923490735
13.5610280932457
13.2585774058577
11.8728033472803
38.7525403466826
55.4614465032875
17.0419605499103
12.5546921697549
21.5209802749552
17.0282127913927
14.9962940824866
21.6777047220562
17.6413628212791
12.4832038254632
20.7346084877466
12.7031679617454
18.3782426778243
12.2934847579199
9.75839808726838
0.0882247459653317
15.4554692169755
17.3059175134489
16.9594739988045
35.9560669456067
14.2071727435744
13.5610280932457
13.9514644351464
13.1156007172744
15.3207411835027
12.9836222355051
16.8494919306635
24.4630005977286
27.2208009563658
10.0223550508069
12.2302450687388
18.8869097429767
25.4913329348476
19.4010759115362
16.5305439330544
24.0258218768679
18.8484160191273
26.5416616855947
18.7384339509863
39.5717274357442
12.7884040645547
12.2714883442917
12.3622235505081
25.3098625224148
19.3378362223551
18.7741781231321
20.1682008368201
19.8245068738793
13.442797369994
21.7106993424985
16.079617453676
17.165690376569
30.0307830245069
20.4486551105798
18.710938433951
15.5791990436342
19.0876270173341
14.4518828451883
16.2638374178123
27.1988045427376
11.1001793185894
24.9606694560669
15.4444710101614
14.3419007770472
13.1238493723849
13.5720263000598
11.6555887627017
28.5158398087268
12.8406455469217
12.4199641362821
19.6677824267782
12.7306634787806
19.2526001195457
12.3017334130305
20.1407053197848
14.8203227734608
16.2500896592947
10.7619844590556
29.5771667662881
21.7519426180514
12.8461446503288
9.57967722653915
13.6490137477585
19.8135086670652
17.1381948595338
11.6170950388524
16.1731022115959
13.9899581589958
9.37895995218171
21.4632396891811
14.9110579796772
12.3952181709504
21.35325762104
16.3325762104005
20.2699342498506
14.5976090854752
15.4224745965332
10.4595337716677
14.8203227734608
15.4334728033473
25.582068141064
13.2970711297071
23.3714285714286
28.2738792588165
20.0912133891213
10.4677824267782
33.8251643753736
20.1489539748954
17.8998206814106
12.6289300657501
11.6610878661088
15.4857142857143
17.5451285116557
10.8444710101614
11.2046622833234
20.3441721458458
18.3644949193066
20.987567244471
16.5277943813509
17.6028690974298
51.1610878661088
12.81589958159
9.64841601912732
11.067184698147
15.6231918708906
61.3126120741183
15.5324566646742
21.9801554094441
12.3017334130305
10.1680812910938
14.831320980275
11.991034070532
14.8258218768679
11.2074118350269
13.2448296473401
13.9267184698147
13.1623430962343
7.9821876867902
28.9777644949193
10.7949790794979
38.1805140466228
14.8038254632397
51.8897190675433
14.6141063956964
15.9531380753138
13.6600119545726
20.005977286312
15.6781829049611
13.1018529587567
17.3444112372983
23.0332337118948
16.4150627615063
29.9482964734011
13.1238493723849
25.744291691572
10.7344889420203
20.26168559474
38.4142259414226
14.3776449491931
46.15421398685
11.7160789001793
13.495038852361
19.593544530783
19.1178720860729
34.9937238493724
22.9122534369396
13.3548117154812
11.4411237298267
11.7270771069934
20.5971309025702
12.7719067543335
11.8040645546922
14.7075911536163
14.3419007770472
23.6848774656306
15.9311416616856
16.8109982068141
10.8747160789002
12.3842199641363
14.5151225343694
14.366646742379
12.6591751344889
9.33221757322176
23.6078900179319
15.8624028690974
12.3539748953975
17.9548117154812
12.821398684997
8.57884040645547
19.2883442916916
32.5191273161984
17.217931858936
14.0861924686192
21.0508069336521
11.119426180514
35.4584578601315
14.8450687387926
12.9121338912134
19.4643156007173
19.5523012552301
12.8351464435146
19.7557680812911
17.165690376569
26.3106993424985
12.4694560669456
11.7380753138075
11.7738194859534
17.4268977884041
15.9256425582785
17.4791392707711
19.4780633592349
13.4263000597729
18.7054393305439
14.2869097429767
16.2913329348476
22.1616258218769
11.729826658697
14.9028093245666
16.852241482367
14.5316198445906
11.1854154213987
13.90747160789
43.6849970113568
15.7799163179916
11.2816497310221
19.8684997011357
20.2561864913329
18.4414823670054
13.9129707112971
18.9419007770472
16.5635385534967
13.6572624028691
42.3544530783024
18.0977884040646
25.4418410041841
16.4233114166169
15.0567842199641
15.6919306634788
10.8472205618649
31.8069336521219
19.6595337716677
20.9160789001793
13.3493126120741
31.7190675433353
14.1769276748356
11.6088463837418
22.6510460251046
19.1508667065152
16.0521219366408
15.8459055588763
12.2769874476987
21.4879856545129
23.1927077106993
16.643275552899
14.0614465032875
8.28738792588165
13.6820083682008
8.87854154213987
13.0138673042439
13.8662283323371
20.0417214584579
32.5301852958757
14.9440526001195
24.1110579796772
16.6817692767484
11.9525403466826
16.126359832636
11.5593544530783
19.2498505678422
12.4942020322773
13.7809922295278
18.8319187089062
18.5267184698147
30.7842199641363
23.8745965331739
16.1813508667065
13.7837417812313
25.9312612074118
9.82438732815302
14.9275552898984
20.2204423191871
15.5544530783025
15.1695158398087
30.8227734608488
15.4114763897191
18.8649133293485
11.1964136282128
19.0408846383742
41.8702928870293
18.1665271966527
17.9163179916318
11.5291093843395
31.2325164375374
13.2008368200837
8.85654512851166
10.7674835624626
24.9111775254035
16.5085475194262
23.1652121936641
14.1989240884638
24.3007770472206
9.70340705319785
19.1371189479976
12.3924686192469
17.9053197848177
16.4755528989839
20.7126120741184
23.1789599521817
10.1460848774656
10.7427375971309
18.6202032277346
13.5857740585774
19.4395696353855
12.3704722056187
14.9248057381949
15.8074118350269
12.4887029288703
16.8164973102212
23.7701135684399
19.7310221159594
31.0702331141662
30.9766885833831
11.5566049013748
14.4353855349671
17.1821876867902
15.5187089061566
16.1016138673042
22.068141063957
37.8120143454871
18.1280334728033
11.7545726240287
22.7775254034668
16.9924686192469
18.2820083682008
10.7757322175732
22.4613269575613
13.9377166766288
12.6729228930066
13.8579796772265
21.9911536162582
17.270173341303
25.4280932456665
25.3346084877466
14.2374178123132
11.4851165570831
13.332815301853
18.7934249850568
20.7648535564854
8.92253436939629
9.02976688583383
14.5618649133293
18.0235505080693
9.78314405260012
16.6927674835625
18.1665271966527
12.617931858936
13.9954572624029
17.2949193066348
13.7315002988643
20.0637178720861
9.60992229527794
22.0461446503287
19.7420203227735
13.129348475792
20.3579199043634
14.732337118948
18.1637776449492
18.5899581589958
19.3900777047221
14.6910938433951
22.2111177525403
17.2371787208607
14.3281530185296
23.4649133293485
20.1544530783024
11.369635385535
15.6644351464435
28.7715481171548
11.7490735206216
37.4739988045427
10.3110579796772
10.5722653915123
14.4491332934848
10.3495517035266
20.2506873879259
11.4053795576808
13.2420800956366
14.4958756724447
14.215421398685
22.9947399880454
8.20490137477585
21.6804542737597
11.7545726240287
14.064196054991
22.2056186491333
38.1255230125523
14.3968918111178
18.3947399880454
17.6688583383144
16.6597728631201
36.6461446503288
10.7234907352062
23.9020920502092
11.4686192468619
14.9220561864913
14.0174536760311
12.4227136879857
13.442797369994
23.8306037059175
11.9662881052002
35.7086072922893
17.5368798565451
9.76664674237896
14.7708308427974
12.6234309623431
17.7953377166766
16.6982665869695
27.1135684399283
11.9360430364614
39.3463837417812
20.3744172145846
12.7994022713688
21.1470412432756
31.8756724447101
13.3465630603706
9.5439330543933
14.680095636581
11.531858936043
16.1978481769277
16.335325762104
16.18410041841
10.5832635983264
19.4065750149432
16.3518230723252
15.2767483562463
8.1581589958159
23.9708308427974
15.2410041841004
21.8234309623431
19.7722653915123
10.3907949790795
37.6084877465631
16.7890017931859
17.4873879258817
10.7454871488344
1.15230125523013
13.1843395098625
11.4026300059773
12.4502092050209
17.3884040645547
21.0040645546922
14.3611476389719
14.8863120143455
15.7001793185894
17.6166168559474
16.2665869695158
12.4199641362821
20.1407053197848
33.1598924088464
18.1087866108787
22.6922893006575
15.2739988045427
20.5008965929468
29.0877465630604
12.7581589958159
26.365690376569
10.8747160789002
11.4191273161984
14.8643156007173
20.366168559474
22.846264196055
17.1216975493126
34.6500298864316
24.7324566646742
30.9354453078302
21.4384937238494
29.2472205618649
26.7066347878063
10.5887627017334
14.9468021518231
18.2737597130903
12.0680215182307
24.5784817692767
15.6341900777047
19.3075911536163
0.00848774656306037
15.2575014943216
13.651763299462
16.1868499701136
16.5580394500897
16.6047818290496
33.9462044231919
14.8065750149432
13.8689778840406
18.3589958158996
18.4524805738195
9.60992229527794
21.2900179318589
10.962701733413
9.84913329348476
23.5913927077107
10.9379557680813
13.8524805738195
20.9490735206216
16.6762701733413
20.2561864913329
9.97011356843993
11.9580394500897
15.4857142857143
17.9410639569635
20.4404064554692
15.719426180514
10.2588164973102
13.6242677824268
24.7269575612672
19.8217573221757
11.9745367603108
25.4638374178123
13.2640765092648
13.2008368200837
15.5297071129707
13.3658099222953
12.2357441721458
18.2765092647938
14.4353855349671
19.07662881052
18.4937238493724
15.1612671846981
21.7326957561267
13.0523610280932
9.92062163777645
16.5415421398685
11.7545726240287
16.5937836222355
14.9797967722654
11.5483562462642
14.471129707113
18.4249850567842
12.4364614465033
15.9916317991632
27.7707112970711
20.3249252839211
9.57967722653915
37.8039450089659
19.1151225343694
15.9943813508667
16.7945008965929
17.1216975493126
11.4246264196055
12.7031679617454
19.4670651524208
12.9011356843993
8.15540944411237
13.1843395098625
25.1201434548715
14.8340705319785
46.3302450687388
21.4137477585176
23.8223550508069
15.3867304243873
22.1066347878063
22.7885236102809
18.194022713688
12.0102809324567
10.3632994620442
15.9778840406455
9.21673640167364
21.0370591751345
16.6295277943814
20.4898983861327
13.8634787806336
27.3005379557681
12.8598924088464
16.1703526598924
19.5632994620442
18.9254034668261
21.0673042438733
24.3750149432158
12.3897190675433
14.5508667065152
28.5405857740586
29.0794979079498
9.4916915720263
13.6132695756127
18.7136879856545
16.9787208607292
12.8653915122534
17.6881052002391
7.74297668858338
18.095038852361
22.1836222355051
11.787567244471
18.9941422594142
17.4433950986252
17.7238493723849
10.0086072922893
25.639808726838
25.7250448296473
13.7617453676031
15.0485355648536
21.5869695158398
21.301016138673
16.8852361028093
18.1390316796175
10.5227734608488
22.0378959952182
17.3994022713688
24.0643156007173
17.990555887627
12.2797369994023
19.849252839211
16.2968320382546
30.4707112970711
11.6115959354453
19.0601315002989
21.2267782426778
10.1625821876868
15.5901972504483
14.2759115361626
11.7903167961745
15.3289898386133
15.8101613867304
9.82438732815302
23.5061566049014
12.3842199641363
23.7316198445906
14.5948595337717
20.7923490735206
16.9897190675433
20.2864315600717
29.2307232516438
15.5242080095637
17.1766885833831
13.1403466826061
14.8505678421996
14.0476987447699
14.8285714285714
27.6304841601913
18.4387328153019
10.0690974297669
22.2963538553497
19.6430364614465
11.4466228332337
25.4638374178123
20.2946802151823
38.0128511655708
23.0937238493724
24.762701733413
20.7648535564854
36.1485355648536
13.4098027495517
12.0185295875672
12.2962343096234
11.322893006575
15.6809324566647
10.7124925283921
27.5892408846384
12.716915720263
12.2109982068141
7.97668858338314
18.6092050209205
17.4296473401076
12.6784219964136
14.5453676031082
8.24339509862522
24.7489539748954
23.7316198445906
11.2569037656904
15.4334728033473
12.6591751344889
16.1401075911536
8.79330543933054
19.0683801554094
25.065152420801
11.7848176927675
7.52851165570831
15.7029288702929
9.16449491930663
20.674118350269
11.4686192468619
14.2511655708308
17.8008368200837
21.8069336521219
11.6322175732217
12.048774656306
15.2575014943216
21.8756724447101
20.5833831440526
22.8545128511656
9.13699940227137
19.0271368798565
12.2219964136282
14.4078900179319
23.984578601315
14.9605499103407
11.3448894202032
27.4435146443515
17.7760908547519
19.3268380155409
16.4645546921698
9.14249850567842
23.9543335325762
20.412910938434
41.5322773460849
14.9468021518231
18.0290496114764
15.1117752540347
19.436820083682
8.56234309623431
16.4425582785415
20.8858338314405
24.0945606694561
18.4167364016736
20.5531380753138
14.7020920502092
27.2015540944411
17.2261805140466
11.7408248655111
39.4067543335326
12.7719067543335
17.9933054393305
17.3856545128512
13.4070531978482
14.1274357441721
24.0780633592349
20.418410041841
30.982068141064
13.2283323371189
40.4324566646742
14.3226539151225
17.932815301853
13.8277346084877
15.8541542139868
14.0531978481769
20.4871488344292
24.089061566049
10.2230723251644
21.7876867901973
10.6245068738793
12.6866706515242
58.8380155409444
18.9638971906754
16.8027495517035
25.274118350269
14.2209205020921
11.8838015540944
13.7782426778243
9.82163777644949
25.8872683801554
12.6151823072325
16.2720860729229
20.3991631799163
18.8924088463837
20.0637178720861
17.6468619246862
25.9560071727436
12.3759713090257
22.2441123729827
17.2151823072325
22.120382546324
28.6258218768679
16.1401075911536
19.2965929468021
21.9664076509265
13.8469814704124
12.2659892408846
9.26347878063359
15.9778840406455
14.4683801554094
9.23048416019127
12.4887029288703
18.1802749551704
10.4870292887029
7.19581589958159
13.0523610280932
11.7930663478781
14.1879258816497
16.4150627615063
12.9066347878063
15.0265391512253
16.9402271368799
21.6282127913927
14.6141063956964
11.5126120741183
13.8662283323371
18.8484160191273
27.0613269575613
26.7891213389121
17.5121338912134
23.1487148834429
22.0104004781829
27.3555289898386
85.1649731022116
11.5923490735206
24.0450687387926
6.66515242080096
13.9734608487747
13.2998206814106
25.6893006575015
14.3803945008966
15.6561864913329
18.4469814704124
17.7073520621638
8.87854154213987
7.8997011356844
18.2270173341303
27.649731022116
15.4609683203825
15.2959952181709
14.319904363419
11.9607890017932
20.4816497310221
12.2274955170353
14.1741781231321
10.805977286312
13.332815301853
17.2949193066348
11.6115959354453
14.9523012552301
24.5674835624626
12.4694560669456
15.5352062163778
10.8252241482367
23.4924088463837
18.3479976090855
77.4387328153018
12.0652719665272
26.5086670651524
17.8448296473401
19.8162582187687
18.3479976090855
10.8609683203825
19.4560669456067
23.8745965331739
14.2071727435744
16.6295277943814
16.9952181709504
40.3362223550508
23.055230125523
25.9752540346683
18.9419007770472
20.674118350269
39.6186491332935
17.4791392707711
14.0202032277346
18.5734608487747
13.3135684399283
15.3317393903168
0.0277346084877466
15.8761506276151
28.5158398087268
15.8349073520622
14.9055588762702
12.8268977884041
11.113927077107
16.9897190675433
18.5899581589958
21.5814704124328
12.7664076509265
16.7257621040048
24.0780633592349
14.4271368798565
14.8918111177525
7.18481769276748
10.9901972504483
20.3441721458458
11.6858338314405
12.9011356843993
6.69539748953975
15.6011954572624
10.1350866706515
11.9662881052002
15.1420203227735
12.5244471010161
13.1101016138673
19.4120741183503
12.3979677226539
19.6732815301853
18.6971906754334
9.5851763299462
11.0946802151823
26.0549910340705
9.27997609085475
28.8072922893007
13.6105200239091
14.889061566049
11.5456066945607
12.7306634787806
30.1022115959354
15.0760310818888
13.8139868499701
18.1527794381351
18.0840406455469
13.8827256425583
25.0294082486551
17.4351464435146
14.5178720860729
20.3441721458458
14.0037059175134
25.3126120741183
16.9787208607292
11.9085475194262
22.4475791990436
21.0068141063957
14.0147041243276
7.28655110579797
28.5625821876868
44.8894202032277
12.298983861327
33.8526598924088
23.3769276748356
10.2203227734608
97.433353257621
18.0482964734011
32.6126718469815
10.4210400478183
14.262163777645
17.0419605499103
13.1650926479378
17.1986849970114
11.9140466228332
14.8093245666467
24.2512851165571
15.1090257023311
14.8643156007173
22.5960549910341
13.3685594739988
12.5024506873879
20.7098625224148
17.6083682008368
17.0282127913927
23.7536162582188
25.0046622833234
17.8778242677824
18.4167364016736
23.4044231918709
19.1316198445906
10.550268977884
17.9245666467424
35.9231918708906
13.0798565451285
13.9487148834429
14.6196054991034
18.8539151225344
15.1997609085475
9.21673640167364
17.572624028691
12.868141063957
17.8255827854154
16.9869695158398
13.4235505080693
11.6390914524806
24.2622833233712
12.8846383741781
10.4100418410042
18.3095038852361
11.834309623431
12.4254632396892
21.0645546921698
10.597011356844
74.7056186491333
13.3988045427376
32.2002390914525
12.7526598924088
21.6392109982068
14.9770472205619
20.3826658696952
16.2060968320383
16.6790197250448
15.7441721458458
13.0441123729827
13.3768081291094
12.5436939629408
24.5729826658697
18.8759115361626
35.7498505678422
10.5035265989241
22.224865511058
12.6784219964136
16.0108786610879
28.2381350866706
28.8347878063359
11.4466228332337
29.2719665271966
15.2355050806934
10.7399880454274
9.23873281530185
11.7985654512851
16.2418410041841
15.8211595935445
12.8543933054393
22.1286312014345
23.6573819485953
18.3452480573819
13.6352659892409
19.4588164973102
8.06742378959952
20.1214584578601
35.4061566049014
38.8732815301853
21.452241482367
21.2542737597131
21.6282127913927
9.79414225941422
12.972624028691
25.2713687985655
29.2637178720861
13.3740585774059
17.2096832038255
19.5825463239689
19.8547519426181
12.6234309623431
12.2357441721458
18.2077704722056
25.4610878661088
15.4252241482367
18.1087866108787
18.716437537358
9.06276150627615
27.5397489539749
52.7092050209205
14.4628810520024
13.4977884040646
15.6066945606695
20.5393903167962
17.0749551703527
22.7637776449492
14.6141063956964
13.5665271966527
19.6732815301853
12.3429766885834
23.885594739988
19.895995218171
14.0889420203228
26.6516437537358
23.0909742976689
19.7915122534369
15.7799163179916
16.8
24.2595337716677
23.0112372982666
9.9151225343694
9.98936043036461
18.4524805738195
14.8615660490137
12.3842199641363
16.8219964136282
19.332337118948
15.1255230125523
19.3625821876868
14.8918111177525
14.633353257621
17.3746563060371
18.194022713688
14.2649133293485
22.0323968918111
18.6339509862522
16.8164973102212
19.8080095636581
14.3226539151225
35.2576210400478
17.5341303048416
21.0700537955768
19.5468021518231
26.8468619246862
14.3968918111178
10.8829647340108
13.5912731619845
19.6045427375971
28.0704124327555
17.8118350268978
13.1128511655708
11.6253436939629
14.2401673640167
12.095517035266
20.2754333532576
22.2963538553497
16.0961147638972
11.839808726838
18.5927077106993
17.3499103407053
10.6245068738793
29.7201434548715
22.9892408846384
17.008965929468
13.2255827854154
16.1098625224148
22.7665271966527
130.458158995816
15.8624028690974
27.295038852361
15.4417214584579
14.6608487746563
15.150268977884
7.89695158398087
19.9839808726838
26.1209802749552
36.934847579199
9.30472205618649
19.8327555289898
40.5615660490137
20.7511057979677
59.7534369396294
17.1546921697549
7.7759713090257
18.1142857142857
17.4241482367005
18.3479976090855
10.701494321578
24.7874476987448
18.0620442319187
20.0692169754931
17.2206814106396
15.1612671846981
24.0973102211596
14.575612671847
17.6083682008368
19.2003586371787
11.5098625224148
23.1927077106993
12.1780035863718
20.8583383144053
9.44769874476987
10.6410041841004
21.0013150029886
24.0230723251644
28.6725642558279
24.7132098027496
12.5216975493126
17.3829049611476
51.9172145845786
44.9306634787806
12.9231320980275
9.5741781231321
24.6747160789002
10.7152420800956
11.1634190077705
22.3568439928273
16.8054991034071
24.141303048416
13.2393305439331
22.2083682008368
18.3699940227137
14.6306037059175
13.3218170950389
26.8221159593545
27.6249850567842
12.0460251046025
13.4620442319187
15.3812313209803
15.6781829049611
11.2046622833234
24.1248057381949
11.7985654512851
13.3273161984459
19.7145248057382
10.7564853556485
20.2589360430365
15.713927077107
9.60442319187089
20.0032277346085
17.5643753735804
11.7188284518828
44.0618649133293
16.7945008965929
14.9715481171548
21.0205618649133
15.301494321578
22.5218170950389
17.2069336521219
12.3649731022116
16.9897190675433
15.1420203227735
18.1005379557681
22.3540944411237
15.6919306634788
13.9817095038852
9.18924088463837
9.63466826060968
15.1282725642558
14.4821279139271
17.8475791990436
28.788045427376
13.5335325762104
13.489539748954
14.988045427376
14.5673640167364
15.0182904961148
19.5083084279737
15.6204423191871
30.7925881649731
20.5833831440526
10.341303048416
13.3163179916318
29.0465032875075
40.0391512253437
15.0595337716677
19.5275552898984
15.0952779438135
16.1373580394501
11.479617453676
17.0227136879857
14.8148236700538
12.7911536162582
19.2031081888822
27.4490137477585
12.0900179318589
21.3560071727436
18.3644949193066
14.9907949790795
16.9402271368799
13.8964734010759
11.944291691572
13.7397489539749
19.3818290496115
10.2945606694561
14.3254034668261
17.6468619246862
10.0196054991034
30.4901374775852
13.0111177525403
15.5709503885236
24.8479378362224
17.677106993425
10.6877465630604
23.7618649133293
15.7221757322176
11.4823670053796
10.2615660490137
13.1650926479378
17.1409444112373
11.1744172145846
28.9365212193664
10.6190077704722
26.0137477585176
9.43945008965929
24.8946802151823
18.8511655708308
24.919426180514
29.915421398685
13.9404662283323
16.8714883442917
12.4144650328751
18.5239689181112
17.0172145845786
14.110938433951
17.886072922893
18.9693962940825
16.8192468619247
12.4777047220562
13.3163179916318
13.2035863717872
15.8486551105798
13.5197848176928
12.3347280334728
29.898983861327
16.6707710699342
11.6418410041841
14.5343693962941
18.3672444710102
41.9665271966527
18.55421398685
14.2071727435744
14.267662881052
20.1901972504483
17.8970711297071
18.1610280932457
21.8371787208607
15.6011954572624
10.132337118948
18.1802749551704
14.9797967722654
11.6060968320383
15.5187089061566
13.3273161984459
13.8387328153019
11.8233114166169
107.381350866706
14.7460848774656
17.1546921697549
12.252241482367
14.8643156007173
15.09252839211
15.0210400478183
15.7964136282128
20.1682008368201
10.3578003586372
24.9744172145846
18.6394500896593
12.4309623430962
22.1038852361028
18.4139868499701
14.4848774656306
20.7703526598924
15.1832635983264
10.2395696353855
15.2630005977286
50.5397489539749
21.5732217573222
17.1711894799761
28.2298864315601
20.3991631799163
23.258696951584
16.4370591751345
11.0946802151823
42.406455469217
15.0540346682606
73.7101016138673
10.3797967722654
10.44578601315
19.4340705319785
19.2306037059175
10.0635983263598
22.7335325762104
15.1172743574417
24.1083084279737
20.000478182905
10.4265391512253
15.5324566646742
11.6225941422594
19.332337118948
11.578601315003
16.6872683801554
15.202510460251
11.2843992827256
12.565690376569
9.5741781231321
13.8524805738195
26.7588762701733
15.9201434548715
16.5580394500897
13.3245666467424
22.2001195457262
20.0389719067543
18.037298266587
10.3715481171548
18.2407650926479
23.827854154214
17.7540944411237
9.69790794979079
14.2731619844591
37.8945008965929
21.2322773460849
23.9350866706515
11.9690376569038
9.23048416019127
36.9790794979079
11.4878661087866
10.858218768679
16.6185295875672
12.9066347878063
22.1533771667663
9.76939629408248
17.3306634787806
20.8555887627017
11.8810520023909
10.7839808726838
20.4074118350269
22.9864913329348
20.9243275552899
17.2619246861925
22.2908547519426
17.0199641362821
13.8827256425583
12.7141661685595
14.9523012552301
24.81494321578
19.5495517035266
13.3988045427376
20.2534369396294
13.1183502689779
21.0755528989839
11.735325762104
23.8580992229528
17.9273161984459
16.5992827256426
22.073640167364
14.1439330543933
16.5140466228332
18.1912731619845
15.6396891811118
101.442319187089
24.2182904961148
9.43945008965929
10.3193066347878
17.8833233711895
11.8315600717274
18.3837417812313
14.0999402271369
18.4937238493724
8.28463837417812
0.052480573819486
14.0147041243276
19.2938433950986
21.8096832038255
12.1312612074118
16.3023311416617
17.4516437537358
24.350268977884
23.7591153616258
12.7251643753736
20.4514046622833
26.5526598924088
21.8399282725643
11.1221757322176
23.4621637776449
12.0405260011955
14.1659294680215
12.716915720263
21.6969515839809
15.040286909743
15.4197250448296
13.7479976090855
14.7103407053198
14.4848774656306
21.7794381350867
18.5349671249253
15.3619844590556
14.7543335325762
14.9385534967125
22.3046025104603
21.1140466228332
20.4871488344292
27.8559473998805
12.8406455469217
17.0364614465033
17.5918708906157
11.8150627615063
12.507949790795
37.237298266587
18.3260011954573
27.6277346084877
23.2504482964734
23.781111775254
11.0946802151823
32.0956365809922
16.5827854154214
10.9599521817095
15.0815301852959
14.831320980275
20.7511057979677
12.298983861327
25.2961147638972
23.5116557083084
29.5249252839211
16.7615062761506
11.0974297668858
17.6083682008368
18.55421398685
10.5887627017334
16.2143454871488
13.8112372982666
16.4893006575015
23.3576808129109
13.8304841601913
22.6647937836222
16.9759713090257
17.7238493723849
13.1788404064555
17.8943215780036
21.4824865511058
16.0108786610879
24.6994620442319
10.7042438732815
12.1147638971907
12.3099820681411
13.9322175732218
18.0537955768081
14.7268380155409
14.006455469217
19.4533173939032
19.4808129109384
21.0590555887627
20.0169754931261
13.1485953377167
19.5742976688583
20.7566049013748
29.0135086670651
9.96186491332935
16.5800358637179
17.9355648535565
15.3564853556485
11.7270771069934
25.796533173939
7.98493723849372
15.1640167364017
12.0267782426778
12.3732217573222
23.5473998804543
20.9408248655111
13.0716078900179
59.1760310818888
14.6361028093246
10.7042438732815
9.86013150029886
18.8951583980873
38.5325762104005
15.719426180514
18.6421996413628
13.5665271966527
13.6325164375374
12.1230125523013
14.6993424985057
9.150747160789
15.04578601315
21.713448894202
18.8896592946802
18.8209205020921
15.0567842199641
38.2080095636581
15.7744172145846
13.5665271966527
18.0812910938434
19.071129707113
17.8145845786013
18.4937238493724
14.2539151225344
25.6590555887627
14.0449491930663
14.2731619844591
17.363658099223
13.4043036461446
18.0922893006575
19.6155409444112
13.5830245068739
14.116437537358
17.4488942020323
13.9157202630006
11.1111775254035
22.7720263000598
15.8514046622833
9.78314405260012
22.9644949193066
12.7609085475194
16.1181111775254
19.2086072922893
21.8729228930066
27.910938433951
12.0515242080096
12.2137477585176
13.1678421996414
25.279617453676
18.5514644351464
16.3078302450687
16.9457262402869
17.468141063957
14.4573819485953
18.9913927077107
21.8619246861925
20.0279736999402
20.2534369396294
17.1986849970114
38.6891811117752
11.1854154213987
12.4722056186491
28.8182904961148
14.2319187089062
19.1728631201435
17.0997011356844
23.1404662283323
18.6367005379558
16.0411237298267
18.55421398685
0.0882247459653317
17.9190675433353
16.6075313807531
13.2145845786013
20.0554692169755
20.7236102809325
21.9416616855947
45.8215780035864
15.7991631799163
27.7102211595935
14.8973102211596
10.2918111177525
12.5436939629408
19.9702331141662
20.4046622833234
54.4632396891811
17.2591751344889
13.6380155409444
25.901016138673
14.4601315002989
23.6876270173341
13.4180514046623
18.2682606096832
16.6570233114166
19.9427375971309
17.0227136879857
17.0172145845786
21.5814704124328
11.6418410041841
28.7000597728631
20.0884638374178
16.3710699342498
13.4840406455469
11.7518230723252
15.0210400478183
12.461207411835
12.9698744769874
14.5921099820681
12.9121338912134
24.8699342498506
16.6047818290496
13.8112372982666
17.4818888224746
19.698027495517
27.3885236102809
12.7196652719665
13.9239689181112
16.4425582785415
28.4471010161387
27.7459653317394
29.7283921099821
15.4362223550508
17.4323968918111
10.3605499103407
23.0662283323371
17.2866706515242
12.5436939629408
20.7676031081889
24.8369396294082
25.7882845188285
17.1876867901973
18.3232516437537
9.08200836820084
18.7136879856545
21.9196652719665
27.0475791990436
8.68607292289301
10.1570830842797
10.3165570830843
36.8221757322176
23.624387328153
17.5011356843993
14.6416019127316
14.7928272564256
9.51643753735804
16.4563060370592
13.8469814704124
9.48619246861925
28.0539151225344
15.1365212193664
22.2633592349074
14.8643156007173
20.3936640765093
16.8219964136282
11.0341900777047
15.7744172145846
21.6309623430962
30.5451285116557
21.1580394500897
11.7545726240287
19.2718469814704
18.4689778840406
20.5586371787209
14.5206216377764
19.7337716676629
19.0051404662283
19.5220561864913
19.3763299462044
17.9465630603706
30.4267782426778
19.797011356844
20.6768679019725
25.3401075911536
23.9213389121339
17.682606096832
8.68332337118948
10.4320382546324
21.8674237895995
15.5077106993425
15.9283921099821
18.3315002988643
17.7623430962343
16.1456066945607
15.7111775254035
13.6160191273162
12.9753735803945
6.93185893604304
25.692050209205
22.695038852361
18.095038852361
13.0606096832038
13.4785415421399
14.0147041243276
15.9888822474597
19.0518828451883
18.0812910938434
25.5243275552899
12.5684399282726
12.7141661685595
20.0252241482367
10.5200239091452
16.9759713090257
12.7581589958159
10.440286909743
25.8652719665272
23.0524805738195
12.81589958159
11.3916317991632
11.7188284518828
16.8632396891811
14.6828451882845
39.0932456664674
25.2163777644949
18.9006575014943
22.8572624028691
17.41589958159
12.8791392707711
25.2631201434549
27.3692767483562
19.7035265989241
15.3262402869097
16.8824865511058
17.1766885833831
22.6482964734011
15.1200239091452
12.8488942020323
17.8365809922295
11.8068141063957
12.2962343096234
31.8977884040646
27.0833233711895
12.6426778242678
18.919904363419
11.2981470412433
15.3757322175732
18.2242677824268
19.8520023909145
10.0361028093246
24.1797967722654
17.7128511655708
12.1312612074118
22.3898386132696
15.9586371787209
22.1753735803945
9.08475791990436
16.6707710699342
12.8901374775852
13.0578601315003
22.6153018529588
18.1665271966527
11.9140466228332
19.489061566049
19.0683801554094
14.633353257621
18.1555289898386
14.2016736401674
11.9030484160191
19.280095636581
19.8684997011357
16.4590555887627
23.2174536760311
23.2944411237298
17.5478780633592
15.7111775254035
24.3887627017334
11.6143454871488
17.3526598924088
15.3702331141662
22.7692767483562
15.0375373580395
27.0365809922295
8.77405857740586
15.4499701135684
13.3465630603706
19.489061566049
13.4455469216975
11.2101613867304
10.2863120143455
9.97286312014345
21.3587567244471
14.3748953974895
13.7562462641961
56.2946802151823
20.5338912133891
21.556724447101
11.5593544530783
18.2270173341303
13.6105200239091
41.7797369994023
19.7117752540347
19.3873281530185
17.6413628212791
19.6760310818888
24.9496712492528
19.5660490137478
19.0051404662283
12.4364614465033
26.5224148236701
27.858696951584
20.2121936640765
40.1849970113568
10.4127913927077
14.7928272564256
14.8478182904961
10.6684997011357
19.128870292887
16.8357441721458
14.4903765690377
18.2435146443515
14.4161386730424
14.2016736401674
21.864674237896
15.3949790794979
15.2327555289898
28.1309025702331
10.8197250448296
12.2137477585176
10.8252241482367
24.7709503885236
13.2585774058577
26.2914524805738
15.9833831440526
25.483084279737
14.8120741183503
22.6702928870293
13.2393305439331
20.2946802151823
54.2489539748954
18.0482964734011
18.9391512253437
10.6410041841004
18.9803945008966
13.7699940227137
17.0804542737597
22.2028690974298
18.4057381948595
37.2594142259414
17.0667065152421
12.5959354453078
9.93711894799761
17.4598924088464
18.1445307830245
58.2274357441721
32.4202032277346
11.9305439330544
10.0938433950986
23.8608487746563
13.4922893006575
21.7216975493126
21.5237298266587
17.7733413030484
14.6580992229528
11.526359832636
11.1799163179916
23.6106395696354
19.5770472205619
23.002988643156
17.7238493723849
12.2109982068141
12.0982665869695
17.3939031679617
38.0430364614465
16.3325762104005
18.1005379557681
15.8734010759115
24.5922295277944
26.5416616855947
12.147758517633
17.6331141661686
12.6674237895995
25.796533173939
16.9732217573222
13.4043036461446
16.4233114166169
11.4081291093843
10.1295875672445
12.0350268977884
17.6221159593545
19.8300059772863
28.8567842199641
19.2141063956964
18.7081888822475
18.8181709503885
12.5189479976091
20.0609683203825
12.2549910340705
10.7234907352062
12.3539748953975
18.6380753138075
15.2739988045427
17.5643753735804
40.2674835624626
17.624865511058
15.8898983861327
14.6168559473999
20.21494321578
12.5271966527197
33.0938433950986
14.9385534967125
14.0724447101016
16.2115959354453
11.2239091452481
27.4627615062762
19.4808129109384
14.993544530783
40.8063359234907
19.7392707710699
14.7708308427974
16.3655708308428
18.3205020920502
14.9687985654513
13.8909742976689
22.125881649731
13.6737597130903
12.6206814106396
16.8659892408846
17.1739390316796
10.1405857740586
18.3947399880454
19.7392707710699
24.0120741183503
17.9438135086671
17.1766885833831
13.1953377166766
20.1407053197848
19.948236700538
10.7757322175732
19.6155409444112
21.5292289300657
11.735325762104
14.9468021518231
12.4722056186491
23.7783622235505
12.1285116557083
14.4133891213389
24.1248057381949
25.9202630005977
15.4142259414226
13.7040047818291
26.7808726838016
21.4274955170353
19.6155409444112
18.1197848176928
17.9218170950389
12.0102809324567
19.7832635983264
12.1147638971907
22.2441123729827
12.0350268977884
20.2699342498506
33.3771667662881
29.3874476987448
21.4137477585176
17.9135684399283
22.6125523012552
12.3594739988045
32.1838015540944
13.4537955768081
17.98505678422
13.8579796772265
18.3919904363419
17.6633592349074
22.8930065750149
9.27997609085475
13.0331141661686
14.9385534967125
12.5986849970114
45.0818888224746
13.3080693365212
37.6114763897191
15.1282725642558
18.1445307830245
17.8310818888225
33.6216377764495
19.698027495517
25.7772863120143
12.7444112372983
15.7936640765093
45.8433950986252
23.2202032277346
18.7879258816497
44.5236102809325
20.412910938434
11.7380753138075
19.5440526001195
17.4323968918111
7.0005977286312
13.3025702331142
40.4572624028691
20.7181111775254
12.4887029288703
11.421876867902
10.748236700538
10.6575014943216
15.5682008368201
11.6995815899582
15.8541542139868
26.3244471010161
12.3374775851763
23.7481171548117
15.1475194261805
14.4848774656306
30.0914524805738
19.9647340107591
12.5876867901972
10.1515839808727
33.5750149432158
12.560191273162
19.6155409444112
16.7312612074118
10.3440526001195
17.7953377166766
16.2555887627017
24.4932456664674
22.5878063359235
18.3369994022714
20.6603705917513
20.9765690376569
23.624387328153
15.1942618051405
20.5366407650926
20.731858936043
16.84674237896
13.0551105797968
12.0652719665272
24.3942618051405
14.7048416019127
23.3246861924686
11.9140466228332
20.575134488942
11.2404064554692
12.0267782426778
10.0773460848775
11.729826658697
11.0644351464435
11.7435744172146
38.9007770472206
12.5052002390915
9.75564853556485
12.9478780633592
15.1667662881052
17.8833233711895
23.8635983263598
13.7479976090855
25.3868499701136
23.8031081888822
14.4628810520024
14.7708308427974
30.6521219366408
26.0494919306635
21.9994022713688
15.3812313209803
13.5197848176928
53.3332337118948
14.8285714285714
17.3031679617454
16.0053795576808
26.4096832038255
20.2864315600717
16.3628212791393
19.4395696353855
13.7150029886432
18.6848176927674
14.1879258816497
7.7759713090257
18.3369994022714
13.7150029886432
21.1167961745368
24.0945606694561
14.8973102211596
25.6123132098027
10.5145248057382
0.00298864315600717
24.5152420800956
14.3858936043036
18.2875074716079
17.3416616855947
26.1072325164375
8.68882247459653
19.7750149432158
13.9679617453676
22.9452480573819
19.2003586371787
13.2145845786013
21.9416616855947
19.948236700538
10.5392707710699
12.8241482367005
11.735325762104
21.4687387925882
17.5918708906157
17.2756724447101
13.8634787806336
14.1604303646145
15.9008965929468
15.2657501494322
12.0377764494919
18.7356843992827
27.5397489539749
14.4436341900777
24.1550508069337
19.4698147041243
9.45319784817693
12.3649731022116
21.6639569635386
12.4062163777645
12.7609085475194
11.5923490735206
13.6765092647938
13.5912731619845
16.6680215182307
19.4340705319785
13.3135684399283
26.6626419605499
11.8205618649133
22.0433950986252
54.5403466826061
13.7287507471608
20.0967124925284
15.1997609085475
25.2686192468619
15.7716676628811
19.750268977884
13.9514644351464
12.7719067543335
31.9775851763299
10.8747160789002
28.5983263598326
9.42570233114166
37.9796772265391
27.4545128511656
27.6112372982666
13.4592946802152
17.2921697549313
12.0982665869695
21.6832038254632
15.3702331141662
15.8514046622833
16.3408248655111
18.9501494321578
18.606455469217
18.1335325762104
15.0760310818888
11.3531380753138
12.5381948595338
10.2863120143455
19.3378362223551
10.6684997011357
27.3170352659892
16.9429766885834
12.9286312014345
16.9897190675433
33.0827854154214
11.0891811117753
17.9520621637776
17.8833233711895
33.2229527794381
15.2849970113568
14.0229527794381
13.3493126120741
28.8650328750747
21.6914524805738
13.4592946802152
15.2410041841004
16.0851165570831
15.3179916317992
15.0650328750747
34.2650926479378
21.1607890017932
18.8264196054991
15.4939629408249
15.4142259414226
11.4383741781231
11.938792588165
16.4893006575015
22.0488942020323
18.6559473998805
17.2509264793784
18.6944411237298
14.5728631201435
15.3372384937238
12.1780035863718
13.3053197848177
0.107471607890018
22.4035863717872
22.5960549910341
16.9924686192469
12.5684399282726
19.1398684997011
17.3829049611476
11.4521219366408
10.3770472205619
16.3078302450687
27.190555887627
19.2718469814704
17.5891213389121
22.230364614465
25.8707710699342
17.9410639569635
16.5717872086073
10.388045427376
11.4301255230126
9.2744769874477
14.0999402271369
17.8310818888225
14.4408846383742
18.1692767483562
25.1558876270173
16.2885833831441
15.6506873879259
14.3309025702331
20.7483562462642
12.9478780633592
21.6887029288703
11.0919306634788
24.5262402869097
13.4757919904363
12.1615062761506
19.2443514644351
16.329826658697
11.9855349671249
16.0768679019725
21.655708308428
15.2602510460251
14.7240884638374
23.0057381948595
17.9520621637776
13.1320980274955
30.8942020322773
31.243275552899
20.26168559474
19.2031081888822
14.1576808129109
17.9245666467424
16.0878661087866
22.6647937836222
23.7618649133293
16.2638374178123
14.9220561864913
15.3262402869097
22.3568439928273
22.7445307830245
12.5326957561267
18.2132695756127
13.5830245068739
18.9858936043036
21.9609085475194
28.7825463239689
13.1650926479378
28.3013747758518
11.4411237298267
11.9525403466826
18.4414823670054
15.0732815301853
13.6407650926479
14.011954572624
17.3306634787806
12.1092647937836
19.3158398087268
17.7678421996414
18.1912731619845
19.4093245666467
16.2198445905559
13.5060370591751
11.2871488344292
10.8307232516438
10.701494321578
25.4720860729229
11.886551105798
18.8979079497908
12.1890017931859
9.24698147041243
14.4436341900777
14.9852958756724
10.1735803945009
8.22414823670054
13.4730424387328
15.1557680812911
21.1250448296473
21.556724447101
21.0068141063957
18.4772265391512
53.8006575014943
13.4125523012552
43.1518230723252
17.6991034070532
17.7925881649731
14.1081888822475
16.8577405857741
13.9954572624029
13.7782426778243
19.5907949790795
13.8359832635983
23.9983263598326
15.8349073520622
10.1900777047221
14.9852958756724
20.6053795576808
11.6088463837418
13.233831440526
10.4155409444112
14.5976090854752
19.379079497908
22.2331141661686
15.8898983861327
48.9671249252839
17.008965929468
19.541303048416
15.609444112373
11.578601315003
12.5024506873879
32.2498505678422
11.270651524208
11.5016138673042
23.2834429169157
11.0864315600717
13.4812910938434
14.1989240884638
11.8618051404662
13.7232516437537
36.8167961745368
10.5420203227735
32.3625224148237
19.5550508069337
32.8822474596533
22.8325164375374
13.1568439928273
10.4567842199641
16.0658696951584
9.63741781231321
18.8319187089062
16.3600717274357
17.8118350268978
11.3613867304244
14.6828451882845
27.4105200239091
15.9641362821279
20.836341900777
25.4033472803347
16.2033472803347
23.2944411237298
21.1415421398685
16.1566049013748
13.2613269575613
15.7909145248057
20.8115959354453
14.314405260012
21.6584578601315
18.1390316796175
15.2217573221757
13.0936043036461
20.0857142857143
17.8008368200837
15.9091452480574
18.7246861924686
14.6965929468022
13.5170352659892
25.4005977286312
21.7519426180514
15.6176927674836
24.2622833233712
13.7672444710102
21.1827854154214
18.7549312612074
15.3042438732815
48.175134488942
17.5148834429169
17.2756724447101
7.27830245068739
18.3534967124925
19.2938433950986
23.0359832635983
19.1563658099223
28.9530185295876
17.8310818888225
20.9380753138075
17.0282127913927
19.0436341900777
25.1283921099821
11.9772863120143
9.07101016138673
18.9693962940825
11.2789001793186
11.8838015540944
11.6665869695158
16.9292289300658
21.1140466228332
16.178601315003
17.5863717872086
9.16999402271369
23.6298864315601
9.21948595337716
30.8831440526001
12.7856545128512
12.6234309623431
14.0751942618051
12.978123132098
16.1511057979677
11.322893006575
19.3240884638374
23.3549312612074
13.0386132695756
10.4705319784818
22.4200836820084
34.8039450089659
22.7720263000598
11.9305439330544
23.6408846383742
16.2198445905559
11.2404064554692
17.2784219964136
15.9311416616856
14.4848774656306
15.1915122534369
14.116437537358
15.3839808726838
44.1195457262403
15.2107591153616
20.1132098027496
16.131858936043
19.3075911536163
18.1060370591751
19.9619844590556
19.128870292887
21.301016138673
9.40645546921698
29.8604303646145
13.0908547519426
22.2028690974298
11.9332934847579
28.7962940824865
14.7598326359833
15.1695158398087
26.0742378959952
15.3509862522415
17.3499103407053
15.6644351464435
22.7170352659893
12.0102809324567
13.9927077106993
8.04267782426778
20.2534369396294
20.4898983861327
20.3524208009564
20.8638374178123
19.8932456664674
20.4266586969516
18.4909742976689
10.8444710101614
13.2668260609683
32.9647340107591
24.454751942618
18.3589958158996
27.2317991631799
18.9913927077107
20.0912133891213
12.7114166168559
10.1405857740586
19.181111775254
23.2367005379558
19.4918111177525
26.8578601315003
29.6294082486551
22.3156007172744
15.4252241482367
35.1258218768679
16.3463239689181
20.21494321578
22.3595935445308
14.2291691572026
24.9689181111775
11.3806335923491
15.5517035265989
22.8737597130903
15.0540346682606
15.865152420801
13.1623430962343
13.2063359234907
13.4510460251046
12.6976688583383
13.1430962343096
11.4301255230126
12.6591751344889
13.4922893006575
15.7331739390317
25.1036461446503
14.6745965331739
15.5159593544531
11.2981470412433
11.8013150029886
16.0658696951584
18.3809922295278
9.10125523012552
10.5722653915123
17.1244471010161
25.0266586969516
28.3536162582188
15.1557680812911
16.643275552899
12.8791392707711
13.2173341303048
23.1789599521817
44.9417214584579
45.5851763299462
26.2584578601315
27.7322175732218
58.7005379557681
10.3055588762702
17.3801554094441
16.4618051404662
14.4986252241482
17.7210998206814
20.6466228332337
21.9911536162582
51.7495517035266
18.7989240884638
14.2841601912732
14.7185893604304
14.2484160191273
13.8112372982666
15.6781829049611
11.1881649731022
12.9588762701733
18.0785415421399
17.6688583383144
14.2979079497908
24.9826658696952
20.6053795576808
13.7919904363419
17.6688583383144
10.6739988045427
36.0962343096234
18.3699940227137
55.7142857142857
14.9523012552301
17.3554094441124
17.316915720263
13.7342498505678
11.7903167961745
12.1917513448894
23.7371189479976
17.0667065152421
13.4153018529588
40.0887627017334
19.7007770472206
10.4567842199641
24.1275552898984
15.61494321578
15.3867304243873
21.1305439330544
22.0763897190675
18.6202032277346
17.9245666467424
16.7862522414824
11.8068141063957
70.8891213389121
16.0493723849372
22.6620442319187
20.0444710101614
20.2974297668858
26.7918708906157
12.0460251046025
21.9389121338912
10.6382546323969
29.2637178720861
10.9901972504483
15.9531380753138
12.821398684997
18.0400478182905
21.6777047220562
20.5256425582785
21.8591751344889
16.8494919306635
24.0973102211596
18.7549312612074
15.1227734608488
12.664674237896
15.7386730424387
18.0208009563658
27.8394500896593
14.7268380155409
20.4679019725045
12.5161984459056
16.1703526598924
19.7805140466228
16.7257621040048
16.2115959354453
9.57967722653915
9.87937836222355
13.233831440526
13.6022713687986
9.62916915720263
11.6005977286312
16.8412432755529
14.0669456066946
23.4621637776449
17.7210998206814
24.3117752540347
23.2147041243276
14.0229527794381
16.2748356246264
13.6600119545726
18.7136879856545
19.8794979079498
10.6327555289898
14.2869097429767
10.4815301852959
20.7923490735206
27.1163179916318
11.938792588165
27.5205020920502
17.2069336521219
37.8505678421996
32.5
14.0531978481769
12.3897190675433
11.4163777644949
5.65331739390317
8.0344291691572
54.9390316796174
14.4436341900777
13.2970711297071
8.01518230723252
11.3146443514644
17.1491930663479
16.0493723849372
17.9245666467424
16.5277943813509
16.0301255230126
16.9264793783622
41.4689181111775
19.6622833233712
19.3735803945009
13.8387328153019
12.8406455469217
24.8451882845188
12.6921697549313
18.9061566049014
21.0013150029886
14.4161386730424
15.5736999402271
20.517393903168
14.1604303646145
13.8992229527794
20.2176927674836
13.2668260609683
15.3674835624626
20.319426180514
20.3359234907352
11.2514046622833
46.2420800956366
21.3065152420801
11.9497907949791
24.4465032875075
10.7372384937238
18.7934249850568
22.3046025104603
18.4744769874477
21.9746563060371
15.8074118350269
16.1236102809325
11.1744172145846
7.14082486551106
20.9243275552899
12.7114166168559
13.077106993425
15.7001793185894
14.0834429169157
31.7106993424985
22.2358637178721
11.8150627615063
25.279617453676
9.59892408846384
15.9806335923491
32.5851763299462
26.5801554094441
14.3968918111178
22.6592946802152
13.4537955768081
16.8412432755529
32.7501494321578
15.5929468021518
18.0235505080693
12.9423789599522
16.9539748953975
14.4848774656306
14.9715481171548
15.766168559474
9.7913927077107
18.8814106395696
12.5326957561267
24.7242080095637
13.7452480573819
11.9717872086073
17.1052002390915
17.5148834429169
14.4216377764495
11.5676031081889
13.5335325762104
19.4643156007173
22.1588762701733
22.1148834429169
15.7304243873282
24.240286909743
9.19473998804543
24.2045427375971
29.9291691572026
15.6341900777047
18.0208009563658
14.9852958756724
15.8912731619844
25.2383741781231
23.0524805738195
18.763179916318
20.9793185893604
15.3372384937238
13.6407650926479
20.7566049013748
14.6910938433951
18.50747160789
9.26622833233712
19.4918111177525
15.8816497310221
17.3774058577406
13.698505678422
18.0482964734011
17.5506276150628
11.5538553496712
20.2204423191871
18.5294680215182
15.667184698147
17.1189479976091
14.5646144650329
21.1800358637179
17.0969515839809
0.101972504482965
17.2564255827854
12.716915720263
13.4317991631799
19.5330543933054
16.591034070532
15.0842797369994
19.0298864315601
21.7766885833831
27.289539748954
18.0235505080693
21.2460251046025
13.4070531978482
32.8272564255828
12.7224148236701
19.7997609085475
10.8912133891213
12.3457262402869
29.5826658696952
15.1310221159594
17.8228332337119
22.0873879258817
18.9089061566049
12.0075313807531
14.1411835026898
7.70173341303048
12.8543933054393
16.4838015540944
34.0176329946204
18.6202032277346
13.3685594739988
15.3867304243873
21.2446503287508
10.8829647340108
11.5978481769277
21.0260609683204
16.3600717274357
13.0331141661686
6.6898983861327
18.0180514046623
19.5440526001195
13.95421398685
9.92062163777645
11.3393903167962
42.744769874477
16.3628212791393
23.5803945008966
23.2531978481769
36.5884638374178
17.264674237896
12.4392109982068
13.9734608487747
14.5123729826659
23.9543335325762
15.2217573221757
9.73640167364017
20.8198445905559
19.541303048416
15.8761506276151
14.9275552898984
14.6718469814704
13.5720263000598
25.43084279737
17.2234309623431
18.8786610878661
32.7887029288703
10.236820083682
20.7703526598924
22.1341303048416
12.9753735803945
13.082606096832
7.5175134488942
19.1453676031082
19.8822474596533
13.1128511655708
14.9660490137478
15.9283921099821
14.627854154214
15.1007770472206
13.9899581589958
14.3171548117155
9.83813508667065
18.2022713687986
19.6045427375971
20.9628212791393
17.6881052002391
16.236341900777
17.8970711297071
11.6335923490735
18.7714285714286
53.6688583383144
30.8693962940825
23.8113568439928
16.3463239689181
29.6734010759115
21.9444112372983
17.6551105797968
15.3867304243873
15.7166766288105
10.2258218768679
11.8728033472803
9.44769874476987
16.131858936043
16.5250448296473
18.3534967124925
15.353735803945
20.8885833831441
9.72540346682606
27.2015540944411
13.4730424387328
13.0413628212791
18.0455469216975
38.9587567244471
23.0717274357442
15.7551703526599
17.8475791990436
16.8439928272564
22.2798565451285
18.8621637776449
17.0364614465033
10.9654512851166
17.7046025104603
24.2017931858936
17.8255827854154
22.4173341303048
15.1090257023311
15.2052600119546
11.3586371787209
29.7668858338314
34.7519426180514
15.0265391512253
15.6644351464435
15.4994620442319
31.7080095636581
15.7716676628811
17.36915720263
15.8871488344292
12.5794381350867
16.5827854154214
13.0881052002391
15.405977286312
8.84279736999402
10.440286909743
16.4810520023909
20.1297071129707
17.7980872683802
25.3043634190078
18.6724447101016
10.6684997011357
17.41589958159
28.0236700537956
16.6680215182307
17.7156007172744
16.2170950388524
17.0914524805738
14.1714285714286
11.2349073520622
10.2120741183503
14.4573819485953
15.8046622833234
14.8753138075314
27.5287507471608
23.5034070531978
33.0827854154214
17.1711894799761
18.8099222952779
9.92887029288703
28.4388523610281
38.1832038254632
19.8657501494322
17.6908547519426
17.2619246861925
11.3833831440526
18.5459653317394
8.64208009563658
20.7181111775254
36.824865511058
16.8109982068141
28.7605499103407
15.9311416616856
12.3374775851763
16.021876867902
14.528870292887
47.2677824267782
13.4620442319187
18.7989240884638
27.8834429169157
18.6971906754334
25.8020322773461
17.7623430962343
74.3150029886431
13.8469814704124
18.4882247459653
13.5390316796175
18.5377166766288
10.6162582187687
15.5654512851166
21.4659892408846
21.6804542737597
11.8508069336521
11.3586371787209
13.5500298864316
15.3894799760909
17.1271966527197
10.2478182904961
8.71906754333533
16.9484757919904
14.8175732217573
12.4804542737597
9.61817095038852
13.698505678422
9.82988643156007
12.5876867901972
10.0058577405858
16.7367603108189
12.0515242080096
14.6141063956964
11.9992827256426
17.0007172743574
14.3171548117155
31.7824267782427
15.5682008368201
11.7985654512851
10.5255230125523
19.0738792588165
17.7678421996414
16.7175134488942
23.7701135684399
18.3040047818291
19.1371189479976
15.4197250448296
22.0928870292887
12.0405260011955
12.7609085475194
32.4202032277346
12.7444112372983
19.4725642558279
21.3230125523013
13.0963538553497
15.4334728033473
15.3922295277944
23.206455469217
26.8193664076509
28.9722653915123
20.5160191273162
15.510460251046
34.504482964734
15.510460251046
17.6743574417215
9.2744769874477
23.8965929468022
27.7679617453676
11.8673042438733
15.0347878063359
21.2460251046025
30.0032875074716
24.344769874477
17.1904363419008
16.2390914524806
16.6515242080096
25.4940824865511
12.7884040645547
35.8735803945009
13.1595935445308
30.511954572624
18.7466826060968
13.3933054393305
20.4321578003586
24.6252241482367
9.93711894799761
10.9022115959354
22.1478780633592
18.7769276748356
25.6838015540944
11.1331739390317
12.5464435146444
10.7289898386133
17.9245666467424
19.7530185295876
16.0301255230126
18.1967722653915
12.1422594142259
12.7554094441124
17.7375971309026
38.6533173939032
22.7115361625822
28.6533173939032
13.4153018529588
20.6823670053796
16.7312612074118
19.7860131500299
14.2484160191273
12.7279139270771
19.1316198445906
13.1788404064555
17.8668260609683
14.5151225343694
11.479617453676
14.0394500896593
10.5695158398087
12.4447101016139
15.9586371787209
22.1863717872086
29.304961147639
24.2072922893007
19.0408846383742
15.5819485953377
17.0309623430962
20.0692169754931
21.3945008965929
11.6418410041841
39.4342498505678
12.4447101016139
12.6234309623431
14.5206216377764
29.0959952181709
16.1181111775254
30.6906754333533
30.7758517632995
15.8266586969516
11.9717872086073
13.3190675433353
18.2902570233114
17.9878063359235
20.110460251046
0.0634787806335923
19.3048416019127
9.13150029886432
18.5184698147041
19.1976090854752
19.2086072922893
12.2329946204423
14.0229527794381
25.7662881052002
16.074118350269
21.1937836222355
20.9710699342499
13.0496114763897
19.4560669456067
14.3309025702331
16.7202630005977
21.4769874476987
14.006455469217
25.1366407650927
14.1824267782427
17.4653915122534
12.821398684997
22.0378959952182
15.3564853556485
22.4090854751943
15.6589360430365
15.0100418410042
28.0649133293485
11.3668858338314
10.7564853556485
14.011954572624
21.0947997609085
15.0677824267782
17.1739390316796
16.1126120741184
26.7121338912134
19.3460848774656
12.9368798565451
64.0537955768081
10.1818290496115
23.2724447101016
13.1650926479378
14.685594739988
12.6069336521219
25.3758517632995
23.0359832635983
20.5256425582785
45.1258218768679
20.5146443514644
16.5607890017932
25.4060968320383
14.8423191870891
16.9017334130305
18.9886431560072
16.0246264196055
14.4848774656306
11.9470412432756
30.3221757322176
9.17274357441721
16.4893006575015
11.9662881052002
17.4818888224746
12.0295277943813
14.0779438135087
14.5178720860729
16.6680215182307
13.1238493723849
10.2175732217573
17.8943215780036
11.2816497310221
19.9317393903168
17.5066347878063
23.3191870890616
16.1758517632995
19.9702331141662
16.3435744172146
20.8720860729229
22.5960549910341
14.2209205020921
14.6058577405858
15.452719665272
23.0882247459653
20.0499701135684
25.1338912133891
14.1604303646145
17.8888224745965
14.1741781231321
19.1921099820681
31.3039450089659
17.2509264793784
26.1539748953975
19.2306037059175
13.7479976090855
18.8951583980873
20.0829647340108
29.769635385535
17.2756724447101
11.4603705917513
12.1890017931859
20.0774656306037
15.0265391512253
14.1824267782427
13.541781231321
19.489061566049
231.991034070532
14.7873281530185
14.3006575014943
18.3782426778243
18.0592946802152
12.2109982068141
21.2762701733413
11.3861326957561
16.8302450687388
19.2086072922893
16.7670053795577
11.4713687985655
12.4997011356844
21.8481769276748
14.116437537358
23.0772265391512
13.5005379557681
38.5708308427974
13.4043036461446
26.8661087866109
11.6555887627017
13.3245666467424
18.7714285714286
34.5869695158398
25.5078302450687
12.0872683801554
33.1927674835625
14.7543335325762
35.6894799760909
21.5842199641363
10.0306037059175
20.7153616258219
18.0098027495517
24.553735803945
20.3386730424387
12.920382546324
23.8635983263598
19.0573819485953
19.797011356844
11.3998804542738
12.920382546324
23.9075911536163
21.0315600717274
16.8659892408846
12.6564255827854
12.7664076509265
27.2565451285117
13.0331141661686
14.0669456066946
10.3578003586372
8.74656306037059
14.0202032277346
12.5904363419008
14.8423191870891
27.910938433951
16.6817692767484
16.0823670053796
26.1622235505081
20.3854154213987
13.5720263000598
15.2657501494322
22.4173341303048
15.1860131500299
13.8689778840406
26.9788404064555
11.0121936640765
13.4592946802152
17.932815301853
25.0156604901375
12.0817692767484
20.7181111775254
19.0436341900777
14.3556485355649
10.957202630006
22.7060370591751
14.9165570830843
30.5367603108189
18.4249850567842
16.7450089659295
15.3674835624626
25.2878661087866
23.7316198445906
21.4412432755529
51.7824267782427
8.14166168559474
18.298505678422
13.0056186491333
25.7195457262403
16.3738194859534
14.6553496712493
12.2632396891811
18.2187686790197
11.0451882845188
18.7576808129109
13.4757919904363
25.4885833831441
14.215421398685
13.2695756126718
15.8404064554692
14.7405857740586
9.68141063956963
16.9237298266587
15.2465032875075
0.011237298266587
23.8251046025105
15.5599521817095
15.5159593544531
18.2600119545726
20.8335923490735
18.8374178123132
15.9393903167962
12.0680215182307
23.6491332934848
9.93161984459056
15.1530185295876
12.0982665869695
14.064196054991
12.3484757919904
12.0295277943813
10.6520023909145
19.9399880454274
19.8245068738793
23.4044231918709
14.5206216377764
29.1042438732815
25.5793185893604
20.4486551105798
14.8670651524208
18.5789599521817
21.8839210998207
22.1836222355051
20.627375971309
18.9364016736402
17.8558278541542
19.1343693962941
7.59175134488942
14.9715481171548
16.5772863120143
9.74190077704722
25.0046622833234
18.4139868499701
21.0728033472803
18.4689778840406
9.96461446503287
17.932815301853
21.5842199641363
14.8175732217573
9.44494919306635
20.2726838015541
20.2891811117753
15.66168559474
13.233831440526
22.5273161984459
17.6523610280932
43.2121936640765
13.1788404064555
33.7674835624626
20.9738194859534
13.6930065750149
11.4493723849372
13.3163179916318
17.4378959952182
14.3254034668261
16.6212791392708
14.2374178123132
12.9396294082487
12.0102809324567
19.436820083682
14.9083084279737
14.7735803945009
18.0070531978482
17.2564255827854
57.7710699342498
17.6358637178721
15.1200239091452
16.4013150029886
14.52337118948
17.7156007172744
46.7480573819486
20.4294082486551
24.4135086670652
16.6185295875672
12.4859533771668
15.5956963538554
16.9017334130305
25.7167961745368
11.7738194859534
14.5151225343694
14.2539151225344
28.0814106395696
8.34512851165571
10.1158398087268
46.4677226539151
15.1282725642558
19.6897788404065
24.4575014943216
19.8602510460251
15.713927077107
15.2011356843993
11.5950986252241
11.3503885236103
13.6572624028691
14.7240884638374
18.7879258816497
17.5368798565451
20.9903167961745
25.8542737597131
14.9055588762702
10.7179916317992
15.6204423191871
11.0176927674836
16.6515242080096
19.6512851165571
16.1208607292289
17.4763897190675
21.7409444112373
11.8838015540944
17.2756724447101
15.0182904961148
11.7985654512851
9.66491332934848
28.9612671846981
22.1368798565451
17.1024506873879
13.4235505080693
25.6315600717274
12.5299462044232
21.5649731022116
16.5937836222355
13.4730424387328
23.8113568439928
15.098027495517
23.8965929468022
17.421398684997
14.0476987447699
14.9330543933054
16.4315600717274
19.4395696353855
17.8613269575613
13.8249850567842
11.9607890017932
12.043275552899
17.212432755529
28.5515839808727
15.8101613867304
18.2682606096832
12.8351464435146
24.6967124925284
25.634309623431
30.2369994022714
19.7007770472206
14.7653317393903
13.6105200239091
26.3024506873879
9.70065750149432
11.6995815899582
33.3714883442917
17.8998206814106
57.1165570830843
14.4408846383742
11.9855349671249
9.82438732815302
8.64208009563658
22.9452480573819
15.2080095636581
24.6774656306037
15.7606694560669
24.1000597728631
16.2913329348476
11.3118947997609
31.9142259414226
21.9746563060371
10.7399880454274
16.6707710699342
18.5707112970711
15.0897788404065
18.4827256425583
15.1997609085475
19.2251046025105
50.4518828451883
21.2845188284519
18.9583980872684
17.9658099222953
22.7170352659892
16.2033472803347
9.45869695158398
14.6003586371787
17.107949790795
11.5895995218171
20.1214584578601
18.5432157800359
50.160191273162
56.8720860729229
7.62749551703526
13.1980872683802
16.8714883442917
18.3809922295278
13.3740585774059
18.5734608487747
14.3611476389719
11.6280932456665
11.8563060370592
16.4838015540944
20.470651524208
16.2198445905559
32.6210400478183
17.3059175134489
17.520382546324
14.3831440526001
19.2745965331739
24.1385534967125
11.4851165570831
20.5503885236103
11.1744172145846
13.280573819486
12.6839210998207
26.6708906156605
11.8838015540944
11.0974297668858
14.1879258816497
27.1960549910341
9.25797967722654
23.3769276748356
20.3441721458458
23.8883442916916
13.3520621637776
13.6407650926479
45.3789599521817
14.0449491930663
12.4914524805738
14.2346682606097
13.4180514046623
12.3897190675433
10.8032277346085
34.4961147638972
13.5390316796175
14.4546323968918
15.713927077107
22.7967722653915
8.69982068141064
15.66168559474
10.388045427376
15.9366407650926
19.6760310818888
11.1084279736999
15.9283921099821
14.0147041243276
18.5789599521817
16.4178123132098
16.2968320382546
24.0533173939032
16.1538553496712
13.2695756126718
25.9835026897788
18.1857740585774
17.0254632396892
21.0590555887627
13.8112372982666
13.3438135086671
13.1705917513449
16.0988643156007
19.0903765690377
14.8340705319785
18.9171548117155
12.1752540346683
32.6237298266587
12.5244471010161
15.7001793185894
15.969635385535
38.9557680812911
12.2274955170353
14.064196054991
21.9966527196653
17.2866706515242
17.624865511058
12.9478780633592
13.1980872683802
11.322893006575
8.28738792588165
15.4747160789002
12.0790197250448
18.8044231918709
28.898027495517
17.8943215780036
15.4197250448296
16.0301255230126
14.8725642558279
18.6999402271369
24.9579199043634
15.2932456664674
9.23048416019127
17.0584578601315
9.63741781231321
15.6836820083682
13.3465630603706
15.510460251046
15.0485355648536
18.0125523012552
12.5821876867902
24.0203227734608
17.5011356843993
30.0391512253437
23.2834429169157
18.2737597130903
14.8725642558279
19.1123729826659
11.7710699342498
15.4939629408249
13.849731022116
22.6345487148834
20.1269575612672
15.2822474596533
11.2211595935445
18.7439330543933
22.3733413030484
21.6859533771668
17.2371787208607
27.8092050209205
21.1415421398685
20.5256425582785
12.507949790795
11.938792588165
22.8215182307232
15.1145248057382
10.6849970113568
18.9831440526001
0.55839808726838
18.4332337118948
15.3592349073521
37.685594739988
16.84674237896
14.6773460848775
12.7609085475194
8.23239689181112
15.2959952181709
16.8879856545128
13.9322175732218
20.9408248655111
15.1805140466228
18.4579796772265
12.298983861327
13.9487148834429
17.3801554094441
10.8692169754931
16.5882845188285
20.2451882845188
17.7705917513449
9.76114763897191
14.2126718469815
11.1359234907352
16.6460251046025
16.2913329348476
11.1084279736999
17.7458457860131
17.0199641362821
17.4983861326958
14.8588164973102
17.7705917513449
12.4969515839809
17.3526598924088
23.0799760908548
45.3622235505081
20.9573221757322
13.8057381948595
16.7670053795577
17.3719067543335
16.3545726240287
12.2439928272564
17.107949790795
13.5307830245069
12.5574417214585
13.5555289898386
21.0315600717274
22.7555289898386
13.599521817095
14.6993424985057
22.8957561267185
15.0677824267782
14.0009563658099
11.2953974895397
20.8445905558876
20.679617453676
17.8613269575613
15.3757322175732
9.8848774656306
18.7604303646145
15.2217573221757
10.3687985654513
14.5921099820681
28.840286909743
15.9861326957561
17.473640167364
11.9635385534967
12.5052002390915
15.7276748356246
13.0633592349074
10.9324566646742
17.2729228930066
18.449731022116
9.46969515839809
25.0459055588763
25.0514046622833
14.9028093245666
17.5451285116557
17.8695756126718
23.6381350866707
17.2481769276748
22.9315002988643
12.6371787208607
19.948236700538
16.131858936043
20.5806335923491
26.9980872683802
24.1825463239689
11.4383741781231
14.9385534967125
15.9943813508667
13.1568439928273
13.9707112970711
22.9699940227137
18.6367005379558
21.3450089659295
10.8802151823072
25.0156604901375
12.7334130304842
11.4658696951584
12.612432755529
22.3238493723849
11.6748356246264
42.9399282725643
20.8693365212194
20.8940824865511
15.04578601315
17.734847579199
29.5414225941423
19.953735803945
14.5013747758518
15.5187089061566
5.55433353257621
17.3416616855947
11.7160789001793
10.7894799760909
14.2071727435744
17.6688583383144
16.7725044829647
0.0689778840406455
17.7705917513449
26.4591751344889
16.0768679019725
21.8536760310819
15.8734010759115
14.8698147041243
19.5550508069337
12.7856545128512
13.9982068141064
15.9421398684997
33.0609683203825
15.5132098027496
11.2211595935445
11.5456066945607
15.0182904961148
20.2451882845188
22.0433950986252
12.1120143454871
14.6883442916916
15.5297071129707
12.3264793783622
13.901972504483
12.9176329946204
9.58792588164973
15.818410041841
10.4815301852959
18.0592946802152
19.2910938433951
18.1390316796175
14.5316198445906
20.1682008368201
14.9660490137478
20.5256425582785
15.0622833233712
15.6836820083682
17.5643753735804
19.5660490137478
19.1921099820681
27.7913329348476
21.6172145845786
14.8065750149432
11.5895995218171
12.3099820681411
9.12325164375373
13.0881052002391
15.8843992827256
15.8211595935445
15.2739988045427
14.3611476389719
17.5451285116557
14.4848774656306
112.448595337717
11.4548714883443
12.7196652719665
16.3188284518828
14.6361028093246
15.0045427375971
26.830364614465
12.7801554094441
29.0630005977286
15.7331739390317
13.6242677824268
23.0909742976689
21.0178123132098
14.3446503287507
14.3446503287507
22.1286312014345
12.5436939629408
19.0106395696354
20.5586371787209
15.2849970113568
19.0903765690377
46.4650328750747
21.3257621040048
12.3594739988045
14.9468021518231
11.8508069336521
22.695038852361
21.2735206216378
35.738792588165
13.0853556485356
14.5013747758518
25.9862522414824
44.8508667065152
19.3240884638374
12.6234309623431
22.172624028691
13.4840406455469
21.3367603108189
11.2486551105798
17.572624028691
19.8877465630604
10.8692169754931
10.085594739988
13.390555887627
13.2695756126718
16.544291691572
15.557202630006
21.4687387925882
16.9924686192469
22.2496114763897
16.8907352062164
16.9787208607292
13.7947399880454
20.4074118350269
20.5366407650926
18.6257023311417
18.7796772265391
12.3622235505081
9.60167364016736
20.2369396294082
18.2930065750149
42.8108188882247
13.5362821279139
10.9434548714883
16.7257621040048
10.3468021518231
19.4780633592349
17.7375971309026
11.2239091452481
17.7320980274955
21.96915720263
21.8674237895995
14.633353257621
26.5141661685595
17.1546921697549
19.2196054991034
18.3205020920502
7.0418410041841
11.2761506276151
13.0056186491333
46.2256425582785
19.1426180514047
25.9147638971907
21.3147638971907
16.7257621040048
14.3501494321578
0.0442319187089062
12.4694560669456
12.0020322773461
18.7246861924686
21.6529587567244
11.8590555887627
28.1803945008966
11.8150627615063
19.0106395696354
17.1574417214585
12.4117154811715
16.3023311416617
24.5647340107591
14.7405857740586
17.9795576808129
12.6454273759713
22.3265989240885
17.0749551703527
12.2632396891811
21.3752540346683
20.8775851763299
11.5098625224148
24.0643156007173
22.9562462641961
19.4918111177525
13.286072922893
14.3968918111178
11.5236102809325
17.008965929468
28.4580992229528
12.8818888224746
12.461207411835
12.8461446503288
14.8780633592349
9.11775254034668
22.3238493723849
24.0395696353855
10.9187089061566
22.0268977884041
23.420920502092
11.1001793185894
17.1629408248655
18.0263000597729
25.2988643156007
18.8649133293485
12.0075313807531
11.3531380753138
11.8893006575015
14.0834429169157
40.2235505080693
19.7722653915123
37.2346084877466
16.1208607292289
23.4594142259414
14.7928272564256
16.434309623431
16.4590555887627
11.1331739390317
27.2153018529588
13.8304841601913
24.0148236700538
15.0815301852959
12.9451285116557
21.6639569635386
23.4264196054991
16.8329946204423
13.5197848176928
16.0053795576808
17.6276150627615
14.3061566049014
19.5715481171548
19.2580992229528
15.9558876270173
18.4112372982666
14.3254034668261
18.4112372982666
9.33496712492528
33.4237895995218
14.7928272564256
12.5244471010161
18.4744769874477
39.0053795576808
28.1473998804543
18.9419007770472
22.7197848176928
17.7101016138673
11.6885833831441
14.633353257621
25.2081291093843
16.9429766885834
22.1836222355051
25.279617453676
12.2907352062164
28.8072922893007
7.88045427375971
26.1374775851763
19.9069934249851
28.0181709503885
25.2576210400478
15.0815301852959
32.1425582785415
18.2655110579797
14.7928272564256
52.7695756126718
11.6775851763299
11.0754333532576
23.566646742379
23.3769276748356
14.424387328153
25.535325762104
18.2930065750149
31.0618649133293
28.8842797369994
13.1320980274955
14.7213389121339
15.7881649731022
14.8258218768679
16.4975493126121
12.612432755529
19.018888224746
22.4200836820084
25.5903167961745
14.058696951584
23.566646742379
11.7628212791393
12.2109982068141
18.3424985056784
18.919904363419
30.1655708308428
14.1989240884638
21.2927674835625
29.4039450089659
20.3854154213987
20.110460251046
15.1860131500299
17.5533771667663
18.501972504483
15.3784817692767
18.8759115361626
33.4321578003586
12.5904363419008
13.0963538553497
22.5053197848177
14.011954572624
17.1354453078302
19.4643156007173
13.3548117154812
47.2456664674238
18.7301852958757
19.379079497908
27.1053197848177
14.1906754333533
15.8871488344292
11.1689181111775
14.5068738792588
18.8896592946802
17.7733413030484
16.3848176927675
14.5398684997011
10.550268977884
13.3878063359235
18.8456664674238
15.3729826658697
17.0282127913927
16.1758517632995
12.5326957561267
17.113448894202
10.9077106993425
15.7964136282128
14.5206216377764
10.7894799760909
13.2200836820084
13.286072922893
15.3069934249851
13.4977884040646
20.929826658697
18.4249850567842
19.0023909145248
8.64482964734011
19.2498505678422
56.7208607292289
21.2102809324567
9.27997609085475
8.79055588762702
19.4395696353855
19.6017931858936
11.4026300059773
16.8439928272564
23.0964734010759
13.9294680215182
19.2388523610281
10.8417214584579
13.3438135086671
7.7237298266587
13.1238493723849
29.8136282127914
10.2725642558279
16.7972504482965
14.1081888822475
24.867184698147
11.3063956963539
11.2239091452481
12.8186491332935
12.356724447101
14.9742976688583
0.0139868499701136
10.8692169754931
22.1011356843993
12.2687387925882
12.6756724447101
17.2866706515242
10.8747160789002
9.46419605499103
16.0961147638972
13.5857740585774
20.1214584578601
13.6820083682008
9.98661087866109
54.3505678421996
12.8818888224746
24.1605499103407
17.4186491332935
8.96927674835625
13.797489539749
13.3823072325164
14.633353257621
11.2156604901375
12.0350268977884
57.2349073520622
20.052719665272
15.4664674237896
11.3091452480574
13.4208009563658
15.8871488344292
26.2997011356844
17.7540944411237
16.492050209205
11.886551105798
18.5184698147041
21.9141661685595
27.1685594739988
18.4799760908548
23.1102211595935
13.0001195457262
23.2339509862522
26.9650926479378
20.7043634190078
14.314405260012
17.7788404064555
19.9207411835027
26.2502092050209
17.7705917513449
24.704961147639
38.3508667065152
23.8031081888822
20.4953974895397
30.7208607292289
11.5016138673042
10.962701733413
15.7689181111775
25.4500896592947
17.3939031679617
23.7481171548117
23.4759115361626
14.8643156007173
18.2682606096832
17.5176329946204
10.236820083682
17.3911536162582
21.0150627615063
19.6512851165571
16.7340107591154
15.04578601315
14.8918111177525
14.1384339509863
21.7491930663479
10.4870292887029
19.0573819485953
9.70615660490137
24.3145248057382
18.2737597130903
15.3454871488344
21.5182307232516
18.194022713688
12.4282127913927
19.9674835624626
19.7172743574417
19.2745965331739
17.3774058577406
16.3160789001793
10.2918111177525
68.0352659892409
16.7780035863718
20.3854154213987
10.4182904961148
42.2635983263598
17.4571428571429
18.5707112970711
15.9201434548715
16.8797369994023
13.1156007172744
18.0400478182905
14.8093245666467
28.5020920502092
20.7181111775254
20.575134488942
16.3793185893604
23.1569635385535
30.3828451882845
21.4192468619247
12.2549910340705
14.3831440526001
13.9844590555888
15.969635385535
19.5605499103407
20.1242080095637
21.3587567244471
14.4133891213389
13.5115361625822
19.9509862522415
15.2767483562463
13.4290496114764
10.0910938433951
14.988045427376
17.5066347878063
13.9762104004782
9.14799760908548
19.8327555289898
27.5122534369396
21.44674237896
11.3393903167962
33.9599521817095
9.70065750149432
16.0328750747161
13.3025702331142
27.0970711297071
19.3543335325762
35.1808129109384
15.2630005977286
12.147758517633
8.31488344291691
37.3915122534369
17.1739390316796
19.3350866706515
13.4812910938434
16.7230125523013
38.5708308427974
14.3254034668261
11.735325762104
10.5942618051405
16.6377764494919
14.1714285714286
13.0523610280932
16.0823670053796
18.089539748954
22.4613269575613
21.8206814106396
24.8451882845188
18.3947399880454
10.0498505678422
27.6222355050807
15.2657501494322
13.1238493723849
20.9573221757322
16.1373580394501
11.4961147638972
15.8376569037657
24.8259414225941
20.110460251046
22.021398684997
24.0230723251644
29.1124925283921
16.5250448296473
11.0836820083682
19.5000597728631
9.52743574417214
17.3774058577406
10.0003586371787
17.5231320980275
13.3548117154812
17.2921697549313
18.1142857142857
10.6932456664674
13.1238493723849
14.988045427376
13.2200836820084
14.6553496712493
32.1231320980275
17.4516437537358
17.061207411835
13.5170352659892
14.7900777047221
15.8514046622833
14.8478182904961
31.9748953974895
21.6227136879857
11.9222952779438
16.4480573819486
16.9402271368799
14.1879258816497
36.5911536162582
20.0829647340108
13.5610280932457
7.98768679019725
12.356724447101
14.5591153616258
12.5684399282726
8.51560071727436
17.9630603705918
11.6528392109982
14.1219366407651
16.8357441721458
15.4032277346085
11.6500896592947
12.1230125523013
15.7579199043634
14.5371189479976
22.224865511058
13.7617453676031
19.0958756724447
21.4769874476987
18.5872086072923
20.4541542139869
14.1081888822475
12.9698744769874
14.4848774656306
16.0768679019725
12.3952181709504
21.2185295875672
8.50460251046025
11.8178123132098
28.5405857740586
14.0916915720263
17.6441123729827
15.2684997011357
23.4264196054991
27.9136879856545
14.7900777047221
14.4958756724447
15.9916317991632
13.8772265391512
25.9807531380753
19.8602510460251
22.7637776449492
30.7895995218171
22.0626419605499
23.6683801554094
16.5360430364614
19.0656306037059
21.092050209205
15.8101613867304
0.0799760908547519
15.1805140466228
9.84638374178123
15.510460251046
23.8388523610281
21.7986849970114
14.5371189479976
21.2625224148237
16.7972504482965
8.22964734010759
10.2148236700538
12.0267782426778
17.833831440526
14.7185893604304
20.4953974895397
17.1436939629408
18.3260011954573
25.1778840406455
93.8066347878063
17.0172145845786
21.7959354453078
23.4484160191273
16.9869695158398
16.8934847579199
9.97561267184698
12.5271966527197
15.9778840406455
22.120382546324
13.9927077106993
13.9789599521817
12.3924686192469
14.5481171548117
21.8234309623431
15.098027495517
13.0331141661686
12.6261805140466
16.1346084877466
10.2945606694561
18.0345487148834
14.9083084279737
8.28463837417812
19.0161386730424
17.7073520621638
17.6936043036461
14.3913927077107
16.5580394500897
28.7055588762702
20.0362223550508
18.0482964734011
6.75038852361028
35.1063956963539
15.1832635983264
13.7864913329348
24.0175732217573
17.572624028691
16.1236102809325
18.7906754333533
18.0290496114764
40.7842199641363
19.233353257621
12.2054991034071
17.4571428571429
16.7862522414824
31.7106993424985
12.0570233114166
13.6765092647938
8.89503885236103
15.0595337716677
13.9129707112971
13.9844590555888
13.9899581589958
17.165690376569
11.4851165570831
15.865152420801
13.3163179916318
28.5405857740586
22.0186491332935
11.3091452480574
20.9848176927675
13.6902570233114
13.4757919904363
16.3848176927675
29.5909145248057
9.4092050209205
13.7397489539749
22.9342498505678
19.4120741183503
19.6347878063359
15.1777644949193
17.5946204423192
10.8334728033473
22.3458457860132
19.3488344291692
19.8410041841004
18.9281530185296
18.1225343693963
77.5514046622833
23.8965929468022
15.5791990436342
11.6143454871488
14.831320980275
18.1115361625822
24.2540346682606
17.5753735803945
19.1508667065152
16.2280932456665
20.1214584578601
15.6726838015541
12.2302450687388
16.3600717274357
27.7377166766288
12.7416616855947
18.7604303646145
10.1075911536163
12.3209802749552
15.609444112373
39.8768679019725
11.2156604901375
28.5900777047221
12.873640167364
17.7623430962343
14.2924088463837
14.627854154214
12.4529587567244
12.6454273759713
11.9937836222355
15.3509862522415
12.81589958159
17.9823072325164
12.2027495517035
12.9038852361028
12.9093843395099
83.1494321578003
15.1557680812911
19.3708308427974
13.2915720263001
17.7843395098625
17.5671249252839
13.5582785415421
44.2734608487747
13.0661087866109
30.2289300657501
10.1708308427974
18.6999402271369
32.4148236700538
14.9330543933054
18.8016736401674
15.6259414225941
21.96915720263
12.1862522414824
23.5611476389719
15.0485355648536
19.8465032875075
19.5330543933054
20.9545726240287
12.5464435146444
20.4404064554692
17.8723251643754
11.1331739390317
20.3359234907352
28.6945606694561
20.6851165570831
19.3433353257621
28.3206216377764
25.95325762104
18.0702928870293
34.1028093245666
14.6663478780634
11.9470412432756
18.7989240884638
21.2542737597131
17.9933054393305
30.5340705319785
13.2503287507472
15.6396891811118
21.2460251046025
18.5679617453676
12.3127316198446
12.9038852361028
38.2958756724447
12.868141063957
19.2251046025105
26.1154811715481
24.1742976688583
10.6327555289898
18.455230125523
17.9108188882247
15.2135086670652
27.3637776449492
16.1593544530783
17.2014345487149
16.0053795576808
13.9927077106993
24.6692169754931
14.0614465032875
13.6270173341303
0.187208607292289
13.7260011954573
17.9960549910341
21.8756724447101
12.9863717872086
12.6894202032277
22.4475791990436
14.0284518828452
12.6344291691572
17.3911536162582
16.8247459653317
26.7643753735804
17.880573819486
22.4943215780036
42.2196652719665
10.3385534967125
13.489539748954
26.7863717872086
16.2225941422594
17.3609085475194
28.8512851165571
14.1411835026898
26.4811715481172
28.5818290496115
16.0906156604901
11.1496712492528
19.2745965331739
16.1291093843395
14.7790794979079
54.7190675433353
15.6754333532576
14.7625821876868
25.9340107591154
13.2420800956366
13.4977884040646
20.8198445905559
15.1145248057382
15.2767483562463
25.4253436939629
21.8426778242678
12.2247459653317
15.9943813508667
12.7966527196653
17.4983861326958
11.4081291093843
13.4400478182905
21.5594739988045
15.1200239091452
17.9603108188882
16.0631201434549
12.4584578601315
14.9605499103407
17.1216975493126
17.8393305439331
17.7788404064555
23.0469814704124
19.8080095636581
23.0442319187089
51.6120741183503
17.0474596533174
19.3130902570233
12.7581589958159
13.7260011954573
11.3091452480574
23.5089061566049
17.061207411835
15.0485355648536
13.7809922295278
17.8668260609683
7.41303048416019
29.8658099222953
15.4719665271967
13.9762104004782
18.9968918111178
14.4601315002989
15.0760310818888
13.3493126120741
50.4270771069934
16.3325762104005
13.0853556485356
17.7046025104603
11.2953974895397
16.4810520023909
13.1210998206814
15.4829647340108
17.1271966527197
9.26072922893007
12.9286312014345
14.7350866706515
30.2809324566647
17.3856545128512
19.5550508069337
20.5778840406455
14.6471010161387
19.9757322175732
14.941303048416
30.0884638374178
17.5836222355051
14.1301852958757
13.33831440526
15.6781829049611
18.8566646742379
15.5214584578601
26.4344291691572
17.1161984459056
15.8376569037657
14.3089061566049
22.4503287507472
11.5621040047818
50.7459653317394
20.9545726240287
8.5403466826061
15.4362223550508
14.784578601315
36.395995218171
11.9690376569038
23.6573819485953
8.88129109384339
15.3784817692767
38.0842797369994
18.037298266587
29.3599521817095
10.7867304243873
17.4104004781829
24.5949790794979
15.8898983861327
18.5047220561865
36.0056784219964
14.3391512253437
11.5181111775254
24.4217573221757
22.8600119545726
11.6088463837418
10.137836222355
19.5110579796772
11.2046622833234
16.18410041841
19.9867304243873
13.7315002988643
18.6806933652122
24.6252241482367
15.202510460251
13.2090854751943
12.1367603108189
21.5457262402869
15.6809324566647
25.0431560071727
15.6286909742977
15.8734010759115
10.5887627017334
16.2033472803347
13.5637776449492
22.7665271966527
16.4370591751345
14.732337118948
11.2541542139868
11.4988643156007
37.163179916318
8.10866706515242
25.0294082486551
19.5742976688583
10.3962940824866
15.6314405260012
23.4236700537956
16.2170950388524
18.0043036461447
24.4739988045427
43.9736999402271
8.71081888822475
12.1560071727436
19.7750149432158
16.2143454871488
19.7695158398087
31.1004184100418
17.2811715481172
19.9812313209803
19.2965929468021
15.1062761506276
17.7513448894202
11.166168559474
15.5736999402271
21.504482964734
15.7936640765093
35.1670651524208
25.6645546921698
18.1142857142857
31.7026300059773
26.934847579199
15.8541542139868
13.6682606096832
15.2547519426181
16.4975493126121
15.609444112373
19.2553496712493
12.4914524805738
23.6986252241482
16.7642558278542
15.557202630006
16.5690376569038
17.8090854751943
19.8684997011357
7.29479976090855
13.2750747160789
13.8744769874477
12.8708906156605
22.2166168559474
10.8087268380155
20.6246264196055
12.4584578601315
21.7711894799761
27.8696951583981
27.1465630603706
38.7139868499701
11.4356246264196
10.3687985654513
27.6607292289301
14.8560669456067
15.4802151823072
26.4756724447101
12.2769874476987
25.2438732815302
15.6286909742977
12.4859533771668
10.9132098027496
11.8975493126121
25.0898983861327
12.3347280334728
11.683084279737
12.15325762104
12.4447101016139
17.1271966527197
16.7120143454871
26.2007172743574
13.9817095038852
17.9245666467424
23.0139868499701
11.1084279736999
65.1700537955768
18.0098027495517
10.8444710101614
10.6410041841004
18.0620442319187
14.575612671847
13.3685594739988
15.3922295277944
11.5153616258219
21.4384937238494
24.5702331141662
14.6058577405858
27.8009563658099
12.7829049611476
14.3171548117155
23.8306037059175
17.9823072325164
13.6077704722056
12.716915720263
20.2809324566647
15.7524208009564
12.252241482367
16.898983861327
15.66168559474
27.5589958158996
51.568141063957
12.0240286909743
13.8772265391512
15.1420203227735
24.3007770472206
12.8763897190675
27.7212193664076
21.2817692767484
11.1001793185894
18.5569635385535
13.8222355050807
18.4414823670054
16.9017334130305
11.4548714883443
14.9193066347878
12.3072325164375
28.6230723251644
15.5599521817095
25.326359832636
21.138792588165
9.82438732815302
26.516915720263
31.2295277943813
18.4854751942618
13.0056186491333
10.236820083682
0.327435744172146
18.4387328153019
8.70257023311417
17.9630603705918
29.2692169754931
14.0834429169157
26.2282127913927
16.643275552899
20.4816497310221
17.4186491332935
12.147758517633
38.1201434548715
43.8968918111177
17.1876867901973
15.2052600119546
14.9550508069337
9.24698147041243
14.3226539151225
14.5976090854752
16.8852361028093
13.4400478182905
10.5887627017334
15.5956963538554
14.5123729826659
10.132337118948
11.0259414225941
15.0127913927077
12.4914524805738
22.0598924088464
24.3750149432158
13.2558278541542
17.4516437537358
28.1776449491931
14.6663478780634
11.5373580394501
13.442797369994
15.4719665271967
23.937836222355
11.578601315003
19.2553496712493
14.5426180514047
18.9776449491931
22.5025702331142
21.248774656306
15.0155409444112
26.0137477585176
17.008965929468
26.2584578601315
10.9956963538553
18.9803945008966
14.7955768081291
10.6602510460251
13.9872086072923
22.8792588164973
11.0836820083682
16.7780035863718
61.098027495517
13.1238493723849
12.5739390316796
9.95636580992229
8.52384937238494
23.415421398685
10.2285714285714
16.7312612074118
0.387925881649731
16.9099820681411
14.0009563658099
15.5324566646742
73.6718469814704
11.4383741781231
15.8101613867304
19.0601315002989
24.6939629408249
25.3456066945607
16.5415421398685
41.7934847579199
