10.2230723251644
4.89719067543335
5.90352659892409
3.80836820083682
3.87710699342498
2.72779438135087
4.2510460251046
9.87662881052002
10.2533173939032
5.4086072922893
4.05582785415421
5.71105797967723
7.64261805140466
5.31237298266587
3.95684399282726
6.2252241482367
4.30053795576808
5.20789001793186
3.67638971906754
3.89635385534967
2.99450089659295
5.74130304841602
3.55265989240885
2.90101613867304
1.26503287507472
8.87854154213987
9.13150029886432
4.44626419605499
13.7562462641961
7.31954572624029
8.45236102809324
3.4756724447101
4.78995815899582
3.10723251643754
8.49360430364614
3.46192468619247
3.63239689181112
6.67065152420801
3.64889420203228
6.17023311416617
7.92994620442319
9.0682606096832
3.35744172145846
7.49826658696952
5.77154811715481
5.43335325762104
4.54524805738195
7.45702331141662
3.07423789599522
4.05032875074716
7.86120741183503
1.86718469814704
6.97035265989241
6.07124925283921
3.6406455469217
2.01016138673042
2.67280334728033
2.32086072922893
2.98625224148237
4.82295277943813
7.60274955170353
4.2400478182905
6.101494321578
5.90352659892409
4.70747160789002
1.88093245666467
8.08117154811715
4.99617453676031
5.16389719067543
2.03490735206216
6.19497907949791
3.91560071727436
4.4270173341303
8.116915720263
7.21506276150628
9.7913927077107
4.09432157800359
6.6486551105798
1.39426180514047
5.37011356843993
9.73915122534369
3.91560071727436
1.99091452480574
4.02833233711895
10.6712492528392
4.32803347280335
6.17573221757322
6.28021518230723
6.37095038852361
5.51583980872684
9.27722653915122
2.64530783024507
6.64315600717274
5.55983263598326
4.3335325762104
6.19222952779438
3.01374775851763
1.22653915122534
8.20490137477585
3.62414823670054
7.3937836222355
3.11548117154812
4.31428571428571
3.56090854751943
2.69754931261207
2.12839210998207
2.05415421398685
3.28870292887029
6.97585176329946
5.17764494919307
4.01458457860131
3.57465630603706
3.70938433950986
9.78039450089659
4.63048416019127
2.018410041841
4.38302450687388
3.66539151225344
4.85869695158398
3.43167961745368
4.86694560669456
1.74620442319187
7.02534369396294
4.61123729826659
5.90077704722056
4.3335325762104
4.04482964734011
6.32145845786013
3.66539151225344
2.45008965929468
5.40310818888225
9.24148236700538
9.77764494919307
4.03933054393305
6.27471607890018
10.9846981470412
2.483084279737
5.48009563658099
8.19665271966527
17.5836222355051
5.63956963538553
3.92384937238494
4.26204423191871
6.3599521817095
5.8732815301853
10.7784817692767
5.5735803945009
4.76521219366408
5.13915122534369
10.5282725642558
2.22187686790197
10.748236700538
14.7350866706515
9.04076509264794
8.81255230125523
7.64399282725642
7.25630603705917
2.63705917513449
1.66371787208607
2.31261207411835
2.92576210400478
7.93269575612672
5.77979677226539
3.97334130304842
3.17047220561865
3.6104004781829
5.76604901374776
4.4572624028691
5.11715481171548
10.2808129109384
3.8991034070532
3.14847579199044
7.92719665271967
5.50484160191273
2.35110579796772
7.01159593544531
4.43526598924088
5.0566646742379
8.21864913329348
5.1089061566049
4.08607292289301
3.87985654512851
4.22080095636581
5.34536760310819
7.74297668858338
6.79988045427376
11.8755528989839
7.99043634190078
7.66873879258816
6.51392707710699
3.42893006575015
4.46551105797968
9.90137477585176
2.36485355648536
1.33652121936641
4.86419605499103
6.50292887029289
10.6767483562463
6.16198445905559
4.70472205618649
5.60932456664674
6.95660490137478
5.92827256425583
3.71763299462044
4.84219964136282
1.58673042438733
8.22689778840406
3.49216975493126
2.19163179916318
4.39677226539151
2.00466228332337
4.52875074716079
3.71763299462044
12.4529587567244
3.00824865511058
3.81386730424387
10.0635983263598
3.05774058577406
4.93018529587567
3.42068141063957
5.13090257023311
3.98433950986252
7.55600717274357
8.75206216377764
4.71297071129707
3.01374775851763
4.98242677824268
3.78362223550508
3.77262402869097
5.04566646742379
6.97860131500299
5.79904363419008
8.00693365212194
8.29013747758518
6.66240286909743
10.1653317393903
10.6410041841004
7.10783024506874
6.4424387328153
4.72396891811118
3.89635385534967
3.9403466826061
11.6088463837418
6.17573221757322
5.21063956963539
10.9159593544531
3.17047220561865
2.28236700537956
7.86670651524208
12.5794381350867
20.209444112373
2.04040645546922
3.61315002988643
4.93018529587567
4.68547519426181
3.40418410041841
11.4411237298267
3.08798565451285
8.10591751344889
5.40585774058577
9.20573819485953
2.52707710699343
3.52241482367005
3.54441123729827
7.083084279737
4.40502092050209
2.29061566049014
6.25821876867902
12.1230125523013
5.48559473998804
5.48284518828452
3.46192468619247
4.04757919904363
3.37943813508667
4.36377764494919
4.36377764494919
2.99175134488942
8.32588164973102
3.72863120143455
10.2010759115362
3.77812313209803
6.9483562462642
7.32779438135087
3.66264196054991
2.34560669456067
2.85702331141662
2.3593544530783
6.16748356246264
12.7994022713688
6.43419007770472
3.54716078900179
9.5439330543933
9.3679617453676
3.88260609683204
4.07782426778243
4.15206216377764
3.9925881649731
2.18888224745965
6.76413628212791
4.50675433353258
1.32827256425583
7.16832038254632
9.22498505678422
5.07316198445906
6.41219366407651
8.14716078900179
6.15923490735206
3.15122534369396
1.72970711297071
6.00251046025105
4.91643753735804
6.07949790794979
10.3578003586372
3.31619844590556
4.30328750747161
3.38493723849372
7.55325762104005
4.04482964734011
1.78744769874477
2.6480573819486
2.04590555887627
1.33927077106993
8.53209802749551
1.47124925283921
5.81829049611476
4.37752540346682
4.30328750747161
7.34979079497908
7.0418410041841
5.40035863717872
8.96377764494919
9.43945008965929
5.48284518828452
3.53341303048416
6.75313807531381
12.5931858936043
1.43000597728631
2.98075313807531
5.82928870292887
6.59916317991632
6.07399880454274
0.112970711297071
2.83227734608488
5.7495517035266
9.24698147041243
6.38469814704124
5.82928870292887
10.6080095636581
4.92743574417215
1.06431560071727
3.58840406455469
2.17238493723849
6.72289300657501
9.73915122534369
3.54441123729827
3.45367603108189
2.20812910938434
6.72564255827854
10.6602510460251
2.79103407053198
10.085594739988
3.30794979079498
11.63084279737
9.9673640167364
4.79270771069934
1.64722056186491
4.5919904363419
5.62307232516438
3.71213389121339
6.51117752540347
4.53974895397489
5.81829049611476
2.60406455469217
13.2255827854154
7.27555289898386
6.19497907949791
7.94644351464435
5.21063956963539
5.64231918708906
9.73365212193664
4.55349671249253
3.01649731022116
7.7237298266587
3.17872086072923
6.55791990436342
3.36569037656904
8.49635385534967
4.47925881649731
11.113927077107
8.20490137477585
7.50101613867304
5.69181111775254
10.7454871488344
10.1928272564256
4.02283323371189
5.23538553496712
15.301494321578
9.14799760908548
7.07483562462642
0.319187089061566
10.0498505678422
4.46276150627615
3.76162582187687
6.13998804542738
2.89551703526599
3.14297668858338
5.59282725642558
2.89001793185894
7.00334728033473
3.66539151225344
7.42677824267782
5.00442319187089
4.99342498505678
4.73771667662881
3.92109982068141
1.59222952779438
1.57848176927675
1.63622235505081
4.45176329946204
4.28953974895397
2.42809324566647
2.51057979677227
7.87495517035266
6.51117752540347
4.93018529587567
4.48200836820084
9.7089061566049
3.53066347878063
2.52707710699343
2.51057979677227
3.58840406455469
5.28762701733413
4.15481171548117
6.4011954572624
3.39593544530783
2.95050806933652
8.30388523610281
5.05391512253437
2.32086072922893
13.1870890615661
2.60131500298864
4.10806933652122
5.69181111775254
7.44602510460251
3.94584578601315
6.90986252241482
3.76437537358039
5.69181111775254
5.86778242677824
5.77429766885834
5.59282725642558
4.31428571428571
7.41028093245666
3.99808726838015
7.61374775851763
7.4240286909743
6.13448894202032
2.51332934847579
6.07674835624626
1.88093245666467
1.5317393903168
3.52241482367005
8.88953974895397
6.26371787208607
5.58182904961148
5.26838015540944
2.04040645546922
3.01099820681411
4.65797967722654
7.01434548714883
3.74237895995218
9.04076509264794
7.43227734608488
4.88894202032277
5.8430364614465
5.34811715481171
2.07890017931859
5.20789001793186
5.38111177525403
4.67172743574417
5.89802749551704
5.25738194859534
4.31703526598924
2.2246264196055
15.1585176329946
8.65307830245069
8.26264196054991
1.7187089061566
10.1350866706515
5.35086670651524
6.26096832038255
5.0264196054991
2.41709503885236
7.50376569037657
46.8690974297669
2.46658696951584
10.6135086670652
3.07423789599522
1.30902570233114
9.71990436341901
4.77071129707113
2.32910938433951
1.25953377166766
8.72456664674238
10.8664674237896
5.21338912133891
4.47375971309026
6.16198445905559
4.43251643753736
5.74405260011955
2.018410041841
4.58924088463837
3.03849372384937
7.96294082486551
3.88260609683204
7.25080693365212
9.53018529587567
4.33903167961745
4.80370591751345
6.30221159593544
2.80753138075314
7.58075313807531
20.3909145248057
4.40502092050209
11.375134488942
8.12516437537358
5.98601315002989
6.27471607890018
6.59091452480574
5.64506873879259
6.54692169754931
16.6322773460849
8.12241482367005
2.29886431560072
2.85152420800956
1.77369994022714
6.82737597130903
5.52408846383742
5.08416019127316
5.37286312014345
5.00992229527794
10.1350866706515
4.85319784817693
19.8217573221757
12.6234309623431
5.33986849970113
6.12349073520622
4.45451285116557
8.14441123729827
2.73604303646145
2.49133293484758
3.01374775851763
4.46551105797968
4.06682606096832
4.4160191273162
4.08607292289301
4.27579199043634
3.4234309623431
3.77812313209803
2.45283921099821
4.14656306037059
5.5735803945009
7.09133293484758
5.8430364614465
4.31703526598924
2.14488942020323
5.64506873879259
5.16114763897191
5.25188284518828
8.98577405857741
6.049252839211
4.23729826658697
3.36843992827256
6.35720263000598
2.48858338314405
3.15397489539749
3.49216975493126
12.868141063957
8.91428571428571
2.56282127913927
9.10400478182905
6.16198445905559
4.02833233711895
2.29611476389719
3.63514644351464
24.0698147041243
7.31129707112971
2.05140466228332
8.10316796174537
6.93460848774656
3.72038254632397
4.38577405857741
5.98051404662283
10.9077106993425
10.7977286312014
7.10783024506874
6.36820083682008
4.48200836820084
6.23072325164375
2.24112372982666
2.40334728033473
5.01267184698147
4.63598326359833
4.20705319784818
9.28822474596533
6.28296473401076
3.97059175134489
6.43968918111177
5.71930663478781
5.8430364614465
2.55457262402869
8.64208009563658
5.8017931858936
5.3151225343694
2.42809324566647
7.3264196054991
4.52050209205021
4.88619246861925
3.52516437537358
3.49491930663479
4.43251643753736
4.83945008965929
2.40884638374178
4.27854154213987
3.15122534369396
9.8436341900777
3.11548117154812
2.28511655708308
4.14931261207412
9.18649133293485
7.9821876867902
21.8096832038255
8.03167961745368
15.3674835624626
12.304482964734
7.4652719665272
15.7826658696952
3.0824865511058
4.1685594739988
5.13090257023311
4.34728033472803
1.37226539151225
3.53891213389122
5.07591153616258
5.51309025702331
4.71022115959354
3.85511057979677
11.9167961745368
14.9495517035266
1.69946204423192
2.95600717274357
6.64315600717274
6.71464435146443
5.51034070531978
4.7267184698147
8.97752540346683
3.57190675433353
1.4080095636581
4.38577405857741
4.97967722653915
3.09898386132696
6.12898983861327
6.67065152420801
6.36820083682008
6.57166766288105
4.62223550508069
5.48559473998804
8.42486551105798
4.69372384937238
2.98350268977884
1.92767483562463
5.60932456664674
6.95660490137478
3.27495517035266
5.51034070531978
3.84411237298267
4.57274357441721
3.60215182307232
2.59581589958159
3.99808726838015
6.13448894202032
10.2505678421996
4.41876867901972
9.64841601912732
11.6638374178123
2.72779438135087
3.50041841004184
3.69013747758518
5.05116557083084
3.37118947997609
5.55708308427974
9.80239091452481
5.11715481171548
6.24997011356844
5.25738194859534
7.11332934847579
2.09264793783622
11.578601315003
20.4431560071727
17.8365809922295
7.00884638374178
5.22713687985654
5.05391512253437
15.2410041841004
6.04650328750747
6.3599521817095
4.50675433353258
4.60298864315601
11.5071129707113
3.87710699342498
1.61972504482965
3.1347280334728
5.04566646742379
3.83311416616856
5.33161984459055
7.79521817095039
3.44817692767484
6.85762104004782
12.2907352062164
5.42235505080693
6.64315600717274
9.0572624028691
5.94751942618051
6.62115959354453
8.22139868499701
2.1008965929468
8.38912133891213
4.31153616258219
10.8032277346085
5.30687387925882
5.54058577405858
1.86993424985057
6.49742976688583
8.64208009563658
3.86060968320383
9.2332337118948
4.06407650926479
5.62032277346085
7.29479976090855
8.84279736999402
3.33269575612672
2.62331141661686
4.43526598924088
2.20263000597729
6.42319187089061
6.70639569635386
16.852241482367
4.83120143454871
7.47901972504483
5.08965929468021
1.19629408248655
5.89527794381351
1.62247459653317
4.18505678421996
3.02749551703527
8.72731619844591
14.4353855349671
6.60466228332337
1.58123132098028
6.36270173341303
6.88511655708308
5.68631201434549
9.95636580992229
1.52349073520622
8.01793185893604
5.08141063956964
6.35445307830245
11.322893006575
10.5805140466228
17.7540944411237
5.94202032277346
3.4344291691572
5.11990436341901
6.93460848774656
3.26670651524208
11.4246264196055
5.54883442916916
5.38111177525403
7.11057979677226
9.52743574417214
6.17023311416617
5.90077704722056
1.60322773460849
3.75612671846981
8.84554692169755
4.72946802151823
3.56365809922295
3.06598924088464
6.80537955768081
4.62498505678422
5.03466826060968
2.6480573819486
5.31237298266587
2.80478182904961
3.87985654512851
4.34178123132098
1.77644949193066
7.74847579199044
3.79187089061566
3.42618051404662
5.7083084279737
8.22964734010759
4.38852361028093
5.18314405260012
5.06216377764495
2.38684997011357
2.8350268977884
3.0824865511058
5.1501494321578
5.14739988045427
4.43526598924088
6.00251046025105
6.65415421398685
7.7347280334728
6.50842797369994
3.50316796174537
6.97310221159593
6.1839808726838
10.3055588762702
6.10974297668858
4.27304243873281
2.60131500298864
3.65439330543933
5.0264196054991
4.23454871488344
3.22821279139271
3.74237895995218
4.91918708906157
6.83837417812313
2.00191273161984
1.83693962940825
5.48834429169157
13.9047220561865
4.09432157800359
3.09073520621638
8.13066347878063
5.01267184698147
7.33879258816497
3.62414823670054
4.05307830245069
5.67256425582785
9.27172743574417
6.15923490735206
8.22964734010759
6.51117752540347
14.1824267782427
3.40968320382546
7.79246861924686
5.38936043036461
12.8846383741781
4.62498505678422
5.40585774058577
1.86993424985057
3.24196054991034
2.95050806933652
17.3911536162582
4.6332337118948
1.4904961147639
5.06216377764495
5.08965929468021
4.7982068141064
5.4910938433951
5.78804542737597
2.85152420800956
4.2098027495517
1.55373580394501
3.99808726838015
12.0790197250448
7.06383741781231
4.59473998804543
5.60107591153616
3.65439330543933
3.79462044231919
2.94225941422594
4.52875074716079
7.39928272564256
3.10173341303048
2.80753138075314
5.57632994620442
8.13891213389121
3.65439330543933
6.10424387328153
9.13974895397489
5.8320382546324
5.13915122534369
4.99892408846384
8.63658099222953
3.76712492528392
5.73030484160191
4.28679019725045
8.61183502689779
4.48750747160789
6.3901972504483
4.4270173341303
12.4309623430962
6.93185893604304
3.05224148236701
4.03933054393305
4.2400478182905
16.6460251046025
8.12791392707711
6.61291093843395
5.97226539151225
3.33819485953377
2.49958158995816
2.8762701733413
3.36019127316198
8.67782426778243
7.11332934847579
9.30197250448296
2.96975493126121
3.6104004781829
2.31261207411835
23.4346682606097
6.74763897190675
3.66264196054991
4.25654512851166
3.15122534369396
2.71679617453676
10.3962940824866
4.99892408846384
2.27961745367603
8.16915720263001
1.34476987447699
5.54608487746563
4.25379557680813
3.10998206814106
3.67364016736402
4.26479378362224
2.20812910938434
5.3151225343694
1.6252241482367
2.98625224148237
4.21255230125523
13.4098027495517
3.74237895995218
3.23646144650329
1.20729228930066
4.73496712492528
1.95517035265989
5.41135684399283
6.79163179916318
5.37561267184698
5.51858936043036
2.14488942020323
11.6995815899582
4.30328750747161
6.83012552301255
10.6382546323969
13.0138673042439
4.48475791990436
4.42426778242678
3.07698744769874
1.68296473401076
7.62199641362821
5.88702928870293
3.01924686192469
5.83753735803945
3.76712492528392
3.19796772265391
4.93568439928273
5.90077704722056
6.72564255827854
8.58708906156605
4.51225343693963
1.89742976688583
3.46742378959952
3.68463837417812
6.3901972504483
4.84219964136282
5.37836222355051
7.50926479378362
6.92361028093246
2.79378362223551
4.99342498505678
6.20597728631201
5.93377166766288
4.38852361028093
4.2510460251046
10.393544530783
2.54907352062164
3.44542737597131
1.72970711297071
13.1183502689779
8.30938433950986
9.14524805738195
2.30161386730424
5.23813508667065
8.8922893006575
9.73915122534369
2.84052600119546
5.17214584578601
4.03108188882247
2.38135086670652
16.8109982068141
10.7894799760909
3.69013747758518
5.22988643156007
7.64949193066348
8.38912133891213
2.94500896592947
7.55600717274357
4.9329348475792
3.03024506873879
5.98876270173341
3.43992827256426
2.95600717274357
2.43084279736999
5.62857142857143
7.36903765690376
3.90185295875672
4.80645546921698
7.49276748356246
3.5581589958159
16.0851165570831
2.98075313807531
1.74070531978482
4.2098027495517
6.14548714883443
3.39043634190078
5.88702928870293
6.81637776449492
2.63156007172744
0.775612671846982
0.968081291093843
4.91643753735804
6.53867304243873
6.12898983861327
4.58924088463837
6.51392707710699
5.92277346084877
0.123968918111178
2.62606096832038
5.71105797967723
7.47077106993425
3.29145248057382
11.4328750747161
1.82044231918709
4.52600119545726
7.49276748356246
3.41243275552899
11.2789001793186
2.78003586371787
5.56808129109384
5.45534967124925
3.24471010161387
9.76114763897191
5.72480573819486
7.82271368798565
4.74321578003586
5.79629408248655
9.0682606096832
7.80621637776449
6.21972504482965
7.80621637776449
7.03359234907352
6.80537955768081
4.87519426180514
4.9851763299462
8.54584578601315
5.11440526001195
6.34620442319187
5.86228332337119
4.17680812910938
8.10591751344889
9.28822474596533
5.11990436341901
2.86252241482367
5.97226539151225
2.21912731619845
4.69372384937238
6.10974297668858
2.44459055588763
2.90926479378362
3.33544530783024
1.34202032277346
3.75612671846981
4.37202630005977
8.28738792588165
6.00251046025105
2.72779438135087
2.03215780035864
1.34751942618051
2.29336521219366
3.03299462044232
4.44076509264794
4.49025702331142
8.98302450687388
6.04375373580394
5.59145248057382
4.1575612671847
6.38469814704124
10.4512851165571
5.72205618649133
6.1839808726838
4.80095636580992
5.26013150029886
5.28212791392708
3.46742378959952
2.10914524805738
2.39234907352062
5.05391512253437
7.0940824865511
6.60466228332337
4.55349671249253
7.48176927674836
4.65523012552301
6.66515242080096
6.10699342498506
4.48475791990436
5.58182904961148
3.96234309623431
9.03801554094441
3.6406455469217
7.47352062163778
3.64614465032875
8.58983861326957
5.54883442916916
5.77704722056186
12.1147638971907
5.68081291093843
5.19964136282128
3.40418410041841
4.77621040047818
2.59306634787806
4.77346084877466
3.92659892408846
2.69754931261207
6.42044231918709
20.726359832636
5.67531380753138
3.1347280334728
6.15923490735206
4.68822474596533
4.12731619844591
4.33628212791393
3.02749551703527
3.51141661685595
16.7147638971907
7.30854751942618
4.3335325762104
5.57083084279737
2.61231320980275
1.90842797369994
5.25463239689181
4.03933054393305
3.85511057979677
8.14166168559474
6.07399880454274
3.04674237895995
4.90543933054393
4.31703526598924
6.04650328750747
3.05499103407053
7.40753138075314
3.59115361625822
4.67172743574417
4.83120143454871
5.84028690974298
4.86694560669456
3.36569037656904
7.72922893006575
5.16389719067543
13.489539748954
5.9667662881052
3.68463837417812
4.68822474596533
2.42534369396294
11.2376569037657
4.19330543933054
5.82653915122534
42.2635983263598
4.84769874476987
3.28595337716677
3.28045427375971
4.87519426180514
2.52707710699343
6.35445307830245
6.03550508069336
5.0264196054991
3.31069934249851
4.54799760908548
4.47375971309026
4.68822474596533
4.26204423191871
8.69982068141064
2.97250448296473
1.47674835624626
9.68690974297669
11.1276748356246
2.535325762104
6.07674835624626
3.25020920502092
3.6516437537358
4.4160191273162
4.57549312612074
6.92086072922893
4.9851763299462
3.63514644351464
3.50316796174537
5.10065750149432
8.36712492528392
3.11548117154812
5.21888822474596
4.10806933652122
4.498505678422
4.89994022713688
3.75062761506276
2.18613269575613
3.69563658099223
2.54357441721458
7.96843992827256
5.95576808129109
4.86969515839809
3.48392109982068
6.94560669456067
6.21422594142259
7.46252241482367
1.89468021518231
6.98959952181709
3.13060370591751
4.80645546921698
0.261446503287507
4.12731619844591
2.98625224148237
5.90902570233114
3.01374775851763
3.07973699940227
6.40669456066945
4.56999402271369
10.6107591153616
4.77621040047818
5.37011356843993
3.51416616855947
4.77346084877466
4.45176329946204
7.33604303646145
4.83120143454871
4.47925881649731
3.82761506276151
3.79187089061566
5.82378959952182
11.7958158995816
10.2423191870891
13.541781231321
3.37393903167962
5.7495517035266
4.1575612671847
6.6486551105798
6.29121338912134
1.5839808726838
5.04566646742379
7.01709503885236
3.26670651524208
5.15289898386133
3
3.31619844590556
4.97142857142857
2.98900179318589
4.25654512851166
5.3673640167364
4.36102809324567
3.9925881649731
4.83670053795577
3.99533771667663
3.91835026897788
7.66873879258816
3.56365809922295
3.85511057979677
8.03167961745368
4.64973102211596
6.62390914524806
3.81936640765093
5.05941422594142
7.38828451882845
1.29527794381351
8.86479378362223
16.6845188284519
4.63598326359833
6.99234907352062
8.11416616855947
3.17322175732218
6.10974297668858
1.63622235505081
7.32779438135087
3.89360430364614
6.39569635385535
5.30687387925882
6.15923490735206
8.27089061566049
6.50842797369994
3.1649731022116
0.0744769874476987
8.22964734010759
7.62749551703526
2.32361028093246
6.50292887029289
7.59725044829647
3.40418410041841
8.29838613269576
2.6480573819486
3.66814106395696
17.3746563060371
6.85762104004782
3.47017334130305
0.926838015540944
1.58947997609085
2.21087866108787
5.66431560071727
7.65774058577406
4.00633592349073
3.30520023909145
2.8240286909743
6.83287507471608
6.80812910938434
13.8827256425583
9.67591153616258
6.97310221159593
7.50376569037657
1.70221159593545
7.36353855349671
7.05558876270173
20.5311416616856
3.10173341303048
5.74680215182307
2.85152420800956
8.77680812910938
3.73962940824865
8.60633592349073
5.12265391512253
3.89085475194262
4.19605499103407
4.0750747160789
1.70496114763897
4.83945008965929
6.59366407650926
4.7569635385535
3.60765092647938
5.25463239689181
5.39485953377167
17.572624028691
5.94476987447699
4.52325164375374
3.63789599521817
5.7907949790795
3.22821279139271
7.16832038254632
5.12265391512253
1.87268380155409
3.39868499701136
1.58947997609085
4.3747758517633
2.25487148834429
5.51583980872684
3.67913927077107
4.22630005977286
2.89001793185894
2.4005977286312
8.53759713090257
4.11906754333533
13.7782426778243
5.7907949790795
3.32994620442319
6.43419007770472
0.00573819485953378
8.17465630603706
12.560191273162
6.03550508069336
10.7399880454274
4.22630005977286
5.37561267184698
3.31069934249851
5.85953377166766
2.87901972504483
4.73084279736999
5.56808129109384
7.59175134488942
1.67746563060371
8.01518230723252
7.99593544530783
0.822355050806934
4.57549312612074
6.63215780035864
5.13365212193664
2.74979079497908
3.93484757919904
3.19796772265391
8.67232516437537
6.32420800956366
4.48750747160789
4.68822474596533
6.4011954572624
11.7078302450687
2.50783024506874
7.13807531380753
3.07973699940227
7.05421398684995
3.63239689181112
2.28511655708308
4.59473998804543
1.95517035265989
2.40609683203825
3.61864913329348
6.64040645546922
3.94584578601315
3.19521817095039
2.89276748356246
2.02940824865511
3.43992827256426
4.35827854154214
4.19055588762702
4.34453078302451
5.93102211595935
1.76820083682008
11.5758517632995
2.89551703526599
3.8688583383144
9.91787208607292
1.449252839211
4.27029288702929
8.01518230723252
7.19581589958159
11.6995815899582
16.3023311416617
4.97142857142857
1.78744769874477
4.91643753735804
6.16198445905559
3.37943813508667
6.6486551105798
8.98302450687388
2.82677824267782
2.15588762701733
2.58206814106396
4.55349671249253
5.71380753138075
3.9925881649731
1.09181111775254
6.81912731619845
3.11823072325164
0.0909742976688584
7.63574417214585
7.53401075911536
7.85570830842797
5.51309025702331
8.44411237298267
5.11715481171548
3.59115361625822
6.31046025104602
4.23179916317992
8.84829647340107
5.41410639569635
17.682606096832
0.786610878661088
4.81195457262403
4.38577405857741
4.00358637178721
5.40310818888225
4.58099222952779
4.48475791990436
2.535325762104
5.96951583980873
5.11165570830843
10.3440526001195
4.08607292289301
6.80537955768081
4.99342498505678
3.92109982068141
3.34369396294082
7.44327555289898
5.33711894799761
7.28655110579797
6.6898983861327
8.10866706515242
3.89635385534967
7.55600717274357
7.36078900179319
3.60490137477585
15.4719665271967
7.15457262402869
4.42976688583383
3.17047220561865
4.45176329946204
7.75122534369396
4.16031081888822
4.08057381948595
3.39593544530783
11.3888822474597
6.98135086670651
5.09790794979079
4.04208009563658
2.4005977286312
6.566168559474
2.92851165570831
1.41075911536163
4.87794381350867
2.9065152420801
7.39103407053198
4.64973102211596
3.28045427375971
9.20023909145248
8.07017334130305
5.89802749551704
7.89695158398087
1.15780035863718
7.72098027495517
10.550268977884
9.31022115959354
3.52516437537358
5.61207411835027
1.48774656306037
5.94476987447699
4.38027495517035
6.04100418410042
7.1655708308428
4.38027495517035
8.11966527196653
3.9101016138673
4.42426778242678
3.50041841004184
2.34560669456067
8.87579199043634
25.9780035863718
5.85403466826061
5.52958756724447
14.2896592946802
1.81769276748356
3.4234309623431
6.36820083682008
2.1008965929468
4.34453078302451
1.30352659892409
0.440167364016736
4.06407650926479
3.50316796174537
2.98075313807531
5.73855349671249
3.6406455469217
4.98242677824268
5.04841601912732
3.70113568439928
7.21506276150628
6.70639569635386
6.19497907949791
2.45283921099821
15.2877465630604
6.12074118350269
5.79629408248655
5.08141063956964
3.92384937238494
0.83335325762104
7.65499103407053
4.13556485355648
2.15313807531381
2.02115959354453
4.17955768081291
5.99976090854752
10.5585176329946
1.28153018529588
4.83395098625224
4.73496712492528
14.9715481171548
6.75313807531381
5.13090257023311
1.89193066347878
5.60107591153616
8.65032875074716
5.10615660490137
7.60274955170353
10.7729826658697
15.7084279736999
6.96210400478183
4.06132695756127
17.7458457860131
5.78804542737597
6.45343693962941
2.93676031081889
6.33795576808129
12.3814704124328
3.54166168559474
3.48667065152421
6.07124925283921
5.52133891213389
5.34261805140466
15.0210400478183
3.78087268380155
4.65797967722654
6.71189479976091
2.36485355648536
3.48117154811715
6.99784817692767
3.42893006575015
6.53042438732815
5.59557680812911
6.33245666467424
4.34453078302451
3.49491930663479
28.3096234309623
1.82044231918709
5.32887029288703
4.40502092050209
9.35146443514644
3.67364016736402
3.34369396294082
2.58206814106396
8.35887627017334
4.26204423191871
3.95959354453078
5.42785415421399
1.76820083682008
6.64315600717274
6.50567842199641
5.3673640167364
2.36760310818888
2.87352062163778
1.99916317991632
5.80729228930066
5.93102211595935
10.1460848774656
4.44626419605499
3.89085475194262
4.02008368200837
1.59772863120143
3.72588164973102
2.84602510460251
4.71846981470412
12.8956365809922
3.29695158398087
1.0670651524208
6.79163179916318
5.23538553496712
5.66981470412433
3.84961147638972
1.87818290496115
3.42618051404662
6.18947997609085
3.15947399880454
4.66072922893007
3.58015540944411
5.2436341900777
3.1649731022116
5.44710101613867
5.33161984459055
4.77071129707113
2.71954572624029
2.41434548714883
4.04757919904363
3.49216975493126
1.82869097429767
3.03299462044232
5.4498505678422
5.69456066945607
16.8219964136282
3.84411237298267
4.05307830245069
12.0515242080096
8.44136282127914
3.60490137477585
10.4595337716677
5.84853556485356
4.67997609085475
6.07399880454274
6.42594142259414
1.93867304243873
2.89551703526599
2.535325762104
7.76222355050807
4.89994022713688
5.48559473998804
17.8530783024507
7.66049013747758
3.72863120143455
9.35421398684997
3.43717872086073
1.08081291093843
5.48009563658099
3.89360430364614
4.57824267782427
5.22163777644949
4.04208009563658
9.82163777644949
6.14823670053795
6.72289300657501
3.11273161984459
4.33628212791393
1.83419007770472
3.9925881649731
5.01267184698147
5.89252839210998
3.6516437537358
3.8688583383144
5.57083084279737
6.82187686790197
2.60131500298864
4.02833233711895
6.36545128511656
4.2098027495517
7.04734010759115
4.91918708906157
6.3077106993425
4.10531978481769
4.88619246861925
4.40502092050209
3.36569037656904
3.84961147638972
8.95277943813509
3.6928870292887
9.01052002390914
2.19438135086671
10.3907949790795
5.51034070531978
12.7829049611476
5.015421398685
7.2068141063957
8.90603705917513
5.04841601912732
5.82104004781829
4.43526598924088
4.39677226539151
2.91476389719068
3.92934847579199
3.35744172145846
5.85403466826061
4.99892408846384
4.11081888822475
5.07591153616258
4.70197250448296
3.50041841004184
1.04506873879259
4.66897788404065
8.43036461446503
8.39736999402271
0.112970711297071
4.57274357441721
7.37728631201434
4.34453078302451
6.6898983861327
6.31595935445308
4.34453078302451
2.483084279737
3.66539151225344
7.10783024506874
5.07041243275553
5.43335325762104
5.532337118948
3.5581589958159
2.75528989838613
6.28571428571428
4.88894202032277
3.19521817095039
3.78912133891213
7.19031679617454
6.20597728631201
1.25128511655708
5.79904363419008
2.38135086670652
7.96569037656904
4.58649133293485
3.49766885833831
4.78170950388524
3.14847579199044
8.50460251046025
5.12265391512253
3.58015540944411
2.62881052002391
6.09599521817095
2.47758517632995
8.2928870292887
4.21530185295876
1.55098625224148
4.94943215780036
5.71930663478781
4.08057381948595
1.92767483562463
4.65248057381948
6.3901972504483
0.286192468619247
6.47818290496115
2.71129707112971
11.0919306634788
4.65797967722654
7.01434548714883
4.00358637178721
3.8578601315003
12.461207411835
10.3385534967125
8.28463837417812
2.28786610878661
10.6684997011357
4.96043036461446
4.06407650926479
4.23454871488344
6.01075911536162
4.27579199043634
7.47901972504483
3.59665271966527
5.74405260011955
5.9667662881052
5.48009563658099
4.40777047220562
4.82845188284519
9.06551105797968
2.68380155409444
4.11906754333533
10.0635983263598
1.83693962940825
5.18314405260012
3.45642558278542
4.73771667662881
7.54500896592947
3.05224148236701
4.20155409444112
11.938792588165
6.45068738792588
3.96234309623431
2.97800358637179
5.95851763299462
4.87519426180514
2.59581589958159
11.1936640765093
4.91093843395099
8.13891213389121
3.34369396294082
3.6818888224746
3.1649731022116
5.64231918708906
4.28953974895397
9.5329348475792
5.58182904961148
6.39294680215182
7.5587567244471
5.69731022115959
8.42486551105798
5.11165570830843
3.68738792588165
2.77178720860729
2.43909145248057
5.37286312014345
4.2400478182905
3.16772265391512
7.41852958756724
6.87961745367603
3.71488344291692
7.2590555887627
2.38959952181709
5.95851763299462
5.46634787806336
3.91560071727436
5.45809922295278
5.3151225343694
7.50101613867304
29.6459055588763
6.52767483562463
4.74596533173939
5.82928870292887
5.89527794381351
6.69264793783622
5.85953377166766
7.11332934847579
5.17214584578601
10.2945606694561
8.42211595935445
1.48774656306037
10.8637178720861
8.69707112970711
1.81494321578004
4.51775254034668
5.11715481171548
8.72731619844591
4.02283323371189
4.64148236700538
5.91177525403467
4.58649133293485
4.6744769874477
2.91476389719068
4.29503885236103
4.45176329946204
2.61506276150628
2.94500896592947
7.11882845188284
6.32695756126718
6.95660490137478
3.0412432755529
5.12265391512253
7.7759713090257
2.76353855349671
5.79354453078302
2.45558876270173
4.58374178123132
11.938792588165
5.07316198445906
7.32779438135087
8.08392109982068
3.91285116557083
4.89719067543335
7.36078900179319
4.71297071129707
5.5433353257621
3.99533771667663
5.67256425582785
2.2246264196055
3.19521817095039
2.80753138075314
3.30245068738793
4.52325164375374
4.62773460848775
4.54799760908548
5.8732815301853
4.20155409444112
6.23072325164375
7.08858338314405
4.67997609085475
4.66072922893007
2.56282127913927
9.23873281530185
7.43777644949193
6.53867304243873
2.96975493126121
5.89252839210998
5.68906156604901
2.54907352062164
5.5735803945009
3.57190675433353
2.03765690376569
9.01326957561267
6.21972504482965
3.36019127316198
5.5020920502092
9.12325164375373
8.62283323371189
3.53616258218769
5.21338912133891
4.2400478182905
7.98493723849372
6.40944411237298
1.46300059772863
5.36186491332935
13.0276150627615
4.57274357441721
2.49408248655111
4.67997609085475
3.7341303048416
4.46551105797968
6.88236700537956
7.61099820681411
5.57907949790795
9.16999402271369
13.8607292289301
2.91476389719068
5.26013150029886
5.49384339509862
7.77047220561865
4.85319784817693
10.6327555289898
2.80203227734608
2.18888224745965
4.44901374775852
11.6060968320383
3.01099820681411
7.86395696353855
6.89336521219366
28.5350866706515
7.58075313807531
11.067184698147
3.6406455469217
3.4234309623431
0.14596533173939
6.45893604303646
5.92277346084877
4.6442319187089
6.1317393903168
2.91476389719068
3.41793185893604
10.1433353257621
5.02916915720263
2.9175134488942
3.43167961745368
2.08714883442917
5.35636580992229
10.5200239091452
1.39701135684399
3.78637178720861
3.26670651524208
4.12731619844591
4.79545726240287
7.89145248057382
7.4350268977884
3.27495517035266
7.05283921099821
2.96975493126121
8.21864913329348
10.341303048416
3.96784219964136
8.8922893006575
3.35469216975493
5.41960549910341
2.24937238493724
2.54907352062164
8.85379557680813
5.48284518828452
3.02749551703527
2.50508069336521
4.58924088463837
4.29778840406455
7.1655708308428
6.45893604303646
4.31978481769277
4.02833233711895
4.49575612671847
3.0934847579199
11.0836820083682
5.14739988045427
7.22606096832038
7.70173341303048
8.3341303048416
4.05857740585774
3.94584578601315
3.83036461446503
5.68081291093843
6.06575014943216
8.77405857740586
13.0001195457262
4.99067543335326
5.16114763897191
7.48726838015541
9.55768081291094
5.54608487746563
4.55624626419606
11.7683203825463
6.44518828451883
15.8486551105798
4.84494919306635
5.47184698147041
6.20872683801554
4.4160191273162
5.15839808726838
3.82486551105798
4.75971309025702
5.04016736401674
1.16329946204423
5.27112970711297
3.89360430364614
8.0344291691572
5.73580394500897
5.70280932456665
8.35887627017334
5.00992229527794
3.22271368798565
4.87519426180514
5.25188284518828
4.39402271368799
1.79844590555888
2.39509862522415
4.56174536760311
7.70998206814106
4.19605499103407
3.28320382546324
5.22438732815302
3.03024506873879
7.07208607292289
4.61948595337717
5.89252839210998
7.3002988643156
2.483084279737
2.85702331141662
4.22904961147639
5.5735803945009
4.40227136879856
2.64255827854154
7.10508069336521
4.17955768081291
2.27961745367603
10.2093245666467
5.20514046622833
3.87160789001793
2.72779438135087
3.84686192468619
5.03741781231321
4.83395098625224
5.73580394500897
1.76270173341303
11.1029288702929
3.81936640765093
7.98768679019725
5.64231918708906
3.87160789001793
21.4164973102212
5.36186491332935
5.87878063359235
3.40968320382546
12.101016138673
9.99485953377167
5.67806335923491
1.36126718469815
6.84112372982666
8.08667065152421
2.93126120741183
4.71297071129707
2.54357441721458
4.35002988643156
1.54823670053796
10.1268380155409
6.00251046025105
5.25738194859534
5.13090257023311
1.19354453078302
3.59390316796175
3.10723251643754
10.0745965331739
6.31046025104602
7.21506276150628
3.61589958158996
8.36162582187687
8.92803347280335
5.60932456664674
4.98792588164973
7.50376569037657
1.69121338912134
11.7160789001793
6.32970711297071
6.24172145845786
4.28679019725045
4.98792588164973
4.73221757322176
8.26264196054991
5.4498505678422
5.6148236700538
2.77728631201435
6.59641362821279
9.80514046622833
5.89527794381351
5.90077704722056
9.60442319187089
4.44351464435146
4.14656306037059
3.37118947997609
3.02199641362821
4.57274357441721
8.54584578601315
6.38194859533772
3.81936640765093
3.43167961745368
1.89742976688583
3.45642558278542
11.839808726838
5.92277346084877
3.82486551105798
7.86120741183503
3.45917513448894
3.93209802749552
5.00992229527794
5.41135684399283
21.1717872086073
9.7913927077107
5.78529587567244
7.26180514046623
6.05750149432158
6.34345487148834
2.76078900179319
9.25248057381949
10.9242080095637
2.87352062163778
2.13939031679617
4.43251643753736
5.91452480573819
4.02283323371189
5.67256425582785
1.37776449491931
7.53950986252241
2.50233114166169
6.69539748953975
1.72695756126718
2.1833831440526
2.72504482964734
2.17238493723849
1.54823670053796
3.55540944411237
3.84136282127914
1.79844590555888
5.35636580992229
1.96891811117753
6.17023311416617
0.0854751942618051
4.58924088463837
3.86060968320383
11.6803347280335
4.44901374775852
13.7919904363419
10.4127913927077
3.32719665271966
6.98959952181709
3.07423789599522
4.59748953974895
3.33819485953377
3.50316796174537
9.76664674237896
10.5860131500299
8.27364016736402
5.10615660490137
4.82845188284519
6.18673042438733
4.16031081888822
13.594022713688
4.31978481769277
6.78613269575613
3.20621637776449
6.51942618051405
2.84327555289898
5.68906156604901
2.51882845188285
4.08332337118948
5.49659294680215
5.70555887627017
10.1598326359833
1.54823670053796
3.23921099820681
6.07674835624626
4.37752540346682
3.43992827256426
6.9181111775254
6.81362821279139
1.501494321578
2.58206814106396
4.0750747160789
6.53867304243873
3.06049013747759
8.75481171548117
4.46001195457262
3.18971906754334
3.17047220561865
1.17429766885834
4.05582785415421
0.84160191273162
3.59115361625822
6.53592349073521
3.14297668858338
7.93269575612672
4.05582785415421
4.42151823072325
4.64698147041243
11.0286909742977
2.98350268977884
3.75337716676629
6.01625821876868
10.1295875672445
3.78362223550508
6.80263000597729
2.14488942020323
2.18063359234907
8.65582785415421
6.51392707710699
17.8063359234907
5.75505080693365
6.97035265989241
2.64530783024507
4.47101016138673
7.72922893006575
5.55158398087268
7.64674237895995
1.48224745965332
3.20896592946802
6.79163179916318
5.72205618649133
5.27937836222355
1.72695756126718
5.8430364614465
10.7042438732815
2.81852958756724
4.52325164375374
3.04949193066348
2.35110579796772
3.86610878661088
5.17214584578601
5.24913329348476
5.8842797369994
4.58099222952779
7.7759713090257
7.31404662283323
9.26897788404064
4.43801554094441
1.78194859533772
6.84937238493724
4.31153616258219
6.53592349073521
5.92277346084877
5.38386132695756
5.63132098027496
4.77346084877466
2.11739390316796
5.67806335923491
5.27662881052002
6.55791990436342
3.62414823670054
5.53508667065152
9.5851763299462
4.11906754333533
1.89742976688583
5.30137477585176
5.64231918708906
4.53974895397489
6.67615062761506
5.10065750149432
4.4682606096832
6.59091452480574
3.56365809922295
7.24255827854154
5.82104004781829
2.65355648535565
8.2516437537358
3.96234309623431
11.9002988643156
6.60466228332337
4.1685594739988
6.19222952779438
7.12707710699342
4.13281530185296
1.93317393903168
5.61207411835027
2.39234907352062
4.59473998804543
2.25487148834429
0.244949193066348
5.34536760310819
3.82761506276151
3.87710699342498
6.3489539748954
3.55265989240885
6.11799163179916
6.15373580394501
2.70854751942618
7.44602510460251
8.02618051404662
2.8240286909743
2.67555289898386
4.81470412432756
4.79545726240287
8.23239689181112
3.97059175134489
3.52516437537358
6.53042438732815
7.2068141063957
4.67997609085475
15.3042438732815
4.62498505678422
3.67089061566049
1.95517035265989
3.50041841004184
5.33161984459055
1.63622235505081
4.55349671249253
5.82104004781829
3.12647937836222
5.61207411835027
5.96951583980873
1.99091452480574
4.51775254034668
4.61123729826659
2.97525403466826
8.633831440526
4.43526598924088
3.15947399880454
2.43084279736999
8.33687985654513
5.36461446503287
2.87077106993425
7.47077106993425
6.20322773460849
4.76246264196055
3.98433950986252
4.70197250448296
6.75313807531381
2.46933652121937
6.0190077704722
7.45977286312014
3.20896592946802
9.29922295277944
4.53699940227137
6.66790197250448
4.74871488344292
0.660131500298864
3.76712492528392
5.19689181111775
5.50759115361626
0.852600119545726
8.0234309623431
6.67890017931859
4.21530185295876
1.96891811117753
4.39677226539151
4.75146443514644
6.05750149432158
2.01291093843395
3.15122534369396
4.75421398684997
1.90842797369994
5.17214584578601
2.37860131500299
6.53867304243873
5.532337118948
9.20298864315601
6.94010759115362
8.51835026897788
14.314405260012
10.5227734608488
5.64506873879259
6.18123132098027
4.53974895397489
8.91153616258219
8.31488344291691
6.83012552301255
4.02008368200837
5.59282725642558
8.77680812910938
2.96425582785415
9.20023909145248
2.71129707112971
2.19163179916318
7.66323968918111
4.90268977884041
3.66539151225344
2.46383741781231
6.34620442319187
11.9305439330544
5.43060370591751
3.45917513448894
7.8172145845786
5.24088463837418
3.59390316796175
6.37095038852361
3.2584578601315
2.73054393305439
5.41410639569635
7.59175134488942
6.58541542139868
8.68057381948595
1.40251046025105
1.8314405260012
6.59091452480574
4.61948595337717
4.64698147041243
0.478661087866109
3.89085475194262
2.76628810520024
3.54166168559474
2.71679617453676
7.62474596533174
5.41135684399283
5.46634787806336
8.05367603108189
5.34811715481171
5.58182904961148
5.22438732815302
7.01709503885236
4.98792588164973
6.1317393903168
7.89420203227735
7.66873879258816
5.81279139270771
4.34178123132098
3.10723251643754
7.21506276150628
2.48858338314405
9.56317991631799
4.57274357441721
0.250448296473401
2.25212193664077
3.55265989240885
4.91643753735804
4.14106395696354
2.31536162582188
3.43717872086073
5.53783622235505
1.18254632396892
3.46742378959952
5.33436939629408
5.39760908547519
4.86419605499103
4.19605499103407
5.47459653317394
6.93185893604304
1.77644949193066
4.49300657501494
8.71906754333533
4.24829647340108
5.78529587567244
5.18314405260012
5.53783622235505
5.35361625821877
4.28404064554692
3.18147041243276
4.8092050209205
5.08690974297669
26.6186491332935
4.56999402271369
2.90376569037657
4.58374178123132
5.27937836222355
3.33269575612672
7.22056186491333
6.66515242080096
0.110221159593545
12.8763897190675
6.78613269575613
5.98051404662283
6.40669456066945
4.18780633592349
4.47101016138673
4.22080095636581
3.94859533771668
1.78194859533772
4.10806933652122
2.67280334728033
7.19306634787806
4.52050209205021
6.8658696951584
8.95002988643156
7.11882845188284
6.27746563060371
11.7765690376569
6.31595935445308
3.5581589958159
16.5167961745368
4.22080095636581
5.87603108188882
6.15923490735206
1.16329946204423
9.12875074716079
11.2981470412433
2.52707710699343
1.82869097429767
4.11356843992827
2.45558876270173
11.1964136282128
11.7188284518828
7.37178720860729
8.03717872086073
9.4092050209205
31.1802151823072
2.018410041841
7.46252241482367
4.13831440526001
2.61506276150628
2.92851165570831
6.13448894202032
1.94142259414226
2.483084279737
4.43801554094441
10.5172743574417
2.12564255827854
4.02283323371189
1.84793783622236
5.62307232516438
10.8967124925284
7.23980872683802
4.69647340107591
11.1111775254035
3.14022713687986
6.75313807531381
2.76903765690377
2.93676031081889
1.90017931858936
5.95026897788404
8.23514644351464
3.82486551105798
3.57465630603706
2.99175134488942
5.59832635983263
9.27722653915122
6.43968918111177
10.49252839211
3.15397489539749
4.75421398684997
6.26371787208607
3.33544530783024
4.01458457860131
5.04566646742379
7.02534369396294
11.2404064554692
8.8400478182905
4.83120143454871
4.60848774656306
3.30520023909145
7.33879258816497
2.29061566049014
3.38493723849372
6.29121338912134
6.38744769874477
8.28738792588165
3.71213389121339
9.23873281530185
7.18756724447101
4.57549312612074
1.74620442319187
7.04459055588763
2.2658696951584
3.30245068738793
6.31320980274955
4.5919904363419
5.67531380753138
3.32719665271966
7.0940824865511
3.45367603108189
1.44100418410042
4.86419605499103
11.2431560071727
4.38577405857741
28.8155409444112
8.02618051404662
5.24913329348476
3.00824865511058
6.67615062761506
6.40394500896593
6.81087866108787
11.6390914524806
8.61183502689779
4.71022115959355
10.8444710101614
5.42510460251046
9.36521219366408
4.22355050806934
4.22080095636581
11.4548714883443
1.37226539151225
4.04757919904363
4.70197250448296
3.67913927077107
10.9682008368201
6.28021518230723
7.20956365809922
2.24937238493724
4.7679617453676
8.67782426778243
2.80753138075314
5.47184698147041
6.32420800956366
2.38684997011357
6.38194859533772
6.33245666467424
4.09982068141064
13.2200836820084
8.24614465032875
6.73114166168559
8.69982068141064
7.32779438135087
3.41518230723252
3.94584578601315
1.55373580394501
6.75588762701733
4.82020322773461
12.6756724447101
8.44411237298267
4.48200836820084
3.33819485953377
7.58075313807531
10.2808129109384
7.32779438135087
4.54524805738195
4.83670053795577
10.649252839211
7.2178123132098
8.74931261207412
13.6380155409444
4.19605499103407
8.90878661087866
9.97836222355051
2.70579796772265
3.73138075313808
5.14190077704722
3.94859533771668
4.93843395098625
3.09073520621638
5.60107591153616
11.9635385534967
4.25379557680813
2.34560669456067
2.19988045427376
3.70388523610281
3.21171548117155
4.6332337118948
2.77728631201435
5.05941422594142
7.48176927674836
1.72970711297071
4.26479378362224
9.08750747160789
2.88451882845188
9.90687387925881
6.12074118350269
5.48834429169157
6.3489539748954
9.50818888224746
3.56365809922295
5.10615660490137
4.96867901972504
6.4011954572624
1.64722056186491
6.45618649133293
2.39234907352062
1.84793783622236
13.5362821279139
7.64674237895995
5.55158398087268
10.4595337716677
6.15098625224148
17.7595935445308
2.48858338314405
9.00227136879856
7.31129707112971
4.41876867901972
4.94943215780036
2.9587567244471
4.60298864315601
2.8350268977884
4.22080095636581
8.36162582187687
8.77955768081291
6.1839808726838
2.63705917513449
6.17573221757322
2.08714883442917
12.920382546324
6.50017931858936
9.09300657501494
7.53676031081889
6.566168559474
1.52349073520622
2.5765690376569
2.55732217573222
7.6824865511058
2.9065152420801
2.46108786610879
3.94584578601315
9.42570233114166
2.98625224148237
4.08607292289301
5.79629408248655
5.97226539151225
10.4045427375971
21.5732217573222
11.9607890017932
4.48750747160789
4.21255230125523
4.96043036461446
3.11273161984459
9.25248057381949
3.84411237298267
2.77728631201435
1.6252241482367
3.0412432755529
6.01350866706515
3.51966527196653
7.70723251643754
5.68631201434549
3.32994620442319
5.80729228930066
2.19163179916318
9.86288105200239
3.6104004781829
5.81279139270771
2.98625224148237
3.44267782426778
3.44817692767484
2.32910938433951
5.03466826060968
7.49001793185893
10.9269575612672
3.5581589958159
3.4344291691572
8.74931261207412
8.93903167961745
5.68081291093843
1.73245666467424
1.94142259414226
5.01817095038852
8.23239689181112
2.93950986252241
4.4270173341303
10.5777644949193
4.43801554094441
5.99701135684399
6.17848176927675
4.05582785415421
6.4836820083682
2.70854751942618
12.2439928272564
4.73221757322176
5.50484160191273
5.02092050209205
8.0234309623431
10.4155409444112
0.514405260011955
3.48117154811715
1.75445307830245
1.46849970113568
1.30077704722056
11.1579199043634
3.45917513448894
8.05917513448894
3.84136282127914
5.18864315600717
2.81303048416019
5.88977884040645
1.60047818290496
2.51332934847579
6.45068738792588
3.55540944411237
11.4906156604901
4.14931261207412
5.82928870292887
15.0650328750747
2.21912731619845
6.24172145845786
2.84052600119546
6.93598326359833
4.57274357441721
5.37011356843993
12.2742378959952
4.25379557680813
6.00526001195457
8.4688583383144
2.72229527794381
4.73496712492528
7.16832038254632
8.63658099222953
12.7911536162582
2.91476389719068
11.8975493126121
23.4291691572026
13.4757919904363
5.13640167364017
10.3083084279737
7.73747758517633
3.6406455469217
1.21279139270771
9.54668260609683
3.23646144650329
4.15206216377764
3.87160789001793
3.54441123729827
1.08081291093843
5.44710101613867
3.92934847579199
5.75505080693365
6.67340107591154
5.38661087866109
3.3931858936043
2.1008965929468
2.54357441721458
1.41900777047221
17.4323968918111
4.31428571428571
9.33496712492528
7.1655708308428
3.29145248057382
2.81578003586372
3.73138075313808
5.46909742976688
5.015421398685
3.91285116557083
7.92444710101614
4.82845188284519
2.92576210400478
16.6900179318589
6.35307830245068
3.90735206216378
7.19856545128512
3.20071727435744
3.36569037656904
3.62414823670054
18.9528989838613
3.62414823670054
8.61458457860132
10.7922295277944
4.39402271368799
7.64674237895995
12.6811715481172
4.66897788404065
5.78804542737597
1.15230125523013
6.12074118350269
9.35421398684997
2.95050806933652
4.35002988643156
3.52516437537358
4.54249850567842
8.91703526598924
4.08332337118948
1.36126718469815
8.14166168559474
3.92934847579199
10.2423191870891
6.12074118350269
5.56533173939032
2.73054393305439
8.63933054393305
4.28404064554692
9.2854751942618
5.85403466826061
11.6693365212194
10.1928272564256
3.42893006575015
3.64889420203228
7.37453676031082
5.32337118947998
3.64614465032875
2.89826658696952
8.04267782426778
4.1988045427376
3.1649731022116
3.05224148236701
10.6052600119546
5.79629408248655
13.3218170950389
8.77955768081291
7.27280334728033
9.0160191273162
5.10340705319785
1.96891811117753
2.88451882845188
6.9593544530783
2.92851165570831
5.7083084279737
11.9470412432756
2.99175134488942
4.550747160789
5.56533173939032
4.85594739988045
2.49408248655111
2.45008965929468
4.34728033472803
2.71129707112971
3.78912133891213
4.21530185295876
2.68105200239091
6.67340107591154
3.05774058577406
1.52624028690974
9.44219964136282
3.58840406455469
5.18864315600717
8.76031081888822
5.73305439330544
5.5433353257621
4.75146443514644
9.98111177525403
6.83837417812313
8.85929468021518
6.14823670053795
5.51583980872684
5.6258218768679
7.2068141063957
6.566168559474
4.550747160789
3.70113568439928
7.38003586371787
30.6219366407651
14.9578003586372
4.1685594739988
9.32121936640765
4.02558278541542
2.58756724447101
8.06467423789599
1.63622235505081
5.26838015540944
3.37668858338314
0.0414823670053796
7.59725044829647
3.92109982068141
6.37095038852361
2.41709503885236
4.82845188284519
5.35636580992229
2.96975493126121
4.2510460251046
2.54357441721458
5.06491332934847
4.3747758517633
2.89276748356246
2.35660490137478
2.09539748953975
6.85212193664076
3.40693365212194
3.74237895995218
5.33711894799761
3.45642558278542
6.32145845786013
3.19796772265391
7.29479976090855
9.58242677824268
11.2789001793186
9.18374178123132
6.85487148834429
6.26096832038255
5.93102211595935
8.18015540944411
6.6596533173939
7.26730424387328
2.55182307232516
3.6406455469217
9.9151225343694
4.91918708906157
3.96234309623431
4.77071129707113
5.26288105200239
7.40478182904961
1.52349073520622
7.45427375971309
7.4652719665272
5.19414225941422
3.12647937836222
2.91476389719068
5.72205618649133
5.30412432755529
3.54716078900179
7.19031679617454
4.15481171548117
2.50233114166169
6.35170352659892
2.30986252241482
7.23980872683802
3.29695158398087
7.99868499701136
6.6596533173939
6.16748356246264
6.87411835026898
9.51643753735804
4.66622833233712
4.02833233711895
6.04375373580394
3.39043634190078
4.62498505678422
8.19390316796174
3.20346682606097
7.05008965929468
1.36126718469815
9.06001195457262
1.69946204423192
9.22223550508069
4.04208009563658
3.75062761506276
3.83586371787209
3.4234309623431
4.08607292289301
2.79103407053198
5.05941422594142
5.49384339509862
3.9925881649731
2.78553496712493
5.02367005379558
2.84877465630604
12.6454273759713
8.92528392109982
5.94751942618051
4.70472205618649
1.49874476987448
1.88918111177525
6.42869097429767
5.59282725642558
7.90794979079498
3.80561864913329
2.84327555289898
2.30986252241482
3.20621637776449
7.75947399880454
5.22988643156007
4.97967722653915
6.57991631799163
10.858218768679
5.85403466826061
4.83120143454871
2.96150627615063
5.00167364016736
4.83120143454871
10.2615660490137
4.9851763299462
6.08774656306037
8.27364016736402
2.85702331141662
2.64255827854154
6.56341900777047
4.46001195457262
8.78505678421996
2.70304841601913
3.44542737597131
3.02199641362821
7.6
1.81494321578004
2.80478182904961
3.67089061566049
3.85236102809325
12.7801554094441
4.45451285116557
3.9403466826061
3.17322175732218
4.37202630005977
3.14297668858338
4.22355050806934
6.09324566646742
6.84662283323371
9.37621040047818
2.17788404064555
15.1007770472206
5.2436341900777
4.32253436939629
3.80011954572624
9.60167364016736
4.90543933054393
7.10783024506874
5.15289898386133
12.9341303048416
10.8664674237896
5.18589360430365
5.78254632396892
4.35827854154214
2.81578003586372
1.72420800956366
8.43311416616856
0.338433950986252
3.18971906754334
7.59725044829647
6.48643156007173
2.94225941422594
4.68547519426181
6.88236700537956
12.9011356843993
3.24196054991034
4.21805140466228
3.12098027495517
11.6583383144053
6.99784817692767
4.28404064554692
2.57931858936043
2.43634190077705
5.64506873879259
3.06873879258816
4.42976688583383
2.97800358637179
1.82319187089062
7.75397489539749
20.2286909742977
3.99533771667663
2.15313807531381
5.91177525403467
8.33138075313807
4.94668260609683
5.48009563658099
6.20047818290496
0.981829049611476
2.97800358637179
6.9071129707113
3.20621637776449
4.93018529587567
1.27603108188882
5.22163777644949
1.32827256425583
3.32994620442319
2.45833831440526
2.96425582785415
13.8112372982666
2.49133293484758
1.78744769874477
3.31894799760909
3.39593544530783
5.00717274357442
4.73771667662881
1.78194859533772
9.46144650328751
15.452719665272
2.66455469216975
6.13448894202032
3.01924686192469
7.16282127913927
7.66598924088464
7.17106993424985
10.6465032875075
5.98051404662283
10.4210400478183
4.25379557680813
2.89276748356246
5.66981470412433
5.43885236102809
5.97501494321578
3.10723251643754
6.17848176927675
2.36485355648536
6.51392707710699
4.14656306037059
4.1685594739988
5.67531380753138
6.04650328750747
8.58708906156605
1.85343693962941
6.13723849372385
4.00358637178721
3.39868499701136
5.2436341900777
4.21530185295876
7.62474596533174
3.22821279139271
4.09982068141064
4.70747160789002
7.26180514046623
5.22713687985654
3.47842199641363
2.6068141063957
7.14632396891811
4.41326957561267
3.4344291691572
16.9539748953975
9.68416019127316
8.84279736999402
3.74787806335923
1.96341900777047
5.63682008368201
4.28679019725045
5.532337118948
3.79736999402271
8.4578601315003
2.16963538553497
5.61757322175732
9.0682606096832
5.49934249850568
6.98684997011357
4.78720860729229
3.69563658099223
11.4246264196055
3.32444710101614
7.85570830842797
7.26730424387328
5.2326359832636
6.20322773460849
3.02749551703527
6.07124925283921
7.09133293484758
7.03359234907352
12.0075313807531
5.93377166766288
7.55738194859534
2.66455469216975
5.3261207411835
8.53759713090257
6.101494321578
5.37836222355051
8.89503885236103
5.13640167364017
6.19222952779438
3.59390316796175
4.71297071129707
5.51034070531978
10.8032277346085
6.12624028690974
1.33377166766288
3.07698744769874
6.40394500896593
7.26180514046623
3.09898386132696
3.23371189479976
3.92659892408846
6.53317393903168
6.90986252241482
5.54883442916916
3.65714285714286
7.65774058577406
0.995576808129109
6.55242080095637
5.73030484160191
3.88810520023909
5.68631201434549
1.79294680215182
3.15397489539749
9.39820681410639
8.5101016138673
0.143215780035864
10.0361028093246
3.94584578601315
4.23454871488344
1.43000597728631
3.7753735803945
14.4298864315601
3.69013747758518
5.23813508667065
5.08965929468021
4.8504482964734
8.82080095636581
5.69181111775254
5.90077704722056
5.73855349671249
2.98350268977884
10.1350866706515
5.42785415421399
7.66049013747758
1.67471607890018
5.74405260011955
11.375134488942
7.95469216975493
3.04949193066348
7.66049013747758
5.50484160191273
3.48392109982068
5.12265391512253
8.53484757919904
4.18230723251644
0.066228332337119
4.2400478182905
13.3135684399283
3.40418410041841
5.99701135684399
10.0086072922893
6.62115959354453
5.91177525403467
1.90292887029289
5.41135684399283
1.8011954572624
5.78254632396892
6.85487148834429
5.04566646742379
4.60848774656306
7.8584578601315
2.65355648535565
6.3187089061566
5.64231918708906
9.76389719067543
9.37346084877466
5.35636580992229
9.04076509264794
4.84219964136282
3.14572624028691
7.083084279737
5.17489539748954
7.135325762104
10.9764494919307
4.2922893006575
5.18589360430365
5.00717274357442
6.39569635385535
5.65331739390317
7.57800358637179
5.37011356843993
4.41876867901972
4.99892408846384
4.22904961147639
5.37561267184698
1.67746563060371
6.76688583383144
6.29396294082487
5.16114763897191
3.93484757919904
8.70806933652122
7.38003586371787
3.88810520023909
8.16090854751942
7.44877465630604
4.70472205618649
11.0754333532576
6.33520621637776
6.6898983861327
3.38493723849372
10.4100418410042
13.3025702331142
2.66455469216975
8.48260609683204
2.70854751942618
4.19605499103407
8.50460251046025
3.18421996413628
4.70472205618649
2.74704124327555
2.62331141661686
5.08690974297669
5.51583980872684
2.82127913927077
1.21829049611476
5.29862522414824
3.5581589958159
6.87961745367603
5.98876270173341
3.1759713090257
4.29778840406455
8.52384937238494
6.02450687387926
1.28702928870293
9.60442319187089
3.33544530783024
6.34345487148834
8.57884040645547
8.79605499103407
6.72289300657501
6.35720263000598
8.34787806335923
4.10806933652122
4.99342498505678
4.66347878063359
5.13640167364017
4.9329348475792
4.52050209205021
3.80286909742977
1.86993424985057
10.2230723251644
8.58433950986252
9.01326957561267
4.96317991631799
6.12349073520622
4.50675433353258
2.15863717872086
2.11189479976091
4.55899581589958
3.81386730424387
6.08224745965332
5.12540346682606
6.61291093843395
9.35421398684997
5.68906156604901
4.62223550508069
1.53998804542738
5.95851763299462
6.13998804542738
6.29946204423192
5.80729228930066
3.83311416616856
0.910340705319785
6.35720263000598
4.17130902570233
9.4916915720263
4.43801554094441
4.79270771069934
11.0424387328153
4.14931261207412
3.25295875672445
5.01817095038852
1.25953377166766
4.19330543933054
3.94309623430962
5.57632994620442
4.28953974895397
6.05200239091452
6.60191273161984
2.88451882845188
2.35110579796772
3.29420203227735
3.28870292887029
22.7610280932457
3.57465630603706
5.00442319187089
6.16748356246264
1.8424387328153
3.87435744172146
7.92169754931261
2.70854751942618
4.30878661087866
4.13006575014943
2.37310221159594
6.80537955768081
23.8306037059175
3.25020920502092
7.94369396294082
3.15947399880454
7.41028093245666
8.84829647340107
9.20848774656306
4.76521219366408
3.78087268380155
2.03490735206216
8.95002988643156
6.12898983861327
4.73771667662881
2.72504482964734
3.0934847579199
6.24447101016139
3.91285116557083
7.86670651524208
7.74572624028691
1.63897190675433
4.27304243873281
3.03299462044232
2.89551703526599
3.20071727435744
0.484160191273162
10.8774656306037
7.63024506873879
5.73580394500897
5.19414225941422
4.5095038852361
4.28953974895397
3.76437537358039
4.09432157800359
6.03825463239689
6.72014345487149
3.12098027495517
11.3586371787209
5.22988643156007
5.067662881052
7.58350268977884
6.97310221159593
5.41685594739988
6.81087866108787
4.73496712492528
6.7421398684997
5.37561267184698
5.07041243275553
4.95493126120741
5.13915122534369
8.26539151225344
6.90161386730424
8.94178123132098
3.01649731022116
0.913090257023311
3.76987447698745
6.10699342498506
4.81195457262403
4.59473998804543
2.60406455469217
2.59581589958159
4.83120143454871
4.65797967722654
3.23646144650329
2.6178123132098
5.8430364614465
4.78445905558876
2.36210400478183
4.36102809324567
2.69479976090855
3.80561864913329
6.08499701135684
4.60298864315601
6.61291093843395
4.14106395696354
5.19414225941422
8.81530185295876
6.3901972504483
7.3002988643156
5.03741781231321
7.16832038254632
4.2098027495517
10.2203227734608
1.16604901374776
5.00167364016736
9.80789001793186
12.1862522414824
12.0047818290496
8.42761506276151
2.45008965929468
3.26670651524208
3.54716078900179
4.31428571428571
5.34261805140466
2.95600717274357
1.45475194261805
24.5757322175732
3.53616258218769
8.34237895995218
3.21996413628213
3.67364016736402
5.17764494919307
3.77262402869097
2.8652719665272
2.15863717872086
4.13281530185296
4.92193664076509
3.38493723849372
4.6744769874477
4.99342498505678
7.00884638374178
4.06682606096832
1.21554094441124
5.82104004781829
1.37226539151225
2.95600717274357
0.844351464435147
4.44351464435146
6.33795576808129
1.7599521817095
5.56533173939032
4.74871488344292
4.82295277943813
2.75803945008966
5.73580394500897
9.78589360430365
4.44901374775852
7.30304841601913
4.33903167961745
4.20430364614465
4.38302450687388
3.94584578601315
8.9747758517633
3.81936640765093
3.67089061566049
8.13066347878063
1.70221159593545
7.50926479378362
4.42151823072325
3.48117154811715
12.3594739988045
20.9408248655111
4.6442319187089
2.95050806933652
4.498505678422
8.65032875074716
12.8956365809922
6.86312014345487
3.51141661685595
3.90185295875672
10.2175732217573
7.44602510460251
7.4350268977884
8.13341303048416
4.22080095636581
5.48559473998804
8.91428571428571
1.1495517035266
6.17848176927675
4.57274357441721
8.52384937238494
9.4916915720263
1.85893604303646
1.39151225343694
2.51882845188285
5.14739988045427
4.78720860729229
2.96425582785415
6.29121338912134
7.71548117154812
3.43167961745368
4.38852361028093
0.910340705319785
9.54118350268978
4.02008368200837
5.30412432755529
3.62964734010759
5.12265391512253
5.8842797369994
4.28404064554692
6.72564255827854
1.24578601315003
3.74512851165571
8.13616258218769
4.8092050209205
4.99617453676031
1.77919904363419
7.06658696951584
2.92301255230126
4.66897788404065
6.32695756126718
4.34728033472803
4.28129109384339
5.13090257023311
1.72145845786013
5.21338912133891
3.63514644351464
2.60131500298864
4.78170950388524
3.01374775851763
3.75612671846981
4.56174536760311
13.4730424387328
5.60657501494321
2.34560669456067
6.36545128511656
13.9487148834429
3.83861326957561
5.63407053197848
4.00908547519426
4.46276150627615
4.55624626419606
7.42677824267782
3.94584578601315
5.5020920502092
2.70304841601913
3.29145248057382
11.4961147638972
5.07316198445906
13.7589958158996
9.75564853556485
3.22821279139271
10.9132098027496
6.06575014943216
10.4045427375971
10.1900777047221
3.08798565451285
5.70005977286312
7.89145248057382
7.61924686192469
3.8688583383144
3.08798565451285
6.59091452480574
2.92851165570831
4.10806933652122
2.89276748356246
6.95385534967125
6.19222952779438
4.31153616258219
20.5531380753138
5.38661087866109
5.18864315600717
4.498505678422
6.01625821876868
3.85236102809325
11.7628212791393
5.19964136282128
4.03658099222953
7.77047220561865
1.4602510460251
5.35636580992229
4.20155409444112
6.37369994022714
8.42761506276151
6.79988045427376
5.02367005379558
6.31046025104602
4.47101016138673
4.52050209205021
7.23156007172743
7.15182307232516
1.22653915122534
4.498505678422
2.018410041841
8.30388523610281
3.39868499701136
4.39952181709504
2.27961745367603
1.46849970113568
14.6553496712493
3.74237895995218
3.11273161984459
8.59808726838016
7.53401075911536
9.90687387925881
1.29802749551704
3.45092647937836
5.30687387925882
4.68547519426181
3.46192468619247
6.20872683801554
5.78804542737597
4.9851763299462
5.00717274357442
5.21338912133891
7.45977286312014
2.04040645546922
3.84961147638972
13.3823072325164
6.43144052600119
8.17465630603706
7.45977286312014
4.20155409444112
5.63682008368201
5.71105797967723
2.59856545128512
1.31727435744172
1.8314405260012
4.91918708906157
10.9159593544531
4.03658099222953
5.24638374178123
2.33460848774656
2.6068141063957
8.88404064554692
5.8430364614465
4.74871488344292
3.50866706515242
4.52600119545726
4.28129109384339
2.10914524805738
3.50591751344889
0.0689778840406455
3.36019127316198
6.69264793783622
5.52408846383742
8.28463837417812
7.75672444710102
5.59832635983263
0.17071129707113
11.7600717274357
1.58673042438733
7.80071727435744
6.36820083682008
3.44817692767484
7.74297668858338
3.17322175732218
5.90627615062761
4.19055588762702
3.40693365212194
3.32444710101614
8.23789599521817
6.89061566049014
6.86861924686192
4.44626419605499
4.26479378362224
4.25929468021518
6.13723849372385
5.68081291093843
7.73197848176928
4.94668260609683
3.17047220561865
2.86802151823072
8.26264196054991
6.60191273161984
7.38828451882845
5.5735803945009
7.71823072325164
9.15899581589958
3.83036461446503
11.839808726838
2.06515242080096
4.15206216377764
3.03024506873879
5.9255230125523
4.83120143454871
3.83036461446503
3.03849372384937
5.09790794979079
5.76604901374776
3.00274955170353
1.73520621637776
4.16580992229528
3.96784219964136
6.98135086670651
5.5735803945009
6.31320980274955
2.75254034668261
9.95086670651524
5.94476987447699
11.0836820083682
11.5373580394501
5.49659294680215
4.94118350268978
3.6818888224746
5.59007770472205
6.90436341900777
5.93927077106993
3.24745965331739
6.18123132098027
9.27172743574417
8.80705319784817
6.72289300657501
12.1862522414824
16.8054991034071
6.39569635385535
6.07124925283921
1.99641362821279
9.18649133293485
5.98876270173341
5.78804542737597
7.50926479378362
3.15947399880454
4.24829647340108
7.35803945008966
6.48093245666467
1.90567842199641
4.75421398684997
4.43251643753736
3.96234309623431
11.0011954572624
5.30412432755529
2.51607890017932
2.88176927674836
4.91643753735804
10.0828451882845
5.75230125523012
4.60573819485953
2.76353855349671
5.02367005379558
4.70197250448296
5.48834429169157
3.49216975493126
3.8991034070532
5.98876270173341
5.03466826060968
3.46742378959952
8.62283323371189
5.21613867304244
8.116915720263
3.40968320382546
1.53448894202032
3.94309623430962
5.85678421996414
5.95576808129109
11.2459055588763
7.39928272564256
8.76580992229528
11.3641362821279
7.38828451882845
6.53592349073521
12.3402271368799
5.18314405260012
2.38135086670652
3.37943813508667
6.43419007770472
7.32229527794381
9.01052002390914
6.6486551105798
4.53699940227137
4.84769874476987
2.20263000597729
3.10448296473401
4.78170950388524
5.09790794979079
5.47734608487746
4.42151823072325
9.38995815899582
4.96317991631799
5.16664674237896
5.95301852958757
5.69731022115959
5.32887029288703
5.76879856545128
9.15899581589958
7.66049013747758
6.92910938433951
2.93126120741183
5.46359832635983
4.44626419605499
12.4172145845786
3.83861326957561
5.16114763897191
3.65439330543933
6.81912731619845
3.84136282127914
5.59832635983263
11.9745367603108
2.9587567244471
4.46001195457262
5.21338912133891
10.0113568439928
4.00633592349073
2.15588762701733
1.449252839211
2.62881052002391
14.0999402271369
9.93436939629408
17.9960549910341
4.41052002390914
3.45917513448894
0.0579796772265391
1.63897190675433
1.51799163179916
6.29946204423192
3.25295875672445
5.86228332337119
4.84769874476987
4.05307830245069
7.34979079497908
2.9587567244471
4.00083682008368
12.3182307232516
19.9564853556485
6.2664674237896
3.42068141063957
7.52576210400478
9.73640167364017
3.0824865511058
3.67638971906754
4.31703526598924
6.77788404064555
3.48942020322773
2.60406455469217
3.96509264793784
17.1821876867902
8.4578601315003
5.20789001793186
8.02893006575015
7.083084279737
3.63789599521817
6.61291093843395
5.27937836222355
9.65391512253437
4.93568439928273
6.53042438732815
4.66897788404065
4.56724447101016
8.4166168559474
3.5994022713688
3.84961147638972
4.23454871488344
7.05283921099821
6.00526001195457
5.51858936043036
8.87854154213987
1.80944411237298
9.04626419605499
6.52217573221757
7.11332934847579
3.52516437537358
4.71846981470412
4.38577405857741
2.77453676031082
10.0168559473999
5.41685594739988
3.25295875672445
5.21338912133891
2.46658696951584
5.58182904961148
4.4270173341303
9.75839808726838
3.9513448894202
6.51392707710699
1.63622235505081
4.66347878063359
22.486072922893
3.07698744769874
3.69013747758518
1.2320382546324
5.46909742976688
6.16473401075911
8.75206216377764
6.09324566646742
10.5585176329946
8.73006575014943
3.32169754931261
9.5851763299462
6.76138673042439
5.10615660490137
3.80561864913329
6.43693962940825
6.66790197250448
3.76162582187687
8.46610878661088
5.7083084279737
6.75038852361028
4.38852361028093
7.63024506873879
5.46359832635983
2.58481769276748
6.52217573221757
4.10806933652122
1.70221159593545
7.96294082486551
2.11464435146444
6.12349073520622
2.82677824267782
6.8768679019725
1.83693962940825
7.61099820681411
3.8688583383144
3.91285116557083
3.70388523610281
4.78445905558876
6.50567842199641
4.62498505678422
7.22606096832038
4.64973102211596
3.88535564853556
5.56808129109384
10.7509862522415
8.05642558278541
6.61566049013748
3.70938433950986
6.07399880454274
4.82295277943813
5.39485953377167
8.8098027495517
2.8350268977884
5.59282725642558
6.04650328750747
2.46383741781231
2.84327555289898
3.07423789599522
7.93544530783024
2.81303048416019
3.56090854751943
4.99342498505678
3.94859533771668
3.10448296473401
4.20155409444112
3.11548117154812
7.06658696951584
2.93401075911536
2.03215780035864
10.5750149432158
2.82952779438135
5.84028690974298
6.566168559474
9.65391512253437
3.94859533771668
4.06407650926479
2.33460848774656
5.53508667065152
4.6442319187089
8.57334130304842
5.98051404662283
3.83036461446503
4.84219964136282
3.73962940824865
3.94309623430962
2.21912731619845
3.18421996413628
5.00992229527794
3.51966527196653
3.89635385534967
4.37752540346682
7.99593544530783
14.0284518828452
3.56640765092648
5.56258218768679
7.13807531380753
6.59091452480574
6.86037059175134
2.96975493126121
2.90376569037657
8.633831440526
4.30328750747161
4.33628212791393
3.52791392707711
8.43861326957561
8.26264196054991
2.88726838015541
4.92743574417215
2.46383741781231
5.14739988045427
6.13998804542738
5.81279139270771
4.4682606096832
3.71488344291692
7.93544530783024
9.67041243275553
3.68463837417812
7.82271368798565
5.98326359832636
5.88153018529587
6.98684997011357
4.96317991631799
8.08117154811715
3.58015540944411
4.77621040047818
6.67615062761506
4.25379557680813
4.7157202630006
3.97334130304842
2.59306634787806
3.5994022713688
3.97609085475194
5.89527794381351
3.66264196054991
7.80071727435744
3.6928870292887
4.11356843992827
6.62115959354453
4.38577405857741
9.08475791990436
2.32361028093246
6.36270173341303
3.78637178720861
5.45809922295278
5.64506873879259
5.17214584578601
4.11356843992827
5.25463239689181
7.06658696951584
7.44602510460251
4.10257023311417
2.98900179318589
3.18696951583981
3.11548117154812
3.45367603108189
4.15481171548117
8.29838613269576
2.96150627615063
5.85678421996414
7.90520023909145
5.03741781231321
5.30962343096234
5.56258218768679
8.19115361625822
7.10508069336521
10.4182904961148
2.51607890017932
5.3151225343694
4.18505678421996
3.11273161984459
9.78039450089659
10.1653317393903
4.78170950388524
4.6442319187089
3.11273161984459
4.66072922893007
2.65080693365212
2.24387328153019
1.11655708308428
5.56808129109384
3.50866706515242
2.76078900179319
7.96569037656904
4.67722653915123
5.30687387925882
9.42020322773461
4.99617453676031
6.19772863120143
5.69181111775254
4.93843395098625
11.3311416616856
5.13090257023311
14.1604303646145
4.85594739988045
3.35744172145846
4.76521219366408
2.5243275552899
3.56365809922295
14.9385534967125
6.01625821876868
4.89994022713688
7.38553496712492
3.54716078900179
7.53676031081889
5.55708308427974
6.09599521817095
5.09515839808727
4.69097429766886
3.56365809922295
4.11356843992827
5.58182904961148
7.48726838015541
2.25212193664077
3.31894799760909
8.69707112970711
4.19605499103407
4.62773460848775
2.45833831440526
7.92169754931261
2.69754931261207
3.0934847579199
3.30520023909145
3.8578601315003
6.73664076509265
2.54357441721458
7.32229527794381
6.03825463239689
8.99127316198446
5.21063956963539
4.3747758517633
7.5587567244471
4.67172743574417
6.47818290496115
5.93652121936641
11.1991631799163
7.57525403466826
3.92384937238494
10.8417214584579
2.37860131500299
3.8166168559474
5.8430364614465
3.53616258218769
2.90376569037657
5.46909742976688
4.66622833233712
16.1511057979677
6.0080095636581
6.54417214584578
7.06933652121937
3.65439330543933
2.76078900179319
5.02367005379558
5.43610280932457
3.8578601315003
5.3673640167364
6.48093245666467
5.99701135684399
6.55242080095637
2.91476389719068
10.0635983263598
3.80561864913329
9.04351464435146
0.0167364016736402
5.19964136282128
3.42893006575015
7.08033472803347
3.0824865511058
3.07423789599522
6.4011954572624
5.17489539748954
6.31046025104602
4.94943215780036
6.61291093843395
9.21123729826659
4.17680812910938
2.16963538553497
2.15588762701733
5.69456066945607
5.86503287507472
3.27495517035266
8.46335923490735
4.64698147041243
11.0451882845188
6.88786610878661
5.93102211595935
4.3335325762104
7.20406455469217
6.8356246264196
2.03765690376569
9.18099222952779
7.83921099820681
5.51309025702331
7.32229527794381
20.3001793185894
7.71273161984459
2.48583383144053
10.9077106993425
5.9667662881052
7.78696951583981
0.140466228332337
3.12098027495517
12.3209802749552
4.99892408846384
7.29754931261207
3.05774058577406
4.69372384937238
6.55517035265989
8.42486551105798
8.01793185893604
4.82295277943813
7.72922893006575
9.08750747160789
9.35146443514644
4.34178123132098
7.30304841601913
1.68571428571429
3.8166168559474
7.75397489539749
2.72504482964734
4.08332337118948
6.8768679019725
7.01984459055589
14.0092050209205
6.43419007770472
1.8314405260012
5.68906156604901
4.36652719665272
7.11057979677226
3.75887627017334
4.91093843395099
8.95552898983861
6.78888224745965
4.79545726240287
9.69515839808727
9.08475791990436
3.97059175134489
7.77872086072923
3.98433950986252
2.49683203825463
4.99892408846384
3.57740585774059
1.85343693962941
10.6080095636581
1.43000597728631
4.88344291691572
8.58983861326957
4.86969515839809
5.09240884638374
3.71763299462044
2.12014345487149
8.55409444112373
3.86060968320383
3.60215182307232
3.21996413628213
12.978123132098
7.10233114166169
5.54058577405858
3.45917513448894
5.77979677226539
3.22546323968918
6.17573221757322
2.35660490137478
6.45893604303646
1.08906156604901
3.83311416616856
4.03658099222953
6.43144052600119
10.1185893604304
5.07591153616258
3.69013747758518
7.88595337716677
4.88344291691572
2.86252241482367
6.42594142259414
6.61016138673042
6.22247459653317
3.3409444112373
3.35744172145846
3.31344889420203
8.47985654512851
6.01350866706515
7.74572624028691
3.09073520621638
3.46192468619247
4.56999402271369
5.35911536162582
3.41793185893604
9.09025702331142
13.1623430962343
10.6327555289898
6.37644949193066
8.46335923490735
1.40251046025105
4.4572624028691
4.6744769874477
5.58182904961148
2.68380155409444
4.00633592349073
8.40011954572624
9.07375971309026
4.67997609085475
4.96592946802152
6.09874476987448
5.68081291093843
3.1759713090257
3.3931858936043
4.4270173341303
8.7685594739988
17.6633592349074
5.27112970711297
5.42785415421399
8.25989240884638
7.27555289898386
14.4656306037059
5.34261805140466
2.69479976090855
6.35170352659892
5.10340705319785
6.13998804542738
5.44710101613867
7.75947399880454
3.66539151225344
6.82187686790197
6.65140466228332
6.02725642558278
7.65499103407053
4.87519426180514
3.31894799760909
8.92528392109982
5.89527794381351
3.85511057979677
6.25821876867902
3.18696951583981
5.73580394500897
11.3008965929468
1.26503287507472
2.87352062163778
5.78529587567244
38.1201434548715
5.79629408248655
3.27495517035266
2.17238493723849
16.0933652121937
9.24423191870891
2.10639569635386
1.67196652719665
6.20597728631201
6.20597728631201
4.46276150627615
2.49133293484758
3.01374775851763
9.32946802151823
5.89527794381351
5.14190077704722
5.32887029288703
3.20071727435744
9.8848774656306
0.426419605499103
4.68822474596533
8.43036461446503
0.00298864315600717
7.60274955170353
5.75505080693365
3.01649731022116
11.3613867304244
6.71739390316796
3.92384937238494
4.31428571428571
5.44160191273162
4.7679617453676
4.18230723251644
3.73687985654513
4.04482964734011
5.53783622235505
7.58625224148237
4.42151823072325
8.05092647937836
6.16473401075911
3.45367603108189
6.21972504482965
5.60382546323969
5.81004184100418
8.10866706515242
5.26013150029886
6.1317393903168
3.97884040645547
2.98900179318589
4.52875074716079
20.0417214584579
3.03574417214585
1.51799163179916
6.71464435146443
4.550747160789
4.95493126120741
7.7649731022116
4.42151823072325
2.96975493126121
4.03108188882247
4.84769874476987
4.05857740585774
9.78864315600717
4.26204423191871
1.93592349073521
4.08882247459653
3.22546323968918
4.24554692169755
7.39103407053198
2.77453676031082
4.58649133293485
10.9214584578601
7.33054393305439
8.90328750747161
12.1175134488942
6.74488942020323
4.11906754333533
3.04674237895995
3.72038254632397
16.9787208607292
3.53341303048416
6.10974297668858
1.29802749551704
5.532337118948
4.01183502689779
6.93185893604304
3.8578601315003
12.2219964136282
4.47101016138673
7.67148834429169
6.9483562462642
4.63873281530185
11.6968320382546
6.16473401075911
2.47758517632995
2.82952779438135
4.02283323371189
7.25355648535565
5.59282725642558
10.388045427376
5.31787208607292
7.75397489539749
8.14716078900179
5.64231918708906
5.38936043036461
4.90818888224746
6.12349073520622
4.97692767483562
2.6480573819486
15.5929468021518
5.60107591153616
3.7231320980275
3.94859533771668
7.31954572624029
8.01793185893604
6.73114166168559
2.63705917513449
3.88535564853556
1.85343693962941
2.20537955768081
4.48475791990436
7.12982665869695
8.56784219964136
8.03992827256426
3.3409444112373
13.0028690974298
2.22187686790197
6.23897190675433
3.98983861326958
5.0264196054991
6.78613269575613
2.87901972504483
7.44052600119546
3.71763299462044
20.7071129707113
1.62797369994023
8.18290496114764
2.18063359234907
17.5533771667663
7.7237298266587
0.0497310221159594
6.33520621637776
4.4572624028691
3.90185295875672
3.24196054991034
6.86861924686192
9.10125523012552
3.4234309623431
6.95385534967125
9.60167364016736
2.6068141063957
3.4234309623431
4.67722653915123
5.22713687985654
7.49551703526599
7.01434548714883
2.94500896592947
4.1685594739988
12.6399282725643
7.02259414225941
8.51560071727436
10.0223550508069
7.01159593544531
4.76246264196055
4.47375971309026
6.20322773460849
4.12731619844591
2.68105200239091
7.65224148236701
8.74656306037059
5.85403466826061
5.69456066945607
4.58924088463837
2.92026300059773
6.45343693962941
1.8424387328153
7.1243275552899
28.6010759115362
1.30902570233114
3.70388523610281
5.45809922295278
5.56533173939032
26.4371787208607
3.02749551703527
3.93759713090257
6.0602510460251
9.13974895397489
2.43084279736999
4.44351464435146
8.50185295875672
3.63789599521817
5.1913927077107
1.25953377166766
3.72588164973102
2.40334728033473
6.47543335325762
6.64315600717274
4.498505678422
2.28236700537956
2.54357441721458
10.5090257023311
9.35421398684997
6.97585176329946
2.53807531380753
6.19772863120143
4.50400478182905
2.94500896592947
6.12349073520622
3.36843992827256
2.54907352062164
3.40693365212194
58.5218170950388
3.20071727435744
7.08583383144053
6.25821876867902
6.29121338912134
1.98541542139868
4.08057381948595
7.59725044829647
4.13281530185296
5.067662881052
1.53723849372385
6.04650328750747
8.56784219964136
2.74429169157203
11.5483562462642
4.60848774656306
1.5839808726838
6.42319187089061
3.90735206216378
4.75971309025702
5.93377166766288
4.5095038852361
2.34285714285714
8.56784219964136
5.06491332934847
5.59832635983263
4.18505678421996
2.483084279737
8.17465630603706
5.65331739390317
5.10065750149432
7.42952779438135
1.86443514644351
2.7002988643156
7.85020920502092
7.15732217573222
3.18696951583981
2.89276748356246
7.41303048416019
6.75588762701733
2.13114166168559
2.24937238493724
1.4602510460251
11.6418410041841
3.43717872086073
7.25630603705917
3.09898386132696
3.66539151225344
10.1158398087268
6.51667662881052
7.27555289898386
5.32887029288703
