0.225702331141662
0.0579796772265391
0.110221159593545
0.225702331141662
0.156963538553497
0.0579796772265391
0.066228332337119
0.0579796772265391
0.02498505678422
0.148714883442917
0.152839210998207
0.0854751942618051
0.137716676628811
0.236700537955768
0.0634787806335923
0.231201434548715
0.0717274357441721
0.231201434548715
0.794859533771668
0.588643156007173
0.409922295277944
0.242199641362821
0.038732815301853
0.189958158995816
0.0799760908547519
0.0277346084877466
0.0992229527794381
0.143215780035864
0.0772265391512253
0.14596533173939
0.140466228332337
0.134967124925284
0.0799760908547519
0.159713090257023
0.467662881052002
0.152839210998207
0.0992229527794381
0.236700537955768
0.0442319187089062
0.0483562462641961
0.181709503885236
0.0414823670053796
0.112970711297071
0.0139868499701136
0.0964734010759115
0.0937238493723849
0.066228332337119
0.0689778840406455
0.110221159593545
0.00298864315600717
0.0909742976688584
0.101972504482965
0.390675433353258
0.0304841601912732
0.341183502689779
0.104722056186491
0.167961745367603
0.0937238493723849
0.129468021518231
0.112970711297071
0.0167364016736402
0.132217573221757
0.0607292289300657
0.112970711297071
0.0414823670053796
0.107471607890018
0.132217573221757
0.159713090257023
0.200956365809922
0.206455469216976
0.114345487148835
0.280693365212194
0.00298864315600717
0.111595935445308
0.242199641362821
0.210579796772266
0.530902570233114
0.13359234907352
0.110221159593545
0.118469814704124
0.110221159593545
0.02498505678422
0.137716676628811
0.17071129707113
0.297190675433353
0.129468021518231
0.121219366407651
0.0937238493723848
0.011237298266587
0.0909742976688584
0.0799760908547519
0.0531679617453676
0.101972504482965
0.0854751942618051
0.173460848774656
0.100597728631202
0.0607292289300657
0.143215780035864
0.151464435146443
0.0696652719665275
0.0346084877465631
0.02498505678422
0.115720263000598
0.17071129707113
0.0964734010759115
0.000239091452480579
0.0497310221159594
0.0414823670053796
0.0359832635983264
0.0992229527794383
0.211954572624029
0.02498505678422
0.0799760908547519
0.0222355050806934
0.00298864315600717
0.0717274357441721
0.038732815301853
0.137716676628811
0.0304841601912732
0.15421398684997
0.0882247459653317
0.0806634787806335
0.115720263000598
0.264196054991034
0.0442319187089062
0.41679617453676
0.242199641362821
0.250448296473401
0.00298864315600717
0.00848774656306037
0.0579796772265391
0.121219366407651
0.228451882845188
0.286192468619247
0.176210400478183
0.115720263000598
0.143215780035864
0.0277346084877466
0.0359832635983264
0.459414225941423
0.052480573819486
0.201643753735804
0.181709503885236
0.0689778840406455
0.29994022713688
0.173460848774656
0.154901374775852
0.660131500298864
0.0854751942618051
0.00573819485953378
0.175179318589361
0.172945307830246
0.132217573221757
0.0827256425582785
0.0194859533771668
0.129468021518231
0.635385534967125
0.0689778840406455
0.121219366407651
0.126460699342499
0.28344291691572
0.0634787806335923
0.155588762701733
0.128093245666468
0.572145845786013
0.0744769874476987
0.0194859533771668
0.0992229527794381
0.475911536162582
0.239450089659295
0.0442319187089062
0.165212193664077
0.038732815301853
0.145965331739391
0.151464435146444
0.101972504482965
0.118469814704124
0.161087866108787
0.0497310221159594
0.0579796772265391
0.137716676628811
0.288942020322773
0.14596533173939
0.118469814704124
0.178959952181709
0.121219366407651
0.148714883442917
0.16246264196055
0.0799760908547519
0.0607292289300657
0.104722056186491
0.0909742976688584
0.129468021518231
0.0772265391512253
0.0689778840406457
0.0882247459653317
0.101972504482965
0.342558278541542
0.116407650926479
0.0167364016736402
0.17483562462642
0.0882247459653317
0.126718469814704
0.00848774656306037
0.15421398684997
0.159713090257023
0.123968918111178
0.0772265391512253
0.0277346084877466
0.143215780035864
0.038732815301853
0.02498505678422
0.0414823670053796
0.242199641362821
0.200956365809922
0.167961745367603
0.00298864315600717
0.367304243873282
0.0992229527794381
0.0497310221159594
0.15421398684997
0.132217573221758
0.0689778840406455
0.0786013150029887
0.0359832635983264
0.181709503885236
0.117095038852361
0.137716676628811
0.155588762701733
0.156963538553497
0.151464435146444
0.02498505678422
0.056604901374776
0.242199641362822
0.0758517632994619
0.00848774656306037
0.191332934847579
0.052480573819486
0.112970711297071
0.038732815301853
0.475911536162582
0.011237298266587
0.0335774058577406
0.0909742976688584
0.0744769874476987
0.0497310221159594
0.115720263000598
0.14596533173939
0.0469814704124328
0.671129707112971
0.15008965929468
0.225702331141662
0.151464435146444
0.16658696951584
0.17071129707113
0.0868499701135686
0.251823072325164
0.217453676031082
0.0304841601912732
0.119844590555888
0.225702331141662
0.0964734010759115
0.294441123729827
0.117438732815302
0.0909742976688584
0.192707710699342
0.14596533173939
0.101972504482965
0.148714883442917
0.0497310221159594
0.0799760908547519
0.02498505678422
0.423670053795577
0.0332337118947998
0.272444710101614
0.159713090257023
0.187208607292289
0.192707710699342
0.0359832635983264
0.0895995218170953
0.0717274357441721
0.0923490735206216
0.123968918111178
0.143215780035864
0.02498505678422
0.0579796772265391
0.126718469814704
0.189958158995816
0.156963538553497
0.0291093843395099
0.273819485953378
0.239450089659295
0.184459055588763
0.0222355050806934
0.163837417812314
0.000239091452480579
0.269695158398087
0.0992229527794381
0.011237298266587
0.0634787806335923
0.052480573819486
0.184459055588763
0.121219366407651
0.167961745367603
0.255947399880454
0.228451882845188
0.133936043036462
0.225702331141662
0.121219366407651
0.126718469814704
0.16246264196055
0.233950986252241
0.066228332337119
0.0744769874476987
0.181709503885236
0.0717274357441721
0.071727435744172
0.0830693365212193
0.0222355050806934
0.239450089659295
0.0414823670053796
0.0552301255230126
0.132217573221757
0.107471607890018
0.118469814704124
0.0689778840406455
0.0194859533771668
0.0854751942618051
0.112970711297071
0.0717274357441721
0.272444710101614
0.113658099222953
0.118469814704124
0.14596533173939
0.011237298266587
0.459414225941423
0.0579796772265391
0.0579796772265391
0.0607292289300657
0.104722056186491
0.038732815301853
0.16658696951584
0.0332337118947998
0.225702331141662
0.0359832635983264
0.189958158995816
0.0964734010759115
0.104722056186491
0.115720263000598
0.255947399880454
0.153526598924088
0.114345487148834
0.0909742976688581
0.104722056186491
0.0414823670053796
0.262821279139271
0.0469814704124328
0.172086072922893
0.17895995218171
0.0194859533771668
0.665630603705917
0.126718469814704
0.104722056186491
0.118469814704124
0.139091452480574
0.105065750149432
0.159713090257023
0.0717274357441721
0.0744769874476987
0.0222355050806934
0.198206814106396
0.0772265391512253
0.0552301255230126
0.200268977884041
0.115720263000598
0.0909742976688584
0.011237298266587
0.110564853556486
0.0428571428571429
0.0579796772265391
0.140466228332337
0.290316796174536
0.165212193664077
0.15833831440526
0.0990940675433355
0.209205020920502
0.0799760908547519
0.0607292289300657
0.0593544530783024
0.0607292289300657
0.0744769874476987
0.0909742976688584
0.0442319187089062
0.104722056186491
0.126718469814704
0.236700537955768
0.123968918111178
0.0593544530783024
0.011237298266587
0.0964734010759115
0.112970711297071
0.0792887029288703
0.456664674237897
0.107471607890018
0.247698744769874
0.140466228332337
0.0167364016736402
0.0827256425582785
0.0964734010759115
0.0761954572624028
0.134967124925284
0.0414823670053796
0.0332337118947998
0.151464435146444
0.159713090257023
0.187208607292289
0.0964734010759115
0.0772265391512253
0.122594142259414
0.151464435146444
0.123968918111178
0.0139868499701136
0.228451882845188
0.137716676628811
0.0772265391512253
0.0882247459653317
0.107471607890018
0.0579796772265391
0.112970711297071
0.000239091452480579
0.247698744769874
0.112970711297071
0.0731022115959355
0.0854751942618051
0.0717274357441721
0.101972504482965
0.104722056186491
0.132217573221757
0.294441123729827
0.0497310221159594
0.0827256425582785
0.203705917513449
0.335684399282726
0.0634787806335923
0.0194859533771668
0.052480573819486
10.8554692169755
0.107471607890018
0.0854751942618051
0.200956365809922
0.387925881649731
0.0854751942618051
0.360430364614465
0.140466228332337
0.141841004184101
0.264196054991034
5.46256724447101
0.15421398684997
0.0579796772265391
0.374178123132098
0.0332337118947998
0.286192468619247
0.101972504482965
0.16246264196055
0.203705917513449
0.140466228332337
0.110221159593545
0.0497310221159594
0.0552301255230126
0.14596533173939
0.178959952181709
0.100597728631202
0.181709503885236
0.14596533173939
0.0263598326359833
0.0909742976688584
0.178959952181709
0.247698744769874
0.0689778840406455
0.240137477585176
0.269695158398087
0.0607292289300657
0.0882247459653317
0.107471607890018
0.15833831440526
0.321936640765093
0.0497310221159594
0.473161984459056
0.0744769874476987
0.0194859533771668
0.0634787806335923
0.126718469814704
0.137716676628811
0.0139868499701136
0.0222355050806934
0.0380454273759713
0.341183502689779
0.0442319187089061
0.159455319784818
0.211954572624029
0.066228332337119
0.0772265391512253
0.0964734010759115
0.0607292289300657
0.066228332337119
0.0992229527794381
0.0930364614465033
0.660131500298864
0.074476987447699
0.250448296473401
0.0909742976688584
0.101972504482965
0.0854751942618051
0.0139868499701136
0.115720263000598
0.0744769874476987
0.107471607890018
0.00298864315600717
0.0552301255230126
0.123968918111178
0.0139868499701136
0.0442319187089062
0.16246264196055
0.0854751942618051
0.0827256425582785
0.118469814704124
0.118469814704124
0.332934847579199
0.0607292289300657
0.0414823670053796
0.0992229527794381
0.0772265391512253
0.0909742976688584
0.222952779438135
0.0689778840406455
0.02498505678422
0.110221159593545
0.115720263000598
0.126718469814704
0.0799760908547519
0.107471607890018
0.00848774656306037
0.066228332337119
0.594142259414226
0.0304841601912732
0.0442319187089062
0.0854751942618051
0.200956365809922
0.093723849372385
0.165212193664077
0.110221159593545
0.106784219964137
0.112970711297071
0.126718469814704
0.159713090257023
0.192707710699342
0.321936640765093
0.286192468619247
0.132217573221757
0.123968918111178
0.181709503885236
0.143215780035864
0.115720263000598
0.0744769874476987
0.0648535564853557
0.187208607292289
0.530902570233114
0.231201434548715
0.104722056186491
2.13389121338912
0.211954572624029
0.107471607890018
0.0638224745965333
0.0827256425582785
0.132217573221757
0.119844590555888
0.167961745367603
0.107471607890018
0.0689778840406455
0.181709503885236
0.0676031081888824
0.0717274357441721
0.118469814704124
0.0511057979677226
0.150777047220562
0.130842797369994
0.261446503287507
0.159713090257023
0.104722056186491
0.239450089659295
0.143215780035864
0.00848774656306037
0.748117154811715
0.0167364016736402
0.02498505678422
0.222952779438135
0.225702331141662
0.16246264196055
0.178272564255828
0.181709503885236
0.112970711297071
0.0167364016736402
0.323311416616856
0.211954572624029
0.00573819485953378
0.0964734010759115
0.0634787806335923
0.000239091452480579
0.118469814704124
0.182053197848177
0.0717274357441721
0.107471607890018
0.00573819485953378
0.316437537358039
0.203705917513449
0.0689778840406455
0.048356246264196
0.0277346084877466
0.134967124925284
0.0497310221159594
0.198206814106396
0.0634787806335924
0.066228332337119
0.02498505678422
0.107471607890018
0.101972504482965
0.194082486551105
0.0277346084877466
0.151464435146443
0.120531978481769
0.230514046622834
0.121219366407651
0.129468021518231
0.0167364016736402
0.206455469216976
0.0304841601912732
0.258696951583981
1.54548714883443
0.0593544530783024
0.42916915720263
0.0882247459653317
0.189958158995816
0.101972504482965
0.0167364016736402
0.0332337118947998
0.0744769874476987
0.196832038254632
0.011237298266587
0.0607292289300657
0.132217573221757
0.181709503885236
0.0194859533771668
0.156963538553496
0.0737895995218172
0.011237298266587
0.0167364016736402
0.0277346084877466
0.0992229527794381
0.352181709503885
0.0992229527794381
0.00298864315600717
0.132217573221757
0.222952779438136
0.126718469814704
0.0304841601912732
0.359055588762702
0.142528392109982
0.0442319187089062
0.167961745367603
0.011237298266587
0.066228332337119
0.111595935445308
0.110221159593545
0.0167364016736402
0.176210400478183
0.0992229527794381
0.0744769874476987
0.0689778840406455
0.0744769874476987
0.192707710699342
0.0992229527794382
0.148714883442917
0.0194859533771668
0.277943813508667
0.104722056186491
0.304751942618051
0.00573819485953379
0.0882247459653317
0.0689778840406455
0.184459055588763
0.277943813508667
0.0992229527794381
0.250448296473401
0.0593544530783025
0.0847878063359237
0.0552301255230126
0.0813508667065151
0.0744769874476987
0.0717274357441721
0.148027495517036
0.02498505678422
0.0332337118947998
0.250448296473401
0.16246264196055
0.118469814704124
0.14596533173939
0.118469814704124
0.052480573819486
0.0854751942618051
2.51882845188285
0.624387328153018
0.240824865511058
0.165212193664077
0.198206814106396
0.178959952181709
0.0964734010759115
0.181709503885236
0.0634787806335923
0.0882247459653317
0.000239091452480579
0.0634787806335923
0.0717274357441721
0.115720263000598
0.0703526598924089
0.0744769874476987
0.0813508667065154
0.14596533173939
0.0359832635983264
0.107471607890018
0.0992229527794381
0.0414823670053796
0.118469814704124
0.0992229527794381
0.206455469216976
0.184459055588763
0.0937238493723848
0.0648535564853557
0.261446503287507
0.0937238493723849
0.202674835624627
0.011237298266587
0.236700537955768
0.107471607890018
0.161087866108787
0.142528392109982
0.0222355050806934
0.118469814704124
0.101972504482965
0.123968918111178
0.148714883442917
0.129468021518231
0.148714883442917
0.110221159593545
0.29994022713688
0.15008965929468
0.202331141661686
0.0167364016736402
0.0772265391512253
0.16246264196055
0.536401673640167
0.144590555887627
0.0442319187089062
0.110221159593545
0.00848774656306037
0.0758517632994621
1.20729228930066
0.0428571428571429
0.0937238493723851
0.142528392109982
0.134623430962343
0.0937238493723849
0.148714883442917
0.115720263000598
0.0579796772265391
0.115720263000598
0.13771667662881
0.108846383741782
0.137716676628811
0.16246264196055
0.0689778840406455
0.0937238493723849
0.02498505678422
0.236700537955768
0.0945830842797373
0.000239091452480579
0.122594142259414
0.0332337118947998
0.0304841601912732
0.0964734010759115
0.132217573221757
0.112970711297071
0.111595935445308
0.165212193664077
0.561147638971907
0.112970711297071
0.0739614465032876
0.0497310221159594
0.0332337118947998
0.163837417812313
0.0992229527794381
0.107471607890018
0.481410639569635
0.23326359832636
0.244949193066348
0.104722056186491
0.176210400478183
0.159713090257023
0.159713090257024
0.0442319187089062
0.0744769874476987
0.202331141661686
0.208173939031679
0.000239091452480579
0.0607292289300657
0.214704124327555
0.203705917513449
0.0579796772265391
0.165212193664077
0.0847878063359236
0.066228332337119
0.0662283323371189
0.00573819485953378
0.0579796772265391
0.132217573221757
0.0964734010759115
0.585893604303646
0.118469814704124
0.0552301255230126
0.250448296473401
0.038732815301853
0.0607292289300657
0.2916915720263
0.0786013150029886
0.110221159593545
0.0332337118947998
0.0827256425582785
0.156963538553497
0.0497310221159594
0.525403466826061
0.232576210400478
0.118469814704124
0.187208607292289
0.0167364016736402
0.123968918111178
0.0414823670053796
0.198206814106396
0.14596533173939
0.233950986252241
0.0566049013747758
0.101972504482965
0.0717274357441721
0.0978481769276749
0.10403466826061
0.000239091452480579
0.0359832635983264
0.0222355050806934
0.171398684997011
0.101972504482965
0.272444710101614
0.02498505678422
0.159713090257023
0.0442319187089061
0.066228332337119
0.00298864315600717
0.02498505678422
0.118469814704124
0.165212193664077
0.0304841601912732
0.118469814704125
0.052480573819486
0.143215780035864
0.30818888224746
0.189958158995816
0.0469814704124328
0.0332337118947998
0.269695158398087
0.0579796772265391
0.770113568439928
0.02498505678422
0.0277346084877466
0.066228332337119
0.0414823670053796
0.203705917513449
0.184459055588763
0.052480573819486
0.15421398684997
0.0882247459653317
0.076539151225344
0.0194859533771668
0.0607292289300657
0.104722056186491
0.153011057979677
13.2008368200837
0.242199641362821
0.319187089061566
0.0799760908547519
0.0895995218170952
0.101285116557083
0.297190675433353
0.0937238493723849
0.104722056186491
0.0359832635983264
0.0827256425582785
2.25212193664077
0.156963538553497
0.0442319187089062
0.272444710101614
0.0579796772265391
0.00298864315600717
0.0758517632994624
0.112970711297071
0.0469814704124328
0.0964734010759115
0.052480573819486
0.159713090257023
0.052480573819486
0.349432157800359
0.0277346084877466
0.0669157202630006
0.143215780035864
0.0552301255230126
0.101972504482965
0.0937238493723849
0.43329348475792
0.131186491332935
0.0964734010759115
0.250448296473401
0.247698744769874
0.00298864315600717
0.29994022713688
0.140466228332337
0.14596533173939
0.28344291691572
0.189958158995816
0.217453676031082
0.205768081291094
0.137029288702929
0.231201434548715
0.119157202630006
0.02498505678422
0.0717274357441721
0.0414823670053796
0.115720263000598
0.0607292289300657
0.228451882845188
0.052480573819486
0.0937238493723849
0.0978481769276746
0.203705917513449
0.107471607890018
0.134967124925284
0.140466228332337
0.0634787806335923
0.0799760908547519
0.319187089061566
0.321936640765093
0.258696951583981
0.173460848774656
0.0414823670053796
0.0311715481171548
0.176210400478183
0.121219366407651
0.123968918111178
0.286192468619247
0.239450089659295
0.00848774656306037
0.167961745367603
0.0304841601912732
0.0552301255230126
0.129468021518231
0.00298864315600717
0.189958158995816
0.100597728631201
0.0950986252241481
0.280693365212194
0.0689778840406455
0.341183502689779
0.172086072922893
0.0222355050806934
0.0552301255230126
0.148714883442917
0.0318589360430365
0.0717274357441721
0.0882247459653317
0.114345487148834
0.00298864315600717
0.137716676628811
0.316437537358039
0.104722056186491
0.151808129109384
0.0414823670053796
0.0827256425582785
0.0717274357441721
0.341183502689779
0.233950986252241
0.110221159593544
0.052480573819486
0.0827256425582785
0.167961745367603
0.137716676628811
0.0813508667065153
0.159713090257023
0.132217573221757
0.577644949193066
0.0304841601912732
0.153526598924088
0.143215780035864
0.143215780035864
0.14596533173939
0.120531978481769
0.0992229527794381
0.0944112372982665
0.0799760908547519
0.00298864315600717
0.0744769874476987
0.217453676031082
0.0964734010759115
0.13359234907352
0.131530185295876
0.00573819485953378
0.236013150029886
0.0676031081888825
0.0167364016736402
0.200956365809922
0.0332337118947998
0.178959952181709
0.00573819485953378
0.011237298266587
0.0799760908547519
0.000239091452480579
0.134967124925284
0.0717274357441721
0.0882247459653317
0.0373580394500897
0.319187089061566
0.0689778840406455
0.236700537955768
0.0964734010759115
0.143215780035864
0.0937238493723849
0.0744769874476987
0.0497310221159594
0.121219366407651
0.143215780035864
0.130499103407053
0.115720263000598
0.107471607890018
0.0950986252241481
0.178959952181709
0.0703526598924089
0.104722056186491
0.0497310221159594
0.200956365809922
0.44566646742379
0.0772265391512253
0.0222355050806934
0.167961745367603
0.0414823670053796
0.200956365809922
0.129468021518231
0.0895995218170952
0.0820382546323968
0.107471607890018
0.108846383741781
0.189958158995816
0.0786013150029886
0.052480573819486
0.0304841601912732
0.17071129707113
0.132217573221757
0.129468021518231
0.0552301255230126
0.143215780035864
0.261446503287507
0.115720263000598
0.0273909145248057
0.0717274357441721
0.649133293484758
0.539151225343694
0.0332337118947998
0.220203227734608
0.15421398684997
0.123968918111178
0.126718469814704
1.05606694560669
0.121219366407651
0.0909742976688584
0.0882247459653317
0.104722056186491
0.0937238493723849
0.233950986252241
0.0744769874476987
0.0689778840406455
0.139091452480574
0.0992229527794381
0.052480573819486
0.0744769874476987
0.0827256425582785
0.120531978481769
0.0638224745965331
0.140466228332337
0.140466228332337
0.118469814704125
0.129468021518231
0.231201434548715
0.052480573819486
0.00298864315600717
0.000239091452480579
0.0222355050806934
0.253197848176928
0.02498505678422
0.13771667662881
0.0414823670053796
0.0332337118947998
0.0731022115959354
0.0634787806335923
0.0854751942618051
0.242199641362821
0.115720263000598
0.0552301255230126
0.0689778840406455
0.286192468619247
0.203705917513449
0.112970711297071
0.110221159593545
0.110221159593545
0.066228332337119
0.192707710699342
0.112970711297071
0.15421398684997
0.0827256425582785
0.0304841601912732
0.288942020322773
0.14596533173939
0.176210400478183
0.0744769874476987
0.00298864315600717
0.0799760908547519
0.110221159593545
0.0827256425582785
0.302689778840406
0.0992229527794381
0.0579796772265391
0.189958158995816
0.200956365809922
0.156963538553497
0.0579796772265391
0.114216601912732
0.13771667662881
0.0552301255230126
0.112970711297071
0.0442319187089062
0.0717274357441721
0.123968918111178
0.000239091452480579
0.0167364016736402
0.233950986252241
0.148714883442917
0.2916915720263
0.0689778840406455
0.0978481769276746
0.0950986252241481
0.109533771667663
0.0222355050806934
0.0744769874476987
0.112970711297071
0.0304841601912732
0.118469814704124
0.126718469814704
0.107471607890018
0.0964734010759115
0.0841004184100418
0.379677226539151
0.0861625821876866
0.229826658696952
0.0332337118947998
0.0497310221159594
0.0607292289300657
0.0937238493723849
0.0607292289300657
0.011237298266587
0.280693365212194
0.048356246264196
0.0579796772265391
0.0359832635983264
0.0469814704124328
0.15421398684997
0.00848774656306039
0.15421398684997
0.0167364016736402
0.0772265391512254
0.103347280334728
0.17071129707113
0.0332337118947998
0.110221159593545
0.159713090257023
0.16246264196055
0.126718469814704
0.000239091452480579
0.104722056186491
0.110221159593545
0.038732815301853
0.195457262402869
0.324686192468619
0.0923490735206216
0.165212193664077
0.00298864315600717
0.246323968918111
0.110221159593545
0.17071129707113
0.110221159593544
0.0992229527794385
0.0332337118947998
0.665630603705917
0.101972504482965
0.236700537955768
0.118469814704124
0.0566049013747758
0.0359832635983264
0.119157202630006
0.140466228332337
0.0744769874476987
0.423670053795577
0.159713090257023
0.0655409444112373
0.30818888224746
0.0689778840406455
0.0167364016736402
0.0813508667065153
0.0414823670053796
0.341183502689779
0.0167364016736402
0.134967124925284
0.101972504482965
0.0332337118947998
0.115720263000598
0.112970711297071
0.11657949790795
0.132217573221757
0.222952779438135
0.0222355050806934
0.02498505678422
0.10437836222355
0.159713090257023
0.0689778840406455
0.0607292289300657
0.122594142259414
0.0882247459653317
0.0304841601912732
0.442916915720263
0.0772265391512253
0.0992229527794381
0.156963538553497
0.0277346084877466
0.140122534369397
0.220203227734608
0.239450089659295
0.0928646144650328
0.0744769874476987
0.0359832635983264
0.118469814704124
0.596891811117752
0.110221159593545
0.418170950388524
0.0579796772265391
0.0964734010759115
0.156963538553497
0.107471607890018
0.0139868499701136
0.0304841601912732
0.503407053197848
0.0634787806335923
0.301315002988643
0.011237298266587
0.137716676628811
0.00573819485953378
0.0744769874476987
0.440167364016736
0.089599521817095
0.0579796772265391
0.088224745965332
0.000239091452480579
0.118126120741184
0.0786013150029886
0.0421697549312613
0.209205020920502
0.915839808726838
0.115720263000598
0.0497310221159594
0.178959952181709
0.0854751942618051
0.0909742976688585
0.0854751942618051
0.176210400478183
0.253197848176928
0.118469814704124
0.0552301255230126
0.0744769874476987
1.05056784219964
0.156963538553497
0.0744769874476987
0.164181111775254
0.244949193066348
0.220203227734608
0.0593544530783024
0.011237298266587
0.225702331141662
0.0689778840406455
0.198206814106396
0.175866706515242
0.0304841601912732
0.00298864315600717
0.0469814704124328
0.0511057979677227
0.0937238493723849
0.107471607890018
0.0772265391512253
0.220203227734608
0.114345487148834
0.0854751942618051
0.195457262402869
0.0634787806335923
0.000239091452480579
0.0607292289300657
0.0607292289300657
0.110564853556485
0.228451882845188
0.0854751942618051
0.0882247459653317
0.115720263000598
0.0579796772265391
0.0167364016736402
0.165212193664077
0.00573819485953378
0.236700537955768
0.0167364016736402
0.0222355050806934
0.0909742976688584
0.17071129707113
0.288942020322773
0.104722056186491
0.206455469216976
0.0689778840406455
0.148714883442917
0.222952779438135
0.0332337118947998
0.187208607292289
0.0992229527794381
0.121219366407651
0.142184698147041
0.122594142259414
0.0705245068738792
0.217453676031082
0.107471607890018
0.330185295875672
0.071555588762702
0.0469814704124328
0.577644949193066
0.126718469814704
0.143215780035863
0.233950986252241
0.052480573819486
0.101972504482965
0.148714883442917
0.0964734010759115
0.294441123729827
0.621637776449492
0.0414823670053796
0.129468021518231
0.192707710699342
2.25487148834429
0.123968918111178
0.0634787806335923
0.0442319187089062
0.0607292289300657
0.0139868499701136
0.217453676031082
0.401673640167364
0.101972504482965
0.0607292289300657
0.038732815301853
0.277943813508667
0.0469814704124328
0.0882247459653317
0.066228332337119
0.0796323968918112
0.0139868499701136
0.0483562462641961
0.17071129707113
0.14596533173939
0.169336521219366
0.0744769874476987
0.0167364016736402
0.0555738194859533
0.148714883442917
0.0194859533771668
0.0414823670053796
0.0882247459653317
0.0194859533771668
0.13771667662881
0.200956365809922
0.17071129707113
0.14596533173939
0.0744769874476987
0.0139868499701136
0.0744769874476987
0.253197848176928
1.7077106993425
0.272444710101614
0.038732815301853
0.0868499701135686
0.123968918111177
0.165212193664077
0.140466228332337
0.231201434548715
0.118469814704124
0.365929468021518
0.44566646742379
0.13771667662881
0.0194859533771668
0.081694560669456
0.079976090854752
0.117095038852361
0.02498505678422
0.0895995218170949
0.0607292289300657
0.0552301255230126
0.123968918111178
0.0882247459653317
0.382426778242678
0.0167364016736402
0.214704124327555
0.0662283323371191
0.203705917513449
2.50783024506874
0.217453676031082
0.011237298266587
0.481410639569635
0.121906754333533
0.0552301255230126
0.302689778840406
2.3181111775254
0.517154811715481
0.0964734010759115
0.0607292289300657
0.140466228332337
0.0854751942618051
1.36126718469815
0.15421398684997
0.121219366407651
0.00298864315600717
0.365929468021518
0.115720263000597
0.148714883442917
0.00848774656306037
0.115720263000598
0.0731022115959354
0.2916915720263
1.06431560071727
0.0964734010759116
0.0194859533771668
0.0194859533771668
0.0552301255230125
0.167961745367603
0.085475194261805
0.134967124925284
0.134967124925284
0.167961745367603
0.0607292289300657
0.122594142259414
1.06843992827256
0.0744769874476987
0.181709503885236
0.0909742976688584
0.115720263000598
0.104722056186491
0.110221159593545
0.0414823670053796
0.126718469814704
0.242199641362821
0.115720263000598
0.0909742976688584
0.108158995815899
0.15421398684997
0.607890017931859
1.69396294082487
0.15421398684997
0.189958158995816
0.16246264196055
0.052480573819486
0.0854751942618051
0.00848774656306037
0.239450089659295
0.199237895995218
0.0167364016736402
0.15421398684997
0.16246264196055
0.0469814704124328
0.066228332337119
0.126718469814704
0.0222355050806934
0.112970711297071
0.110221159593545
0.066228332337119
0.129468021518231
0.228451882845188
0.121219366407651
0.0194859533771668
0.464913329348476
0.119844590555888
0.0689778840406455
0.104722056186491
0.00848774656306037
0.17071129707113
0.469037656903766
0.0414823670053796
0.0194859533771668
0.0799760908547519
0.156963538553497
0.163837417812313
0.0727585176329947
0.108846383741782
0.104722056186492
0.198206814106396
5.74130304841602
0.26694560669456
0.682127913927078
0.066228332337119
0.398924088463837
0.0909742976688584
0.0552301255230126
0.038732815301853
0.101972504482965
0.00298864315600717
0.134967124925284
0.0194859533771668
0.18325612671847
0.107471607890018
0.011237298266587
0.255947399880454
0.0682904961147639
0.122594142259414
0.228451882845188
0.137716676628811
0.112970711297071
0.0772265391512253
0.126718469814704
0.316437537358039
0.173460848774656
0.0937238493723849
0.129468021518231
0.0442319187089062
0.112970711297071
0.159713090257023
0.126718469814704
0.0552301255230125
0.119844590555888
0.0758517632994619
0.198206814106396
0.048356246264196
0.0579796772265391
0.816855947399881
0.200956365809923
0.321936640765093
0.0414823670053796
0.139091452480574
0.0964734010759115
0.093723849372385
0.0263598326359833
0.00848774656306037
0.165212193664077
0.0827256425582785
0.0909742976688584
0.266945606694561
0.132217573221757
0.132217573221757
0.0937238493723849
0.0772265391512253
0.110221159593545
0.0304841601912731
0.192707710699342
0.195457262402869
0.02498505678422
0.118469814704124
0.15008965929468
0.0139868499701136
0.115720263000598
0.00573819485953378
0.167274357441721
0.151464435146444
0.0882247459653317
0.126718469814704
0.0469814704124328
0.385176329946204
0.115720263000598
0.132217573221757
0.143215780035864
0.00848774656306037
0.02498505678422
0.121219366407651
0.187208607292289
1.08906156604901
0.0456066945606694
0.14596533173939
0.097848176927675
0.187208607292289
0.0277346084877466
0.225702331141662
0.000239091452480579
0.0916616855947399
0.0414823670053796
0.0304841601912732
0.0139868499701136
0.140466228332337
0.338433950986252
0.0882247459653317
0.114345487148834
0.0607292289300657
0.16246264196055
0.148714883442917
0.0607292289300657
0.123968918111178
0.103347280334728
0.305439330543933
0.15421398684997
0.110221159593545
0.154557680812911
0.407172743574417
0.145449790794979
0.156963538553497
0.0798042438732813
0.258696951583981
0.198206814106396
0.0964734010759115
0.011237298266587
0.0731022115959356
0.167274357441722
0.104722056186491
0.115720263000597
0.0689778840406455
0.02498505678422
0.00848774656306037
0.052480573819486
0.0717274357441721
0.200956365809922
0.277943813508667
0.0627913927077107
0.140466228332337
0.198206814106396
0.0277346084877466
0.0359832635983264
0.0359832635983264
0.0923490735206214
0.0222355050806934
0.349432157800359
0.0909742976688584
0.101972504482965
0.0923490735206215
0.0607292289300657
0.14596533173939
0.0359832635983264
0.101972504482965
0.107471607890018
0.0937238493723849
0.176210400478183
0.0222355050806934
0.222952779438135
0.264196054991034
0.0497310221159594
0.209205020920502
0.177585176329946
0.266945606694561
0.0304841601912732
0.125343693962941
0.0827256425582785
0.0964734010759115
0.242199641362821
0.0414823670053796
0.135654512851166
0.0827256425582785
0.253197848176928
0.0677749551703528
0.0813508667065153
0.117095038852361
0.052480573819486
0.247698744769874
0.0676031081888823
0.0304841601912732
0.14596533173939
0.0497310221159594
0.0497310221159594
0.288942020322773
0.0414823670053796
0.0868499701135684
0.0442319187089062
0.156963538553497
0.176210400478183
0.0717274357441721
0.214704124327555
0.126718469814704
0.156963538553497
0.148714883442917
0.0854751942618051
0.00298864315600717
0.0607292289300657
0.236700537955768
0.0167364016736402
0.066228332337119
0.111595935445308
0.359055588762702
0.0978481769276747
0.0689778840406455
0.178272564255827
0.0332337118947998
0.0634787806335923
0.302689778840406
0.159713090257023
0.0194859533771668
0.16246264196055
0.121219366407651
0.147340107591154
0.497907949790795
0.0950986252241481
0.103347280334728
0.184459055588763
0.0717274357441721
0.0579796772265391
0.038732815301853
0.0167364016736402
0.100597728631202
0.132217573221757
0.140466228332337
0.0167364016736402
0.164954423191872
0.0277346084877466
0.0139868499701136
0.0442319187089062
0.189958158995816
0.139091452480574
0.112970711297071
0.250448296473401
0.101972504482965
0.0799760908547519
0.0318589360430364
0.151464435146444
0.0277346084877466
0.244949193066348
0.110221159593545
0.247698744769874
0.178959952181709
0.124656306037059
0.178959952181709
0.108846383741781
0.195457262402869
0.140466228332337
0.107471607890018
0.011237298266587
0.0469814704124328
0.16246264196055
0.0772265391512253
0.000239091452480579
0.0854751942618051
0.02498505678422
0.0648535564853559
0.0469814704124328
0.132217573221757
0.126718469814704
0.0607292289300657
0.178959952181709
0.038732815301853
0.0689778840406455
0.129210251046026
0.739868499701136
0.15421398684997
0.101972504482965
0.365929468021518
0.0607292289300657
0.211954572624029
0.011237298266587
0.134967124925284
0.104722056186491
0.178959952181709
0.184459055588763
0.0414823670053796
0.00848774656306037
0.192707710699342
0.00573819485953378
0.0167364016736402
0.110221159593545
0.228451882845188
0.0744769874476987
0.00848774656306037
0.00848774656306037
0.126718469814704
0.0799760908547522
0.111595935445308
0.112970711297071
0.121219366407651
0.0277346084877466
0.129468021518231
0.216078900179318
0.0586670651524209
0.15421398684997
0.134967124925284
0.0725866706515245
0.066228332337119
0.0579796772265391
0.108846383741781
0.0277346084877466
0.00573819485953378
0.0827256425582785
0.0937238493723849
1.0670651524208
0.0882247459653317
0.0772265391512253
0.0926927674835624
0.02498505678422
0.382426778242678
0.011237298266587
0.0414823670053796
0.478661087866109
0.0964734010759115
0.00298864315600717
0.167961745367603
0.257322175732217
0.632635983263598
0.0772265391512253
0.0304841601912732
0.0359832635983264
0.214704124327555
0.133764196054991
0.0139868499701136
0.187208607292289
0.0139868499701136
0.00298864315600717
0.15421398684997
0.0222355050806934
0.0194859533771668
0.0304841601912732
0.0799760908547519
0.052480573819486
0.0937238493723849
0.110221159593545
0.107471607890018
0.0359832635983263
0.0194859533771668
0.0964734010759115
0.0909742976688584
0.693126120741185
0.0717274357441721
0.0469814704124328
0.0359832635983264
0.125343693962941
0.038732815301853
0.123968918111178
0.238075313807531
0.0339210998206814
0.0607292289300657
0.02498505678422
1.25678421996414
0.0552301255230126
0.0359832635983264
0.0772265391512253
0.0552301255230126
0.0483562462641961
0.0827256425582785
0.118469814704124
0.261446503287507
0.0552301255230126
0.206455469216976
0.15421398684997
0.148714883442917
0.258696951583981
0.0552301255230126
0.29994022713688
0.0552301255230126
0.258696951583981
0.181709503885236
0.195457262402869
0.0607292289300657
0.0717274357441721
0.0359832635983264
0.0971607890017932
0.200956365809922
0.151464435146444
0.0882247459653317
0.268664076509265
0.143215780035864
0.115720263000598
0.0414823670053796
0.203705917513449
0.0607292289300657
0.937836222355051
0.211954572624029
0.123968918111178
0.000239091452480579
0.0937238493723849
0.0607292289300657
0.0689778840406455
0.129468021518231
0.0937238493723849
0.0882247459653317
0.167961745367603
0.0222355050806934
0.0772265391512253
0.0277346084877466
0.0469814704124328
0.0676031081888823
0.0744769874476987
0.192707710699342
0.0401075911536162
0.134967124925284
0.0414823670053796
0.134967124925284
0.0139868499701136
0.129468021518231
0.0607292289300657
0.0236102809324567
0.0854751942618051
0.066228332337119
0.0332337118947998
0.15421398684997
0.134967124925284
0.0332337118947998
0.052480573819486
0.0634787806335923
0.0469814704124328
0.0579796772265391
0.129468021518231
0.0971607890017932
0.282068141063957
0.0882247459653317
0.0538553496712492
0.011237298266587
0.242199641362821
0.110221159593545
0.132217573221757
0.011237298266587
0.129468021518231
0.222265391512253
0.128093245666467
0.136341900777047
0.122594142259414
0.17071129707113
0.00848774656306037
0.187208607292289
0.107471607890018
0.140466228332337
0.0304841601912732
0.099222952779438
0.0827256425582785
0.0772265391512253
0.0882247459653317
0.0167364016736402
0.0792887029288702
0.000239091452480579
0.112970711297071
0.0359832635983264
0.0937238493723849
0.0167364016736402
0.147340107591154
0.00298864315600717
0.0689778840406455
0.0428571428571429
0.0566049013747758
0.341183502689779
0.00573819485953378
0.137716676628811
0.0579796772265391
0.134967124925284
0.114345487148834
0.192707710699342
0.269695158398087
0.0469814704124328
0.115720263000598
0.0167364016736402
0.211954572624029
0.110221159593545
0.0579796772265391
0.00298864315600717
0.442916915720263
0.038732815301853
0.0909742976688584
0.107471607890018
0.228451882845188
0.302689778840406
0.133592349073521
0.118469814704124
0.0854751942618051
0.910340705319785
0.393424985056784
0.629886431560072
0.0882247459653317
0.0992229527794381
0.0689778840406455
0.133592349073521
0.00573819485953378
0.101285116557083
0.038732815301853
0.536401673640167
0.0222355050806934
0.0992229527794381
0.0827256425582785
0.0414823670053796
0.0744769874476987
0.143215780035864
0.0469814704124328
0.0359832635983264
0.451165570830843
0.264196054991034
0.111595935445308
0.225702331141662
0.0634787806335923
0.15421398684997
0.0607292289300657
0.134967124925284
0.137716676628811
0.0222355050806934
0.275194261805141
0.079976090854752
0.000239091452480579
0.0827256425582785
0.104722056186491
0.0772265391512253
0.2916915720263
0.287910938433951
0.0332337118947998
0.143215780035864
0.048356246264196
0.0937238493723848
0.140466228332337
0.0139868499701136
0.0992229527794381
0.0139868499701136
0.320561864913329
0.0442319187089062
0.924088463837418
0.129468021518231
0.112970711297071
0.126718469814704
0.0854751942618051
0.203705917513449
0.0545427375971308
0.0689778840406455
0.101972504482965
0.16246264196055
0.0167364016736402
0.000239091452480579
0.0277346084877466
0.266258218768679
0.104722056186491
0.121219366407651
0.0772265391512253
0.0923490735206215
0.233950986252242
0.14596533173939
0.159713090257023
0.261446503287507
0.0194859533771668
0.104722056186491
0.134967124925284
0.0194859533771668
0.0277346084877466
0.107471607890018
0.0937238493723849
0.0964734010759115
0.0194859533771668
0.205080693365213
0.176210400478183
0.0882247459653317
0.121219366407651
0.066228332337119
0.132217573221757
0.02498505678422
0.147340107591154
0.29994022713688
0.0992229527794381
0.0937238493723849
0.0414823670053796
1.44650328750747
0.156963538553497
0.156963538553497
0.187208607292289
0.011237298266587
0.02498505678422
0.0882247459653318
0.0992229527794381
0.178959952181709
0.0909742976688584
0.101972504482965
0.0607292289300657
0.132217573221757
0.00298864315600717
0.209205020920502
0.0964734010759115
0.167961745367603
0.335684399282726
0.0937238493723849
0.187208607292289
0.0772265391512253
0.02498505678422
0.0634787806335923
0.0552301255230126
0.000239091452480579
0.118469814704124
0.0634787806335923
0.0442319187089062
0.321936640765093
0.225702331141662
0.140466228332337
0.0167364016736402
0.0772265391512253
0.038732815301853
0.148714883442917
0.159713090257023
0.0332337118947998
0.0992229527794381
0.0813508667065152
0.0139868499701136
0.136341900777047
0.15421398684997
0.156963538553497
0.0304841601912732
0.0456066945606695
0.0497310221159594
0.107471607890018
0.113658099222953
0.14596533173939
0.198206814106396
0.011237298266587
0.0277346084877466
0.0799760908547519
0.137716676628811
0.038732815301853
0.183084279737
0.464913329348476
0.135654512851166
1.32277346084877
0.0834130304841604
0.112970711297071
0.0703526598924088
0.0139868499701136
0.011237298266587
0.0909742976688584
0.0827256425582785
0.0304841601912732
0.00573819485953378
0.0222355050806934
0.104722056186491
0.0607292289300657
0.0359832635983264
0.0469814704124328
0.596891811117752
0.129468021518231
0.0950986252241482
0.0772265391512253
0.217453676031082
0.0194859533771668
0.202502988643156
0.222952779438135
0.00298864315600717
0.0689778840406455
0.00573819485953378
0.000239091452480579
0.123968918111178
2.76508517632995
0.0662283323371189
0.0978481769276749
0.561147638971907
0.0964734010759115
0.0359832635983264
0.242199641362821
0.0981918708906157
0.148714883442917
0.122465257023312
1.45475194261805
0.2916915720263
0.109705618649133
0.052480573819486
0.052480573819486
0.038732815301853
0.112970711297071
0.115720263000597
0.066228332337119
0.823729826658696
0.0937238493723849
0.0607292289300657
0.112970711297071
0.0291093843395098
0.382426778242678
0.195457262402869
0.0799760908547519
0.000239091452480579
0.148714883442917
0.198206814106396
0.0304841601912732
0.0744769874476987
0.220203227734608
0.16658696951584
0.192707710699342
0.206455469216976
0.121219366407651
0.134967124925284
0.066228332337119
0.129468021518231
0.0744769874476986
0.0964734010759115
0.104722056186491
0.190645546921698
0.129468021518231
0.310938433950986
0.141153616258219
0.137716676628811
0.110221159593545
0.0277346084877466
0.137716676628811
0.118469814704125
0.0634787806335922
0.137716676628811
0.0511057979677226
0.203705917513449
0.0167364016736402
0.0167364016736402
0.101972504482965
0.143215780035864
0.0827256425582786
0.17071129707113
0.0318589360430365
0.00848774656306037
0.0236102809324567
0.0854751942618052
0.132217573221757
0.385176329946204
0.750866706515242
0.110221159593545
0.0868499701135683
0.0579796772265391
0.17483562462642
0.0304841601912732
0.0964734010759115
0.123968918111178
0.326060968320382
0.101972504482965
0.16246264196055
0.0469814704124328
0.0799760908547519
0.101972504482965
0.115720263000598
0.107471607890018
0.0689778840406455
0.122594142259414
0.0799760908547519
0.184459055588763
0.0387328153018529
0.0937238493723849
0.184459055588763
0.140466228332337
0.371428571428571
0.115032875074716
0.0332337118947998
0.0579796772265391
0.17071129707113
0.0332337118947998
0.143215780035864
0.462163777644949
0.310938433950987
0.0167364016736402
0.02498505678422
0.0841004184100418
0.0359832635983264
0.178959952181709
0.132217573221757
0.0359832635983264
0.143215780035864
0.14596533173939
0.206455469216976
0.184459055588763
0.143215780035864
0.101972504482965
0.0511057979677227
0.00848774656306037
0.0607292289300657
0.00848774656306037
0.011237298266587
0.094969739988046
0.15421398684997
0.104722056186491
0.0497310221159594
0.374178123132098
0.187208607292289
0.0772265391512253
0.118469814704124
0.195457262402869
0.14596533173939
0.00848774656306037
0.00573819485953378
0.0442319187089062
0.17071129707113
0.151464435146444
0.0497310221159594
0.0799760908547519
0.0689778840406455
0.0827256425582785
0.462163777644949
0.189958158995816
0.16246264196055
0.167961745367603
0.112970711297071
0.0277346084877466
0.132904961147639
0.00298864315600717
4.03108188882247
0.16246264196055
0.211954572624029
0.0401075911536162
0.0167364016736402
0.112970711297071
0.000239091452480579
0.0634787806335923
0.0882247459653317
0.0909742976688584
0.251908995815899
0.181709503885236
0.0827256425582785
0.0222355050806934
0.0841004184100416
0.0194859533771668
0.382426778242678
0.0909742976688584
0.107471607890018
0.0194859533771668
0.066228332337119
0.15421398684997
0.134967124925284
0.126718469814704
0.148714883442917
0.0167364016736402
0.0689778840406455
0.0964734010759115
0.0841004184100418
0.159713090257023
0.123968918111178
0.123968918111178
0.0758517632994621
0.000239091452480579
0.123968918111177
0.0139868499701136
0.167961745367603
0.0442319187089062
0.038732815301853
0.165212193664077
0.0634787806335923
0.134967124925284
0.066228332337119
0.0332337118947998
0.00848774656306037
0.0442319187089062
0.15833831440526
0.0717274357441721
0.159713090257023
0.107471607890018
1.44100418410042
0.132217573221757
0.0772265391512253
0.0669157202630006
0.011237298266587
0.0992229527794381
0.14596533173939
0.02498505678422
0.167961745367603
0.0999103407053196
0.0277346084877466
0.0304841601912732
0.126718469814704
0.280693365212194
0.148714883442917
0.387925881649731
0.0311715481171548
0.129468021518231
0.0332337118947998
0.0909742976688584
0.110221159593545
0.0937238493723849
0.155588762701733
0.0607292289300657
0.115720263000598
0.140466228332337
0.0469814704124328
17.6166168559474
0.066228332337119
0.0634787806335923
0.111595935445308
0.338433950986252
0.134967124925284
0.205080693365212
0.0222355050806934
0.0359832635983264
0.141755080693365
0.475911536162582
0.0359832635983264
0.0909742976688585
0.264196054991034
0.407172743574417
0.173460848774656
0.247698744769874
0.198206814106396
0.177585176329946
0.0854751942618051
0.02498505678422
0.118469814704124
0.121219366407651
0.0827256425582785
0.140466228332337
0.129468021518231
0.143215780035864
0.011237298266587
0.132217573221757
0.0992229527794381
0.272444710101614
0.106784219964136
0.00573819485953378
0.0181111775254035
0.131530185295876
0.0854751942618051
0.0497310221159594
0.0222355050806934
0.343933054393305
0.011237298266587
0.104722056186491
0.0194859533771668
0.0291093843395099
0.0689778840406455
0.0139868499701136
0.0139868499701136
0.00298864315600717
0.0579796772265391
0.335684399282726
0.02498505678422
0.14596533173939
0.0744769874476986
0.112970711297071
0.137716676628811
0.0978481769276748
0.176210400478183
0.134967124925284
0.101972504482965
0.129468021518231
0.0359832635983264
0.275194261805141
0.0607292289300657
0.522653915122534
0.167961745367603
0.0194859533771668
0.117095038852361
0.101972504482965
0.0689778840406458
0.0304841601912732
10.6794979079498
0.000239091452480579
0.874596533173939
0.00298864315600717
0.0277346084877466
0.156963538553497
0.02498505678422
0.0222355050806934
0.152839210998206
0.038732815301853
0.00298864315600717
1.2842797369994
0.0703526598924088
0.15421398684997
0.173460848774656
0.0621040047818291
0.220203227734608
0.0717274357441721
0.139778840406456
0.106096832038254
0.0799760908547518
0.0139868499701136
0.231201434548715
0.0882247459653317
0.0744769874476989
0.0648535564853557
0.220203227734609
0.0304841601912732
0.217453676031082
0.156963538553497
0.209205020920502
0.715122534369396
0.130155409444112
1.51524208009564
0.156963538553497
0.100597728631202
0.104722056186491
0.0277346084877466
0.297190675433353
0.126718469814704
0.0868499701135686
0.0222355050806934
0.0964734010759115
0.231201434548715
0.203705917513449
0.173460848774656
0.0689778840406455
0.361805140466228
0.130842797369994
0.0717274357441721
0.233950986252242
0.0277346084877466
0.115720263000598
0.000239091452480579
0.129468021518231
0.0634787806335923
0.112970711297071
0.011237298266587
0.0194859533771668
0.000239091452480579
0.159713090257023
0.038732815301853
0.104722056186491
0.0566049013747758
0.0304841601912732
0.0772265391512253
0.171398684997011
0.00573819485953378
0.117095038852361
0.192707710699342
0.0854751942618051
0.15008965929468
0.324686192468619
0.211954572624029
0.110221159593545
0.0194859533771668
0.184459055588763
0.0634787806335923
0.038732815301853
0.104722056186491
0.0909742976688584
7.07483562462642
0.0950986252241483
0.126718469814704
0.242199641362821
0.14596533173939
0.0435445307830245
0.0621040047818291
0.195457262402869
0.220203227734608
0.0895995218170952
0.112970711297071
0.17071129707113
0.038732815301853
0.0552301255230126
0.195457262402869
0.0964734010759115
0.206455469216976
0.093723849372385
0.0806634787806338
0.0359832635983264
0.104722056186491
0.0552301255230126
0.0332337118947998
0.167961745367603
0.038732815301853
0.231201434548715
0.14596533173939
0.0717274357441721
0.0194859533771668
0.232576210400478
0.187208607292289
0.431918708906157
0.167961745367603
0.0222355050806934
0.0552301255230126
0.0827256425582785
0.167961745367603
0.00573819485953378
0.404423191870891
0.195457262402869
0.0579796772265391
0.0414823670053796
0.0717274357441721
0.115720263000598
0.0854751942618051
0.0950986252241482
0.0744769874476987
0.0937238493723849
0.242199641362821
0.107471607890018
0.222952779438135
0.143215780035864
0.0854751942618051
0.156963538553496
0.011237298266587
0.0772265391512253
0.117095038852361
0.0332337118947998
0.0909742976688584
0.110221159593545
0.00848774656306037
0.137716676628811
0.100597728631202
0.0689778840406455
0.0277346084877466
2.30436341900777
0.0827256425582785
0.0497310221159594
0.100597728631202
0.140466228332337
0.066228332337119
0.0937238493723851
0.097848176927675
0.0772265391512253
0.0909742976688584
0.0930364614465032
0.0222355050806934
0.0304841601912732
0.113658099222953
0.0634787806335923
0.0841004184100418
0.101972504482965
0.0414823670053796
0.134967124925284
0.00573819485953378
0.0992229527794381
0.0964734010759115
0.066228332337119
0.110221159593545
0.554273759713088
0.56664674237896
0.066228332337119
0.272444710101614
0.0827256425582786
0.383801554094441
0.000239091452480579
0.110221159593545
0.14596533173939
0.250448296473401
0.0497310221159594
0.321936640765093
0.0992229527794381
0.112970711297071
0.038732815301853
0.176210400478183
0.250448296473401
0.0414823670053796
0.156963538553497
0.0689778840406454
0.0909742976688584
0.0744769874476987
0.0552301255230126
0.00848774656306037
0.118469814704124
0.000239091452480579
0.120188284518828
0.220203227734608
0.0566049013747758
0.121219366407651
0.0304841601912732
0.616138673042439
0.0847878063359234
0.0634787806335923
0.140466228332337
0.0579796772265391
0.0634787806335924
0.0167364016736402
0.011237298266587
0.143215780035864
0.0414823670053796
0.225702331141662
0.200956365809922
0.0717274357441721
0.225702331141662
0.0827256425582785
0.00573819485953378
0.0607292289300657
0.0799760908547519
0.0937238493723849
0.0964734010759115
0.102659892408846
0.0414823670053796
0.112970711297071
0.00298864315600717
0.104722056186491
0.112970711297071
0.122594142259414
0.233950986252241
0.126718469814704
0.0717274357441723
0.0827256425582785
0.233950986252241
0.0813508667065151
0.0442319187089062
0.15421398684997
0.0909742976688584
0.0744769874476987
0.0717274357441721
0.00298864315600717
0.1418410041841
0.110221159593545
0.0414823670053796
0.0552301255230126
0.129468021518231
0.0414823670053795
0.0579796772265392
0.0854751942618051
0.187208607292289
0.338433950986252
0.15421398684997
0.00573819485953378
0.0937238493723851
0.0799760908547519
0.0717274357441721
0.17895995218171
0.253197848176928
0.211954572624029
0.0744769874476987
0.0579796772265391
1.28290496114764
0.14596533173939
0.011237298266587
0.159713090257023
0.0359832635983264
0.0359832635983264
0.327435744172146
0.121219366407651
0.16246264196055
0.121219366407651
0.02498505678422
0.130842797369994
0.038732815301853
0.0469814704124328
0.167961745367603
0.115720263000598
0.277943813508667
0.134967124925284
0.0304841601912732
0.0552301255230126
0.0469814704124328
0.066228332337119
0.275194261805141
0.28344291691572
0.126718469814704
0.14596533173939
0.0366706515242081
0.448416019127316
0.104722056186491
0.151464435146444
0.173460848774656
0.16246264196055
0.0992229527794381
0.0744769874476987
0.115720263000598
0.0689778840406455
0.0139868499701136
0.0359832635983264
0.066228332337119
0.000239091452480579
0.0854751942618051
0.294441123729827
0.0909742976688584
0.0552301255230126
0.0414823670053796
0.203705917513449
0.239450089659295
0.0332337118947998
0.0744769874476987
0.0194859533771668
0.156963538553497
0.0827256425582785
0.225702331141662
0.0414823670053796
0.000239091452480579
0.181709503885236
0.195457262402869
0.0964734010759115
0.121219366407651
0.104722056186491
0.204393305439331
0.236700537955768
0.00848774656306037
0.02498505678422
0.0552301255230126
0.214704124327555
0.101972504482965
0.0964734010759115
0.02498505678422
0.0992229527794381
0.0937238493723849
0.228451882845188
0.0414823670053796
0.14596533173939
0.0772265391512253
0.134967124925284
0.038732815301853
0.140466228332337
0.0799760908547519
0.0304841601912732
0.275194261805141
0.178959952181709
0.0579796772265391
0.0937238493723849
0.0552301255230126
0.0304841601912732
0.0442319187089062
0.167961745367603
0.286192468619247
0.167961745367603
0.0332337118947998
0.159713090257023
0.00986252241482369
0.14596533173939
0.0194859533771668
0.0304841601912732
0.0469814704124328
0.131530185295875
0.0844441123729824
0.123968918111178
0.0194859533771668
0.456664674237896
0.0359832635983264
0.0194859533771668
0.167961745367603
0.117095038852361
0.00298864315600717
0.178959952181709
0.0456066945606695
0.17895995218171
0.011237298266587
0.066228332337119
0.0799760908547519
0.737118947997609
0.126718469814704
0.011237298266587
0.141841004184101
0.00573819485953378
0.0909742976688583
0.011237298266587
0.02498505678422
0.173460848774656
0.0799760908547519
13.2310818888225
0.239450089659295
0.332934847579199
0.110221159593544
0.184459055588763
0.073789599521817
0.066228332337119
0.231201434548715
0.0291093843395099
0.181709503885236
0.530902570233114
0.129468021518231
0.0139868499701136
0.16246264196055
0.0689778840406455
0.0414823670053796
0.565271966527196
0.159713090257023
0.137716676628811
0.0304841601912732
0.107471607890018
0.698625224148237
0.143215780035864
0.173460848774656
0.481410639569635
0.14596533173939
0.0648535564853558
0.126718469814704
0.101972504482965
0.143215780035864
0.0552301255230126
0.390675433353258
0.0304841601912732
0.0194859533771668
0.104722056186491
0.128093245666467
0.163837417812314
0.107471607890018
0.0744769874476987
0.0511057979677227
0.0332337118947998
0.176210400478183
0.00848774656306037
0.0139868499701136
0.0923490735206218
0.0992229527794381
0.00573819485953378
0.0648535564853559
0.423670053795577
0.181709503885236
0.140466228332337
0.0992229527794381
0.0744769874476987
0.112970711297071
0.0634787806335923
0.253197848176928
0.132904961147639
0.15008965929468
0.0937238493723849
0.0469814704124328
0.00573819485953378
0.0318589360430365
0.147340107591154
0.269007770472206
0.67937836222355
0.00573819485953378
0.151464435146444
0.0167364016736402
0.167961745367603
0.112970711297071
0.139091452480574
0.211954572624029
0.0139868499701136
0.133592349073521
0.211954572624029
0.0964734010759115
0.0359832635983264
0.0634787806335922
0.269695158398087
0.16246264196055
0.0277346084877466
0.0772265391512253
0.0222355050806934
0.16246264196055
0.156963538553497
0.0442319187089062
0.0277346084877466
0.0689778840406455
0.00573819485953378
0.128780633592349
0.231201434548715
0.0971607890017933
0.0882247459653317
0.203705917513449
0.244949193066348
0.0139868499701136
0.0414823670053796
0.140466228332337
0.16246264196055
0.0971607890017933
0.140466228332337
0.118469814704124
0.0222355050806934
0.02498505678422
0.136964846084877
0.140466228332337
0.231201434548715
0.066228332337119
0.0332337118947998
0.038732815301853
0.0634787806335924
0.200956365809922
0.348057381948595
0.0854751942618051
0.0854751942618053
1.95242080095637
0.261446503287507
0.0854751942618051
0.143215780035864
0.115720263000598
0.173460848774656
0.140466228332337
0.151464435146444
0.0497310221159594
0.181709503885236
0.272444710101614
0.0717274357441721
0.225702331141662
0.251823072325164
0.134967124925284
0.000239091452480579
0.121219366407651
0.236700537955768
0.104722056186491
0.107471607890018
2.36210400478183
0.187208607292289
0.0906306037059175
0.225702331141662
0.0882247459653316
0.200956365809922
0.0359832635983264
0.0744769874476987
0.203705917513449
0.111595935445308
0.000239091452480579
0.15421398684997
0.222952779438135
0.222952779438135
0.379677226539151
0.61270173341303
0.00573819485953378
0.0552301255230126
0.038732815301853
0.214704124327555
0.0332337118947998
0.178959952181709
0.176210400478183
0.0222355050806934
0.0559175134488942
0.115720263000598
0.128093245666468
0.121219366407651
0.0194859533771668
0.0933801554094442
0.00573819485953378
0.0662283323371189
0.203705917513449
0.148714883442917
0.126718469814704
0.0854751942618051
0.00573819485953378
0.176210400478183
0.121219366407651
0.0497310221159594
0.184459055588762
0.0634787806335926
0.0552301255230126
0.0854751942618051
0.132217573221757
0.176210400478183
0.0600418410041842
0.211954572624029
0.0717274357441721
0.0909742976688584
0.181022115959355
0.123968918111178
0.00298864315600717
0.176897788404065
0.0497310221159594
0.176210400478183
0.0992229527794381
0.052480573819486
0.0414823670053796
2.19163179916318
0.350806933652122
0.214704124327555
0.15421398684997
0.0359832635983264
0.390675433353258
0.0304841601912732
0.192707710699342
0.00573819485953378
0.0194859533771668
0.115720263000598
0.0579796772265391
0.258696951583981
0.0469814704124328
0.0291093843395099
0.0799760908547519
0.276569037656903
0.181709503885236
0.112970711297071
0.0304841601912732
0.132217573221757
0.0827256425582785
0.0882247459653317
0.0937238493723849
0.0923490735206218
0.0992229527794379
0.0882247459653317
0.0167364016736402
0.0703526598924089
0.112970711297071
0.00298864315600717
0.0827256425582785
0.0442319187089062
0.0359832635983263
0.0882247459653317
0.066228332337119
0.110221159593545
0.0744769874476987
0.162462641960549
0.0937238493723849
8.86479378362223
0.123968918111178
0.42092050209205
0.15008965929468
0.321936640765093
0.15833831440526
0.17071129707113
0.423670053795577
0.066228332337119
0.0442319187089062
0.165212193664077
0.16246264196055
0.0799760908547519
0.192707710699342
0.382426778242678
0.14596533173939
0.209205020920502
0.0964734010759115
0.0359832635983264
0.387925881649731
0.15421398684997
0.0414823670053796
0.217453676031082
0.253197848176928
0.0359832635983264
0.101972504482965
0.0882247459653317
0.110221159593545
0.128093245666468
0.407172743574417
0.250448296473401
0.00573819485953378
0.0607292289300657
1.37226539151225
0.244949193066348
0.02498505678422
0.118469814704124
0.310938433950986
0.0414823670053796
0.0497310221159594
0.0899432157800359
0.118469814704124
0.178959952181709
0.155588762701733
0.0827256425582785
0.176210400478183
0.0414823670053796
0.123968918111178
0.209205020920502
0.0648535564853559
0.00298864315600717
0.093723849372385
0.0648535564853556
0.108846383741781
0.0909742976688584
0.165212193664077
0.0139868499701136
0.034608487746563
0.30818888224746
0.173460848774656
0.250448296473401
0.0689778840406455
0.118469814704124
0.137716676628811
0.133592349073521
0.071727435744172
0.0772265391512253
0.110221159593545
0.173460848774656
0.00848774656306037
0.261446503287507
0.0772265391512253
0.0600418410041842
0.0634787806335923
0.228451882845188
0.0937238493723849
0.0442319187089062
0.0937238493723849
0.134967124925284
0.0772265391512253
0.170367603108189
0.0634787806335923
0.269695158398087
0.195457262402869
0.173460848774656
0.110221159593545
0.0442319187089062
0.0882247459653317
0.0744769874476987
0.132217573221757
0.02498505678422
0.15008965929468
0.0222355050806934
0.0524805738194859
0.0964734010759115
0.0497310221159594
0.16246264196055
0.0717274357441721
0.165212193664077
0.0579796772265391
0.404423191870891
0.0469814704124328
0.187208607292289
0.0194859533771668
0.195457262402869
0.43741781231321
0.048356246264196
0.112970711297072
0.0634787806335923
0.239450089659295
0.121219366407651
0.138747758517633
0.0744769874476987
0.048356246264196
19.12337118948
0.0442319187089062
0.0139868499701136
0.0332337118947998
0.211954572624029
0.0139868499701136
0.101972504482965
0.075851763299462
0.225702331141662
0.239450089659295
0.187208607292289
0.110221159593545
0.0827256425582785
0.115720263000598
0.038732815301853
0.173460848774656
0.143215780035864
0.187208607292289
0.123968918111178
0.0882247459653317
0.264196054991034
0.186693066347879
0.130842797369994
0.0483562462641961
0.0442319187089062
0.066228332337119
0.106784219964137
0.00848774656306037
0.0882247459653317
0.0937238493723849
0.195457262402869
0.0139868499701136
0.0854751942618051
0.0937238493723852
0.0194859533771668
0.0992229527794381
0.0236102809324567
0.0717274357441721
0.011237298266587
0.0359832635983264
0.0964734010759115
0.0799760908547519
0.228451882845188
0.247698744769874
0.110221159593545
0.349432157800359
0.143215780035864
0.101972504482965
0.163837417812313
0.00298864315600717
0.134279736999403
0.121219366407651
0.176210400478183
0.0497310221159594
0.0937238493723849
0.000239091452480579
0.011237298266587
0.133592349073521
0.0607292289300657
0.0579796772265391
0.011237298266587
0.141841004184101
0.0139868499701136
0.148714883442917
0.129468021518231
0.148714883442917
0.181709503885236
0.173460848774656
0.0820382546323969
1.7077106993425
0.211954572624029
0.129468021518231
0.0222355050806934
0.0607292289300657
0.0497310221159594
0.0992229527794381
0.185833831440526
0.118469814704124
0.0552301255230126
0.141841004184101
0.156963538553497
0.40442319187089
0.115720263000598
0.0497310221159594
0.0277346084877466
0.191332934847579
0.464913329348476
0.0744769874476989
0.0992229527794381
0.214704124327555
0.14596533173939
0.00848774656306037
0.253197848176928
0.183943514644351
0.0579796772265391
0.159713090257023
0.0414823670053796
0.0607292289300657
0.583144052600119
0.247698744769874
0.101972504482965
0.0909742976688584
0.0992229527794381
0.15421398684997
0.184459055588763
0.0359832635983264
0.0497310221159594
0.066228332337119
0.0277346084877466
0.431918708906157
0.151464435146444
0.02498505678422
0.110221159593545
0.1418410041841
0.165212193664076
0.0772265391512253
0.107471607890018
0.173460848774656
0.0744769874476987
0.109533771667663
0.231201434548715
0.189958158995816
0.0607292289300657
0.00298864315600717
1.42175732217573
0.0648535564853555
0.319187089061566
0.0552301255230126
0.253197848176928
0.0456066945606695
0.184459055588763
0.0497310221159594
0.00848774656306037
0.123968918111177
0.0937238493723849
0.0621040047818291
0.0139868499701136
0.140466228332337
0.00298864315600717
0.101972504482965
0.16246264196055
5.60245068738793
0.181365809922296
0.0277346084877466
0.360430364614465
0.0414823670053796
0.489659294680215
0.0854751942618051
0.052480573819486
0.011237298266587
0.0634787806335923
0.0772265391512253
0.0552301255230126
0.0236102809324567
0.269695158398087
0.0222355050806934
0.00298864315600717
0.0304841601912732
0.0139868499701136
0.0799760908547519
0.239450089659295
0.885594739988045
0.000239091452480579
0.122594142259414
0.15421398684997
0.0868499701135686
0.225702331141662
0.129468021518231
0.220203227734608
0.0607292289300657
0.0882247459653317
0.259384339509863
0.192707710699343
0.0469814704124328
0.324686192468619
0.038732815301853
0.0772265391512253
0.052480573819486
0.163150029886432
0.0634787806335923
0.0689778840406455
0.17071129707113
0.0442319187089062
0.0772265391512253
0.761864913329348
0.110221159593545
0.104722056186491
0.198206814106396
0.132217573221757
0.0277346084877466
0.093723849372385
0.140466228332337
0.123968918111177
0.0992229527794381
0.14596533173939
0.0992229527794381
0.118469814704124
0.0277346084877466
0.233950986252241
0.253197848176928
0.185833831440526
0.0222355050806934
0.0937238493723849
0.056604901374776
0.0579796772265391
0.107471607890018
0.126718469814704
0.02498505678422
0.132217573221757
0.126718469814704
0.0359832635983264
0.107471607890018
0.112970711297071
0.011237298266587
0.209205020920502
0.140466228332338
0.84160191273162
0.0937238493723849
0.178959952181709
0.089599521817095
0.0696652719665272
0.0222355050806934
0.167961745367603
0.398924088463837
0.156963538553497
0.0813508667065154
0.176210400478183
0.00848774656306037
0.140466228332337
0.00573819485953378
0.0772265391512253
0.0497310221159594
0.101972504482965
0.101972504482965
0.0648535564853557
0.079976090854752
0.858099222952779
3.94859533771668
0.0607292289300657
0.360430364614465
0.0916616855947398
0.0359832635983264
0.0992229527794381
0.0167364016736402
0.14596533173939
0.0414823670053796
0.0902224671249255
0.0194859533771668
0.0524805738194861
0.0469814704124328
0.55839808726838
0.0744769874476987
0.324686192468619
0.107471607890018
0.0359832635983264
0.0607292289300657
0.176210400478183
0.206455469216976
0.148714883442917
0.00298864315600717
0.0799760908547519
0.038732815301853
0.129468021518231
0.192707710699342
0.101972504482965
0.0167364016736402
0.0277346084877466
0.346682606096832
0.0937238493723849
0.117095038852361
0.104722056186491
0.0552301255230126
0.0359832635983264
0.129468021518231
0.277943813508667
0.0717274357441721
0.0724148236700541
0.275194261805141
0.0222355050806934
0.0964734010759115
0.0469814704124328
0.066228332337119
0.134967124925284
0.195457262402869
0.0909742976688584
0.426419605499103
0.321936640765093
0.486909742976688
0.0854751942618051
0.0442319187089062
0.0868499701135684
0.0222355050806934
0.305439330543933
0.0304841601912732
0.30818888224746
0.0277346084877466
0.0194859533771668
0.0999103407053197
0.133592349073521
0.184459055588763
0.187208607292289
0.0469814704124328
0.112970711297071
0.117095038852361
0.140466228332337
0.0689778840406455
0.129468021518231
0.178959952181709
0.0414823670053796
0.115720263000598
0.0854751942618051
0.00848774656306037
0.0717274357441721
0.198206814106396
0.0304841601912732
0.319187089061566
0.0304841601912732
0.16246264196055
0.0359832635983264
0.111595935445308
0.0978481769276749
0.0277346084877466
0.011237298266587
0.244949193066348
0.225702331141662
0.690376569037657
0.0755939928272563
0.365929468021518
0.0772265391512253
0.106096832038255
0.052480573819486
0.110221159593544
0.108846383741782
0.108846383741781
0.0442319187089062
0.0655409444112371
0.14596533173939
0.167961745367603
0.0992229527794383
0.0827256425582785
0.0882247459653317
0.268492229527795
0.15421398684997
0.011237298266587
0.118469814704124
0.0772265391512253
0.16246264196055
0.132217573221757
0.134967124925284
0.24598027495517
0.280693365212194
0.134967124925284
2.8652719665272
0.16246264196055
0.338433950986252
0.104722056186491
0.0332337118947998
0.159713090257023
0.354931261207412
0.15421398684997
0.00848774656306037
0.220203227734608
0.181709503885236
0.0689778840406455
0.137716676628811
0.0992229527794381
0.115720263000598
0.148714883442917
0.14596533173939
0.112970711297071
0.269695158398087
0.225702331141662
0.266945606694561
0.132217573221757
0.185833831440526
0.0909742976688584
0.0992229527794381
0.0882247459653317
0.0992229527794381
0.0717274357441721
0.137716676628811
0.0689778840406455
0.115720263000598
0.000239091452480579
0.0772265391512253
0.0634787806335923
0.220203227734608
1.07256425582785
0.932337118947998
0.305439330543933
0.0854751942618051
0.232576210400478
0.176210400478183
0.0992229527794381
0.0909742976688584
0.112970711297071
0.0992229527794381
0.0414823670053796
0.200956365809922
0.130842797369994
0.00573819485953378
0.233950986252241
0.107471607890018
0.0359832635983264
0.02498505678422
0.148714883442917
0.0813508667065153
0.159713090257023
0.599641362821279
0.0222355050806934
0.134967124925284
0.117095038852361
0.052480573819486
0.134967124925284
0.140466228332337
0.0676031081888823
0.310938433950986
0.0689778840406455
0.0772265391512252
0.0950986252241484
0.0964734010759115
0.156963538553497
0.198206814106396
0.107471607890018
0.052480573819486
0.0689778840406457
0.0799760908547519
0.112970711297071
0.200956365809922
0.0497310221159594
0.255947399880454
0.0992229527794381
0.0442319187089062
0.0621040047818291
0.052480573819486
0.100597728631202
0.00848774656306037
0.0744769874476987
0.321936640765093
0.0194859533771668
0.02498505678422
0.321936640765093
0.223640167364017
0.224327555289898
0.000239091452480579
0.052480573819486
0.178959952181709
0.135310818888224
0.0559175134488942
0.247698744769874
0.253197848176928
0.0689778840406455
0.00573819485953378
0.115720263000598
0.640884638374178
1.06981470412433
0.0882247459653317
0.0497310221159594
0.0744769874476987
0.106784219964136
0.367304243873282
0.0882247459653317
0.194082486551105
0.148714883442917
0.121219366407651
0.0167364016736402
0.0579796772265391
0.00573819485953378
0.011237298266587
0.192707710699342
0.0868499701135682
0.0882247459653317
0.0799760908547519
0.011237298266587
0.242199641362821
0.0882247459653317
0.103347280334728
0.200956365809922
0.0359832635983263
2.8501494321578
0.011237298266587
0.0744769874476987
0.0799760908547519
0.0992229527794381
0.15421398684997
0.0978481769276747
0.156963538553497
0.209205020920502
0.0964734010759115
0.28344291691572
0.181709503885236
0.0442319187089062
0.225702331141662
0.140466228332337
0.0469814704124328
0.0194859533771668
0.140466228332337
0.277943813508667
0.104722056186492
0.00298864315600717
0.0854751942618051
0.0909742976688584
0.0194859533771668
0.0359832635983264
0.216078900179319
0.330185295875672
0.233950986252241
0.159713090257023
0.088224745965332
0.110221159593545
0.110221159593545
0.00298864315600717
0.264196054991034
0.0786013150029887
0.0689778840406455
0.0992229527794381
0.143215780035864
0.066228332337119
0.0689778840406455
0.101972504482965
0.0401075911536163
0.187208607292289
0.261446503287507
0.0909742976688584
0.101972504482965
0.772175732217571
0.181709503885236
0.192707710699342
0.011237298266587
0.259384339509863
0.0992229527794381
0.206455469216976
0.139091452480574
0.0992229527794383
0.228451882845188
0.011237298266587
0.382942319187089
0.134967124925284
0.198206814106396
0.0744769874476987
0.156963538553497
0.175523012552302
0.14596533173939
0.143903167961746
0.134967124925284
0.104722056186491
0.0923490735206218
0.00848774656306037
0.0579796772265391
0.156963538553497
0.0634787806335923
0.104722056186491
0.099222952779438
0.129468021518231
0.56664674237896
0.00573819485953378
0.0916616855947399
0.126718469814704
0.444291691572026
0.0359832635983264
0.0607292289300657
0.0566049013747759
0.233950986252241
0.104722056186491
0.129468021518231
0.16246264196055
0.110221159593545
0.173460848774656
0.0621040047818291
0.143215780035864
0.0710400478182906
0.119844590555888
0.101972504482965
0.0359832635983264
0.107471607890018
0.131530185295876
0.0552301255230126
0.0909742976688584
0.114345487148835
0.0786013150029886
0.0167364016736402
0.481410639569635
0.0552301255230126
0.0469814704124328
0.140466228332337
0.0937238493723849
0.17071129707113
0.0304841601912732
0.0964734010759115
0.0964734010759115
0.0222355050806934
0.14596533173939
0.132217573221757
0.118469814704124
0.0428571428571429
0.110221159593545
0.0167364016736402
0.189958158995816
0.0703526598924087
0.156963538553497
0.143215780035864
0.232576210400478
0.085475194261805
0.0937238493723849
0.0634787806335923
0.0359832635983264
0.0359832635983264
0.214704124327555
0.0607292289300657
0.110221159593545
0.198206814106396
0.173460848774656
0.0414823670053796
0.112970711297071
0.231201434548715
5.43610280932457
0.0208607292289301
0.0693215780035863
0.0332337118947998
0.173460848774656
0.0277346084877466
0.176210400478183
0.207830245068738
0.0497310221159594
0.0194859533771668
0.203705917513449
0.079976090854752
0.0744769874476987
0.214704124327555
0.00573819485953378
0.0139868499701136
0.0167364016736402
0.0222355050806934
0.144590555887627
0.126718469814704
0.0607292289300657
0.211954572624029
0.02498505678422
0.121219366407651
0.0992229527794383
0.0744769874476989
1.96341900777047
0.052480573819486
0.0827256425582785
0.0634787806335923
0.110221159593545
0.169336521219366
0.011237298266587
0.0786013150029888
0.176210400478183
0.30818888224746
0.0194859533771668
1.13030484160191
0.211954572624029
0.0813508667065153
0.236700537955768
0.128093245666467
1.164674237896
0.110221159593545
0.0277346084877466
0.255947399880455
0.0497310221159594
0.0854751942618051
0.0772265391512253
0.0854751942618051
0.156963538553497
0.0497310221159594
0.231201434548715
0.0593544530783024
0.0827256425582785
0.0139868499701136
0.011237298266587
0.104722056186491
0.330185295875672
0.103347280334728
0.0854751942618051
0.0521046585475195
0.140466228332337
0.0208607292289301
0.0868499701135687
0.173460848774657
0.123968918111178
0.0277346084877466
0.101972504482965
0.0634787806335923
0.0813508667065152
0.0882247459653317
0.118469814704124
0.0456066945606694
0.0401075911536163
0.0332337118947998
0.121219366407651
0.497907949790795
0.052480573819486
0.0593544530783026
0.155459877465631
0.286192468619247
0.0676031081888824
0.038732815301853
0.0717274357441721
0.217453676031082
0.112970711297071
0.321936640765093
0.0607292289300657
0.123968918111177
0.294441123729827
0.770113568439929
0.0579796772265391
0.0964734010759115
0.0935520023909145
0.115720263000598
10.1680812910938
0.118469814704124
2.53257621040048
0.239450089659295
0.338433950986252
0.0882247459653317
0.0937238493723849
0.192707710699342
0.0799760908547519
0.233950986252241
0.02498505678422
0.16246264196055
0.354931261207412
0.0346084877465631
0.16246264196055
0.0827256425582785
0.0799760908547519
0.000239091452480579
0.129468021518231
0.0332337118947998
0.115376569037657
0.118469814704124
0.0139868499701136
0.0882247459653317
0.0469814704124328
0.134967124925284
0.0497310221159594
0.0827256425582783
0.132217573221757
0.0779139270771068
0.0511057979677226
0.0799760908547519
0.122594142259414
0.101972504482965
0.178959952181709
0.0552301255230126
0.225702331141662
0.151464435146444
0.173460848774656
0.101972504482965
0.114345487148835
0.0579796772265391
0.0579796772265391
0.143215780035864
0.250448296473401
0.0194859533771668
0.0304841601912732
0.02498505678422
0.134967124925284
0.178959952181709
0.16658696951584
0.0744769874476987
0.0359832635983264
0.107471607890018
0.135310818888225
0.0359832635983264
0.156963538553497
0.101972504482965
0.0359832635983264
0.176210400478183
0.159713090257023
0.066228332337119
0.132217573221757
0.156963538553497
0.011237298266587
0.0882247459653317
0.247698744769874
0.143215780035864
0.123968918111178
0.0579796772265391
0.0414823670053796
0.0277346084877466
0.0414823670053796
0.165212193664077
0.0359832635983264
0.195457262402869
0.16246264196055
0.0937238493723849
0.0964734010759115
0.0579796772265391
0.00848774656306037
0.0827256425582786
0.0469814704124328
0.0854751942618053
0.107471607890018
0.103003586371787
0.02498505678422
0.00573819485953378
0.0909742976688585
0.209205020920502
0.198206814106396
0.16246264196055
0.184459055588763
0.189958158995816
0.187208607292289
0.610639569635385
0.440167364016736
0.0607292289300657
0.277943813508667
0.17895995218171
0.258696951583981
0.134967124925284
0.0854751942618051
0.0469814704124328
0.0414823670053796
0.0820382546323969
0.265570830842797
0.184459055588763
0.209205020920502
0.132217573221757
0.121219366407651
0.15833831440526
0.144934249850568
0.0469814704124328
0.141841004184101
0.066228332337119
0.107471607890018
1.29802749551704
0.107471607890018
0.115720263000598
0.129468021518231
0.0717274357441721
0.0607292289300657
0.0957860131500299
0.0964734010759115
0.0909742976688583
0.0689778840406455
0.0359832635983264
0.0332337118947998
0.0937238493723851
0.119844590555887
0.264196054991034
0.0579796772265391
0.0689778840406455
1.11380753138075
0.0662283323371189
0.0744769874476987
0.0717274357441721
0.184459055588763
0.132217573221757
0.286192468619247
0.114345487148834
0.149402271368799
0.100597728631202
0.0992229527794381
0.313687985654513
0.0710400478182908
0.129468021518231
0.0552301255230126
0.112970711297071
0.134967124925284
0.123968918111178
0.0909742976688584
0.107471607890018
0.198206814106396
0.0469814704124328
0.0964734010759115
0.317812313209803
0.0744769874476987
0.198206814106396
0.0139868499701136
0.115720263000598
0.0332337118947998
0.198206814106396
0.126718469814704
0.110221159593545
0.011237298266587
0.519904363419008
0.038732815301853
0.16246264196055
0.467662881052002
0.231201434548715
0.588643156007173
0.0772265391512253
0.0552301255230126
0.888344291691572
0.052480573819486
0.198206814106396
0.0304841601912732
0.101972504482965
0.0497310221159594
0.0414823670053796
0.0676031081888821
0.195457262402869
0.123968918111178
0.151464435146444
0.0139868499701136
0.261446503287507
0.0222355050806934
0.066228332337119
0.132217573221757
0.407172743574417
0.000239091452480579
0.123968918111178
0.137716676628811
0.123968918111178
0.0579796772265391
0.0194859533771668
0.0277346084877466
0.0277346084877466
0.0139868499701136
0.220203227734608
0.0882247459653317
0.0359832635983264
0.176210400478183
0.132217573221757
0.0442319187089062
0.0167364016736402
0.129468021518231
0.363179916317992
0.222952779438135
0.126718469814704
0.052480573819486
0.0167364016736402
0.0909742976688583
0.379677226539151
0.0139868499701136
0.222952779438135
0.0167364016736402
0.14596533173939
0.0909742976688584
0.066228332337119
0.140466228332337
0.111595935445308
2.51882845188285
1.02307232516438
0.099222952779438
0.0222355050806934
0.0772265391512253
0.209205020920502
0.0304841601912732
0.239450089659295
0.112970711297071
1.22104004781829
0.159713090257023
0.368679019725045
0.0909742976688584
0.181709503885236
0.00298864315600717
0.14596533173939
0.159713090257023
0.000239091452480579
0.066228332337119
0.176210400478183
0.0937238493723851
0.105409444112373
0.000239091452480579
0.140466228332337
0.173460848774657
0.115720263000598
0.107471607890018
0.066228332337119
0.0194859533771668
0.0469814704124328
0.103003586371787
0.407172743574417
0.360430364614465
0.0710400478182903
0.0359832635983264
0.00573819485953378
0.126718469814704
0.011237298266587
0.125343693962941
0.123968918111178
0.173460848774656
0.0332337118947998
0.121219366407651
0.0607292289300657
0.163772975194262
0.0937238493723848
0.0222355050806934
0.00298864315600717
0.0772265391512253
0.275194261805141
0.0744769874476987
0.0985355648535566
0.132217573221757
0.781111775254035
0.0277346084877466
0.0731022115959355
0.134967124925284
0.0332337118947998
0.0497310221159594
0.221578003586372
0.156963538553497
0.00573819485953378
0.0579796772265391
0.211954572624029
0.173460848774656
0.0634787806335923
0.120531978481769
0.14596533173939
0.0689778840406455
0.140466228332337
0.0222355050806934
0.214704124327555
0.140466228332337
0.0332337118947998
0.115720263000598
0.0469814704124328
0.0634787806335923
0.104722056186491
0.099222952779438
0.167961745367603
0.038732815301853
0.0469814704124328
0.0950986252241482
0.115720263000598
0.390675433353258
0.052480573819486
0.0346084877465631
0.198206814106396
0.0469814704124328
0.0442319187089062
0.0799760908547519
0.104722056186491
0.0277346084877466
0.134967124925284
0.321936640765093
0.0442319187089062
0.178959952181709
0.247698744769874
0.0524805738194861
0.431918708906157
0.0961297071129707
0.00848774656306037
0.228451882845188
0.0579796772265391
0.0607292289300657
0.0497310221159594
0.0167364016736402
0.327435744172146
0.118469814704124
0.242199641362821
0.14596533173939
0.151464435146444
0.0497310221159594
0.0359832635983264
0.107471607890018
0.132217573221757
0.0607292289300657
0.0992229527794381
0.0194859533771668
0.0607292289300657
0.156963538553497
0.0497310221159594
0.0937238493723849
0.121219366407651
0.138404064554692
0.0827256425582785
0.126718469814704
0.211954572624029
0.0332337118947998
0.0181111775254035
0.0964734010759115
0.011237298266587
0.0978481769276749
0.0139868499701136
0.148714883442917
0.139091452480574
0.152839210998207
0.888344291691572
0.107471607890018
0.0662283323371189
0.148714883442917
0.159713090257023
0.117095038852361
0.148714883442917
0.0634787806335923
0.0992229527794381
0.14596533173939
0.140466228332337
0.00573819485953378
0.184459055588763
0.0634787806335923
0.140466228332337
0.143215780035864
0.165212193664077
0.297190675433353
0.0827256425582785
0.0194859533771668
2.5765690376569
0.258696951583981
0.126718469814704
0.00848774656306037
0.066228332337119
0.0937238493723849
0.167961745367603
0.30818888224746
0.0181111775254035
0.0634787806335923
0.0662283323371189
0.732307232516437
0.198206814106396
0.0964734010759115
0.0469814704124328
0.148714883442917
0.115720263000598
0.14596533173939
0.132217573221757
0.148714883442917
0.011237298266587
0.211954572624029
0.222952779438135
0.0277346084877466
0.011237298266587
0.0689778840406455
0.118469814704124
0.0442319187089062
0.143215780035864
0.130155409444112
0.0469814704124328
0.313687985654513
0.572145845786013
0.0607292289300657
0.0304841601912732
0.0139868499701136
0.0937238493723849
0.203705917513449
0.0744769874476987
0.16658696951584
0.066228332337119
0.156963538553497
0.132217573221758
0.0277346084877466
0.0717274357441721
0.0772265391512253
0.0854751942618051
0.0634787806335923
0.195457262402869
0.137716676628811
0.0634787806335923
0.209205020920502
0.0414823670053796
1.85068738792588
0.137716676628811
0.115720263000598
0.143215780035864
0.0194859533771668
0.151464435146444
0.211954572624029
0.0579796772265391
0.129468021518231
0.0744769874476987
0.297190675433353
0.184459055588763
0.0277346084877466
0.071727435744172
0.0992229527794381
0.167961745367603
0.0717274357441721
0.173460848774656
0.0854751942618051
0.165212193664077
0.187208607292289
0.130842797369994
0.0442319187089062
0.0813508667065152
0.161087866108787
0.899342498505678
0.0964734010759115
0.048356246264196
0.140466228332337
0.17071129707113
0.0717274357441721
0.00573819485953378
0.189958158995816
0.126718469814704
0.0304841601912732
0.0827256425582785
0.0607292289300657
0.0854751942618051
0.0950986252241481
0.284817692767484
0.0909742976688584
0.0689778840406457
0.17071129707113
0.156963538553497
0.220203227734608
0.110221159593545
0.860848774656306
0.0277346084877466
0.235325762104004
0.0469814704124328
0.316437537358039
0.211954572624029
0.101972504482965
0.118469814704125
0.0497310221159594
0.0882247459653317
0.143215780035864
0.00573819485953378
0.0689778840406455
0.0882247459653317
0.0332337118947998
0.0194859533771668
0.0909742976688584
0.17071129707113
0.316437537358039
0.0538553496712493
0.0827256425582785
0.233950986252241
0.066228332337119
0.066228332337119
0.176210400478183
1.29115361625822
0.0538553496712491
0.147340107591153
0.0772265391512253
0.71237298266587
0.121219366407651
0.0139868499701136
0.29994022713688
0.192707710699342
0.000239091452480579
0.28344291691572
0.0222355050806934
0.151464435146444
0.209205020920502
0.0277346084877466
0.000239091452480579
0.123968918111178
0.0552301255230126
0.184459055588763
0.200956365809922
0.269695158398087
0.0469814704124328
0.137716676628811
0.371428571428571
0.0827256425582785
0.0222355050806934
0.255947399880454
0.104722056186491
0.0277346084877466
0.239450089659295
0.156963538553497
0.0909742976688584
0.206455469216976
0.0339210998206814
0.75499103407053
0.0950986252241482
0.112970711297071
0.000239091452480579
0.0414823670053796
0.0799760908547519
0.181709503885236
0.123968918111178
0.379677226539151
0.0937238493723849
0.066228332337119
0.0359832635983264
0.00573819485953378
0.203705917513449
0.052480573819486
0.148714883442917
0.0469814704124328
0.052480573819486
0.176210400478183
0.140466228332337
0.00298864315600717
0.115720263000598
0.202331141661686
0.286192468619247
0.159713090257023
0.038732815301853
0.0717274357441723
0.143215780035864
0.150605200239091
0.00298864315600717
0.0414823670053796
0.038732815301853
0.112970711297071
0.209205020920502
0.0442319187089062
0.00848774656306038
0.069665271966527
0.0937238493723849
0.236700537955768
0.0469814704124328
0.038732815301853
0.156963538553497
0.957083084279737
0.038732815301853
0.117095038852361
0.135310818888225
0.0744769874476987
0.0937238493723849
0.130499103407053
0.0414823670053796
0.242199641362821
0.038732815301853
0.148714883442917
0.136341900777047
0.115720263000598
0.0579796772265391
0.0964734010759115
0.0854751942618054
0.111595935445308
0.052480573819486
0.192707710699342
0.129468021518231
0.0744769874476987
0.0627913927077107
2.56282127913927
0.0414823670053796
0.0442319187089062
0.0167364016736402
0.107471607890018
0.02498505678422
0.0139868499701136
0.305439330543933
0.140466228332337
0.0772265391512253
0.0909742976688584
0.000239091452480579
0.110221159593545
0.156963538553497
0.038732815301853
0.104722056186491
0.107471607890018
0.0744769874476987
0.250448296473401
0.217453676031082
0.000239091452480579
0.0552301255230126
0.132217573221757
0.284130304841602
0.0676031081888821
0.176897788404064
0.079976090854752
0.0222355050806934
0.102831739390317
0.184459055588763
0.0469814704124328
0.0992229527794381
0.0937238493723849
0.15421398684997
0.0497310221159594
0.0689778840406455
0.262821279139271
0.101972504482965
0.011237298266587
0.269695158398087
0.214704124327555
0.038732815301853
0.133420502092051
0.984578601315003
0.038732815301853
0.0607292289300657
0.0992229527794381
0.0799760908547519
0.101972504482965
0.0923490735206215
0.0552301255230126
0.038732815301853
0.0449193066347879
0.011237298266587
0.0944112372982664
0.0731022115959355
0.206455469216976
0.112970711297071
0.143215780035864
0.00848774656306037
0.00573819485953378
0.120531978481769
0.231201434548715
0.167961745367603
0.278631201434549
0.151464435146444
0.10403466826061
0.225702331141662
0.0607292289300657
0.109963389121339
1.37501494321578
0.173460848774656
0.0891699043634195
0.075851763299462
0.0304841601912732
0.0827256425582785
0.231201434548715
0.244949193066348
0.173460848774656
0.163493723849372
0.011237298266587
0.0497310221159594
0.159713090257023
0.00848774656306037
0.0717274357441721
0.0772265391512253
0.220203227734608
0.117095038852361
0.132217573221757
2.26312014345487
0.0937238493723849
0.17071129707113
0.129468021518231
0.324686192468619
0.0511057979677226
0.118469814704124
0.346682606096832
0.395487148834429
0.0139868499701136
0.0139868499701136
2.05140466228332
0.000239091452480579
0.0827256425582785
0.0827256425582785
0.16246264196055
0.00573819485953378
0.310938433950986
0.246323968918111
0.0304841601912732
0.107471607890018
0.0854751942618051
0.0909742976688584
0.0167364016736402
1.52074118350269
0.222952779438135
0.00298864315600717
0.0992229527794381
0.0827256425582785
0.0277346084877466
0.0813508667065151
0.115720263000598
0.121219366407651
0.154213986849971
0.0332337118947998
0.0868499701135684
0.118469814704124
0.220203227734608
0.250448296473401
0.176210400478183
0.0772265391512253
0.533652121936641
0.0359832635983264
0.262821279139271
0.0717274357441721
1.39426180514047
0.228451882845188
0.0744769874476987
0.0442319187089062
0.528153018529588
0.17071129707113
0.319187089061566
0.14596533173939
0.178959952181709
0.302689778840406
0.0277346084877466
0.0304841601912732
0.0799760908547518
0.107471607890018
0.0744769874476987
0.346682606096832
0.00848774656306037
0.0552301255230126
0.176210400478183
0.0497310221159594
0.0167364016736402
0.178959952181709
0.387925881649731
0.137716676628811
0.167961745367603
0.066228332337119
0.332934847579199
0.105409444112373
0.0744769874476987
0.038732815301853
0.0339210998206814
0.0194859533771668
0.473161984459056
0.156963538553497
0.0634787806335923
0.0827256425582785
0.107471607890018
0.107471607890018
0.0992229527794381
0.0744769874476987
0.0167364016736402
0.02498505678422
0.198206814106396
0.177585176329946
1.44650328750747
0.112970711297071
0.0332337118947998
0.28344291691572
0.0139868499701136
0.116407650926479
0.0964734010759115
0.129468021518231
0.13359234907352
0.151464435146444
0.101972504482965
0.522653915122534
0.176210400478183
0.122594142259414
0.0572922893006577
0.0401075911536163
0.0909742976688583
0.374178123132098
0.0497310221159594
0.02498505678422
0.02498505678422
0.0634787806335923
0.132217573221757
0.00848774656306037
0.0332337118947998
0.0634787806335923
0.0442319187089062
0.206455469216976
0.0222355050806934
0.0552301255230126
0.0469814704124328
0.140466228332337
0.0607292289300657
0.253197848176927
0.220203227734608
0.346682606096832
0.0621040047818288
0.0194859533771668
0.211954572624029
0.0634787806335923
0.000239091452480579
0.0909742976688584
0.175523012552301
0.209205020920502
0.414734010759116
0.280693365212194
0.114345487148835
0.011237298266587
0.0414823670053796
0.473161984459056
0.0414823670053796
0.214704124327555
0.118469814704124
0.338433950986252
0.172773460848775
0.167961745367603
0.0992229527794381
0.225702331141661
0.052480573819486
0.0744769874476987
0.071727435744172
0.0579796772265391
0.0827256425582785
0.220203227734608
0.0277346084877466
0.173460848774656
0.129468021518231
0.00573819485953378
0.129468021518231
0.038732815301853
0.759115361625822
0.0813508667065151
0.00573819485953379
0.313687985654513
0.143215780035864
0.00573819485953378
0.104722056186491
2.86252241482367
0.0579796772265391
0.120531978481769
0.0194859533771668
0.0359832635983264
0.0304841601912732
0.011237298266587
0.011237298266587
0.0442319187089062
0.294441123729827
0.14596533173939
0.0758517632994621
0.13324865511058
0.0414823670053796
0.0717274357441721
0.280693365212194
0.0648535564853558
0.0964734010759117
0.198206814106396
0.16246264196055
0.02498505678422
0.184459055588763
0.2916915720263
0.0731022115959356
0.107471607890018
0.119844590555888
0.165212193664077
0.0923490735206216
0.0634787806335923
0.126718469814704
0.269695158398087
0.0414823670053796
0.17483562462642
0.0882247459653319
0.129468021518231
0.123968918111178
0.16246264196055
0.038732815301853
0.15421398684997
0.0569485953377167
0.0332337118947998
0.0277346084877466
0.0930364614465032
0.143215780035864
0.159713090257023
2.6178123132098
2.76628810520024
0.115720263000598
0.0469814704124328
0.000239091452480579
0.0579796772265391
0.0724148236700538
0.123968918111177
0.038732815301853
0.121219366407651
0.211954572624029
0.0689778840406455
0.132217573221757
0.0442319187089062
0.0456066945606694
0.0194859533771668
0.00298864315600717
0.0964734010759115
0.173460848774656
0.189958158995816
0.15421398684997
0.000239091452480579
0.0799760908547519
0.089599521817095
0.123968918111178
0.0854751942618051
0.20817393903168
0.0328900179318589
0.126718469814704
0.143215780035864
0.198206814106396
0.0414823670053796
0.0277346084877466
0.178959952181709
1.58123132098028
0.165212193664077
0.0786013150029887
0.119157202630006
0.0772265391512253
0.038732815301853
0.052480573819486
0.011237298266587
0.0139868499701136
0.134709354453078
0.115720263000598
0.0992229527794381
0.0304841601912732
0.0469814704124328
0.0222355050806934
0.112970711297071
0.0538553496712493
0.0964734010759115
0.0772265391512253
0.157650926479379
0.0194859533771668
0.0634787806335923
0.0545427375971312
0.0139868499701136
0.0304841601912732
0.0689778840406455
0.106096832038254
0.0799760908547519
0.0552301255230126
0.000239091452480579
0.0442319187089062
1.17154811715481
0.00573819485953378
0.0634787806335923
0.14596533173939
0.101285116557083
0.137716676628811
0.203705917513449
0.231201434548715
0.385176329946204
0.0442319187089062
0.277943813508667
0.0442319187089062
0.143215780035864
0.0827256425582785
0.0634787806335923
0.0772265391512253
0.0442319187089062
0.211954572624029
0.0579796772265391
0.111595935445308
0.0139868499701136
0.0538553496712492
0.165212193664077
0.151464435146444
0.132217573221757
0.02498505678422
0.0222355050806934
0.0937238493723849
0.000239091452480579
0.368679019725045
0.0332337118947998
0.981829049611476
0.0194859533771668
0.0607292289300657
0.0978481769276748
0.0992229527794381
0.101972504482965
0.15421398684997
0.0717274357441721
0.0139868499701136
0.121219366407651
0.151464435146444
0.165212193664077
0.321936640765093
0.112970711297071
0.117095038852361
0.438792588164973
0.403048416019127
0.0744769874476987
0.580394500896593
0.117095038852361
1.41350866706515
0.0139868499701136
0.126718469814704
0.0937238493723851
0.052480573819486
0.121219366407651
0.192707710699342
0.223640167364017
0.0222355050806934
0.214704124327555
0.038732815301853
0.000239091452480579
0.140466228332337
0.0442319187089062
0.046294082486551
0.00298864315600717
0.0786013150029888
0.0194859533771668
0.133592349073521
0.239450089659295
0.156963538553497
0.147340107591154
0.0689778840406455
0.129468021518231
0.0909742976688586
0.222952779438135
0.0964734010759115
1.09731022115959
0.126718469814704
0.0442319187089062
0.0662283323371189
0.0937238493723849
0.0906306037059172
0.066228332337119
0.214704124327555
0.0676031081888821
0.107471607890018
0.0937238493723849
0.280693365212194
0.110221159593545
0.0579796772265391
0.310938433950986
0.066228332337119
0.159713090257023
0.140466228332337
0.206455469216976
0.404423191870891
0.338433950986252
0.651882845188285
0.0772265391512253
0.767364016736402
0.0854751942618051
0.165212193664077
0.118469814704124
0.269695158398087
0.189958158995816
0.130155409444113
0.0964734010759115
0.0827256425582785
0.0332337118947998
0.0717274357441721
0.0579796772265391
0.232576210400478
0.0442319187089062
0.0456066945606695
0.0579796772265391
0.101972504482965
0.0772265391512257
0.0414823670053796
0.14149731022116
0.184459055588763
0.244949193066348
0.0744769874476987
0.0717274357441721
0.02498505678422
0.0167364016736402
0.0139868499701136
0.112970711297071
0.0882247459653317
0.352181709503885
0.0782576210400477
0.14596533173939
0.0634787806335923
0.346682606096832
0.0277346084877466
0.101972504482965
0.0799760908547519
0.0139868499701136
0.0469814704124328
0.486909742976688
0.0332337118947998
0.121219366407651
0.187208607292289
0.18523236700538
0.0414823670053796
0.0909742976688584
0.228451882845189
0.0621040047818291
0.0139868499701136
0.0538553496712492
0.261446503287507
0.165212193664077
0.176210400478183
0.0744769874476988
0.00298864315600717
0.0442319187089062
0.0744769874476987
0.115720263000598
0.0909742976688584
0.100941422594142
0.189958158995816
0.0442319187089062
0.093723849372385
0.038732815301853
0.0469814704124328
0.198206814106396
1.88093245666467
0.0689778840406455
0.0442319187089062
0.224327555289899
0.165212193664077
1.25403466826061
0.132904961147639
0.0964734010759115
0.196832038254633
0.0469814704124328
0.222952779438135
0.075851763299462
0.0937238493723849
0.148714883442917
0.104722056186491
0.772863120143455
0.418170950388524
0.229826658696952
0.220203227734608
0.0964734010759115
0.0222355050806934
0.0779139270771071
0.0469814704124328
0.0139868499701136
0.143215780035864
0.29994022713688
0.066228332337119
0.101972504482965
0.0346084877465631
0.203705917513449
0.143215780035864
0.195457262402869
0.15421398684997
0.387925881649731
0.181709503885236
0.00298864315600717
0.0813508667065153
0.0717274357441721
0.715122534369396
0.0607292289300658
1.59497907949791
0.0992229527794381
0.112970711297071
0.214704124327555
0.0469814704124328
0.123968918111178
1.25403466826061
0.596891811117752
1.41625821876868
0.0882247459653317
0.159713090257023
0.17071129707113
0.0483562462641961
0.310938433950986
0.0634787806335923
0.0607292289300657
0.646383741781231
0.0634787806335923
0.121219366407651
0.209205020920502
0.838852361028093
0.066228332337119
0.0552301255230126
0.178959952181709
0.222952779438135
0.125343693962941
0.137716676628811
0.0992229527794381
0.129468021518231
0.0882247459653317
0.180334728033473
0.107471607890018
0.0634787806335923
0.0744769874476987
0.0579796772265391
0.0964734010759115
0.152151823072325
0.181709503885236
0.052480573819486
0.0607292289300657
0.0332337118947998
0.0139868499701136
0.163837417812313
0.184459055588763
0.165212193664077
0.052480573819486
0.0744769874476987
0.343933054393305
0.349432157800359
1.63897190675433
0.02498505678422
0.0909742976688584
0.14596533173939
0.052480573819486
0.196832038254633
0.126718469814704
0.0882247459653317
0.14596533173939
0.0772265391512253
0.0799760908547519
0.121219366407651
0.222952779438135
0.0909742976688584
0.0469814704124328
0.121219366407651
0.188583383144053
0.129468021518231
0.214704124327555
0.0469814704124328
0.0689778840406455
0.207830245068739
0.115032875074716
0.0304841601912732
0.0194859533771668
0.0772265391512253
0.269695158398087
0.0964734010759115
0.173460848774656
0.0304841601912732
0.0359832635983264
0.189958158995816
0.0950986252241481
3.45367603108189
0.0964734010759115
0.160400478182904
0.0937238493723849
0.0579796772265391
0.16246264196055
0.349432157800359
0.233950986252241
0.16246264196055
0.16246264196055
0.117095038852361
0.02498505678422
0.200956365809922
12.3622235505081
0.153526598924089
0.151464435146444
0.0359832635983264
0.0194859533771668
0.259384339509862
0.244949193066348
0.0717274357441721
0.288942020322773
0.181709503885236
0.02498505678422
0.02498505678422
0.156963538553497
0.0194859533771668
0.198206814106396
0.0414823670053796
0.140466228332337
0.184459055588763
0.192707710699342
0.0827256425582785
0.0456066945606695
0.0744769874476987
0.0744769874476987
0.0689778840406455
0.066228332337119
0.167961745367603
0.341183502689779
0.052480573819486
0.0139868499701136
0.0964734010759115
0.255947399880454
0.231201434548715
0.0552301255230126
0.134967124925284
0.0277346084877466
0.0744769874476988
0.0332337118947998
0.302002390914524
0.253197848176928
0.128093245666467
0.250448296473401
0.0194859533771668
0.126718469814704
0.0139868499701136
0.0662283323371189
0.0414823670053796
0.0414823670053796
0.187208607292289
0.0717274357441721
0.0964734010759115
0.165212193664077
0.132217573221757
0.15421398684997
0.00848774656306037
0.011237298266587
0.0813508667065155
0.0469814704124328
0.0552301255230126
0.126718469814704
0.0772265391512253
0.137716676628811
0.0854751942618051
0.0291093843395099
0.0909742976688585
0.122594142259414
0.0579796772265391
0.217453676031082
0.244949193066348
0.011237298266587
0.110221159593545
0.121219366407651
0.0332337118947998
0.144590555887627
0.71237298266587
0.00848774656306037
0.142528392109982
0.0992229527794381
0.124656306037059
0.181709503885236
0.0744769874476987
0.0332337118947998
0.137716676628811
0.0332337118947998
0.101972504482965
0.011237298266587
0.0689778840406455
0.286192468619247
0.0689778840406455
0.0579796772265391
0.0222355050806934
0.14596533173939
0.0607292289300657
0.15421398684997
0.127405857740586
0.313687985654513
0.0882247459653317
0.148714883442917
0.0194859533771668
0.0689778840406455
0.112970711297071
0.0552301255230126
0.262821279139271
0.143215780035864
0.0772265391512253
0.189958158995816
0.17071129707113
0.231201434548715
0.0304841601912732
0.0352958756724447
0.115720263000598
0.0634787806335923
0.184459055588763
0.011237298266587
0.0882247459653317
0.104722056186491
0.038732815301853
0.110221159593545
0.107471607890018
0.184459055588763
0.15421398684997
0.385176329946204
0.011237298266587
0.0841004184100416
0.112970711297071
0.143215780035864
0.0414823670053796
0.0277346084877466
0.0469814704124328
0.354931261207412
0.0689778840406455
0.0964734010759115
0.0607292289300657
0.011237298266587
0.126718469814704
0.0909742976688584
0.0909742976688584
0.0717274357441721
0.0332337118947998
0.052480573819486
0.649133293484758
0.132217573221757
0.244949193066348
0.0909742976688584
0.104722056186491
0.173460848774656
0.0909742976688584
0.171742378959952
0.02498505678422
0.0304841601912732
0.000239091452480579
0.066228332337119
0.00298864315600717
0.00848774656306037
0.0868499701135687
0.0964734010759117
0.12912432755529
0.140466228332337
0.123968918111178
0.0456066945606695
0.324686192468619
0.148714883442917
0.0552301255230126
0.17071129707113
0.192707710699342
1.00107591153616
0.382426778242678
0.110221159593545
0.0607292289300657
0.00298864315600717
0.052480573819486
1.02857142857143
0.134967124925284
0.280693365212194
0.0799760908547519
0.357680812910938
0.231201434548715
0.0634787806335923
0.0304841601912732
0.176210400478183
