0.0964734010759115
0.0964734010759115
0.0964734010759115
0.0964734010759115
0.0964734010759115
0.112970711297071
0.0964734010759115
0.0964734010759115
0.00298864315600717
0.0497310221159593
0.0964734010759115
0.112970711297071
0.123968918111178
0.0964734010759115
0.00573819485953378
0.0772265391512253
0.0964734010759115
0.497907949790795
0.0277346084877466
0.00298864315600717
0.0511057979677226
0.16246264196055
0.305439330543933
0.0304841601912732
0.0827256425582785
0.0950986252241482
0.0868499701135684
0.266945606694561
0.250448296473401
0.0222355050806934
0.0627913927077107
0.0139868499701136
0.0442319187089061
0.052480573819486
0.122594142259414
0.0277346084877466
0.42916915720263
0.178959952181709
3.94584578601315
0.134967124925284
0.110221159593545
0.0291093843395099
0.0772265391512253
0.011237298266587
0.371428571428571
0.128093245666467
0.159713090257023
3.8688583383144
0.0827256425582785
0.128093245666467
0.169336521219366
0.0964734010759115
0.0304841601912731
0.038732815301853
0.200956365809922
0.00573819485953378
0.0937238493723849
0.0964734010759115
0.0552301255230125
0.360430364614465
0.101972504482965
0.0799760908547519
0.112970711297071
0.17071129707113
0.189958158995816
0.341183502689779
0.196832038254632
0.0139868499701136
0.123968918111178
0.107471607890018
0.02498505678422
0.148714883442917
0.0442319187089062
0.0304841601912732
0.379677226539151
0.0827256425582785
0.0669157202630005
0.0414823670053796
0.0799760908547519
0.132217573221757
0.011237298266587
0.580394500896593
0.132904961147639
0.0442319187089062
0.209205020920502
0.0194859533771668
0.16246264196055
0.0937238493723849
0.00848774656306037
0.0607292289300657
0.0882247459653317
0.0689778840406455
0.0442319187089062
0.236700537955768
0.195457262402869
0.0634787806335923
0.0634787806335923
0.00298864315600717
0.122594142259414
0.0854751942618051
0.180334728033473
0.0139868499701136
0.331560071727436
0.173460848774656
0.118469814704124
0.119844590555888
0.118469814704124
0.187208607292289
0.0827256425582785
0.356306037059175
0.0634787806335923
0.0497310221159594
0.0579796772265391
0.156963538553497
0.0634787806335923
0.165212193664077
0.107471607890018
0.415421398684997
0.316437537358039
0.0634787806335923
0.130155409444112
0.0607292289300657
0.632635983263598
0.0689778840406455
0.00573819485953377
0.0277346084877466
0.0442319187089061
0.693126120741183
0.0167364016736402
0.0744769874476987
0.110221159593545
0.0731022115959354
0.0882247459653317
0.137716676628811
0.0634787806335923
0.0277346084877466
1.8011954572624
0.0359832635983264
0.00573819485953378
0.126718469814704
0.143903167961745
0.250448296473401
0.110221159593545
0.327435744172146
0.189958158995816
0.0703526598924089
0.0442319187089062
0.14596533173939
0.233950986252241
0.137716676628811
0.000239091452480579
0.104722056186491
0.0799760908547519
0.330185295875672
0.0964734010759115
0.0414823670053796
0.310938433950986
0.00298864315600717
0.011237298266587
0.02498505678422
0.253197848176928
0.118469814704124
0.151464435146444
0.0194859533771668
0.198206814106396
0.173460848774656
0.126718469814704
0.0882247459653317
0.353556485355648
0.129468021518231
0.00298864315600717
0.159713090257023
0.0414823670053795
0.0992229527794381
0.0689778840406455
0.17071129707113
0.148714883442917
0.0634787806335923
0.0937238493723849
0.0689778840406455
0.137716676628811
0.0717274357441721
0.203705917513449
0.0854751942618051
0.228451882845188
0.00848774656306037
0.176210400478183
0.497907949790795
0.0634787806335923
0.16246264196055
0.153526598924088
0.121219366407651
0.206455469216976
0.616138673042439
0.0689778840406455
0.00848774656306037
0.00848774656306037
0.379677226539151
0.129468021518231
0.167961745367603
0.15421398684997
0.00848774656306037
0.167961745367603
0.118469814704124
0.129468021518231
0.104722056186491
0.240824865511058
0.0538553496712491
0.0579796772265391
0.0744769874476987
0.431918708906157
0.113314405260012
0.643634190077705
0.238075313807531
0.189958158995816
0.156963538553497
0.481410639569635
0.0964734010759115
0.00298864315600717
0.034608487746563
0.0895995218170952
0.140466228332337
0.126718469814704
0.115720263000597
0.066228332337119
0.0511057979677226
0.0277346084877466
0.0827256425582785
0.101972504482965
0.0964734010759115
0.225702331141662
0.206455469216976
0.0579796772265391
0.0724148236700538
0.115720263000598
0.129468021518231
0.02498505678422
0.0868499701135686
0.121219366407651
0.0277346084877466
0.0854751942618051
0.0332337118947997
0.195457262402869
0.128093245666467
0.0854751942618051
0.206455469216976
0.175523012552301
0.0854751942618051
0.0854751942618051
0.134967124925284
0.13359234907352
0.173460848774657
0.0799760908547519
0.130155409444112
0.181709503885236
0.302689778840406
0.0634787806335923
0.0607292289300657
0.0277346084877466
0.15833831440526
0.011237298266587
0.101972504482965
0.00573819485953378
0.0497310221159594
0.387925881649731
0.052480573819486
0.134967124925284
0.0689778840406455
0.129468021518231
0.0442319187089062
0.253541542139868
0.0827256425582785
0.203705917513449
0.0909742976688585
0.187208607292289
0.156963538553497
0.112970711297071
0.149058577405857
0.214704124327555
0.0442319187089062
0.0799760908547519
0.181709503885236
0.0909742976688584
0.038732815301853
0.693126120741183
0.214704124327555
0.228451882845188
0.0799760908547519
0.075851763299462
0.206455469216976
0.316437537358039
0.00848774656306037
0.200956365809922
0.192707710699342
0.0689778840406455
0.0676031081888822
0.011237298266587
0.423670053795577
0.0827256425582785
0.123968918111178
0.02498505678422
0.123968918111178
0.0827256425582785
0.0607292289300657
0.0689778840406455
0.110221159593545
0.327435744172146
0.0827256425582785
0.151464435146444
0.335684399282726
0.258696951583981
0.255947399880454
0.143215780035864
0.0689778840406455
0.121219366407651
0.0469814704124328
0.0868499701135687
0.184459055588763
0.492408846383742
0.984578601315002
0.132217573221757
0.16246264196055
1.98266586969516
0.0538553496712492
0.00298864315600717
0.0414823670053796
0.115720263000598
0.113658099222953
0.038732815301853
0.286192468619247
0.156963538553497
0.0964734010759115
0.0497310221159594
0.00848774656306037
0.390675433353258
0.000239091452480579
0.558398087268379
0.0992229527794381
0.181709503885236
0.118469814704124
0.0676031081888823
0.0658846383741781
0.0167364016736402
0.176210400478183
0.893843395098625
0.0579796772265391
0.129468021518231
0.264196054991034
0.00573819485953378
0.0139868499701136
0.02498505678422
0.00848774656306037
0.403048416019127
0.0607292289300657
0.123968918111178
0.231201434548715
0.178959952181709
0.038732815301853
0.10403466826061
0.011237298266587
0.0469814704124328
0.00298864315600717
0.0827256425582785
0.211954572624029
0.0992229527794381
0.02498505678422
0.198206814106396
0.0882247459653317
0.16246264196055
0.156963538553497
0.0744769874476987
0.0827256425582785
0.121219366407651
0.123968918111178
0.0194859533771668
0.0332337118947998
0.0992229527794381
0.253197848176928
0.346682606096832
0.116751344889421
0.0964734010759115
0.335684399282726
0.011237298266587
0.0935520023909145
0.104722056186491
0.0909742976688584
0.1708831440526
0.203705917513449
0.0634787806335923
0.0689778840406455
0.0356395696353855
0.107471607890018
0.209205020920502
0.213329348475792
0.255947399880454
0.0194859533771668
0.0304841601912732
0.404423191870891
0.0332337118947998
0.305439330543933
0.220203227734608
0.0194859533771668
0.181709503885236
0.0772265391512253
0.0332337118947998
0.234982068141063
0.0662283323371189
0.386551105797968
0.0799760908547519
0.011237298266587
0.0634787806335923
0.0332337118947998
0.209205020920502
1.08631201434549
0.0964734010759115
0.217453676031082
0.0497310221159594
0.0359832635983264
0.0744769874476987
0.255947399880454
0.189958158995816
0.00848774656306037
0.0854751942618051
0.066228332337119
0.02498505678422
0.0868499701135684
0.0640802450687387
0.136341900777047
0.0538553496712492
0.107471607890018
0.189958158995816
0.0500747160789001
0.0194859533771668
0.118469814704124
0.00573819485953378
0.0442319187089062
0.112970711297071
0.0332337118947998
0.142528392109982
0.0744769874476989
0.176554094441123
0.118469814704124
0.0992229527794381
0.052480573819486
0.43741781231321
0.187208607292289
0.00848774656306037
0.206455469216976
0.0964734010759117
0.118469814704125
0.0277346084877466
0.387925881649731
0.0717274357441721
0.00573819485953378
0.192707710699342
0.123797071129707
0.198206814106396
0.0665290645546921
0.0359832635983264
0.0497310221159594
0.173460848774656
0.0167364016736402
0.0689778840406455
0.104722056186491
0.219515839808727
0.0414823670053796
0.0634787806335923
0.137716676628811
0.156963538553497
0.0607292289300657
0.250448296473401
0.106096832038255
0.365929468021518
0.209205020920502
0.0414823670053796
0.0689778840406455
0.0827256425582785
0.0937238493723849
0.0827256425582785
0.0909742976688584
0.0442319187089062
0.107471607890018
0.0401075911536162
0.052480573819486
0.0827256425582785
1.52898983861327
0.0803197848176928
0.129468021518231
0.038732815301853
0.0744769874476987
0.066228332337119
0.15421398684997
0.0469814704124328
0.118469814704124
0.0689778840406455
0.206455469216975
0.119844590555888
0.365929468021518
0.0827256425582785
0.0799760908547519
0.0359832635983264
0.233950986252241
0.192707710699342
0.104722056186491
0.00573819485953378
0.0772265391512253
0.140466228332337
0.0834130304841602
0.14596533173939
0.0703526598924087
0.066228332337119
0.011237298266587
0.0681186491332939
0.0222355050806934
0.107471607890018
0.302689778840406
0.110221159593545
0.00573819485953378
0.192707710699342
0.0579796772265391
0.0414823670053795
0.0139868499701136
0.0497310221159594
0.0882247459653317
0.178959952181709
0.02498505678422
0.811356843992827
0.0469814704124328
0.258696951583981
0.2916915720263
0.183084279736999
0.211954572624029
0.00298864315600717
0.140466228332337
0.137716676628811
0.132217573221757
0.125343693962941
0.0744769874476987
0.134967124925284
0.165212193664077
0.184459055588763
0.0222355050806934
0.0689778840406455
0.000239091452480579
0.167961745367603
0.0689778840406455
0.0497310221159594
0.189270771069934
0.0689778840406455
0.42916915720263
0.0772265391512253
0.0222355050806934
0.0593544530783024
0.066228332337119
0.136341900777047
0.0799760908547519
0.0167364016736402
0.00573819485953378
0.261446503287507
0.243574417214585
0.0909742976688584
0.338433950986252
0.15421398684997
0.297190675433353
0.0359832635983264
0.0854751942618052
0.11443141063957
2.16413628212791
0.13771667662881
0.995576808129109
0.0579796772265391
0.198206814106396
0.00848774656306037
0.0827256425582784
0.123968918111178
0.0607292289300657
0.200956365809922
0.409922295277944
0.011237298266587
0.136341900777047
0.203705917513449
0.066228332337119
0.038732815301853
0.0772265391512253
0.0139868499701136
0.0497310221159594
0.173460848774656
0.0648535564853556
0.0676031081888822
0.381052002390914
0.136341900777047
0.0634787806335923
0.0799760908547519
0.220203227734608
1.14130304841602
0.052480573819486
0.000239091452480579
0.112970711297071
0.00848774656306037
0.0909742976688583
0.0497310221159595
0.151464435146444
0.02498505678422
0.0559175134488941
0.000239091452480579
0.206455469216976
0.101972504482965
0.0757658398087268
0.0579796772265391
0.196832038254632
0.0634787806335923
0.011237298266587
0.101972504482965
0.066228332337119
0.0634787806335923
0.276569037656904
0.0390765092647938
0.0469814704124328
0.0772265391512253
0.143215780035864
0.101972504482965
0.16246264196055
0.0854751942618051
0.151464435146444
0.27931858936043
0.0277346084877466
0.14596533173939
0.066228332337119
0.0816515989240884
0.000239091452480579
0.17071129707113
0.17071129707113
0.118512776449492
0.0634787806335923
0.0552301255230126
0.174835624626419
0.0744769874476987
0.0442319187089062
0.0552301255230126
0.0937238493723849
0.0937238493723849
0.0786013150029886
0.184459055588763
0.143215780035864
0.123968918111178
0.118469814704124
0.203705917513449
0.129468021518231
0.0799760908547519
0.17071129707113
0.104722056186491
0.00573819485953378
0.0414823670053796
0.257322175732218
0.167961745367603
0.165212193664077
0.209205020920502
0.349432157800359
0.178959952181709
0.0552301255230126
0.100597728631202
7.76772265391512
0.271757322175733
0.330185295875672
0.222952779438135
0.189958158995816
0.0799760908547519
0.288942020322773
0.0442319187089062
0.178959952181709
0.159713090257023
0.00298864315600717
0.118469814704125
0.0304841601912732
0.0909742976688584
0.0744769874476987
0.206455469216976
0.101972504482965
0.583144052600121
0.02498505678422
0.173460848774656
3.90322773460849
0.0332337118947998
0.239450089659295
0.0194859533771668
0.0332337118947998
0.346682606096832
0.15421398684997
0.271757322175732
0.0634787806335923
0.0916616855947402
0.0607292289300657
0.0559175134488945
0.084100418410042
0.0414823670053795
0.563897190675433
0.0359832635983264
0.0827256425582785
0.123968918111177
0.0909742976688584
0.156963538553497
0.385176329946204
0.192707710699342
0.228451882845188
0.00298864315600717
0.0682904961147641
0.02498505678422
0.0566049013747758
0.92133891213389
0.16246264196055
0.129468021518231
0.0359832635983264
0.115720263000598
0.0731022115959355
0.104722056186491
0.114345487148834
0.132217573221757
0.139091452480574
0.172086072922893
0.214704124327555
0.134967124925284
0.140466228332337
0.126718469814704
0.198206814106396
0.148714883442917
0.0717274357441721
0.0964734010759115
0.0359832635983264
0.0937238493723849
0.15421398684997
0.121219366407651
0.132217573221757
0.0222355050806934
0.052480573819486
0.0552301255230126
0.038732815301853
0.0167364016736402
0.327435744172146
0.0689778840406455
0.101972504482965
0.066228332337119
0.0744769874476987
0.0799760908547519
0.15421398684997
0.0222355050806934
0.0682904961147638
0.0414823670053796
0.184459055588763
0.0332337118947998
0.110221159593545
0.225702331141662
0.0469814704124328
0.338433950986252
2.95600717274357
0.0414823670053796
0.0428571428571428
0.231201434548715
0.359742976688583
0.244949193066348
0.00298864315600717
0.583144052600119
0.0772265391512253
0.0167364016736402
0.0772265391512253
0.0717274357441721
0.0634787806335923
0.143215780035863
0.0868499701135687
0.134967124925284
0.134967124925284
0.137716676628811
0.15833831440526
0.132217573221757
0.156963538553497
0.0194859533771668
0.129468021518231
0.242199641362821
0.128093245666468
0.167961745367603
0.011237298266587
0.0882247459653317
0.0909742976688584
0.121219366407651
0.239450089659295
0.0304841601912732
0.0634787806335923
0.0167364016736402
0.198206814106396
0.0304841601912732
0.123968918111178
1.36401673640167
0.02498505678422
0.0689778840406455
0.0882247459653317
0.0373580394500897
0.00573819485953378
0.129468021518231
0.101972504482965
0.137716676628811
0.02498505678422
0.409922295277944
0.0655409444112372
0.500657501494322
0.011237298266587
0.440167364016736
0.101972504482965
0.139778840406456
0.0194859533771668
0.264196054991034
0.140466228332337
0.00298864315600717
0.0634787806335923
0.0964734010759115
0.112970711297071
0.121219366407651
0.0263598326359833
0.14596533173939
0.0992229527794381
0.0964734010759115
0.0222355050806934
0.508906156604901
0.203705917513449
0.167961745367603
0.163150029886432
0.16246264196055
0.0772265391512253
0.0882247459653317
0.038732815301853
0.0552301255230126
0.0937238493723851
0.0844441123729825
0.273132098027496
0.133592349073521
0.038732815301853
0.02498505678422
0.104722056186491
0.0222355050806934
0.0607292289300658
0.011237298266587
0.0964734010759115
0.181709503885236
0.115720263000597
0.0676031081888824
0.203705917513449
0.0277346084877466
0.0469814704124328
0.0442319187089062
0.0284219964136282
0.066228332337119
0.29994022713688
0.144590555887627
0.192707710699342
0.0359832635983264
0.143215780035864
0.192707710699342
0.217453676031082
0.0882247459653317
0.181709503885236
0.198206814106396
0.167961745367603
0.0359832635983264
0.0222355050806934
0.0332337118947998
0.0442319187089062
0.0909742976688584
0.290316796174537
0.129468021518231
0.181709503885236
0.0717274357441721
0.262821279139271
0.167961745367603
0.0854751942618051
0.0497310221159594
0.115720263000598
0.0139868499701136
0.159713090257023
0.02498505678422
0.143215780035864
0.126718469814704
0.269695158398087
0.00298864315600717
0.16658696951584
0.0277346084877466
0.0882247459653317
0.00848774656306037
0.101972504482965
0.187208607292289
0.316437537358039
0.038732815301853
0.310938433950986
0.104722056186491
0.0854751942618048
0.125343693962941
0.346682606096832
0.126718469814704
1.14130304841602
0.222952779438135
5.3673640167364
0.0937238493723849
0.189958158995816
0.122594142259414
0.0332337118947998
0.134967124925284
0.259728033472803
0.165212193664077
0.0497310221159594
0.0895995218170952
0.0414823670053796
0.209205020920502
0.14596533173939
0.132045726240287
0.0139868499701136
0.233950986252241
0.101972504482965
0.181709503885236
0.0981918708906155
0.121219366407651
0.541900777047221
0.0442319187089062
0.0882247459653317
0.123968918111178
0.0744769874476987
0.154901374775852
0.0222355050806934
0.0703526598924091
0.236700537955768
0.121219366407651
0.000239091452480579
0.206455469216976
0.163837417812313
0.151464435146444
0.0552301255230126
0.00848774656306037
0.0332337118947998
0.107471607890018
1.85618649133293
0.143215780035864
0.184459055588763
0.154213986849971
0.280005977286312
0.184459055588763
0.0854751942618051
0.0167364016736402
0.0277346084877466
0.126718469814704
0.0469814704124328
0.266945606694561
0.117095038852361
0.0304841601912732
0.522653915122534
0.132217573221757
0.169336521219366
0.115720263000598
0.0304841601912732
0.15421398684997
0.02498505678422
0.0579796772265391
0.275194261805141
0.0442319187089062
0.206455469216976
0.101972504482965
0.115720263000598
0.0139868499701136
0.00298864315600717
0.0579796772265391
0.110221159593545
0.195371338912134
0.198206814106396
0.0552301255230126
0.123968918111178
0.0950986252241481
0.17071129707113
0.172107553795577
0.140466228332337
0.15421398684997
0.137716676628811
0.156963538553497
0.0346084877465631
0.225702331141662
0.052480573819486
0.00298864315600717
0.129468021518231
0.192707710699342
0.129468021518231
0.117095038852361
0.0854751942618051
0.0964734010759115
0.209205020920502
0.0497310221159594
0.143215780035864
0.0139868499701136
0.066228332337119
0.0689778840406455
0.0689778840406455
0.0827256425582785
0.0139868499701136
0.178959952181709
0.114345487148834
0.167961745367603
0.112970711297071
0.0497310221159594
0.115720263000598
0.110221159593545
0.129468021518231
0.13359234907352
0.214704124327555
0.186864913329349
0.167961745367603
0.0992229527794381
0.0469814704124328
0.0456066945606695
0.371428571428571
4.62773460848775
0.0566049013747758
0.198206814106396
0.709623430962343
0.0923490735206219
0.233950986252241
0.165212193664077
0.118469814704124
0.066228332337119
0.151464435146444
0.247698744769874
0.0607292289300657
0.143215780035864
0.07714061566049
0.052480573819486
0.0222355050806934
0.115720263000598
0.0992229527794381
0.0634787806335926
0.038732815301853
0.352181709503885
0.0552301255230126
0.0799760908547519
0.222952779438135
0.066228332337119
0.484160191273162
0.119157202630006
0.103347280334728
0.0772265391512253
0.671129707112971
0.0992444336521219
0.0456066945606695
0.0607292289300657
0.0442319187089062
0.110908547519426
0.0827256425582785
0.0799760908547519
0.0689778840406455
0.108846383741781
0.137716676628811
0.0579796772265393
0.132217573221757
0.137072250448296
0.00298864315600717
0.0648535564853557
0.00848774656306037
0.134967124925284
0.140466228332337
0.118469814704124
0.154901374775852
0.0414823670053796
0.14596533173939
0.0964734010759118
0.225702331141662
0.288942020322773
0.066228332337119
0.0359832635983264
0.207142857142857
0.139091452480574
0.011237298266587
0.167961745367603
0.0497310221159594
0.132561267184698
0.167961745367603
0.0167364016736402
0.0469814704124326
0.326748356246265
2.3332337118948
0.128093245666467
0.115720263000598
0.0964734010759115
0.140466228332337
0.28344291691572
0.0937238493723849
0.155588762701733
0.0882247459653317
0.0277346084877466
0.192707710699343
0.167961745367603
0.0222355050806934
0.107471607890018
0.0469814704124328
0.126718469814704
0.0428571428571428
0.0277346084877466
0.217453676031082
0.588643156007173
0.159713090257023
0.222952779438135
0.222952779438135
0.115720263000598
0.000239091452480579
0.011237298266587
0.100597728631201
0.118469814704124
0.0277346084877466
0.0443822848176927
0.0414823670053796
0.121219366407651
0.118469814704124
0.011237298266587
0.0469814704124328
0.00298864315600717
0.0359832635983264
0.0992229527794381
0.0734459055588763
0.127405857740586
0.0483562462641961
0.052480573819486
0.254572624028691
0.119844590555888
0.187208607292289
0.137716676628811
0.118469814704124
0.147340107591153
0.143215780035864
0.192707710699342
0.129468021518231
0.0744769874476987
0.0194859533771668
0.0909742976688584
0.00298864315600717
0.165212193664077
0.121219366407651
0.09166168559474
0.0167364016736402
0.253197848176928
0.451165570830843
0.0717274357441721
0.110221159593545
0.0992229527794381
0.052480573819486
0.211954572624029
0.14596533173939
0.0414823670053796
0.0868499701135683
0.0222355050806934
0.0304841601912732
0.167961745367603
0.115720263000598
0.0469814704124328
0.115720263000598
0.225358637178721
0.0194859533771668
0.137716676628811
0.02498505678422
0.101285116557083
0.0689778840406456
0.000239091452480579
0.011237298266587
0.0992229527794381
0.584518828451884
0.066228332337119
0.0414823670053796
0.011237298266587
0.02498505678422
0.107471607890018
0.247698744769874
0.305439330543933
0.275194261805141
0.214704124327555
0.0607292289300657
0.0359832635983264
0.0579796772265391
0.527465630603706
0.332934847579199
0.0318589360430364
0.121219366407651
0.269695158398087
0.706873879258816
1.42450687387926
0.187208607292289
0.397549312612074
0.0304841601912732
0.126718469814704
0.0937238493723849
0.052480573819486
0.173460848774656
0.146652719665272
0.28344291691572
0.0139868499701136
0.167961745367603
0.0139868499701136
0.101972504482965
0.127405857740586
0.00848774656306037
0.0717274357441721
0.0497310221159594
0.371428571428571
0.0717274357441721
0.0992229527794381
0.121219366407651
0.0359832635983264
0.133592349073521
0.14596533173939
0.0579796772265391
0.0669157202630005
0.115720263000598
0.104722056186491
0.134967124925284
0.137716676628811
0.0222355050806934
0.176210400478183
0.918589360430363
0.0799760908547519
0.101972504482965
0.143215780035863
0.0304841601912732
0.0359832635983264
0.121219366407651
0.118469814704124
0.110221159593545
0.0827256425582785
0.00298864315600717
0.272444710101614
0.101972504482965
0.0222355050806934
0.0139868499701136
0.0634787806335923
0.231201434548715
0.0882247459653317
0.0964734010759115
0.011237298266587
0.0717274357441723
0.0739614465032875
0.194769874476988
0.0992229527794381
0.0332337118947997
0.310938433950986
0.0497310221159594
0.0964734010759115
0.173460848774656
0.0978481769276744
0.187208607292289
0.0882247459653317
0.0469814704124328
0.0744769874476987
0.0139868499701136
0.0689778840406455
0.189958158995816
0.189958158995816
0.14596533173939
0.167961745367603
0.165212193664077
0.111595935445308
0.0854751942618051
0.0634787806335923
0.0882247459653317
0.0483562462641961
0.121219366407651
0.431918708906157
0.0614166168559473
0.0181111775254035
0.110221159593545
0.121219366407651
0.231201434548715
0.0689778840406455
0.0600418410041842
0.15421398684997
0.258696951583981
0.115720263000598
0.0579796772265391
0.052480573819486
0.345307830245069
0.167961745367603
0.0758517632994623
0.137716676628811
0.0304841601912732
0.176210400478183
0.0167364016736402
0.066228332337119
0.140466228332337
0.0607292289300657
0.0414823670053796
0.15008965929468
0.0497310221159594
0.00298864315600717
0.0332337118947998
0.0882247459653317
0.248386132695756
0.0964734010759115
0.112970711297071
0.101972504482965
0.154299910340706
0.118469814704124
0.0222355050806934
0.0332337118947998
0.188583383144052
0.126718469814704
0.0799760908547519
0.244949193066348
0.140638075313807
0.114345487148835
0.192707710699342
0.0332337118947998
0.753616258218769
0.0744769874476989
0.0497310221159594
0.211954572624029
0.118469814704124
0.236700537955768
2.42534369396294
0.0359832635983264
0.0717274357441721
0.00573819485953378
0.0940675433353259
0.148714883442917
0.0882247459653317
0.0744769874476987
0.294441123729827
0.111595935445308
0.011237298266587
0.0827256425582785
0.00298864315600717
0.919964136282126
0.0772265391512253
0.115720263000598
0.066228332337119
0.235325762104005
0.203705917513449
0.0414823670053796
0.104722056186492
0.0335774058577405
0.195457262402869
0.423670053795577
0.167961745367603
0.159713090257023
0.137716676628811
1.24578601315003
0.220203227734608
0.196144650328751
0.0552301255230126
0.321936640765093
0.0909742976688584
0.00573819485953378
0.228451882845188
0.231201434548715
0.932337118947998
0.0964734010759115
0.121219366407651
0.225702331141662
0.590017931858937
0.0950986252241481
0.000239091452480579
0.173460848774656
0.0359832635983264
0.126718469814704
0.121219366407651
0.236700537955768
0.0689778840406455
0.30818888224746
0.0686341900777047
0.147340107591154
0.0359832635983264
0.0167364016736402
0.0607292289300657
0.121219366407651
2.26312014345487
0.0222355050806934
0.00573819485953378
0.0442319187089062
0.134967124925284
0.000239091452480579
0.113314405260012
0.195457262402869
0.195457262402869
0.052480573819486
0.0772265391512253
0.0222355050806934
0.0359832635983264
0.104722056186491
0.206455469216976
0.624387328153018
0.123968918111178
0.0414823670053796
1.23066347878063
0.0854751942618051
0.0799760908547519
0.515780035863717
0.0964734010759115
0.108846383741781
0.0930364614465031
0.167961745367603
0.0937238493723849
0.0676031081888823
0.0909742976688584
0.107471607890018
0.0414823670053796
0.0889121338912132
0.0277346084877466
0.159713090257023
0.066228332337119
0.0772265391512255
0.119844590555888
0.316437537358039
0.165212193664077
0.214704124327555
0.0717274357441721
0.0442319187089062
0.112970711297071
0.0222355050806934
0.0304841601912732
0.130499103407053
0.143215780035864
0.164868499701136
0.176210400478183
0.0359832635983264
0.121219366407651
0.011237298266587
0.0744769874476987
0.258696951583981
0.0359832635983264
0.101972504482965
0.0442319187089062
0.130155409444112
0.0799760908547519
0.052480573819486
0.409922295277944
0.297190675433353
0.0194859533771668
0.0937238493723849
0.0332337118947998
0.0676031081888822
0.107471607890018
0.00298864315600717
0.241512253436939
0.052480573819486
0.0552301255230126
0.011237298266587
0.0579796772265391
0.0579796772265391
0.052480573819486
0.115720263000598
0.0277346084877466
0.052480573819486
0.148714883442917
0.129468021518231
0.0950986252241484
0.134967124925284
0.178959952181709
0.0277346084877466
0.0222355050806934
0.0758517632994622
0.00298864315600717
0.266945606694561
0.605140466228332
0.143215780035864
0.112970711297071
0.0139868499701136
0.038732815301853
0.0511057979677227
5.45260011954573
0.14596533173939
0.0579796772265391
0.104722056186491
0.0139868499701136
0.00298864315600717
0.137716676628811
0.0772265391512253
0.108846383741781
0.242199641362821
0.066228332337119
0.123968918111178
0.0414823670053796
0.16246264196055
0.112970711297071
0.0689778840406455
0.17071129707113
0.0538553496712493
0.143215780035864
0.0579796772265391
0.126718469814704
0.0799760908547519
0.0772265391512253
0.14596533173939
0.0744769874476987
0.011237298266587
0.14596533173939
0.0799760908547519
0.0304841601912732
0.0139868499701136
0.0792887029288704
0.0772265391512253
0.0717274357441721
0.0689778840406455
0.0854751942618051
0.120188284518828
0.0579796772265391
0.0339210998206814
0.613389121338912
0.478661087866109
0.246323968918111
2.15863717872086
0.0304841601912732
0.0359832635983264
0.181709503885236
0.189958158995816
0.0744769874476987
0.066228332337119
0.228451882845188
0.137716676628811
0.0909742976688584
0.0469814704124328
0.759158323371188
0.038732815301853
0.152839210998207
0.00848774656306037
0.192707710699342
0.0992229527794381
0.0222355050806934
0.178959952181709
0.121219366407651
0.264196054991034
0.0428571428571428
0.140466228332337
1.12068141063957
0.108846383741781
0.0277346084877466
0.15421398684997
0.0689778840406455
0.440167364016736
0.0483562462641961
0.129468021518231
0.286192468619247
0.111595935445308
0.187208607292289
0.0579796772265391
0.132217573221757
0.579019725044831
0.011237298266587
0.187208607292289
0.133936043036461
0.156963538553497
0.275194261805141
0.134967124925284
1.49599521817095
0.0607292289300657
0.181709503885236
0.0717274357441721
0.127062163777645
0.272444710101614
0.00848774656306037
0.110221159593545
0.011237298266587
0.123968918111178
0.0772265391512253
0.338433950986252
0.16246264196055
0.159713090257023
0.066228332337119
0.148714883442917
0.0497310221159594
0.107471607890018
0.123968918111178
0.02498505678422
0.0359832635983264
0.113314405260012
0.0964734010759115
0.15421398684997
0.187208607292289
0.360430364614465
0.0882247459653318
0.0566049013747759
0.209205020920502
0.132217573221757
0.118469814704124
0.0552301255230126
0.121906754333533
0.0194859533771668
0.14596533173939
0.0277346084877466
0.0442319187089062
0.151464435146444
0.200956365809922
0.297190675433353
0.778362223550508
0.0139868499701136
0.0799760908547519
0.0992229527794381
0.0978481769276751
0.0909742976688584
0.139091452480574
0.206455469216976
0.148714883442917
0.0277346084877466
0.0359832635983264
0.274506873879259
0.255947399880454
0.011237298266587
7.47901972504483
0.0332337118947998
0.0359832635983264
0.101972504482965
0.0579796772265391
0.0978481769276746
0.0469814704124328
0.0909742976688584
0.0277346084877466
0.0772265391512253
0.0882247459653317
0.101972504482965
0.0930364614465032
0.00573819485953378
0.066228332337119
0.195457262402869
0.0964734010759115
0.0731022115959355
0.089599521817095
0.038732815301853
0.0414823670053796
0.217453676031082
0.503407053197848
0.393424985056784
0.0194859533771668
0.112970711297071
0.0579796772265391
0.000239091452480579
0.137716676628811
0.181709503885236
0.123968918111178
0.0469814704124328
0.261446503287507
0.0882247459653317
0.118469814704124
0.126718469814704
0.0662283323371189
0.200956365809922
0.17071129707113
0.266945606694561
0.0442319187089062
0.178959952181709
0.00848774656306037
0.0332337118947998
0.0854751942618051
0.0744769874476987
0.101972504482965
0.0497310221159594
0.14596533173939
0.0524805738194858
0.467662881052002
0.107471607890018
0.00573819485953378
0.148714883442917
0.324686192468619
0.0882247459653317
0.104722056186492
0.156963538553497
0.0579796772265391
0.0902869097429763
0.131873879258816
0.129468021518231
0.0442319187089062
0.137716676628811
0.748117154811715
0.255947399880454
0.0222355050806934
0.0689778840406455
0.0717274357441721
0.775612671846982
0.0359832635983264
0.0497310221159594
0.0992229527794381
0.104722056186491
0.258696951583981
0.000239091452480579
0.129468021518231
0.0964734010759115
0.0689778840406455
0.0964734010759115
0.0902869097429766
0.140466228332337
0.0167364016736402
0.115720263000598
0.0359832635983264
0.034608487746563
0.106010908547519
0.0304841601912732
0.0772265391512253
0.00848774656306037
0.0401075911536163
0.0442319187089062
0.174835624626419
0.214704124327555
0.137716676628811
0.0277346084877466
0.0552301255230126
0.0442319187089062
0.0442319187089062
0.0909742976688584
0.0992229527794381
0.0139868499701136
0.17071129707113
1.18254632396892
0.0909742976688584
0.0964734010759115
0.0414823670053796
0.156963538553497
0.112970711297071
0.111595935445308
0.0373580394500896
0.0167364016736402
0.112970711297072
0.0442319187089062
0.0854751942618051
0.159713090257023
0.126718469814704
0.066228332337119
0.225702331141662
0.0964734010759115
0.011237298266587
0.0964734010759115
0.052480573819486
0.0414823670053796
0.181709503885236
0.0428571428571428
0.0442319187089062
0.15421398684997
0.275194261805141
0.250448296473401
1.16742378959952
0.0957860131500298
0.0194859533771668
0.272444710101614
0.097160789001793
0.0799760908547519
0.0882247459653317
0.0318589360430365
0.464913329348476
0.266945606694561
0.0689778840406455
0.0950986252241479
0.138575911536163
0.214704124327555
0.0964734010759115
0.00848774656306037
0.178959952181709
0.495158398087268
0.0552301255230126
0.0923490735206215
0.0607292289300657
0.440167364016736
0.0827256425582785
0.0772265391512253
0.0744769874476987
0.294441123729827
0.0689778840406455
0.374178123132098
0.0208607292289301
0.00711297071129709
0.0909742976688584
0.144590555887627
0.0992229527794381
0.134967124925284
0.17071129707113
0.0772265391512253
0.123968918111178
0.052480573819486
0.0593544530783024
0.0882247459653317
0.357680812910938
0.189958158995816
0.0827256425582786
0.148714883442917
0.0882247459653319
0.0277346084877466
0.0744769874476987
0.0222355050806934
0.198206814106396
0.440167364016736
0.0944112372982668
0.0277346084877466
1.15505080693365
0.261446503287507
0.0304841601912732
0.123968918111178
0.206455469216976
0.155588762701733
0.225702331141662
0.100597728631201
0.0291093843395099
0.0995666467423791
0.294441123729827
0.313687985654513
0.00848774656306037
0.0937238493723849
0.132217573221757
0.121219366407651
0.0579796772265391
0.0909742976688584
0.107471607890018
0.151464435146444
0.0139868499701136
0.0968170950388522
0.129468021518231
0.468350268977883
0.00573819485953379
0.357680812910938
0.052480573819486
0.156963538553497
0.149402271368799
0.0764961894799761
1.41625821876868
0.130155409444112
0.107471607890018
0.0638224745965333
0.0689778840406455
0.0689778840406456
0.0359832635983264
0.0827256425582786
0.189958158995816
0.134967124925284
0.0442319187089062
0.0139868499701136
0.115720263000598
0.0552301255230126
0.066228332337119
0.0827256425582787
0.0167364016736402
0.0854751942618051
0.249073520621638
0.247698744769875
0.0483562462641961
0.0607292289300657
0.0607292289300657
0.0937238493723849
0.192707710699343
0.132217573221757
0.220203227734608
0.0724148236700538
0.0497310221159594
0.172086072922893
0.181709503885236
0.0469814704124328
0.129468021518231
0.132217573221757
0.330185295875672
1.5729826658697
0.0964734010759115
0.200956365809922
0.0634787806335923
0.0717274357441721
0.0607292289300657
0.0469814704124328
0.143215780035864
0.192707710699342
0.0964734010759116
0.159713090257023
0.330185295875672
0.132217573221757
0.0717274357441721
0.118469814704124
0.143215780035864
0.0923490735206218
0.02498505678422
0.173460848774656
0.0414823670053796
0.176210400478183
0.129468021518231
0.0813508667065151
0.0636506276150627
0.126718469814704
0.156963538553497
0.338433950986252
0.0992229527794381
0.184459055588763
0.28756724447101
0.0992229527794381
0.423670053795577
0.126718469814704
0.0167364016736402
0.130842797369994
0.110221159593545
0.272444710101614
0.0194859533771668
0.112970711297071
0.0139868499701136
0.324686192468619
0.0923490735206217
0.0579796772265393
0.0634787806335923
0.327263897190676
0.0139868499701136
0.101972504482965
0.00573819485953378
0.15421398684997
0.0359832635983264
0.132217573221757
0.217453676031082
0.0717274357441721
0.00573819485953378
0.28344291691572
2.46933652121937
0.0964734010759115
0.011237298266587
0.0277346084877466
0.0854751942618051
0.066228332337119
0.148714883442917
0.0607292289300657
0.0634787806335923
0.0304841601912732
0.0689778840406455
0.0462940824865512
0.0469814704124328
0.118469814704124
0.247011356843993
0.152839210998207
0.0359832635983264
0.0407949790794979
0.0757658398087268
0.112970711297071
0.112970711297071
0.184459055588763
0.310938433950986
0.745367603108189
0.151464435146444
0.02498505678422
0.385176329946204
0.000239091452480579
0.0497310221159594
0.0930364614465033
0.0469814704124328
0.167961745367603
0.121906754333533
0.0964734010759115
0.00573819485953378
0.038732815301853
0.132217573221757
0.134967124925284
0.0552301255230126
0.0799760908547519
0.0456818776150627
0.137716676628811
0.253197848176928
0.112970711297071
0.319187089061566
1.12205618649133
0.0222355050806934
0.104722056186491
0.225702331141662
0.0222355050806934
0.209205020920502
0.132217573221757
0.0772265391512253
0.0662283323371189
0.137716676628811
0.0909742976688584
0.209205020920502
0.0497310221159594
0.0909742976688584
0.113658099222953
0.209205020920502
0.214360430364615
0.0634787806335923
0.222952779438135
0.151464435146444
0.0882247459653317
0.0937238493723849
0.132217573221757
0.0964734010759115
0.368679019725045
0.155588762701733
0.110221159593545
0.750866706515242
0.0497310221159594
0.0634787806335923
0.286192468619247
0.17071129707113
0.066228332337119
0.011237298266587
0.0799760908547519
0.225702331141661
0.0799760908547519
0.034608487746563
0.129468021518231
0.123968918111178
0.123292270621638
2.77178720860729
0.115720263000598
0.0304841601912732
0.0799760908547519
0.00573819485953378
0.132217573221757
0.115720263000598
0.319187089061566
0.0414823670053796
0.0744769874476987
0.126718469814704
0.268320382546324
0.0607292289300657
0.403048416019127
0.107471607890018
0.123968918111178
0.0854751942618051
0.0717274357441721
0.0827256425582785
0.0304841601912732
0.000239091452480579
0.0696652719665272
0.130842797369994
0.15421398684997
0.239450089659295
0.143215780035864
0.0497310221159594
0.0359832635983264
0.101972504482965
0.0717274357441721
0.218828451882845
2.32635983263598
0.242199641362821
0.118469814704124
0.214704124327555
0.0964734010759115
0.0387328153018529
0.228451882845188
0.0634787806335923
0.119844590555888
0.052480573819486
0.126718469814704
0.0414823670053796
0.0717274357441721
0.129468021518231
0.112970711297071
0.15008965929468
0.0882247459653317
0.02498505678422
0.126718469814704
0.0167364016736402
0.0703526598924088
0.418170950388524
0.0139868499701136
0.0359832635983264
0.236700537955768
0.0469814704124328
0.192020322773461
0.214704124327555
0.140466228332337
0.0799760908547519
0.148714883442917
0.137716676628811
0.0682904961147638
0.0442319187089062
0.0277346084877466
0.327435744172146
2.41434548714883
0.0964734010759115
0.0552301255230126
0.0414823670053796
0.198206814106396
0.387925881649731
0.0909742976688584
0.0442319187089062
0.146996413628213
0.297190675433353
0.108846383741781
0.173460848774656
0.442916915720263
0.0772265391512253
0.00848774656306037
0.0579796772265392
0.0579796772265391
0.0909742976688584
0.184459055588763
0.0167364016736402
0.118469814704124
0.148714883442917
0.41267184698147
0.0442319187089062
0.173460848774656
0.2916915720263
0.117095038852361
1.06981470412433
0.137716676628811
0.0834130304841603
0.277943813508667
0.0538553496712493
0.052480573819486
0.181709503885236
0.247698744769874
0.00573819485953378
0.0504184100418411
0.176210400478183
0.0854751942618051
0.132045726240286
0.0957430514046624
0.112970711297071
0.02498505678422
0.17071129707113
0.0552301255230126
0.0277346084877466
0.203705917513449
0.0194859533771668
0.0579796772265391
0.125343693962941
0.0717274357441721
0.198206814106396
0.0318589360430364
0.00298864315600717
0.184459055588763
0.0181111775254035
0.115032875074716
0.0909742976688584
0.0277346084877466
0.0854751942618051
0.0689778840406455
0.0689778840406455
0.101972504482965
0.0758517632994621
0.073789599521817
0.0442319187089062
0.159713090257023
0.189958158995816
0.0442319187089062
0.0854751942618051
0.066228332337119
0.115720263000598
0.211954572624029
0.115720263000598
0.200956365809922
0.0607292289300657
0.118469814704124
0.0304841601912731
0.0772265391512253
0.0359832635983264
0.184459055588763
0.134967124925284
0.206455469216976
0.0964734010759115
0.0579796772265391
0.368679019725045
0.0854751942618051
0.242199641362821
0.28344291691572
0.151099260310819
0.176210400478183
0.118469814704124
0.112970711297071
0.0552301255230126
0.0552301255230126
0.08753735803945
0.123968918111178
0.142700239091452
0.104722056186491
0.200956365809922
0.112970711297071
1.2093544530783
0.163837417812313
0.0167364016736402
0.0579796772265391
0.104636132695756
0.351150627615063
0.238075313807531
0.195457262402869
0.165212193664077
0.0964734010759115
0.0579796772265391
0.00848774656306037
0.137716676628811
0.143215780035864
0.0799760908547519
0.0854751942618051
0.00848774656306037
0.2916915720263
0.117095038852361
0.0854751942618051
0.261446503287507
0.0772265391512253
0.0359832635983264
0.197347579199043
0.0579796772265391
0.316437537358039
0.0882247459653317
0.0359832635983263
0.110221159593545
0.101972504482965
0.112970711297071
0.144590555887627
0.0799760908547519
0.0442319187089062
0.209205020920502
0.209205020920502
0.0689778840406458
0.0744769874476987
0.0222355050806934
0.0744769874476987
0.0139868499701136
0.123968918111178
0.0497310221159594
0.0222355050806934
0.123968918111178
0.0442319187089062
0.110221159593545
0.0827256425582785
0.0854751942618051
0.327435744172146
0.0744769874476988
0.141153616258219
0.16246264196055
0.0277346084877466
0.107471607890018
0.0359832635983263
0.0552301255230126
0.415421398684997
0.139091452480574
0.187208607292289
0.112970711297071
0.211954572624029
0.0744769874476987
0.0937238493723849
0.0909742976688585
0.0469814704124328
0.109533771667663
0.225702331141661
0.115720263000598
0.149402271368799
0.165212193664077
0.0552301255230126
0.0552301255230126
0.222952779438135
0.0951093656604901
0.187208607292289
0.0748206814106395
0.0758517632994623
0.0717274357441721
0.115720263000598
0.261446503287507
0.0304841601912732
0.185833831440526
0.126718469814704
0.0820382546323966
0.242199641362821
0.0882247459653317
0.0579796772265391
0.0799760908547521
0.134967124925284
0.316437537358039
0.0827256425582785
0.110221159593545
0.0799760908547522
0.110221159593545
0.0703526598924089
0.0497310221159594
0.0648535564853556
0.198206814106396
0.196832038254632
0.0222355050806934
0.165212193664077
0.123968918111178
0.129468021518231
0.205768081291094
0.192707710699342
0.0964734010759115
0.463538553496712
0.143215780035864
0.121219366407651
0.16246264196055
1.91117752540347
0.0469814704124328
0.052480573819486
0.134967124925284
0.011237298266587
0.0909742976688584
0.14596533173939
0.011237298266587
0.225702331141662
0.0442319187089062
0.0634787806335923
0.0139868499701136
0.0648535564853557
0.0689778840406455
0.156963538553497
0.115720263000598
0.297190675433353
0.0634787806335923
0.139091452480574
0.0909742976688584
0.0194859533771668
0.129468021518231
0.0139868499701136
0.011237298266587
0.0744769874476987
0.0854751942618051
0.107471607890018
0.891093843395099
0.255947399880454
0.262821279139271
0.258696951583981
0.00848774656306037
1.10555887627017
0.152839210998207
0.0167364016736402
0.0607292289300657
0.02498505678422
0.0689778840406455
0.321936640765093
0.0277346084877466
0.0414823670053796
0.132217573221757
0.123968918111178
0.112970711297071
0.149402271368798
0.0456066945606695
0.0744769874476987
0.0689778840406455
0.107471607890018
0.0497310221159594
0.0689778840406455
1.31452480573819
0.0607292289300657
0.143215780035864
0.0909742976688584
0.266945606694561
0.0401075911536163
0.129468021518231
0.0724148236700538
0.00298864315600717
0.189958158995816
0.0442319187089062
0.0854751942618051
0.17071129707113
0.0937238493723849
0.000239091452480579
0.574208009563658
0.0827256425582785
6.15648535564854
0.151464435146444
0.129468021518231
0.0497310221159594
0.17071129707113
0.194082486551106
0.0772265391512253
0.236700537955768
0.0414823670053795
0.0744769874476987
0.138404064554692
0.0607292289300657
0.0222355050806934
0.112970711297071
0.02498505678422
0.209205020920502
0.321936640765093
0.133764196054991
0.123968918111178
0.0304841601912732
0.0937238493723849
0.157650926479378
0.214704124327555
0.117095038852361
1.17704722056186
0.052480573819486
0.066228332337119
0.0854751942618051
0.0304841601912732
0.0799760908547519
0.0442319187089062
0.0937238493723849
0.724745965331737
0.104722056186491
0.0462940824865511
0.0909742976688584
0.247698744769874
0.148714883442917
0.17071129707113
0.195457262402869
0.139091452480574
0.0744769874476987
0.276569037656904
0.128093245666467
0.0414823670053796
0.0181111775254035
0.104722056186492
0.0717274357441721
0.0194859533771668
0.0964734010759116
0.0772265391512253
0.0744769874476987
0.156963538553497
0.0634787806335923
0.258696951583981
0.352181709503885
0.236013150029886
0.134279736999402
0.0937238493723849
0.0607292289300657
0.112970711297071
0.052480573819486
0.150777047220562
0.0352958756724447
0.156963538553497
0.0359832635983264
0.011237298266587
0.371428571428571
0.132217573221757
0.225702331141661
0.181709503885236
0.038732815301853
0.12912432755529
0.0923490735206219
0.376927674835625
0.129468021518231
0.0854751942618051
0.0772265391512253
0.514405260011955
0.0167364016736402
0.200956365809922
0.0854751942618051
0.000239091452480579
0.154213986849971
0.0545427375971309
0.00848774656306037
0.02498505678422
0.0703526598924089
0.113658099222953
0.140466228332337
0.178959952181709
0.126718469814704
0.0689778840406455
5.13365212193664
0.00573819485953378
0.293066347878064
0.107471607890018
0.153526598924088
0.0359832635983264
0.180334728033473
0.0483562462641961
0.110221159593545
0.296503287507472
0.066228332337119
0.215391512253437
0.0827256425582785
0.0332337118947998
0.0827256425582785
0.0497310221159594
0.140466228332337
0.177585176329946
0.0332337118947998
0.0304841601912732
0.225702331141662
0.159713090257024
0.631261207411836
0.159713090257023
0.0332337118947998
0.0208607292289301
0.115376569037657
0.264196054991034
0.00573819485953378
0.128093245666467
0.0820382546323971
0.0359832635983264
0.132217573221757
0.0933801554094441
0.103347280334728
0.066228332337119
0.052480573819486
0.906216377764493
0.0902869097429767
0.0497310221159594
0.0222355050806934
0.0139868499701136
0.011237298266587
0.0985355648535562
0.456664674237896
0.0734459055588763
0.178959952181709
0.357680812910938
0.148714883442917
0.00573819485953378
0.0772265391512253
0.0304841601912732
0.129468021518231
1.02032277346085
0.200956365809922
0.115720263000598
0.0304841601912732
0.0497310221159594
0.0744769874476987
0.0511057979677226
0.144590555887627
0.913090257023311
0.0552301255230126
0.156963538553497
0.0689778840406455
0.101972504482965
0.0469814704124328
0.011237298266587
0.137716676628811
0.15421398684997
0.0744769874476987
0.0634787806335923
0.0194859533771668
0.187208607292289
0.00298864315600717
0.0813508667065151
0.0634787806335923
0.195715032875074
0.0222355050806934
0.327435744172146
0.0909742976688584
0.187208607292289
0.0304841601912732
0.22501494321578
0.0744769874476989
0.00848774656306038
0.0909742976688584
0.112970711297071
0.104722056186491
0.15421398684997
0.180334728033473
0.254916317991631
2.0074118350269
0.214704124327555
0.02498505678422
0.228451882845188
0.195457262402869
0.0827256425582785
0.0304841601912732
0.14596533173939
0.242199641362821
0.250448296473401
0.00298864315600717
0.198206814106396
0.115720263000598
0.0607292289300657
0.107471607890018
0.17071129707113
0.286192468619247
0.0414823670053796
4.48475791990436
0.0772265391512253
0.123968918111178
0.330185295875672
0.14596533173939
0.0895995218170949
0.0717274357441721
0.167961745367603
0.0552301255230125
0.00298864315600717
0.0607292289300657
0.112970711297071
0.0882247459653317
0.591736401673641
0.0779139270771069
0.217453676031082
0.0841004184100419
0.02498505678422
0.0332337118947998
0.134967124925284
0.0497310221159594
0.000239091452480579
0.126718469814704
0.00573819485953378
0.191332934847579
0.115720263000598
0.220203227734608
0.0854751942618051
0.150089659294681
0.0648535564853557
0.176210400478183
0.104722056186491
0.0799760908547519
0.0531679617453677
0.00298864315600717
0.0634787806335923
0.0579796772265391
0.220203227734608
0.165212193664077
0.00298864315600717
0.129468021518231
0.0359832635983264
0.0579796772265391
0.143215780035864
0.048356246264196
0.128093245666467
0.101972504482965
0.107471607890018
0.0497310221159594
0.134967124925284
0.343933054393305
0.466288105200239
0.163493723849372
0.676628810520024
0.123968918111178
0.0717274357441721
0.0139868499701136
0.0964734010759115
0.123968918111178
0.0799760908547519
0.379677226539151
2.37035265989241
0.699312612074117
0.148714883442917
0.123968918111178
0.0744769874476987
0.40854751942618
0.332934847579199
0.177241482367005
0.110221159593545
0.0469814704124328
0.398924088463837
0.137716676628811
0.122594142259414
0.119500896592947
0.137716676628811
0.220203227734608
0.200956365809922
0.066228332337119
0.150089659294681
0.111595935445308
0.0497310221159594
0.0139868499701136
0.129468021518231
0.15833831440526
0.0964734010759115
0.101285116557083
0.115720263000598
0.102316198445906
0.0222355050806934
0.011237298266587
0.173460848774656
0.181709503885236
0.155588762701733
0.0469814704124328
0.00573819485953378
0.0813508667065154
0.189958158995816
0.00573819485953378
0.14596533173939
0.112970711297071
0.0414823670053796
0.114345487148834
0.0139868499701136
0.110221159593545
0.112970711297071
0.0332337118947998
0.0167364016736402
0.08341303048416
0.0827256425582785
0.137716676628811
0.112970711297071
0.0373580394500896
0.0421697549312612
0.0607292289300657
0.178959952181709
0.209205020920502
0.0208607292289301
0.14596533173939
0.0937238493723848
0.134967124925284
0.0909742976688584
0.185146443514644
0.115720263000598
0.02498505678422
0.176210400478183
0.0579796772265391
0.011237298266587
0.0634787806335923
0.141153616258219
0.222952779438135
0.206455469216976
0.112970711297071
0.134967124925284
0.0744769874476987
0.214704124327556
0.0167364016736402
0.195457262402869
0.0359832635983264
0.0975044829647339
0.0909742976688585
0.225702331141662
0.203705917513449
0.132217573221757
0.101972504482965
0.134967124925284
0.0497310221159594
0.0222355050806934
0.165212193664077
0.180334728033473
0.343933054393305
0.0359832635983264
0.0359832635983264
0.0909742976688584
0.038732815301853
0.0772265391512253
0.0552301255230126
0.0277346084877466
0.0882247459653317
0.0304841601912732
0.0827256425582785
0.104722056186491
0.121219366407651
0.137716676628811
0.0222355050806934
0.0724148236700538
0.137716676628811
0.250448296473401
0.168992827256426
0.115720263000598
0.261446503287507
0.0552301255230126
0.00848774656306037
0.0834130304841601
0.580394500896593
0.00298864315600717
0.00848774656306037
0.214016736401674
0.0277346084877466
0.0744769874476987
0.310938433950986
0.123968918111178
0.140466228332337
0.294441123729827
0.17071129707113
0.0689778840406455
0.0277346084877466
0.324686192468619
0.233950986252241
0.0552301255230126
0.236013150029886
0.104893903167962
0.02498505678422
0.0607292289300658
0.115720263000598
0.0882247459653316
0.404423191870891
0.629886431560072
0.118469814704124
0.011237298266587
0.066228332337119
0.13771667662881
0.0222355050806934
0.038732815301853
0.616138673042439
0.134967124925284
0.0717274357441721
0.00298864315600717
0.0359832635983264
0.159713090257023
0.280693365212194
0.16246264196055
0.106440526001196
0.0841004184100421
0.374178123132098
0.148714883442917
0.0937238493723849
0.0359832635983263
0.16246264196055
0.0772265391512253
0.00298864315600717
0.808607292289301
0.0854751942618051
0.000239091452480579
0.052480573819486
0.052480573819486
0.302002390914524
0.00298864315600717
0.0332337118947998
0.211954572624029
0.104722056186491
0.104722056186491
0.198206814106396
0.0194859533771668
0.107471607890018
0.0751643753735806
0.203705917513449
0.607890017931859
0.349432157800359
0.0469814704124328
0.0854751942618052
0.110221159593545
0.137716676628811
0.151464435146444
0.0579796772265391
0.0717274357441721
0.115720263000598
0.286192468619247
0.118813508667065
0.10403466826061
0.0167364016736402
0.00848774656306037
0.0277346084877466
0.0497310221159594
0.149745965331739
0.16246264196055
0.101972504482965
0.107471607890018
0.214704124327555
0.066228332337119
0.118469814704124
0.0882247459653317
0.558398087268381
0.111252241482367
0.184459055588763
0.0607292289300657
0.0992229527794381
0.29994022713688
0.0710400478182907
0.0139868499701136
0.200956365809922
0.178959952181709
0.052480573819486
0.0744769874476987
0.0744769874476987
0.151464435146444
0.081694560669456
0.132217573221757
0.0194859533771668
0.0744769874476987
0.118469814704124
0.099222952779438
0.173460848774656
0.0964734010759117
0.233950986252242
0.0909742976688584
0.00298864315600717
0.132217573221757
0.0304841601912732
0.0538553496712492
0.0827256425582785
0.0909742976688584
0.332934847579199
0.452540346682606
0.288942020322773
0.0607292289300657
0.0167364016736402
0.0552301255230126
0.106096832038255
0.134967124925284
0.211954572624029
0.17071129707113
0.0208607292289301
0.114345487148835
0.165212193664077
0.107471607890018
0.00848774656306039
1.28565451285116
0.0332337118947998
0.0497310221159594
0.0442319187089062
0.0222355050806934
0.178959952181709
0.00298864315600717
0.0854751942618051
0.159713090257024
0.0497310221159594
0.0827256425582785
0.0469814704124328
0.530902570233114
0.0868499701135686
0.02498505678422
0.0579796772265391
0.269695158398087
0.590017931858934
0.126718469814704
0.192707710699342
0.16246264196055
0.0992229527794379
0.0511057979677228
0.220203227734608
0.0304841601912732
0.0964734010759114
0.253197848176928
0.0731022115959355
0.066228332337119
0.134967124925284
0.14596533173939
0.0813508667065153
0.066228332337119
0.161775254034668
0.156963538553497
0.0607292289300657
0.200956365809922
0.0964734010759115
0.00573819485953378
0.159713090257023
0.02498505678422
0.011237298266587
0.621637776449493
0.214704124327555
0.134967124925284
0.052480573819486
0.200956365809922
0.269695158398087
0.117095038852361
0.0945830842797367
0.618888224745965
0.00573819485953378
0.198206814106396
0.187208607292289
0.0263598326359833
0.0359832635983264
0.112970711297071
0.0552301255230126
0.0744769874476987
0.0634787806335923
0.0359832635983264
0.0909742976688583
0.0456066945606694
0.915839808726838
0.28344291691572
0.0277346084877466
0.247698744769874
0.0813508667065155
0.107471607890018
0.0139868499701136
0.203705917513449
0.148714883442917
0.165212193664077
0.0414823670053796
0.0346084877465631
0.181709503885236
0.203705917513449
0.217453676031082
0.255947399880454
0.02498505678422
0.126718469814704
0.189958158995816
0.0772265391512255
0.0277346084877466
0.464913329348476
0.0689778840406455
1.63347280334728
0.000239091452480579
0.121219366407651
0.134967124925284
0.129468021518231
0.346682606096832
0.618888224745965
0.181709503885236
0.195457262402869
0.163493723849372
0.242199641362821
0.0579796772265392
0.111595935445308
0.0772265391512253
0.0607292289300657
0.0579796772265391
0.244949193066348
0.0304841601912732
0.613389121338913
0.107471607890018
0.132217573221757
0.17071129707113
0.15833831440526
0.0827256425582785
5.30412432755529
0.176897788404064
0.203705917513449
0.101972504482965
0.129468021518231
0.423670053795577
0.0359832635983264
0.192707710699342
0.0779139270771072
0.0937238493723849
0.0854751942618051
0.143903167961745
0.000239091452480579
0.02498505678422
0.0937238493723849
0.0854751942618051
0.0841004184100417
0.0992229527794381
0.0332337118947998
0.107987148834429
0.0937238493723849
0.0868499701135684
1.29802749551703
0.066228332337119
0.0634787806335923
0.0607292289300658
0.117095038852361
0.0222355050806934
0.261446503287507
0.253197848176928
0.200956365809922
0.0607292289300657
0.14132546323969
0.173460848774656
0.085475194261805
0.0937238493723849
0.110221159593545
0.0469814704124328
0.0359832635983264
0.121219366407651
0.475911536162582
1.46575014943216
1.02857142857143
0.101972504482965
0.143215780035864
0.231201434548715
0.0717274357441721
0.119844590555888
2.31398684997012
0.052480573819486
0.132217573221757
0.173460848774656
0.188927077106993
0.101972504482965
0.134967124925284
11.1414225941423
0.0304841601912732
0.0937238493723849
0.000239091452480579
0.134967124925284
0.000239091452480579
0.128780633592349
0.137716676628811
0.0414823670053796
0.0909742976688585
0.068290496114764
0.143215780035864
0.255947399880454
0.178959952181709
0.0799760908547519
0.319187089061566
0.0194859533771668
0.0827256425582785
0.115720263000598
0.148038235953378
0.156963538553497
0.137716676628811
0.0937238493723849
0.132217573221757
0.0359832635983264
0.0332337118947997
0.360430364614465
0.629886431560072
0.0208607292289301
0.188583383144053
0.178959952181709
0.140466228332337
0.0676031081888826
0.112970711297071
0.360430364614465
0.180334728033473
0.052480573819486
0.0937238493723849
0.0978481769276749
0.107471607890018
0.326060968320383
0.0882247459653317
0.0937238493723849
0.239450089659295
0.0717274357441721
0.198206814106396
0.159713090257023
0.011237298266587
0.0937238493723849
0.0799760908547519
0.253197848176928
0.110221159593545
0.0511057979677228
0.17071129707113
0.112970711297071
0.00573819485953378
0.118469814704124
0.148714883442917
0.28344291691572
0.288942020322773
0.0452630005977286
0.173460848774656
0.0609010759115362
0.173460848774656
0.0277346084877466
0.200956365809922
0.0744769874476987
0.0304841601912732
0.0277346084877466
0.0909742976688584
0.0909742976688584
0.0442319187089062
0.16246264196055
0.0277346084877466
0.228795576808129
0.530902570233114
0.205080693365212
0.209205020920502
0.052480573819486
0.101972504482965
0.115720263000598
0.0992229527794381
0.00298864315600717
0.0318589360430365
0.244949193066348
0.066228332337119
0.0167364016736402
0.102659892408847
0.052480573819486
0.132217573221757
0.101972504482965
0.272444710101614
0.0139868499701136
0.0194859533771668
0.0648535564853556
0.0194859533771668
0.191332934847579
0.0497310221159594
0.0194859533771668
0.104722056186491
0.0497310221159594
0.136341900777047
0.423670053795577
0.121219366407651
0.189958158995816
0.0552301255230126
0.110221159593545
1.86168559473999
0.00848774656306037
0.104722056186491
0.0689778840406455
0.0717274357441721
0.125343693962941
0.462163777644949
0.0854751942618051
0.052480573819486
0.0469814704124328
0.110221159593545
0.0579796772265392
0.506156604901375
0.0882247459653317
0.156963538553497
0.629886431560072
0.115720263000598
0.126718469814704
0.126718469814704
0.124914076509265
0.100597728631201
0.17071129707113
0.0139868499701136
0.0139868499701136
0.173460848774656
0.17071129707113
0.126718469814704
0.126718469814704
0.225702331141662
0.0992229527794381
0.17071129707113
0.0139868499701136
0.209205020920502
0.0607292289300657
0.0827256425582785
0.0854751942618051
0.000239091452480579
0.0930364614465032
0.02498505678422
0.220203227734608
0.0139868499701136
0.195457262402869
0.473161984459056
0.129468021518231
1.21829049611476
0.233950986252241
0.0167364016736402
0.066228332337119
0.0799760908547521
0.02498505678422
0.156963538553497
0.220203227734608
0.148714883442917
0.0634787806335923
0.0414823670053796
0.110221159593545
0.103347280334728
0.0689778840406456
0.522653915122535
0.467662881052002
0.00848774656306037
0.143215780035864
0.0332337118947998
0.0442319187089062
0.0222355050806934
0.14596533173939
0.16246264196055
0.255947399880454
0.00848774656306037
2.33735803945009
0.0222355050806934
0.117095038852361
0.16246264196055
0.177928870292888
0.0854751942618051
0.231201434548715
0.0469814704124328
0.148714883442917
0.0517931858936043
0.503407053197848
0.211954572624029
0.383801554094441
0.0799760908547519
0.14596533173939
0.187208607292289
0.165212193664077
0.0139868499701136
0.0359832635983264
0.288942020322773
0.125343693962941
0.128780633592349
0.079976090854752
0.157650926479379
0.0923490735206215
0.101972504482965
0.218828451882845
0.167961745367603
0.0414823670053796
0.349432157800358
0.0909742976688582
0.0634787806335923
0.104722056186491
0.0882247459653317
0.0799760908547519
0.066228332337119
0.0655409444112373
0.266945606694561
0.115720263000598
0.104722056186491
0.00298864315600717
0.258009563658099
0.143215780035864
0.219172145845786
0.13737298266587
0.0648535564853558
0.011237298266587
0.0442319187089062
0.0689778840406455
0.741243275552896
0.0139868499701136
0.0359832635983264
0.242199641362821
0.134967124925284
0.0827256425582785
0.0744769874476987
0.112970711297071
0.0579796772265391
0.211954572624029
0.356306037059176
0.0689778840406455
0.0868499701135685
0.0359832635983264
0.136341900777047
0.00298864315600717
0.0999157109234906
0.111939629408249
0.0988792588164971
0.148714883442917
0.187208607292289
0.0304841601912732
0.123968918111178
0.184459055588763
0.16246264196055
0.167961745367603
0.0937238493723849
0.0304841601912732
2.32086072922893
0.107471607890018
0.0909742976688584
0.0442319187089062
0.0607292289300657
0.0139868499701136
0.0607292289300657
0.209205020920502
0.297190675433353
0.269695158398087
0.0799760908547519
0.17071129707113
0.0937238493723849
0.132217573221757
0.0841004184100421
0.0304841601912732
0.0414823670053796
0.0304841601912732
0.17071129707113
0.205080693365212
0.184459055588763
0.128093245666467
2.38959952181709
0.134967124925284
0.41267184698147
0.269695158398087
0.038732815301853
0.0332337118947998
0.0992229527794381
0.264196054991034
0.118469814704124
0.220203227734608
0.114345487148834
0.0139868499701136
0.176210400478183
0.0909742976688584
0.00573819485953378
0.0937238493723849
0.0882247459653317
0.0772265391512253
0.0442319187089062
0.107471607890018
0.148714883442917
0.066228332337119
0.0359832635983264
0.0607292289300657
0.147340107591154
0.00848774656306037
0.011237298266587
0.192707710699342
0.0669157202630007
0.101972504482965
0.0222355050806934
0.0304841601912732
0.0332337118947998
0.00298864315600717
0.140466228332337
0.00573819485953378
0.0552301255230126
0.247698744769874
0.203705917513449
0.159713090257023
0.0277346084877466
0.209205020920502
0.287567244471011
0.08736551105798
0.0593544530783025
0.0442319187089062
0.104722056186492
0.0497310221159594
0.14596533173939
0.0992229527794382
0.0799760908547519
0.0497310221159594
0.129468021518231
0.316437537358039
0.181709503885236
0.0923490735206218
0.167961745367603
0.0373580394500896
0.14596533173939
0.052480573819486
0.236700537955768
0.217453676031082
0.264196054991034
0.129102846682606
0.107471607890018
0.118469814704124
0.143215780035864
1.04369396294083
0.137716676628811
0.0882247459653317
0.668380155409444
0.0359832635983264
0.31231320980275
0.16246264196055
0.134967124925284
0.258696951583981
0.0359832635983264
0.156963538553497
0.0442319187089062
0.122594142259414
0.148714883442917
0.0665720263000597
0.125343693962941
0.0359832635983264
0.0882247459653317
0.225702331141662
0.0401075911536162
0.0882247459653317
0.206455469216976
0.151464435146444
0.123968918111178
0.354931261207412
0.0304841601912732
0.159713090257023
0.200956365809922
0.231201434548715
0.0621040047818291
0.139778840406455
0.114345487148834
0.075851763299462
0.122594142259414
0.0607292289300657
0.02498505678422
0.209205020920502
0.038732815301853
0.368679019725045
0.0469814704124328
0.0346084877465631
0.0414823670053796
0.165212193664077
0.151464435146444
0.181709503885236
0.0964734010759115
0.0950986252241483
0.121219366407651
0.0827256425582785
0.8498505678422
0.385176329946204
0.239450089659294
0.0579796772265391
0.101972504482965
0.0882247459653316
0.143215780035864
0.28344291691572
0.0806634787806335
0.0771406156604901
0.2916915720263
0.0731022115959354
0.0799760908547519
0.654632396891811
0.0332337118947998
0.423670053795577
0.165212193664077
0.239450089659295
0.15421398684997
0.151464435146444
0.0167364016736402
0.15421398684997
0.0222355050806934
0.0607292289300657
0.110221159593545
0.0937238493723851
0.0854751942618051
0.066228332337119
0.0414823670053796
0.0552301255230126
0.0799760908547519
0.247698744769874
0.0634787806335923
0.0352958756724447
0.103776897788404
0.107471607890018
0.0854751942618051
0.0992229527794381
1.18667065152421
0.0827256425582785
0.294441123729827
0.17071129707113
0.0703526598924088
0.211954572624029
0.0799760908547519
0.0786013150029886
0.0428571428571429
0.0854751942618051
0.00573819485953378
0.0318589360430364
0.0442319187089062
0.0139868499701136
0.0772265391512253
0.113099596533174
0.104722056186492
0.169841321727435
0.129468021518231
0.0827256425582785
0.161947101016139
0.759115361625822
0.0428571428571429
0.0937238493723849
0.253197848176928
0.31300059772863
0.0669157202630003
0.233950986252241
0.271069934249851
0.0634787806335923
0.02498505678422
0.126718469814704
0.011237298266587
0.0607292289300657
0.0359832635983264
0.115720263000598
0.209205020920502
0.0222355050806934
0.0827256425582786
0.126718469814704
0.0772265391512253
0.0937238493723849
0.618888224745965
0.0772265391512253
0.359914823670054
0.0964734010759115
0.0139868499701136
0.0552301255230126
0.02498505678422
0.0992229527794381
0.29994022713688
0.0992229527794381
0.132217573221757
0.153354751942618
0.0899459008891212
0.121219366407651
0.110221159593545
0.0469814704124328
0.136170053795577
0.0304841601912732
0.104722056186491
0.137716676628811
0.110221159593545
0.0359832635983264
0.0559175134488941
4.5919904363419
0.0359832635983264
0.0277346084877466
0.209205020920502
0.0813508667065154
0.0373580394500897
0.000239091452480579
0.107471607890018
0.0648535564853558
0.0139868499701136
0.209205020920502
0.0579796772265391
0.038732815301853
0.107471607890018
0.0727585176329947
0.151464435146444
0.118469814704124
0.118469814704124
0.00573819485953378
0.220203227734608
0.155588762701733
0.132217573221757
0.0717274357441721
0.0710400478182905
0.176210400478183
0.165212193664077
0.0937238493723849
0.112111476389719
0.368679019725045
0.217453676031082
0.15421398684997
0.02498505678422
0.112970711297071
0.0827256425582784
0.052480573819486
0.258696951583981
0.0139868499701136
0.401673640167364
9.00227136879856
0.02498505678422
0.132217573221757
0.115720263000598
0.335684399282726
0.118469814704124
0.110221159593545
0.038732815301853
0.176210400478183
0.0717274357441721
0.0992229527794381
0.0524805738194859
0.0414823670053796
0.187208607292289
0.0607292289300657
0.17071129707113
0.112970711297071
0.0277346084877466
0.448416019127316
0.0222355050806934
0.00848774656306037
0.173460848774656
0.0868499701135683
0.00573819485953378
0.0813508667065153
0.0607292289300657
0.02498505678422
0.137716676628811
0.0497310221159594
0.161087866108787
0.0579796772265391
0.17071129707113
0.114345487148834
0.169336521219366
0.052480573819486
0.20817393903168
0.122594142259414
0.0923490735206217
0.126718469814704
0.112970711297071
0.112970711297071
0.114001793185893
0.110221159593544
0.110221159593545
0.115720263000598
0.126718469814704
0.148714883442917
0.82510460251046
0.316437537358039
1.35576808129109
0.011237298266587
0.0469814704124328
0.0263598326359833
0.28344291691572
0.143215780035864
0.1081589958159
0.137716676628811
0.115720263000598
0.0359832635983264
0.110221159593545
0.118469814704124
0.615451285116556
0.422295277943813
0.195457262402869
0.0304841601912732
0.00848774656306037
0.0497310221159594
3.84961147638972
0.011237298266587
0.191332934847579
1.52624028690974
0.0950986252241482
0.192707710699342
0.121219366407651
0.0304841601912732
0.0442319187089062
0.187208607292289
0.159713090257023
0.0937238493723849
0.0937238493723852
0.011237298266587
0.0744769874476987
0.14596533173939
0.066228332337119
0.0744769874476987
0.104722056186491
0.17071129707113
0.15008965929468
0.104722056186491
0.0167364016736402
0.196832038254632
0.101972504482965
0.066228332337119
0.638135086670651
0.089599521817095
0.0662283323371189
0.264196054991034
0.0854751942618051
0.148714883442917
12.7774058577406
0.16246264196055
0.236700537955768
0.0634787806335923
0.0689778840406455
0.052480573819486
0.038732815301853
0.0799760908547519
0.151464435146444
0.00848774656306037
0.118469814704124
0.561147638971907
0.0744769874476987
0.14596533173939
0.0854751942618051
0.118469814704124
0.29994022713688
0.136341900777047
0.0194859533771668
0.0634787806335925
0.17071129707113
0.148714883442917
0.0909742976688584
0.122594142259414
0.0868499701135687
0.214704124327555
0.0359832635983264
0.143215780035864
0.0607292289300657
0.0304841601912732
0.159713090257023
0.0579796772265391
0.305439330543933
0.0304841601912732
0.066228332337119
0.0717274357441721
0.121219366407651
0.0827256425582785
0.258696951583981
0.0359832635983264
0.130842797369994
0.0744769874476987
0.159713090257023
0.830603705917513
0.066228332337119
0.0634787806335923
0.103347280334728
0.0174237895995218
0.451165570830843
2.98625224148237
0.0875373580394499
0.106096832038254
0.148199342498505
0.125343693962941
0.178959952181709
0.0194859533771668
0.02498505678422
0.0689778840406455
0.052480573819486
0.184459055588763
0.0799760908547519
0.193395098625224
0.0772265391512252
0.143215780035864
0.066228332337119
0.214704124327555
0.0167364016736402
0.249073520621638
0.00848774656306037
0.0359832635983264
0.123968918111178
0.156963538553497
0.115720263000598
0.0153616258218769
0.0717274357441721
0.0445756126718469
0.0772265391512253
0.330185295875672
0.0579796772265391
0.0456066945606695
0.15421398684997
0.29994022713688
0.000239091452480579
0.346682606096832
0.309563658099223
0.100597728631201
0.132217573221757
0.0263598326359833
0.165212193664077
0.0579796772265391
0.118469814704124
0.155588762701734
0.0878810520023909
0.089599521817095
0.123968918111178
0.0359832635983264
0.29994022713688
0.101972504482965
0.192707710699342
0.219515839808726
0.17071129707113
0.0332337118947998
0.134967124925284
0.184459055588763
0.528153018529588
0.0277346084877466
0.231201434548715
0.0717274357441721
0.0992229527794382
0.0497310221159594
0.198206814106396
0.140466228332337
0.0223106881350866
0.000239091452480579
0.0995666467423792
0.132217573221757
0.011237298266587
0.148714883442917
0.101972504482965
0.02498505678422
0.00298864315600717
0.0772265391512253
0.115720263000598
0.321936640765093
0.104722056186491
0.052480573819486
0.132217573221757
0.0827256425582785
0.0937238493723849
0.159713090257023
0.101972504482965
0.128093245666468
0.140466228332337
0.0731022115959357
0.195457262402869
0.129468021518231
0.0799760908547519
0.0414823670053796
0.110221159593545
0.0607292289300657
7.56700537955768
0.119844590555888
0.0827256425582785
0.0854751942618051
0.0222355050806934
0.118469814704124
0.00848774656306037
0.0332337118947998
0.02498505678422
0.106096832038255
0.02498505678422
0.0607292289300657
0.118469814704124
0.0841004184100418
0.0717274357441721
0.0332337118947998
0.011237298266587
0.0304841601912732
0.0359832635983264
0.156963538553497
0.959832635983264
0.272444710101614
0.0992229527794381
0.0882247459653318
0.0854751942618051
0.122594142259414
0.492408846383742
0.151464435146444
0.000239091452480579
0.321936640765093
0.0964734010759115
0.0222355050806934
0.137716676628811
0.0167364016736402
0.0304841601912732
0.0827256425582785
0.114345487148835
0.233950986252241
0.138919605499103
0.0841004184100417
0.0607292289300657
0.211954572624029
0.236700537955768
0.152495517035266
0.220375074716079
0.0552301255230126
0.0332337118947998
0.214704124327555
0.0758517632994621
0.152495517035266
0.176210400478183
0.132217573221757
0.129468021518231
1.23753735803945
0.0607292289300657
0.0497310221159594
0.112970711297071
0.275194261805141
0.0222355050806934
0.0909742976688584
0.129468021518231
0.456664674237896
0.140809922295278
0.0304841601912732
0.286192468619247
0.15421398684997
0.198206814106396
0.0717274357441721
0.176210400478183
0.140466228332337
0.0992229527794381
0.189958158995816
0.17071129707113
0.132217573221757
0.0799760908547522
0.00848774656306037
0.121219366407651
0.0854751942618054
0.192707710699342
0.176210400478183
0.0359832635983264
0.266945606694561
0.0799760908547519
0.0676031081888823
0.0882247459653317
0.173460848774656
0.112970711297071
0.0744769874476987
0.165212193664077
0.011237298266587
0.134967124925284
0.137716676628811
0.192707710699342
0.077913927077107
0.0359832635983264
0.217453676031082
0.310938433950986
0.682127913927077
0.203705917513448
0.0992229527794381
0.456664674237896
0.0442319187089062
0.140466228332337
0.115720263000598
0.275194261805141
0.165212193664077
0.0882247459653317
0.0799760908547519
0.28756724447101
0.0552301255230126
0.0772265391512253
0.0579796772265391
0.242199641362821
0.0538553496712492
0.140466228332337
0.052480573819486
0.0359832635983264
0.0827256425582785
0.011237298266587
0.0277346084877466
0.122594142259414
0.02498505678422
0.0978481769276748
0.0832411835026896
0.132217573221757
0.187208607292289
0.280693365212194
0.217453676031082
0.231201434548715
0.0909742976688584
0.121219366407651
0.0854751942618054
0.231201434548715
0.123968918111178
0.00298864315600717
0.165212193664077
0.16693066347878
0.247698744769874
0.112970711297071
0.0607292289300657
0.00573819485953378
0.101972504482965
0.0909742976688584
0.129468021518231
0.0414823670053796
0.182740585774058
0.0909742976688584
0.0593544530783024
0.0469814704124328
0.165212193664077
0.104722056186492
0.0772265391512253
0.118469814704124
0.0304841601912732
0.151464435146444
0.231201434548715
0.0332337118947998
0.214704124327555
0.0469814704124328
0.115720263000597
0.0139868499701136
0.0332337118947998
0.140466228332337
0.959832635983264
0.143215780035864
0.0978481769276748
0.134967124925284
0.206455469216976
0.155245068738793
0.0841004184100417
0.0291093843395099
0.0332337118947998
0.148714883442917
0.165212193664077
0.140466228332337
0.0332337118947998
0.0827256425582787
0.0689778840406455
0.0689778840406455
9.58792588164973
0.409922295277944
0.0992229527794381
0.0277346084877466
0.123968918111178
0.255947399880454
0.123968918111178
0.0944112372982663
0.129468021518231
0.211954572624029
0.0634787806335923
0.0401075911536162
0.228451882845188
0.214704124327555
0.0497310221159594
0.247698744769874
0.052480573819486
0.0222355050806934
0.0332337118947998
1.1907949790795
0.0909742976688584
0.121219366407651
0.134967124925284
0.0607292289300657
0.0964734010759115
0.0277346084877466
0.0414823670053796
0.194082486551106
0.161087866108787
0.124011879856545
0.0854751942618051
0.15421398684997
0.269695158398087
0.792109982068141
0.0772265391512253
0.0799760908547519
0.0414823670053796
0.383801554094441
0.0359832635983264
0.247698744769874
0.0469814704124328
0.466288105200239
0.038732815301853
0.181709503885236
0.0751643753735804
0.281380753138076
0.184459055588762
0.172086072922893
0.0552301255230126
0.187208607292289
0.0992229527794381
0.175007471607889
0.140466228332337
0.140466228332337
0.184459055588763
0.176210400478183
0.052480573819486
0.0696652719665272
0.137716676628811
0.118469814704124
0.253197848176928
0.0813508667065151
0.0194859533771668
0.0139868499701136
0.206455469216976
0.121219366407651
0.00848774656306037
0.195457262402869
0.079976090854752
0.140466228332337
0.0909742976688584
0.0167364016736402
0.0359832635983264
0.10403466826061
0.134967124925284
0.134967124925284
0.473161984459056
0.0359832635983264
0.107471607890018
0.0937238493723851
0.0167364016736402
0.621637776449492
0.104722056186491
0.101972504482965
0.0964734010759113
0.112197399880454
0.10437836222355
0.121219366407651
0.167961745367603
0.0909742976688584
0.139778840406455
0.115720263000598
0.0579796772265391
0.0854751942618051
0.192707710699342
0.14596533173939
0.110221159593545
0.0992229527794381
0.0559175134488942
0.0607292289300657
0.02498505678422
0.0799760908547519
0.0167364016736402
0.00848774656306037
0.327435744172146
0.115720263000598
0.0552301255230126
0.00298864315600717
0.0497310221159594
0.181709503885236
0.0799760908547519
0.0799760908547519
0.107471607890018
0.101972504482965
0.121219366407651
0.0944112372982665
0.233950986252241
0.0717274357441721
0.0167364016736402
0.503407053197848
0.181709503885236
0.129468021518231
0.0799760908547519
0.118469814704124
0.114861028093245
0.117095038852361
0.0538553496712492
0.0442319187089062
0.0882247459653317
0.137716676628811
1.22104004781829
0.066228332337119
0.0167364016736402
0.203705917513449
0.167961745367603
0.200956365809922
0.147340107591154
0.0359832635983264
0.108846383741781
0.0359832635983264
0.196144650328751
0.0469814704124328
0.0490436341900777
0.0700089659294681
0.192707710699342
0.0497310221159594
0.0414823670053796
0.0799760908547519
0.108846383741781
0.0579796772265391
0.0593544530783024
0.0689778840406455
0.0222355050806934
0.0587046566796173
0.0428571428571428
0.0744769874476987
0.0428571428571429
0.596891811117752
0.101972504482965
0.326060968320383
0.0772265391512253
0.184459055588763
0.189958158995816
0.129468021518231
0.038732815301853
0.101972504482965
0.0772265391512253
0.0359832635983264
0.0359832635983264
0.189958158995816
0.0634787806335923
0.0689778840406455
0.126718469814704
0.132217573221757
0.0889121338912135
0.0414823670053796
0.115720263000598
0.217453676031082
0.484160191273162
0.192707710699342
0.195457262402869
0.148714883442917
0.192707710699343
0.0834130304841601
0.167961745367603
0.139091452480574
0.0222355050806934
0.110221159593545
0.0414823670053796
0.15008965929468
0.131530185295876
0.258696951583981
0.0734459055588764
0.165212193664077
0.390675433353258
0.066228332337119
0.0882247459653317
0.0222355050806934
0.107471607890018
0.481410639569635
0.0552301255230126
0.272444710101614
0.0634787806335924
0.00848774656306037
0.0497310221159594
0.233950986252241
0.297190675433353
0.198206814106396
0.0854751942618051
0.02498505678422
0.137716676628811
0.115720263000598
0.0744769874476987
0.0765391512253436
0.0359832635983264
0.118469814704124
0.16246264196055
0.305095636580992
0.871846981470413
0.266945606694561
0.0909742976688584
0.0277346084877466
0.451165570830843
0.0222355050806934
0.0167364016736402
0.0799760908547519
0.140466228332337
0.132217573221757
0.0909742976688581
0.0222355050806934
0.104722056186491
0.202331141661686
0.137716676628811
0.056604901374776
0.422295277943813
0.0909742976688584
0.198206814106396
0.167961745367603
0.13359234907352
0.148714883442917
0.0634787806335923
0.135310818888225
0.0978481769276748
0.151464435146444
0.0359832635983264
0.37933353257621
0.236700537955768
0.17071129707113
0.0579796772265391
0.0194859533771668
0.00298864315600717
0.123968918111178
0.182912432755529
0.0181111775254035
0.199581589958159
0.115720263000598
0.0772265391512253
0.2916915720263
0.569396294082486
0.119844590555888
0.0971607890017928
0.0950986252241483
0.161087866108787
0.189270771069934
0.0781716975493126
0.0167364016736402
0.159713090257023
0.0497310221159594
0.0497310221159594
0.052480573819486
0.192707710699342
0.0181111775254035
0.186521219366407
0.129468021518231
0.052480573819486
0.632635983263598
0.0937238493723849
0.0428571428571429
0.646383741781231
0.0882247459653317
0.0490436341900777
0.137716676628811
0.129468021518231
0.0717274357441721
0.451165570830843
0.052480573819486
0.110221159593545
0.335684399282726
0.140466228332337
0.0813508667065153
0.141841004184101
0.118469814704124
0.222952779438135
0.228451882845188
0.02498505678422
0.0772265391512253
0.0854751942618051
0.269695158398087
0.0304841601912732
0.0566049013747759
0.066228332337119
0.14596533173939
0.109877465630604
0.0937238493723849
0.0878810520023912
0.0799760908547519
0.250448296473401
0.0428571428571429
0.0937238493723849
0.0689778840406455
0.330185295875672
0.0744769874476987
0.066228332337119
0.123968918111178
0.214704124327555
0.126718469814704
0.118469814704124
0.132217573221757
0.095442319187089
0.104722056186491
0.0937238493723849
0.203018529587567
0.052480573819486
0.0277346084877466
0.0538553496712494
0.0992229527794381
0.0799760908547519
0.0744769874476987
0.0277346084877466
0.0689778840406455
0.0799760908547519
0.104722056186491
0.192707710699342
0.107471607890018
0.0779139270771072
0.206455469216976
0.0992229527794381
0.15421398684997
0.0332337118947998
0.0359832635983264
0.112283323371189
0.126718469814704
0.0607292289300657
0.165212193664077
0.112970711297071
0.126718469814704
0.167961745367603
0.038732815301853
0.356306037059176
0.475911536162582
0.000239091452480579
0.00298864315600717
0.00573819485953378
0.0744769874476987
0.011237298266587
0.200956365809922
6.67340107591154
0.123968918111178
0.0882247459653317
0.0799760908547519
0.126718469814704
0.0277346084877466
0.0882247459653316
0.0332337118947998
0.121219366407651
0.00573819485953378
0.052480573819486
0.0813508667065152
5.74886431560074
0.0964734010759115
0.118469814704125
0.0799760908547519
0.0937238493723849
0.000239091452480579
0.0359832635983264
0.0304841601912732
1.17979677226539
0.122336371787209
0.126718469814704
0.123968918111178
0.203705917513449
0.0359832635983264
0.14596533173939
0.0222355050806934
0.210579796772265
0.0964734010759115
0.140466228332337
0.143215780035864
0.225702331141662
0.327435744172146
0.251135684399282
0.000239091452480579
0.140466228332337
0.0552301255230126
0.15008965929468
0.0772265391512253
0.0717274357441722
0.127405857740586
0.038732815301853
0.0882247459653317
0.217453676031082
0.09991034070532
0.123968918111178
0.42092050209205
0.0772265391512253
0.169852062163778
0.066228332337119
0.0304841601912731
0.184459055588763
0.239450089659295
0.15421398684997
0.0359832635983263
0.0552301255230126
0.178959952181709
0.159713090257023
0.0827256425582785
0.011237298266587
0.0689778840406455
0.0909742976688584
0.00298864315600717
0.129468021518231
0.0607292289300657
0.222952779438135
0.129468021518231
0.118469814704124
0.126718469814704
0.0813508667065153
0.0167364016736402
0.220203227734608
0.211954572624029
1.99503885236103
0.286192468619247
0.0552301255230126
0.0744769874476987
0.107471607890018
0.0579796772265391
0.137716676628811
0.27106993424985
0.0799760908547519
0.217453676031082
0.176210400478183
0.00298864315600717
0.0895995218170951
0.0669157202630008
0.134623430962343
0.0717274357441721
0.118469814704124
0.0772265391512253
0.517154811715481
0.0964734010759115
0.107471607890018
0.101972504482965
0.344620442319187
0.101972504482965
0.0964734010759115
0.29994022713688
0.217453676031082
0.165212193664077
0.159713090257023
0.0442319187089062
0.126718469814704
0.808607292289301
0.110221159593545
0.0882247459653317
0.181709503885236
0.0744769874476987
0.02498505678422
0.0414823670053796
0.0937238493723849
0.0284219964136282
0.0827256425582785
0.0552301255230126
0.192707710699342
0.192707710699342
0.346682606096833
0.0621040047818291
0.0442319187089061
0.192707710699342
0.167961745367603
0.0627913927077107
0.0827256425582785
0.14596533173939
0.0641661685594739
0.0414823670053796
0.038732815301853
0.101972504482965
0.0937238493723849
0.011237298266587
0.0772265391512253
0.02498505678422
0.0772265391512253
0.0882247459653317
0.0662283323371188
0.0827256425582785
0.16246264196055
0.16246264196055
0.107471607890018
0.2916915720263
0.176210400478183
0.16246264196055
0.0607292289300657
0.0139868499701136
0.0813508667065154
0.0586670651524208
0.152839210998207
0.323311416616856
0.0717274357441721
0.0992229527794383
0.198206814106396
0.277943813508667
0.228451882845188
0.266945606694561
0.0772265391512253
0.0703526598924088
0.17071129707113
0.0648535564853558
0.0442319187089062
0.0957860131500299
0.173460848774656
0.011237298266587
0.101972504482965
0.00573819485953378
0.00573819485953378
0.118469814704124
0.110221159593545
0.178959952181709
0.0277346084877466
0.0222355050806934
0.011237298266587
0.062104004781829
0.129468021518231
0.844351464435147
0.0772265391512253
0.00573819485953378
0.209205020920502
0.297190675433353
0.0414823670053796
0.183084279736999
0.178959952181709
0.000239091452480579
0.00848774656306037
0.00298864315600717
0.0469814704124328
0.935086670651524
3.64614465032875
0.110994471010161
0.0277346084877466
0.14596533173939
0.255947399880454
0.107471607890018
0.112970711297071
0.110221159593545
0.0856470412432753
0.107471607890018
0.0909742976688584
0.066228332337119
0.0222355050806934
0.0607292289300657
0.120531978481769
0.104722056186491
0.0607292289300657
0.02498505678422
0.678003586371784
0.14596533173939
0.563897190675433
0.115720263000598
0.0552301255230126
0.156791691572026
0.0139868499701136
0.132217573221758
0.121219366407651
0.118813508667065
0.0497310221159594
0.0772265391512253
0.115720263000598
0.0414823670053796
0.200956365809922
0.0964734010759115
0.0414823670053796
0.440167364016736
0.0937238493723849
0.0607292289300657
0.211954572624029
0.052480573819486
0.211954572624029
0.137716676628811
0.387925881649731
0.222952779438135
0.123968918111177
0.148714883442917
0.30818888224746
0.244949193066348
0.155588762701733
0.159713090257023
0.0277346084877466
0.0139868499701136
0.247011356843993
0.0636506276150627
0.0277346084877466
0.115720263000598
0.115720263000598
0.0304841601912732
0.0497310221159594
0.0139868499701136
0.0277346084877466
0.14596533173939
0.000239091452480579
0.108846383741781
0.0992229527794381
0.255947399880454
0.0277346084877466
0.118469814704124
0.0404512851165571
0.112970711297071
0.0693215780035863
0.0937238493723852
0.0827256425582785
0.052480573819486
0.140466228332337
0.228451882845188
0.195457262402869
0.112970711297071
0.0937238493723849
0.134967124925284
0.0744769874476987
0.0868499701135683
0.159713090257023
0.140466228332337
0.235325762104004
0.0854751942618051
4.91093843395099
0.112970711297071
0.0799760908547522
0.265570830842797
0.0827256425582785
0.0799760908547519
0.0827256425582786
0.0964734010759115
0.0414823670053796
0.665630603705917
0.396174536760311
0.181709503885236
0.214704124327555
0.00298864315600717
0.0799760908547519
0.0895995218170952
0.0552301255230126
0.0772265391512253
0.02498505678422
0.129468021518231
0.0854751942618051
0.052480573819486
0.133592349073521
0.0772265391512255
0.138232217573222
0.17895995218171
0.0318589360430365
0.148714883442917
0.16246264196055
0.052480573819486
0.159025702331142
0.134967124925284
0.139091452480574
0.000239091452480579
0.115720263000598
0.00298864315600717
0.0992229527794384
0.0579796772265391
0.0414823670053796
0.0871936640765092
0.0304841601912732
0.104120591751345
0.0359832635983264
0.110221159593545
0.0304841601912732
0.0717274357441721
0.0909742976688584
0.117782426778243
0.131186491332935
0.0277346084877466
0.02498505678422
0.00848774656306037
0.0786013150029886
0.328810520023909
0.0332337118947998
0.0304841601912732
0.15008965929468
0.113142558278541
0.140466228332337
0.052480573819486
0.0579796772265391
0.0414823670053796
0.140466228332337
0.0442319187089062
0.0497310221159595
0.115720263000598
0.000239091452480579
0.106096832038254
0.0717274357441721
0.0799760908547519
0.0937238493723849
0.164524805738195
1.00657501494322
0.0964734010759115
0.108846383741781
0.134967124925284
0.184459055588763
0.519904363419008
0.0854751942618051
0.011237298266587
0.0909742976688585
0.233950986252241
0.0167364016736402
0.244949193066348
0.0634787806335923
0.0731022115959354
0.0277346084877466
0.0909742976688584
0.0717274357441721
0.166404382098027
0.0634787806335923
0.195457262402869
0.786610878661086
0.0442319187089062
0.084100418410042
0.0882247459653316
0.107471607890018
0.225702331141662
0.0194859533771668
0.123968918111178
0.178959952181709
0.217024058577406
0.134967124925284
0.00573819485953378
0.0992229527794381
0.0497310221159594
0.209205020920502
0.0758517632994621
0.181709503885236
0.159713090257023
0.118469814704124
0.0978481769276752
0.0194859533771668
0.089599521817095
0.0607292289300657
0.189958158995816
0.17071129707113
1.58673042438733
0.0194859533771668
0.0854751942618051
0.800358637178721
0.55839808726838
0.140466228332337
0.156963538553497
0.0751643753735806
0.0222355050806934
0.0827256425582785
0.126718469814704
0.151464435146444
0.286879856545128
0.011237298266587
0.0442319187089062
0.1418410041841
0.115720263000598
0.0222355050806934
0.15421398684997
0.163407800358638
0.0552301255230126
0.011237298266587
0.000239091452480579
0.132217573221757
0.0194859533771668
0.16246264196055
0.112970711297071
0.184459055588763
0.107471607890018
0.0909742976688584
0.0579796772265391
0.0304841601912732
0.319187089061566
0.0662283323371189
0.0304841601912732
0.423670053795577
0.405797967722654
0.0634787806335923
0.00573819485953378
0.0277346084877466
0.0772265391512253
0.181709503885236
0.0964734010759115
0.066228332337119
0.132217573221757
0.0854751942618051
0.206455469216976
0.0222355050806934
0.0497310221159594
0.0717274357441721
0.011237298266587
0.104722056186491
0.0634787806335923
0.0236102809324567
0.115720263000598
0.0414823670053796
0.181709503885236
0.0579796772265391
0.739868499701136
0.0442319187089062
0.0744769874476987
0.0607292289300657
1.21966527196653
0.0469814704124328
0.112970711297071
0.143215780035864
0.187208607292289
0.146652719665272
0.533652121936641
0.220203227734608
0.0985355648535569
0.0676031081888823
0.129468021518231
0.0937238493723849
0.387925881649731
0.107471607890018
0.0359832635983264
0.0882247459653317
0.136341900777047
0.214704124327555
1.06981470412433
0.0717274357441721
2.37035265989241
0.0772265391512253
0.0772265391512253
0.052480573819486
0.052480573819486
0.165212193664077
0.0882247459653317
0.101285116557083
0.302689778840406
0.00848774656306037
0.0566049013747759
0.0607292289300657
0.0909742976688584
7.41028093245666
0.200956365809922
0.00298864315600717
0.0469814704124328
0.23326359832636
0.0497310221159594
0.137716676628811
0.0634787806335923
0.0978481769276751
0.115720263000598
0.0600418410041842
0.140466228332337
0.16246264196055
0.173460848774656
0.0978481769276747
0.738493723849369
0.104722056186491
0.0428571428571429
0.052480573819486
0.0909742976688584
0.112970711297071
0.0332337118947998
0.639509862522415
0.118469814704124
0.16246264196055
0.225702331141662
0.00573819485953378
0.107471607890018
0.390675433353257
0.0414823670053796
0.0992229527794382
0.0167364016736402
0.0854751942618051
0.0359832635983264
0.363179916317992
0.052480573819486
0.0827256425582787
0.277943813508667
0.0359832635983264
0.0414823670053796
0.126718469814704
0.126718469814704
0.302689778840406
0.0744769874476987
0.134967124925284
0.247698744769874
0.133592349073521
0.0827256425582785
0.123968918111178
0.052480573819486
0.196144650328751
0.0579796772265391
0.200956365809922
0.195457262402869
0.0332337118947998
0.066228332337119
0.0748206814106397
0.0882247459653317
0.121219366407651
0.363179916317992
0.129468021518231
0.114345487148835
0.253197848176928
0.0689778840406458
0.066228332337119
0.30818888224746
0.0304841601912732
0.184459055588763
0.0490436341900777
0.0772265391512253
0.0222355050806934
0.211954572624029
0.129468021518231
0.0772265391512253
0.0139868499701136
0.0827256425582785
0.165212193664077
0.0787731619844592
0.0744769874476987
0.143215780035864
0.159025702331142
0.139091452480574
0.0497310221159594
0.052480573819486
0.184459055588763
0.00573819485953377
0.0414823670053796
0.236700537955768
0.0799760908547519
0.0414823670053796
0.271413628212791
0.107471607890018
0.0744769874476987
0.285161386730424
0.261446503287507
0.0854751942618052
0.132217573221757
0.184459055588763
1.39976090854752
0.052480573819486
0.40442319187089
0.0902869097429767
0.112970711297071
0.41267184698147
0.052480573819486
0.258696951583981
0.188583383144052
0.147340107591153
0.0834130304841602
0.00848774656306037
0.02498505678422
0.0332337118947998
0.101972504482965
0.172086072922893
0.0414823670053796
0.0442319187089062
0.126718469814704
0.101972504482965
0.0827256425582785
0.093723849372385
0.0277346084877466
0.0464659294680216
0.0854751942618051
0.0442319187089062
0.255947399880454
0.00298864315600717
0.068591228332337
0.107471607890018
0.254572624028691
0.052480573819486
0.111595935445308
0.187208607292289
0.0841004184100419
0.038732815301853
0.0414823670053796
0.0414823670053796
0.126718469814704
0.0469814704124328
0.151464435146444
0.15421398684997
0.0469814704124328
0.090974297668858
0.217453676031082
0.0174237895995219
0.148714883442917
0.112970711297071
0.338433950986252
0.0964734010759115
0.137716676628811
0.189958158995816
0.038732815301853
0.185146443514644
0.946084877465631
0.066228332337119
0.0139868499701136
0.0607292289300657
0.178959952181709
0.0689778840406455
0.0277346084877466
0.165212193664076
0.0854751942618051
0.156963538553497
0.140466228332337
0.107471607890018
0.011237298266587
0.0689778840406455
0.0607292289300657
0.104722056186491
0.0937238493723849
0.0497310221159594
0.140466228332337
0.121219366407651
0.192707710699342
0.0959578601315001
0.27931858936043
0.0909742976688584
0.118126120741184
0.200956365809922
0.0964734010759113
0.0359832635983264
0.107471607890018
0.066228332337119
0.0634787806335923
0.0837567244471012
0.458039450089659
0.052480573819486
0.286192468619247
0.101972504482965
0.104722056186491
0.0607292289300658
0.15008965929468
0.187208607292289
0.0607292289300657
0.165212193664077
0.294441123729827
0.115720263000598
0.466975493126121
0.104722056186491
0.00848774656306037
0.181709503885236
0.0792887029288701
0.0442319187089062
0.062104004781829
0.187208607292289
0.121219366407651
0.0813508667065153
0.0772265391512253
0.104722056186491
0.00848774656306037
0.0937238493723849
0.200956365809922
0.148714883442917
0.00298864315600717
0.101972504482965
0.038732815301853
0.0868499701135683
0.0772265391512253
0.117095038852361
0.189958158995816
0.038732815301853
0.0937238493723849
0.0799760908547519
0.299252839210998
0.310938433950986
0.0662283323371189
0.117095038852361
0.107471607890018
0.0442319187089062
0.261446503287507
0.110221159593545
0.0744769874476987
0.0909742976688584
0.0421697549312613
0.118469814704124
0.0885684399282724
0.00298864315600717
0.305439330543933
0.108545651524208
0.0414823670053796
0.0937238493723849
0.448416019127316
0.101972504482965
0.139091452480574
0.0882247459653317
0.000239091452480579
0.264883442916916
0.0552301255230126
0.0854751942618051
0.0511057979677227
0.0359832635983264
0.0139868499701136
0.0579796772265391
0.110221159593545
0.0799760908547519
0.0772265391512253
0.02498505678422
0.0799760908547519
0.0469814704124328
0.0194859533771668
0.0992229527794381
0.0827256425582785
0.0925209205020917
0.101285116557083
0.200956365809922
0.0442319187089062
0.0799760908547519
0.132217573221757
0.156963538553497
0.312313209802749
0.134107890017932
0.0359832635983264
0.242199641362821
0.126718469814704
0.0964734010759115
0.112970711297071
0.0981918708906157
0.121219366407651
0.052480573819486
0.128093245666467
0.0579796772265391
0.151120741183503
0.129468021518231
0.398924088463837
0.173460848774656
0.140294381350867
0.376927674835625
0.225702331141662
0.203705917513449
0.706873879258817
0.132217573221757
0.112970711297071
0.118469814704125
0.143215780035864
0.00298864315600717
0.119844590555888
0.0359832635983263
0.649133293484758
0.121219366407651
0.0552301255230126
0.00298864315600717
0.902092050209205
0.192707710699342
0.066228332337119
0.0194859533771668
0.0813508667065152
0.0937238493723849
0.0799760908547519
0.0167364016736402
0.107471607890018
0.0772265391512253
0.0796323968918114
0.225702331141662
0.117095038852361
0.0669157202630007
0.313687985654513
0.0222355050806934
0.156963538553497
0.0799760908547519
0.000239091452480579
0.264196054991034
0.02498505678422
0.178959952181709
0.0167364016736402
1.26778242677824
0.101285116557083
0.148714883442917
0.126718469814704
0.0524805738194861
0.066228332337119
0.0552301255230126
0.239450089659295
0.165212193664077
0.0469814704124328
0.00298864315600717
0.0445756126718469
0.478661087866109
0.0607292289300657
0.0964734010759115
0.0552301255230126
0.173460848774656
0.110221159593545
0.250448296473401
0.143215780035864
0.0964734010759115
0.0689778840406455
0.135654512851166
0.286192468619247
0.0579796772265391
0.156963538553497
0.038732815301853
0.0992229527794381
0.165212193664077
0.0194859533771668
0.118469814704124
0.151464435146444
0.470412432755529
0.0882247459653317
0.0414823670053796
0.167961745367603
0.034608487746563
0.118469814704124
0.00298864315600717
0.132217573221757
0.302689778840406
0.244949193066348
0.107471607890018
0.202331141661685
0.0387328153018529
0.143215780035864
0.038732815301853
0.103347280334728
0.143215780035864
0.143903167961745
0.0497310221159594
0.178959952181709
0.0882247459653317
0.129468021518231
0.02498505678422
0.275194261805141
0.129468021518231
0.052480573819486
0.211954572624029
0.0854751942618051
0.0971607890017935
0.16246264196055
0.0139868499701136
0.0937238493723849
0.156963538553497
0.0621040047818291
0.126718469814704
0.0332337118947998
0.277943813508667
0.0772265391512253
0.753616258218769
0.0442319187089062
0.0878810520023909
0.0882247459653319
0.167961745367603
0.0689778840406455
0.02498505678422
0.211954572624029
0.0593544530783024
9.21673640167364
0.134967124925284
0.0772265391512252
0.122594142259415
0.104722056186491
0.206455469216976
0.148714883442917
0.0937238493723849
0.0724148236700538
0.242199641362821
0.115720263000598
0.0854751942618051
0.280693365212194
0.153354751942618
0.121219366407651
0.0373580394500897
0.0593544530783023
0.599641362821279
0.0277346084877466
0.15421398684997
0.117095038852361
0.321936640765093
0.0277346084877466
0.034608487746563
0.286192468619247
0.360430364614465
0.563897190675433
0.0792887029288701
1.9359234907352
0.0359832635983264
0.0964734010759115
0.211954572624029
0.000239091452480579
0.138060370591751
0.0854751942618051
0.214704124327555
0.0854751942618051
0.253197848176928
0.0277346084877466
0.0497310221159594
0.222952779438135
0.133592349073521
0.15421398684997
0.196144650328751
0.1081589958159
0.222952779438135
0.115720263000598
0.0854751942618051
0.191332934847579
0.185833831440526
0.0277346084877466
0.140466228332337
0.00848774656306037
0.036670651524208
0.00298864315600717
0.0139868499701136
3.06873879258816
2.62331141661686
0.0854751942618051
0.0689778840406455
0.0923490735206217
0.0332337118947998
0.121219366407651
0.143215780035864
13.0688583383144
0.0332337118947998
0.0937238493723849
0.16246264196055
0.122594142259414
0.112970711297071
0.219859533771667
0.0442319187089062
0.2916915720263
0.121219366407651
0.143215780035864
0.0634787806335923
0.330185295875672
0.115720263000598
0.101972504482965
0.264196054991034
0.0167364016736402
0.0772265391512253
0.228451882845188
0.0689778840406455
0.159713090257023
0.000239091452480579
0.0139868499701136
0.17071129707113
0.0689778840406455
0.122937836222355
0.184459055588763
0.203705917513449
0.217453676031082
0.0277346084877466
0.104722056186491
0.038732815301853
0.0909742976688584
0.140466228332337
0.0717274357441721
0.126718469814704
0.02498505678422
0.0964734010759115
0.171054991034071
0.426419605499103
0.217453676031082
0.0414823670053796
0.107471607890018
0.255947399880454
0.0359832635983264
0.220203227734608
0.151464435146444
0.165212193664077
0.169336521219366
0.0194859533771668
1.49324566646742
0.0772265391512253
0.233950986252241
0.156963538553497
0.066228332337119
0.104722056186491
0.0359832635983264
0.143215780035864
0.217453676031082
0.052480573819486
0.110221159593545
0.17071129707113
0.0909742976688584
0.596891811117752
0.0717274357441721
0.156963538553497
0.244949193066348
0.038732815301853
0.199581589958159
0.066228332337119
0.247011356843993
0.140466228332337
0.17071129707113
0.0909742976688584
0.137716676628811
0.148714883442917
0.0607292289300657
0.0552301255230126
0.123968918111178
0.0854751942618051
0.178959952181709
0.0435445307830245
0.0194859533771668
0.742618051404662
3.76437537358039
0.110221159593545
0.165212193664077
0.140466228332337
0.0469814704124328
0.14596533173939
0.0497310221159594
0.0607292289300657
0.0552301255230126
0.855349671249255
0.115720263000598
0.038732815301853
0.187208607292289
0.363179916317992
0.17071129707113
0.123968918111178
0.112970711297071
0.0892558278541544
0.154901374775852
0.15008965929468
0.0194859533771668
0.0689778840406455
0.00848774656306037
0.0552301255230126
4.67585176329946
0.104722056186491
0.129468021518231
0.104722056186491
0.0414823670053796
0.126718469814704
0.121219366407651
0.0607292289300657
0.231201434548715
0.341183502689779
0.110221159593545
0.0194859533771668
0.038732815301853
0.0222355050806934
0.17071129707113
0.194082486551106
0.0607292289300657
0.0194859533771668
0.101972504482965
0.151464435146444
0.0167364016736402
0.0772265391512253
0.118469814704124
0.184459055588763
1.66096832038255
0.14596533173939
0.02498505678422
0.275194261805141
0.0139868499701136
0.0937238493723849
0.203705917513449
0.16246264196055
0.147340107591154
0.110221159593545
0.0277346084877466
0.121219366407651
0.0318589360430365
