16.8577405857741
15.2877465630604
36.4482964734011
19.3295875672445
15.7826658696952
13.5335325762104
9.73640167364017
10.9764494919307
19.0628810520024
15.917393903168
20.1159593544531
14.8918111177525
10.8114763897191
7.69898386132696
15.7854154213987
15.6809324566647
12.7279139270771
20.8170950388524
11.3036461446503
12.2577405857741
13.5967722653915
38.3317393903168
15.9146443514644
10.4952779438135
7.59450089659295
18.9638971906754
10.9297071129707
21.3890017931859
18.768679019725
11.270651524208
22.7665271966527
24.7324566646742
10.1955768081291
26.3052002390915
8.68057381948595
29.8741781231321
14.3226539151225
14.7268380155409
26.3216975493126
29.1427375971309
14.7488344291692
14.4518828451883
21.5182307232516
10.5640167364017
20.4019127316198
23.8223550508069
6.68714883442917
8.11966527196653
12.252241482367
10.6245068738793
17.4653915122534
20.465152420801
22.8077704722056
10.4595337716677
15.8156604901375
13.5527794381351
29.0217573221757
7.23705917513449
10.8197250448296
14.4821279139271
20.6878661087866
20.4789001793186
10.9819485953377
10.9791990436342
18.9803945008966
17.9988045427376
12.3539748953975
11.01494321578
16.4123132098028
8.84279736999402
8.21315002988643
14.1301852958757
18.1885236102809
10.3715481171548
26.2969515839809
15.5736999402271
17.8475791990436
25.9890017931859
13.2530783024507
15.0952779438135
12.9616258218769
24.1523012552301
16.3023311416617
14.8340705319785
11.3833831440526
12.7141661685595
14.2319187089062
14.2539151225344
9.07375971309026
21.498983861327
16.5332934847579
18.4689778840406
19.3048416019127
16.75325762104
22.2001195457262
18.2050209205021
16.6845188284519
15.0320382546324
15.7881649731022
11.4438732815302
21.504482964734
14.7185893604304
20.7593544530783
20.1242080095637
11.6775851763299
12.873640167364
16.4838015540944
14.0806933652122
14.9000597728631
13.5390316796175
24.2787806335923
7.79521817095039
12.9451285116557
73.4462044231919
12.507949790795
34.2925881649731
10.8389719067543
9.94261805140466
14.9495517035266
12.0625224148237
10.3440526001195
17.9190675433353
12.5519426180514
7.63574417214585
15.0485355648536
11.6555887627017
14.3089061566049
8.55409444112373
14.5481171548117
10.5255230125523
17.1629408248655
10.9159593544531
9.39820681410639
9.83538553496713
13.6600119545726
17.2454273759713
13.1595935445308
11.7188284518828
9.04076509264794
15.0017931858936
12.7361625821877
20.1489539748954
24.8506873879259
14.7983263598326
16.2638374178123
6.19497907949791
18.0400478182905
7.73197848176928
17.6111177525403
23.0524805738195
0.0497310221159594
19.1838613269576
23.2092050209205
7.81446503287507
18.2050209205021
18.7576808129109
16.2858338314405
9.70340705319785
17.061207411835
12.0185295875672
14.8423191870891
12.0102809324567
15.1282725642558
14.3061566049014
18.3727435744172
14.8560669456067
12.3182307232516
11.7628212791393
13.5912731619845
10.393544530783
18.6916915720263
10.4375373580394
11.7160789001793
16.3408248655111
21.1470412432756
12.2962343096234
10.2615660490137
12.0267782426778
15.0017931858936
13.1568439928273
14.4821279139271
110.548714883443
12.9836222355051
9.81063956963538
10.0141063956964
24.3915122534369
8.35062761506276
8.52384937238494
16.3133293484758
22.0653915122534
14.935803945009
16.6460251046025
9.84913329348476
38.5517035265989
12.8708906156605
14.1274357441721
8.97202630005977
15.2437537358039
13.7067543335326
10.5475194261805
13.2035863717872
19.0793783622236
15.040286909743
11.5731022115959
12.0157800358637
10.7922295277944
19.4698147041243
11.3833831440526
19.6485355648536
16.0383741781231
6.95385534967125
14.4876270173341
12.2302450687388
12.8021518230723
25.5188284518828
10.0471010161387
41.1114763897191
13.9322175732218
11.2816497310221
14.5371189479976
12.0735206216378
10.9599521817095
36.3906156604901
16.9182307232516
15.975134488942
20.9573221757322
20.5393903167962
19.12337118948
17.7156007172744
12.9341303048416
14.9990436341901
21.5237298266587
10.9544530783024
16.074118350269
23.5886431560072
13.698505678422
11.6445905558876
16.747758517633
21.655708308428
22.0818888224746
13.4702928870293
15.6561864913329
11.1634190077705
7.42127913927077
20.1874476987448
15.1007770472206
17.0227136879857
10.602510460251
13.2585774058577
22.0763897190675
232.021219366408
13.6710101613867
13.90747160789
17.9768081291094
16.8879856545128
11.996533173939
9.5439330543933
14.784578601315
11.5126120741183
28.3068738792588
11.8618051404662
27.2702928870293
16.9264793783622
20.0609683203825
16.387567244471
27.0420800956366
13.5637776449492
9.34046622833234
19.233353257621
30.4596533173939
10.8609683203825
22.7390316796175
17.6991034070532
10.7564853556485
16.8687387925882
15.3647340107591
13.9872086072923
13.5142857142857
27.5892408846384
0.0854751942618051
16.7340107591154
6.91261207411835
16.1153616258219
15.9613867304244
23.937836222355
15.6589360430365
15.197011356844
14.6388523610281
9.51368798565451
15.2080095636581
17.3224148236701
9.64016736401673
18.6339509862522
14.4573819485953
20.5448894202032
11.6638374178123
23.3219366407651
10.5282725642558
8.38087268380155
12.0267782426778
11.1056784219964
10.7234907352062
11.8535564853556
23.9598326359833
11.0589360430365
19.7860131500299
13.1485953377167
19.2168559473999
11.8535564853556
19.0408846383742
10.2505678421996
16.2885833831441
14.6580992229528
10.8142259414226
17.8475791990436
14.1219366407651
12.2632396891811
23.937836222355
15.9393903167962
16.3215780035864
14.1136879856545
12.8406455469217
21.5677226539151
11.2761506276151
14.2236700537956
11.5401075911536
18.8319187089062
12.3292289300658
9.47244471010161
11.6335923490735
18.3067543335326
24.089061566049
9.76664674237896
17.0529587567244
18.8951583980873
16.7175134488942
0.151464435146444
16.591034070532
17.3224148236701
21.5072325164375
16.6322773460849
11.5895995218171
187.250149432158
14.9028093245666
33.8801554094441
11.9057979677227
13.3300657501494
15.0072922893007
11.6143454871488
17.055708308428
11.8893006575015
9.31846981470412
16.9732217573222
17.9190675433353
13.3795576808129
10.9187089061566
6.12898983861327
13.7727435744172
13.5637776449492
36.8744769874477
10.7757322175732
16.6625224148237
22.3320980274955
23.8306037059175
20.0087268380155
30.0005977286312
18.8869097429767
29.2692169754931
9.24698147041243
12.8021518230723
12.560191273162
12.9066347878063
11.9415421398685
7.02259414225941
20.3249252839211
24.4162582187687
25.7057979677227
9.15624626419605
13.6765092647938
10.6465032875075
10.1103407053198
16.9732217573222
19.3570830842797
10.4609085475194
11.0396891811118
8.54584578601315
14.4051404662283
13.5775254034668
11.4411237298267
20.7703526598924
10.1185893604304
14.4491332934848
27.8861924686192
7.95744172145846
11.7215780035864
16.0411237298267
14.0174536760311
15.6204423191871
25.2136282127914
23.6958756724447
23.1267184698147
15.7496712492528
24.7709503885236
17.3059175134489
16.4095636580992
15.8898983861327
14.0806933652122
10.4127913927077
23.9763299462044
10.9846981470412
9.26897788404064
10.7922295277944
12.298983861327
13.7287507471608
19.1866108786611
10.2615660490137
13.7919904363419
14.8450687387926
8.2818888224746
13.0551105797968
17.9163179916318
22.4695756126718
20.8335923490735
16.4700537955768
13.4455469216975
11.0699342498506
21.347758517633
15.7826658696952
13.9102211595935
12.6454273759713
31.4991034070532
12.1615062761506
12.8461446503288
16.7395098625224
13.4455469216975
10.3687985654513
9.92887029288703
11.7518230723252
13.4812910938434
16.3958158995816
9.92337118947998
11.683084279737
10.0361028093246
15.0265391512253
26.4151823072325
10.957202630006
13.8662283323371
13.0936043036461
11.8288105200239
19.4505678421996
19.9592349073521
10.5337716676629
15.4197250448296
10.9956963538553
17.5836222355051
12.716915720263
16.6267782426778
15.1530185295876
19.5083084279737
12.8186491332935
31.7136879856545
13.8442319187089
16.9979677226539
9.23873281530185
16.5030484160191
10.3632994620442
8.51835026897788
24.4630005977286
14.5453676031082
11.8838015540944
19.2498505678422
17.1161984459056
22.021398684997
10.5667662881052
21.8811715481172
20.9655708308428
10.5887627017334
13.489539748954
40.6772265391512
13.3190675433353
36.4536760310819
9.75839808726838
20.9078302450687
11.3806335923491
22.0488942020323
21.8591751344889
19.0986252241482
10.335803945009
13.7287507471608
17.6688583383144
14.7268380155409
9.79964136282128
38.4775851763299
11.9332934847579
16.3518230723252
13.4922893006575
12.4749551703527
21.9471607890018
35.6673640167364
15.1392707710699
30.1628810520024
11.7573221757322
25.169635385535
16.9264793783622
14.581111775254
10.1350866706515
25.2823670053796
21.3725044829647
10.44578601315
23.4346682606097
7.60274955170353
19.2113568439928
8.77680812910938
9.34871488344292
15.6259414225941
12.7471607890018
10.8884638374178
13.8112372982666
23.3219366407651
18.9061566049014
15.9861326957561
14.0559473998805
20.7703526598924
34.1578003586372
12.5464435146444
13.134847579199
19.5687985654513
10.7262402869097
22.8242677824268
11.8783024506874
12.3594739988045
38.8816497310221
8.44961147638972
31.842797369994
16.2775851763299
18.2325164375374
20.0967124925284
12.920382546324
12.0597728631201
11.5895995218171
17.8448296473401
14.0476987447699
12.8378959952182
9.67041243275553
13.1018529587567
15.0237895995218
18.7219366407651
8.17465630603706
15.5682008368201
19.7860131500299
9.89862522414824
16.0603705917513
7.99868499701136
12.2439928272564
13.6765092647938
20.7703526598924
14.4903765690377
21.5924686192469
15.6534369396294
12.5216975493126
17.7430962343096
13.4015540944411
15.0485355648536
11.1854154213987
20.1984459055589
16.8824865511058
19.5083084279737
11.5236102809325
10.5117752540347
19.8630005977286
19.1563658099223
13.0468619246862
13.541781231321
19.6347878063359
16.4453078302451
22.9809922295278
12.716915720263
8.33687985654513
20.569635385535
12.4007172743574
11.6060968320383
12.5299462044232
11.1359234907352
16.2775851763299
15.0842797369994
22.851763299462
20.6466228332337
0.00298864315600717
25.0101613867304
14.0999402271369
29.2637178720861
17.7183502689779
15.9723849372385
27.4407650926479
18.4414823670054
12.7554094441124
12.3924686192469
11.9470412432756
20.3029288702929
12.7389121338912
14.3748953974895
15.1557680812911
18.3589958158996
8.12791392707711
45.3182904961148
20.1379557680813
18.8429169157203
10.7317393903168
23.3384339509862
9.31297071129707
14.9770472205619
18.7356843992827
43.0774058577406
27.1548117154812
8.52384937238494
12.0075313807531
21.295517035266
9.90412432755529
17.0144650328751
13.6215182307233
16.9869695158398
15.8761506276151
14.8478182904961
14.6003586371787
34.0645546921698
19.9674835624626
14.4381350866707
9.13699940227137
36.4593544530783
23.3989240884638
16.8577405857741
0.0634787806335923
21.5759713090257
23.5364016736402
7.64674237895995
23.6876270173341
16.2858338314405
11.7545726240287
9.15899581589958
15.7331739390317
12.5849372384937
13.5362821279139
17.7238493723849
14.5948595337717
11.3888822474597
10.544769874477
13.4730424387328
9.53018529587567
21.3450089659295
18.4607292289301
22.2468619246862
22.6675433353258
15.7936640765093
13.7919904363419
17.1106993424985
10.7949790794979
16.7615062761506
15.04578601315
18.1967722653915
16.1483562462642
17.578123132098
28.328870292887
13.9239689181112
18.1555289898386
10.3990436341901
20.9958158995816
29.9979079497908
21.9279139270771
12.9451285116557
8.38087268380155
15.2080095636581
10.033353257621
16.0631201434549
19.3158398087268
15.713927077107
15.8843992827256
19.7777644949193
15.1227734608488
19.593544530783
13.2668260609683
11.4603705917513
18.3782426778243
26.8331141661686
16.1153616258219
39.8825463239689
13.849731022116
13.7672444710102
14.6113568439928
16.7312612074118
12.1780035863718
14.2346682606097
10.0635983263598
13.4400478182905
9.58792588164973
20.8418410041841
16.1895995218171
10.3715481171548
13.541781231321
17.7183502689779
16.382068141064
16.126359832636
16.0026300059773
17.932815301853
9.79689181111775
14.0614465032875
41.5872683801554
14.3336521219366
9.58242677824268
22.6290496114764
11.2953974895397
27.5424985056784
18.1197848176928
13.6105200239091
18.9501494321578
14.8093245666467
13.1375971309026
12.147758517633
30.7208607292289
10.6987447698745
18.2187686790197
25.7415421398685
9.38995815899582
15.3977286312014
10.44578601315
17.7183502689779
15.1695158398087
12.8708906156605
8.76306037059175
20.1352062163778
19.3350866706515
19.8739988045427
12.7444112372983
8.83729826658697
15.2602510460251
12.1450089659295
14.2896592946802
18.9446503287507
11.7215780035864
20.0362223550508
9.26072922893007
19.8080095636581
13.5500298864316
11.5126120741183
21.1250448296473
13.90747160789
12.9808726838016
14.262163777645
15.2547519426181
14.1494321578004
7.59175134488942
11.5428571428571
13.8964734010759
109.099820681411
13.0056186491333
10.2670651524208
11.8893006575015
10.1460848774656
18.7081888822475
16.7615062761506
13.7699940227137
15.3674835624626
21.1415421398685
12.5409444112373
14.5013747758518
15.2904961147639
10.4952779438135
13.3053197848177
13.5115361625822
9.35421398684997
14.7653317393903
19.9619844590556
11.3008965929468
16.8109982068141
11.212910938434
29.1234907352062
15.9641362821279
13.6270173341303
12.4227136879857
19.0161386730424
19.3928272564256
19.9647340107591
22.4833233711895
64.5185295875672
19.6622833233712
36.6709503885236
13.9707112970711
22.9534967124925
14.2566646742379
11.2569037656904
20.3331739390317
19.750268977884
11.5428571428571
17.4406455469217
15.2904961147639
21.8729228930066
10.2780633592349
97.4471010161387
11.9882845188285
12.5381948595338
12.5766885833831
16.7037656903766
12.5684399282726
16.2445905558876
12.0240286909743
22.8545128511656
10.1020920502092
18.3315002988643
14.0834429169157
17.4543933054393
21.5677226539151
15.0732815301853
20.0719665271967
13.7864913329348
15.6754333532576
11.2843992827256
10.9819485953377
22.4228332337119
16.648774656306
8.86204423191871
12.7251643753736
14.3831440526001
11.3393903167962
16.027375971309
20.6521219366408
20.110460251046
17.5148834429169
19.483562462642
17.8283323371189
16.7670053795577
17.6606096832038
7.94369396294082
12.2797369994023
11.0809324566647
15.150268977884
16.7670053795577
15.7634190077705
13.0056186491333
11.2211595935445
11.5153616258219
10.8857142857143
15.0760310818888
16.0191273161984
13.5060370591751
16.3683203825463
16.0246264196055
14.4271368798565
17.9768081291094
15.2575014943216
9.99210998206814
9.56317991631799
10.5942618051405
11.2679019725045
46.4043634190078
10.9764494919307
10.8444710101614
18.4799760908548
18.0620442319187
20.7098625224148
18.6202032277346
14.0889420203228
16.9924686192469
10.498027495517
19.1068738792588
12.6921697549313
10.753735803945
17.4406455469217
10.9462044231919
17.8503287507472
28.4443514644351
11.578601315003
21.1195457262403
34.1195457262403
27.1548117154812
10.8389719067543
14.3886431560072
17.1024506873879
7.69623430962343
19.0876270173341
16.5607890017932
8.62833233711895
12.6839210998207
13.1101016138673
8.80705319784817
17.7843395098625
22.2551105797968
9.21673640167364
11.8618051404662
9.16174536760311
27.7982068141064
10.7702331141662
21.5209802749552
10.7509862522415
10.0993424985057
12.1890017931859
18.7439330543933
12.2687387925882
13.0496114763897
27.5947399880454
16.1126120741184
13.2365809922295
13.2943215780036
11.683084279737
25.9945008965929
17.6936043036461
18.4524805738195
22.3430962343096
8.46610878661088
9.71440526001195
17.734847579199
14.7240884638374
22.8160191273162
42.7035265989241
10.0608487746563
13.2613269575613
10.6162582187687
16.6130304841602
16.9869695158398
12.2412432755529
15.8459055588763
13.8607292289301
12.6591751344889
0.0854751942618051
13.5665271966527
36.3329348475792
23.4869097429767
12.925881649731
12.5904363419008
16.648774656306
19.3543335325762
16.9292289300658
10.9159593544531
20.1682008368201
22.4365809922295
13.2035863717872
12.7774058577406
16.6212791392708
10.7372384937238
64.9913329348476
10.3440526001195
20.2561864913329
21.8839210998207
19.285594739988
20.1764494919307
14.5123729826659
12.3704722056187
13.3919306634788
12.0817692767484
10.7097429766886
17.8778242677824
15.2932456664674
18.6614465032875
10.6959952181709
10.5585176329946
15.2190077704722
18.7961745367603
15.6589360430365
13.1925881649731
11.8178123132098
16.8082486551106
22.5438135086671
19.0518828451883
11.9305439330544
11.9772863120143
16.7367603108189
14.6608487746563
15.0100418410042
10.0388523610281
10.6630005977286
11.2486551105798
12.4117154811715
18.8951583980873
15.8376569037657
19.5605499103407
8.26539151225344
24.0505678421996
13.6160191273162
17.6138673042439
24.2815301852959
9.76114763897191
12.5354453078302
11.6143454871488
9.44769874476987
13.3218170950389
12.0350268977884
19.3268380155409
11.7848176927675
10.4870292887029
12.1367603108189
16.1813508667065
10.3385534967125
15.0347878063359
12.6564255827854
16.6817692767484
30.2289300657501
8.18565451285117
21.1167961745368
9.84913329348476
20.1077106993425
17.98505678422
15.6891811117753
20.3084279736999
24.9936640765093
55.2662881052002
35.5050806933652
10.910460251046
18.606455469217
16.0878661087866
9.26347878063359
13.0138673042439
16.852241482367
16.2995815899582
0.0304841601912732
8.46610878661088
14.2484160191273
10.4155409444112
20.2369396294082
23.2449491930663
17.7375971309026
16.2088463837418
7.18206814106396
17.9355648535565
18.2792588164973
9.97836222355051
12.7416616855947
17.2454273759713
9.69790794979079
16.84674237896
21.4687387925882
10.2120741183503
27.5837417812313
9.60992229527794
10.4677824267782
12.5849372384937
11.5098625224148
12.5244471010161
12.1092647937836
13.0853556485356
17.8145845786013
21.5704722056186
20.5971309025702
20.5723849372385
19.69252839211
15.0952779438135
9.8326359832636
24.6224745965332
15.2630005977286
11.9855349671249
17.4268977884041
13.0001195457262
23.4649133293485
34.8344291691572
19.0931261207412
14.4683801554094
11.8040645546922
27.1520621637776
21.7546921697549
9.27722653915122
22.4613269575613
13.1870890615661
26.7121338912134
19.3570830842797
16.8164973102212
13.7342498505678
23.5803945008966
13.8222355050807
20.5916317991632
20.4404064554692
12.664674237896
20.0169754931261
22.8875074716079
13.7177525403467
11.9690376569038
20.7676031081889
17.630364614465
25.0019127316198
16.7890017931859
18.298505678422
19.1948595337717
21.96915720263
15.3289898386133
10.7427375971309
11.7105797967723
19.0931261207412
8.28463837417812
15.7826658696952
12.6839210998207
17.8063359234907
11.0066945606695
13.0908547519426
17.4516437537358
21.6282127913927
11.8673042438733
14.7405857740586
16.7037656903766
25.1503885236103
12.6371787208607
13.8194859533772
15.865152420801
15.9806335923491
22.4420800956366
20.3551703526599
9.78314405260012
15.4747160789002
27.6662283323371
15.8404064554692
13.5500298864316
14.1741781231321
9.89862522414824
17.8503287507472
10.0003586371787
14.4876270173341
14.4958756724447
14.3281530185296
14.5398684997011
21.8261805140466
22.4173341303048
11.996533173939
10.7179916317992
19.3433353257621
20.1132098027496
11.9195457262403
13.8882247459653
12.0212791392708
16.7670053795577
24.3695158398087
23.5281530185296
11.834309623431
12.7444112372983
10.6822474596533
19.4973102211596
12.8049013747759
16.0191273161984
14.9055588762702
20.6631201434549
12.9066347878063
10.6162582187687
12.0707710699342
16.7037656903766
11.9360430364614
14.3583980872684
15.202510460251
13.1210998206814
14.9797967722654
12.5876867901972
65.1700537955768
18.194022713688
15.6424387328153
13.6132695756127
11.4466228332337
9.74190077704722
22.1753735803945
10.3303048416019
11.8260609683204
8.02618051404662
21.1552898983861
14.0284518828452
24.9414225941423
13.5747758517633
15.3179916317992
16.0631201434549
11.9277943813509
27.5892408846384
10.2753138075314
14.8093245666467
12.7114166168559
15.4774656306037
17.3609085475194
12.6041841004184
8.27364016736402
13.1375971309026
16.7862522414824
13.3520621637776
9.8848774656306
14.7598326359833
16.3325762104005
40.9216975493126
7.97118947997609
12.6014345487149
12.6674237895995
11.9057979677227
35.8900179318589
22.1588762701733
20.8555887627017
32.5603705917513
11.5758517632995
9.9673640167364
17.7485953377167
19.901494321578
18.1967722653915
12.24674237896
12.7251643753736
13.3355648535565
15.5297071129707
17.36915720263
17.5863717872086
17.578123132098
22.4145845786013
15.4032277346085
22.5548117154812
12.2247459653317
18.7356843992827
16.8742378959952
16.8494919306635
13.3025702331142
17.0337118947998
19.1398684997011
8.77405857740586
9.49719067543335
13.4757919904363
15.7964136282128
13.9844590555888
9.82988643156007
15.348236700538
25.1063956963539
17.217931858936
12.3594739988045
15.1915122534369
9.68965929468021
16.3793185893604
35.8407053197848
16.2803347280335
19.3158398087268
16.2555887627017
34.3834429169157
16.5002988643156
12.2879856545129
13.6875074716079
15.4362223550508
16.9704722056186
13.6655110579797
17.682606096832
8.21315002988643
12.6811715481172
14.424387328153
10.3495517035266
18.8704124327555
20.5806335923491
17.8833233711895
19.7475194261805
12.7416616855947
9.22498505678422
23.2312014345487
10.5860131500299
7.58075313807531
18.4277346084877
6.97310221159593
11.636341900777
19.8575014943216
26.2392109982068
12.4722056186491
16.6652719665272
10.544769874477
15.9778840406455
14.7048416019127
10.4815301852959
12.9918708906157
13.2145845786013
17.6138673042439
10.8252241482367
12.455708308428
10.962701733413
15.2712492528392
12.5959354453078
67.7080095636581
10.3028093245666
11.3641362821279
14.0669456066946
15.8211595935445
17.520382546324
11.3971309025702
16.329826658697
9.34046622833234
67.8535564853556
14.4298864315601
24.7434548714883
11.1606694560669
14.784578601315
22.3678421996414
21.4742378959952
17.4598924088464
17.7265989240885
10.4237895995218
13.959713090257
34.3311416616856
10.9077106993425
14.0504482964734
14.0449491930663
22.1396294082487
21.2020322773461
10.5420203227735
41.0866706515242
12.6041841004184
17.0309623430962
14.0229527794381
9.94811715481171
11.3586371787209
8.91428571428571
13.6187686790197
17.3774058577406
37.0035863717872
16.9374775851763
12.873640167364
12.7361625821877
12.8351464435146
10.9599521817095
12.4584578601315
11.7325762104005
9.47519426180514
13.8222355050807
15.3647340107591
65.1096832038255
17.4626419605499
15.4114763897191
9.93436939629408
17.0914524805738
6.54692169754931
18.2957561267185
16.4535564853556
11.5676031081889
11.735325762104
9.89862522414824
8.66132695756127
28.7110579796772
9.15349671249253
26.3216975493126
15.4279736999402
12.5024506873879
15.2080095636581
16.9154811715481
14.9660490137478
28.9860131500299
18.0125523012552
12.560191273162
18.8071727435744
11.1029288702929
12.1175134488942
13.9679617453676
24.8396891811118
10.1048416019127
28.1996413628213
16.9017334130305
13.855230125523
8.22139868499701
9.09025702331142
14.1824267782427
12.4859533771668
9.32121936640765
20.2644351464435
12.7719067543335
23.2751942618051
13.802988643156
18.658696951584
9.19473998804543
12.0790197250448
12.4804542737597
26.4289300657502
17.8420800956366
9.34871488344292
11.944291691572
21.0480573819486
15.0732815301853
14.7983263598326
24.553735803945
9.84638374178123
43.7979677226539
20.6466228332337
12.4144650328751
14.2814106395696
13.0221159593545
17.5038852361028
22.0323968918111
23.618888224746
18.6724447101016
16.4288105200239
18.1445307830245
9.68141063956963
47.7405857740586
30.7925881649731
11.1771667662881
12.2329946204423
15.3592349073521
10.3303048416019
10.2698147041243
16.4178123132098
30.0884638374178
15.504961147639
32.9754931261207
11.4988643156007
24.6609683203825
13.6627615062762
13.8799760908548
18.5514644351464
20.9765690376569
12.9286312014345
28.6148236700538
11.4411237298267
21.2267782426778
8.35062761506276
11.2101613867304
11.317393903168
17.5973699940227
13.082606096832
10.3440526001195
13.8222355050807
10.0883442916916
11.1771667662881
12.560191273162
12.1670053795577
13.6352659892409
13.2090854751943
8.86204423191871
10.027854154214
15.8156604901375
12.0460251046025
10.910460251046
13.1156007172744
18.1775254034668
11.2459055588763
19.5275552898984
15.61494321578
10.7399880454274
16.9924686192469
14.3638971906754
16.7615062761506
16.5855349671249
16.5415421398685
14.8423191870891
26.5416616855947
9.86288105200239
12.0817692767484
21.2405260011955
10.7564853556485
11.8150627615063
11.1991631799163
24.7517035265989
12.9451285116557
18.5377166766288
15.2547519426181
23.2751942618051
10.9242080095637
12.147758517633
12.0735206216378
12.2659892408846
11.0341900777047
12.3264793783622
14.366646742379
13.8964734010759
11.9497907949791
58.329348475792
12.716915720263
15.0017931858936
14.4436341900777
16.4590555887627
13.1760908547519
17.5286312014345
22.5988045427376
18.9528989838613
18.2765092647938
18.0730424387328
11.9030484160191
15.4114763897191
6.22247459653317
8.45511057979677
10.393544530783
39.4315600717274
22.2606096832038
29.6569037656904
17.3196652719665
18.7191870890616
21.7766885833831
16.9787208607292
10.8857142857143
13.38505678422
21.3642558278542
16.2775851763299
15.5709503885236
9.89862522414824
14.7488344291692
10.0718469814704
23.3906754333533
21.7024506873879
13.9707112970711
18.914405260012
18.5267184698147
11.3613867304244
19.1866108786611
16.1428571428571
16.0246264196055
10.4760310818888
17.1491930663479
3.87985654512851
9.48894202032277
14.319904363419
11.7655708308428
15.8019127316198
13.437298266587
20.209444112373
11.6803347280335
10.1130902570233
10.2423191870891
11.9167961745368
11.8068141063957
13.7040047818291
23.4071727435744
14.4051404662283
32.1315002988643
10.7812313209803
16.3573221757322
16.9017334130305
7.67148834429169
14.9578003586372
15.6506873879259
10.0635983263598
11.3668858338314
15.8898983861327
21.2047818290496
28.3096234309623
14.4656306037059
13.4098027495517
15.9998804542738
16.2995815899582
20.9738194859534
18.3589958158996
12.4227136879857
9.54668260609683
15.8871488344292
10.904961147639
18.246264196055
6.70364614465033
55.68410041841
11.0314405260012
19.8052600119546
17.5148834429169
18.9171548117155
9.8848774656306
17.5533771667663
16.2445905558876
25.0156604901375
15.0237895995218
42.2277346084877
13.2585774058577
12.8653915122534
16.387567244471
12.5491930663479
23.1377166766288
11.5291093843395
12.1890017931859
41.6835026897788
10.5777644949193
9.93436939629408
22.4310818888225
14.5123729826659
20.0857142857143
10.3852958756724
11.5813508667065
9.92062163777645
10.7977286312014
18.7219366407651
18.1170352659892
13.9954572624029
17.8613269575613
18.0977884040646
17.264674237896
14.8973102211596
13.4208009563658
17.3609085475194
12.9561267184698
15.0787806335924
13.3823072325164
15.0265391512253
9.92062163777645
16.643275552899
15.2107591153616
7.99593544530783
8.13341303048416
18.095038852361
30.9904363419008
13.7040047818291
21.2680215182307
12.1312612074118
19.3873281530185
15.6809324566647
13.2228332337119
15.0127913927077
49.2283323371189
12.0185295875672
13.5252839210998
16.3078302450687
16.3160789001793
19.1426180514047
16.951225343694
9.92062163777645
17.9218170950389
26.5444112372983
11.1304243873282
15.3784817692767
12.7416616855947
13.7012552301255
11.218410041841
13.5720263000598
16.8082486551106
23.2147041243276
13.4675433353258
18.5899581589958
12.8653915122534
24.3062761506276
19.9289898386133
16.8659892408846
11.7133293484758
18.9611476389719
20.7181111775254
46.921398684997
17.008965929468
15.8624028690974
12.5766885833831
23.0717274357442
15.5984459055589
38.400478182905
12.5024506873879
24.2375373580395
12.3649731022116
19.8300059772863
11.0011954572624
14.7763299462044
12.920382546324
9.24148236700538
18.8786610878661
9.25523012552301
14.9797967722654
11.8425582785415
13.6105200239091
11.9360430364614
13.1210998206814
8.28463837417812
15.9861326957561
18.2545128511656
19.7090257023311
17.7925881649731
17.0749551703527
23.8168559473999
9.6264196054991
12.1395098625224
13.4675433353258
9.03526598924088
14.47662881052
17.1629408248655
14.7405857740586
13.0056186491333
12.2824865511058
13.7122534369396
14.0202032277346
17.5341303048416
18.8814106395696
11.7243275552899
20.982068141064
11.1826658696952
17.5341303048416
16.6295277943814
11.3283921099821
11.9690376569038
19.1426180514047
15.6699342498506
20.2204423191871
9.10400478182905
9.29647340107591
20.3579199043634
18.7054393305439
11.4754931261207
7.86670651524208
12.8296473401076
12.8626419605499
23.7673640167364
17.4543933054393
21.6914524805738
19.3625821876868
10.0361028093246
15.4114763897191
12.0047818290496
17.4186491332935
13.2145845786013
11.9827854154214
13.7122534369396
8.84554692169755
25.8405260011955
26.7506276150628
15.5022115959354
14.9138075313808
7.70998206814106
20.0499701135684
38.4554692169755
17.3801554094441
12.6564255827854
21.1195457262403
13.6710101613867
13.6957561267185
18.5047220561865
8.52934847579199
14.9248057381949
12.0075313807531
12.9643753735804
11.7435744172146
10.137836222355
8.91703526598924
13.0193664076509
7.69073520621638
13.0413628212791
14.6965929468022
13.5857740585774
9.51093843395099
15.1337716676629
12.9038852361028
18.1912731619845
13.6545128511656
9.4504482964734
9.55768081291094
16.4590555887627
14.3831440526001
20.3524208009564
15.301494321578
14.6745965331739
17.0364614465033
10.231320980275
15.1805140466228
16.1621040047818
14.9330543933054
42.8520621637776
16.0301255230126
16.3738194859534
14.8615660490137
15.3757322175732
14.3831440526001
13.2530783024507
10.1955768081291
21.0095636580992
10.6080095636581
16.6130304841602
11.5676031081889
15.9256425582785
15.8734010759115
20.0114763897191
18.4992229527794
23.7728631201435
20.7566049013748
11.58410041841
25.3538553496712
15.5407053197848
24.7489539748954
12.3402271368799
13.7232516437537
22.1011356843993
17.36915720263
22.3265989240885
38.1419605499103
26.1347280334728
15.557202630006
16.2693365212194
14.3419007770472
17.6633592349074
17.0117154811715
60.9166168559474
24.913927077107
38.8182904961148
12.9643753735804
16.9127316198446
15.9421398684997
12.9946204423192
0.258696951583981
17.8393305439331
20.8170950388524
10.2065750149432
11.3063956963539
22.0021518230723
14.2759115361626
21.7931858936043
10.8967124925284
14.6086072922893
17.5423789599522
10.8389719067543
11.218410041841
16.4645546921698
9.81338912133891
13.7452480573819
20.8198445905559
9.51918708906157
8.34512851165571
15.2355050806934
18.6476987447699
13.4125523012552
13.9157202630006
13.5747758517633
9.90687387925881
11.0974297668858
12.5959354453078
16.6075313807531
19.5028093245666
21.8316796174537
12.513448894202
11.5511057979677
19.7420203227735
11.636341900777
11.8947997609085
11.8947997609085
14.0394500896593
19.9592349073521
32.3048416019127
42.9043634190078
7.94369396294082
13.8387328153019
13.8524805738195
28.4113568439928
14.9440526001195
22.8572624028691
14.8175732217573
10.805977286312
27.4077704722056
17.0639569635386
9.46144650328751
11.067184698147
25.3016138673042
13.6902570233114
12.5024506873879
18.3232516437537
12.9918708906157
17.0254632396892
17.5038852361028
9.78589360430365
18.8511655708308
16.2885833831441
16.0191273161984
9.22773460848775
9.3569635385535
10.5337716676629
17.2399282725643
12.0102809324567
17.5176329946204
14.3748953974895
20.7621040047818
15.3729826658697
19.6182904961148
11.6225941422594
19.7997609085475
31.826359832636
13.2723251643754
23.2421996413628
16.8797369994023
14.5096234309623
9.7913927077107
14.2044231918709
17.2234309623431
20.5778840406455
16.7175134488942
12.2934847579199
13.6407650926479
13.4620442319187
18.147280334728
21.6337118947998
6.66240286909743
14.1989240884638
13.1403466826061
9.22223550508069
23.7508667065152
12.304482964734
12.9121338912134
13.8277346084877
10.7097429766886
17.4406455469217
16.5497907949791
13.5747758517633
21.1690376569038
10.440286909743
9.41470412432755
10.9214584578601
14.2786610878661
19.64578601315
12.0130304841602
13.5665271966527
13.1623430962343
19.6760310818888
28.5983263598326
8.62008368200837
15.969635385535
9.150747160789
15.7854154213987
13.3520621637776
14.9825463239689
23.7591153616258
19.6320382546324
10.6135086670652
13.6091452480574
12.1945008965929
8.4991034070532
21.0315600717274
13.8167364016736
17.1299462044232
11.886551105798
23.4016736401674
17.2289300657501
14.4381350866707
10.2918111177525
20.3991631799163
7.97118947997609
13.5637776449492
13.0276150627615
10.904961147639
12.2687387925882
8.12791392707711
11.5401075911536
17.9465630603706
13.2145845786013
44.2570233114166
15.1530185295876
14.1191870890616
13.3410639569635
16.492050209205
14.9632994620442
18.2022713687986
9.57967722653915
16.8494919306635
11.9195457262403
11.9497907949791
15.4747160789002
33.8033472803347
11.6198445905559
16.1923490735206
25.4968320382546
10.8472205618649
17.0007172743574
12.9643753735804
16.1676031081889
12.4667065152421
16.3408248655111
11.5291093843395
14.9687985654513
11.5593544530783
14.883562462642
13.6875074716079
10.4430364614465
16.75325762104
23.15421398685
8.85929468021518
31.0289898386133
13.5390316796175
8.51560071727436
14.6938433950986
16.9429766885834
22.0571428571429
19.0793783622236
12.2384937238494
15.0017931858936
12.1367603108189
14.0202032277346
12.7004184100418
17.7046025104603
12.0735206216378
13.0358637178721
17.886072922893
15.7469216975493
25.3153616258219
22.9205020920502
15.9283921099821
13.7012552301255
12.3292289300658
19.5770472205619
11.4548714883443
15.4252241482367
12.7279139270771
13.1485953377167
17.6936043036461
15.9063956963539
12.1752540346683
9.48069336521219
20.7758517632995
11.8013150029886
14.4573819485953
12.7801554094441
11.7215780035864
11.375134488942
11.3311416616856
13.0358637178721
16.0466228332337
17.6633592349074
43.3332337118948
17.4818888224746
13.4015540944411
14.0944411237298
15.3097429766886
18.9748953974895
14.0806933652122
14.0229527794381
42.7668858338314
18.141781231321
25.6453078302451
41.0896592946802
11.735325762104
10.132337118948
10.9434548714883
16.3683203825463
15.2162582187687
11.9305439330544
14.7653317393903
13.6187686790197
10.6080095636581
28.0319187089062
13.1403466826061
13.9789599521817
15.2520023909145
10.4842797369994
35.084578601315
14.9028093245666
12.3154811715481
5.78804542737597
23.5941422594142
11.1496712492528
9.17824267782427
13.3135684399283
13.5692767483562
13.4565451285117
11.5428571428571
26.0687387925882
13.5005379557681
12.1972504482965
8.37262402869097
15.0567842199641
17.2316796174537
10.5585176329946
14.3309025702331
16.2885833831441
19.3378362223551
17.2399282725643
12.0185295875672
13.8112372982666
9.7501494321578
23.9460848774656
12.5189479976091
12.8763897190675
13.8414823670054
16.1291093843395
9.12050209205021
18.3782426778243
21.1140466228332
10.5200239091452
13.7809922295278
15.0567842199641
10.8719665271967
23.4016736401674
15.9366407650926
19.4423191870891
21.6447101016139
16.3958158995816
10.9187089061566
15.197011356844
17.2151823072325
12.7471607890018
11.0451882845188
11.375134488942
19.7750149432158
16.7862522414824
15.3757322175732
18.7246861924686
10.2808129109384
11.9470412432756
9.44494919306635
12.0680215182307
16.7835026897788
16.7835026897788
9.72815301852959
13.38505678422
32.9097429766886
13.7067543335326
16.0603705917513
11.4521219366408
13.2475791990436
20.4953974895397
11.944291691572
19.9647340107591
10.184578601315
22.5768081291094
13.547280334728
16.8412432755529
18.9473998804543
14.058696951584
17.4021518230723
17.4049013747759
16.7367603108189
20.5916317991632
10.7784817692767
15.7524208009564
14.6086072922893
14.8203227734608
11.9855349671249
25.5683203825463
19.6320382546324
14.0669456066946
32.3377166766288
10.8994620442319
10.5172743574417
0.0167364016736402
15.4994620442319
15.6836820083682
16.329826658697
13.2475791990436
42.8933054393305
14.9825463239689
20.4459055588763
22.9397489539749
19.175612671847
14.8918111177525
18.0098027495517
18.8236700537956
23.3219366407651
30.8006575014943
12.403466826061
23.5419007770472
14.3226539151225
17.2371787208607
11.6858338314405
8.57059175134489
17.6661087866109
13.8194859533772
21.8454273759713
11.5098625224148
13.2833233711895
19.9399880454274
16.8357441721458
14.3446503287507
18.5762104004782
13.750747160789
15.2437537358039
13.4702928870293
13.6572624028691
20.7868499701136
17.1574417214585
10.5145248057382
14.581111775254
13.3878063359235
16.2940824865511
14.6416019127316
18.4057381948595
14.2979079497908
14.9083084279737
28.5680812910938
11.3558876270173
57.0783024506874
10.0993424985057
14.4738792588165
11.9415421398685
8.64208009563658
22.0021518230723
13.332815301853
11.8178123132098
9.41470412432755
15.3674835624626
11.4493723849372
11.7380753138075
14.006455469217
18.1747758517633
8.11966527196653
12.0460251046025
35.6317991631799
19.4203227734608
17.1326957561267
15.4967124925284
16.9099820681411
10.4952779438135
15.2657501494322
23.3769276748356
15.6286909742977
14.3693962940825
13.1980872683802
15.5077106993425
16.3243275552899
15.7716676628811
13.0633592349074
10.231320980275
15.7551703526599
37.7214584578601
11.5676031081889
27.3775254034668
9.31297071129707
17.3086670651524
9.21948595337716
10.7454871488344
15.2575014943216
108.772564255828
17.3196652719665
20.4046622833234
13.6600119545726
19.0133891213389
11.7518230723252
11.1331739390317
13.959713090257
10.5282725642558
9.34871488344292
15.9641362821279
15.4499701135684
13.2998206814106
12.3017334130305
15.4802151823072
10.2533173939032
9.85738194859534
14.3996413628213
11.1716676628811
17.5643753735804
13.9679617453676
22.0104004781829
15.6534369396294
25.1036461446503
14.8340705319785
15.7881649731022
21.7216975493126
10.8912133891213
20.6906156604901
9.78039450089659
9.615421398685
13.8772265391512
10.6602510460251
9.1919904363419
33.5337716676629
92.1350866706515
9.5851763299462
12.8461446503288
14.4958756724447
11.3091452480574
17.3059175134489
16.0026300059773
13.0633592349074
25.3208607292289
15.61494321578
11.9085475194262
9.3679617453676
16.8109982068141
18.2902570233114
10.7124925283921
8.7575612671847
11.7710699342498
10.9269575612672
25.1888822474597
9.94536760310819
14.3089061566049
21.4632396891811
15.9668858338314
12.6619246861925
19.7722653915123
21.0095636580992
10.7564853556485
15.1475194261805
19.7997609085475
13.6160191273162
13.0001195457262
10.9379557680813
17.3141661685595
17.0502092050209
11.7985654512851
9.5741781231321
12.9973699940227
18.2902570233114
14.627854154214
13.2915720263001
6.98684997011357
12.8791392707711
15.6259414225941
8.5925881649731
10.4677824267782
11.6913329348476
18.1885236102809
18.3782426778243
24.1523012552301
12.6096832038255
31.7961745367603
18.455230125523
11.1909145248057
16.0631201434549
13.4208009563658
9.99210998206814
18.9309025702331
10.1460848774656
13.2365809922295
23.4511655708308
16.648774656306
18.2957561267185
21.0783024506874
14.2951583980873
15.0595337716677
23.4181709503885
13.8222355050807
14.4216377764495
14.3776449491931
16.4673042438733
15.9833831440526
20.6548714883443
13.3658099222953
17.4461446503288
20.9435744172146
14.0614465032875
14.4793783622235
12.9066347878063
10.6987447698745
7.68798565451285
12.3072325164375
17.2234309623431
11.991034070532
12.8763897190675
11.63084279737
10.2918111177525
11.6858338314405
11.2953974895397
18.3589958158996
13.2063359234907
11.3008965929468
20.8060968320383
9.32396891811118
14.2566646742379
8.79330543933054
18.9281530185296
12.9451285116557
21.2542737597131
10.3632994620442
17.7540944411237
12.3127316198446
15.2217573221757
16.8384937238494
9.76114763897191
14.0944411237298
15.562701733413
11.3613867304244
11.7848176927675
14.3611476389719
15.8871488344292
15.2767483562463
6.06849970113568
13.6710101613867
9.38720860729229
11.4411237298267
10.5475194261805
14.0916915720263
11.3476389719068
18.6367005379558
19.7090257023311
16.6735206216378
8.74656306037059
63.8090257023311
11.1414225941423
14.5178720860729
16.2638374178123
14.4793783622235
34.1057979677227
12.0927674835625
12.507949790795
18.3205020920502
14.0889420203228
20.1517035265989
33.9240884638374
9.56043036461447
19.4093245666467
19.4478182904961
10.388045427376
20.5283921099821
13.6820083682008
14.9962940824866
12.5271966527197
14.2484160191273
20.3084279736999
16.0026300059773
20.7071129707113
15.0320382546324
13.9844590555888
12.4172145845786
15.7166766288105
13.8304841601913
11.7573221757322
16.0136282127914
11.4521219366408
15.0127913927077
18.9941422594142
18.5707112970711
13.8854751942618
22.8077704722056
8.48260609683204
16.6267782426778
13.2475791990436
10.3852958756724
11.9525403466826
12.0350268977884
7.64399282725642
16.0108786610879
27.1933054393305
24.5509862522415
12.4309623430962
13.4647937836222
8.95002988643156
15.4884638374178
9.97011356843993
11.9470412432756
12.7664076509265
19.3433353257621
11.1606694560669
21.8509264793784
15.8486551105798
11.4246264196055
14.7488344291692
28.6230723251644
9.03526598924088
10.7509862522415
9.76664674237896
11.2376569037657
18.5652121936641
19.3653317393903
12.0157800358637
11.212910938434
11.9360430364614
8.03992827256426
12.9478780633592
7.98768679019725
7.45152420800956
10.0526001195457
26.7671249252839
20.313927077107
13.2530783024507
6.86037059175134
24.9854154213987
19.2745965331739
17.5231320980275
20.2259414225941
13.5362821279139
12.8186491332935
15.9393903167962
12.8433950986252
14.6113568439928
11.3311416616856
10.388045427376
13.0413628212791
16.1428571428571
17.8448296473401
24.7297071129707
18.8236700537956
15.04578601315
13.0798565451285
16.1428571428571
11.4493723849372
25.843275552899
9.39545726240287
16.5195457262403
11.4383741781231
12.7361625821877
14.9468021518231
14.4601315002989
13.0001195457262
14.267662881052
6.39844590555888
17.93831440526
19.8739988045427
11.3063956963539
20.5586371787209
12.9478780633592
20.0747160789002
10.3962940824866
12.1807531380753
10.5282725642558
12.81589958159
16.4095636580992
7.61374775851763
15.8953974895397
15.7524208009564
13.5225343693963
47.2211595935445
14.1081888822475
9.58242677824268
9.8326359832636
17.1684399282726
14.3034070531978
17.5093843395099
10.5090257023311
22.172624028691
10.1818290496115
16.3655708308428
15.5352062163778
8.22689778840406
24.5647340107591
13.4290496114764
20.3056784219964
16.4563060370592
16.5882845188285
18.2710101613867
16.3435744172146
14.1576808129109
15.5901972504483
23.7453676031082
18.298505678422
32.1368798565451
11.8233114166169
12.0460251046025
17.7046025104603
11.1469216975493
11.6968320382546
14.0147041243276
19.7035265989241
24.5454871488344
19.5907949790795
21.452241482367
10.388045427376
18.4964734010759
12.2192468619247
12.2302450687388
18.0290496114764
13.9679617453676
27.2867901972504
15.1777644949193
16.7697549312612
10.0031081888822
20.6136282127914
272.648535564854
12.7086670651524
14.3886431560072
11.7710699342498
20.6603705917513
12.8268977884041
16.2583383144053
6.73389121338912
10.4842797369994
21.6859533771668
16.3188284518828
11.4548714883443
25.5930663478781
9.098505678422
16.0768679019725
19.4120741183503
19.5440526001195
27.7487148834429
11.8288105200239
11.8508069336521
10.236820083682
13.5362821279139
27.6112372982666
14.8010759115362
37.8864315600717
7.50651524208009
13.0991034070532
35.8682008368201
15.9943813508667
9.81888822474597
12.2714883442917
14.0559473998805
10.0416019127316
13.2228332337119
13.0001195457262
13.2173341303048
14.1466826060968
21.5319784817693
35.4473998804543
22.7280334728033
22.7362821279139
10.6437537358039
19.1976090854752
10.1240884638374
16.1208607292289
9.00502092050209
16.2858338314405
9.73365212193664
21.5649731022116
12.7196652719665
8.86204423191871
11.1249252839211
18.6037059175134
16.8219964136282
20.7813508667065
13.181589958159
23.1404662283323
21.1717872086073
9.29922295277944
19.1921099820681
24.4822474596533
16.1181111775254
11.4328750747161
17.1986849970114
13.7864913329348
12.9478780633592
12.8296473401076
14.2896592946802
13.1183502689779
14.0971906754334
21.3780035863718
12.095517035266
18.8236700537956
12.0570233114166
42.5358637178721
10.9929468021518
12.9451285116557
15.2739988045427
11.5071129707113
8.52934847579199
18.6834429169157
13.4922893006575
10.2588164973102
10.5557680812911
15.2190077704722
26.412432755529
28.0236700537956
17.5231320980275
14.2539151225344
22.3925881649731
25.5023311416617
44.185594739988
10.910460251046
14.9468021518231
9.14249850567842
11.996533173939
13.6215182307233
23.5473998804543
13.6737597130903
13.4592946802152
14.8973102211596
15.818410041841
11.2459055588763
22.846264196055
19.7420203227735
12.0157800358637
20.0252241482367
21.1607890017932
44.7740585774059
20.1022115959354
16.3710699342498
29.5359234907352
11.7958158995816
18.2930065750149
10.8142259414226
11.938792588165
13.4867901972504
8.90053795576808
18.7219366407651
25.5793185893604
7.90520023909145
12.6976688583383
15.7056784219964
11.270651524208
8.54584578601315
16.8137477585176
30.1189479976091
14.1989240884638
8.98577405857741
10.8774656306037
20.3634190077705
13.4070531978482
13.9157202630006
10.4540346682606
18.0565451285117
26.4344291691572
11.5181111775254
12.9148834429169
13.1375971309026
16.8357441721458
9.0270173341303
13.3658099222953
14.5976090854752
7.7759713090257
33.904961147639
13.90747160789
13.7342498505678
6.31046025104602
10.1020920502092
15.4499701135684
18.6257023311417
9.34871488344292
23.3714285714286
20.1242080095637
40.8036461446503
13.0963538553497
14.3446503287507
21.3505080693365
22.3430962343096
8.99677226539151
12.4749551703527
20.621876867902
30.421398684997
30.8090257023311
18.8814106395696
9.97011356843993
27.5672444710102
14.9632994620442
22.0351464435146
17.1409444112373
15.9118947997609
23.9460848774656
16.0301255230126
11.9360430364614
8.02893006575015
13.0716078900179
10.5282725642558
25.2658696951584
22.480573819486
24.1605499103407
16.5690376569038
13.8359832635983
21.1112970711297
13.0578601315003
8.87854154213987
41.3371189479976
19.9344889420203
10.2230723251644
16.7972504482965
56.9545726240287
9.17824267782427
13.0001195457262
26.2337118947998
18.3699940227137
17.4021518230723
15.766168559474
15.2877465630604
15.8569037656904
12.7279139270771
13.3163179916318
16.7862522414824
17.7705917513449
73.2399880454274
11.8783024506874
15.04578601315
13.802988643156
7.91069934249851
22.4503287507472
11.1304243873282
60.407949790795
25.2851165570831
17.1629408248655
14.2291691572026
23.0689778840406
9.71440526001195
18.3150029886432
12.1092647937836
15.0182904961148
15.452719665272
12.5299462044232
15.098027495517
28.4086072922893
17.1986849970114
20.4789001793186
14.8340705319785
12.6674237895995
12.5216975493126
11.0121936640765
7.38828451882845
13.5747758517633
20.679617453676
16.3133293484758
13.2723251643754
13.9129707112971
15.6836820083682
14.0504482964734
20.4843992827256
8.94178123132098
7.89145248057382
13.4125523012552
11.2459055588763
11.1001793185894
14.6416019127316
11.2431560071727
9.24698147041243
10.7372384937238
15.0210400478183
8.88404064554692
17.4818888224746
16.4123132098028
17.9163179916318
12.3732217573222
16.7175134488942
16.5607890017932
11.1496712492528
21.9911536162582
15.5709503885236
13.4290496114764
24.1495517035266
11.2514046622833
12.1395098625224
23.10747160789
10.2340705319785
15.719426180514
9.15349671249253
10.4265391512253
14.1274357441721
24.2182904961148
13.8717274357442
19.9234907352062
28.3123729826659
11.270651524208
10.9544530783024
14.8258218768679
9.95636580992229
23.1184698147041
9.37346084877466
13.5390316796175
15.6589360430365
17.3004184100418
28.1748953974895
13.2585774058577
10.3962940824866
16.8577405857741
16.7670053795577
8.18565451285117
19.0546323968918
7.31679617453676
21.1855349671249
12.925881649731
11.2074118350269
12.4969515839809
9.24973102211596
14.9083084279737
15.0897788404065
16.0438732815302
8.50185295875672
18.611954572624
11.0699342498506
17.5946204423192
12.5739390316796
12.461207411835
17.5478780633592
9.31297071129707
14.0834429169157
17.3251643753736
19.1068738792588
14.4161386730424
12.0625224148237
23.6986252241482
15.5407053197848
16.0768679019725
17.3004184100418
17.0584578601315
10.3523012552301
15.7441721458458
83.0092647937836
19.2223550508069
12.8626419605499
12.1147638971907
8.03717872086073
10.4897788404065
17.2619246861925
12.3979677226539
10.5337716676629
18.8786610878661
19.0161386730424
11.4493723849372
11.1469216975493
13.6242677824268
10.7427375971309
11.3641362821279
14.0916915720263
22.5465630603706
14.2649133293485
8.70806933652122
13.1265989240885
19.3873281530185
14.8340705319785
12.1972504482965
15.1997609085475
10.0773460848775
10.3083084279737
13.9954572624029
10.3220561864913
13.5170352659892
16.1950986252241
13.1678421996414
13.8717274357442
7.71548117154812
16.5305439330544
72.8439928272564
12.6811715481172
12.1147638971907
14.3171548117155
24.3475194261805
15.6231918708906
8.97202630005977
14.9330543933054
9.87112970711297
9.67316198445906
23.10747160789
13.4565451285117
11.9195457262403
13.4867901972504
9.67866108786611
14.2484160191273
16.2693365212194
14.6773460848775
10.9517035265989
20.8913329348476
16.382068141064
49.8989838613269
30.6990436341901
18.4469814704124
10.5777644949193
17.886072922893
11.1414225941423
24.3530185295876
15.8624028690974
43.9656306037059
14.7158398087268
14.3171548117155
20.4486551105798
12.4997011356844
10.1818290496115
21.5264793783622
19.948236700538
16.0356246264196
20.2726838015541
12.2082486551106
17.3251643753736
15.4554692169755
14.2814106395696
14.4381350866707
15.4087268380155
17.9658099222953
17.5011356843993
15.1832635983264
17.7485953377167
19.3268380155409
47.5373580394501
35.3347280334728
13.0276150627615
11.8260609683204
10.1543335325762
134.109683203825
11.4053795576808
15.1640167364017
19.0408846383742
16.3215780035864
19.5715481171548
16.3408248655111
18.6861924686192
11.578601315003
38.3977884040645
12.1890017931859
14.7900777047221
17.4791392707711
11.2321578003586
13.3603108188882
13.1980872683802
7.06658696951584
13.6132695756127
28.1858936043036
10.1405857740586
15.504961147639
17.0859533771668
10.8279736999402
13.6022713687986
12.4172145845786
14.4821279139271
1.88643156007173
67.0783024506874
14.7900777047221
14.7653317393903
12.4997011356844
13.6242677824268
22.6290496114764
10.9846981470412
18.7741781231321
14.1659294680215
28.9640167364017
23.9763299462044
12.2027495517035
10.4017931858936
14.7708308427974
15.2465032875075
14.9495517035266
9.40645546921698
21.9719067543335
36.7369994022714
8.82630005977286
22.794022713688
9.60717274357442
15.7496712492528
19.6815301852959
15.5269575612672
20.3854154213987
17.0199641362821
13.6792588164973
8.66407650926479
14.0229527794381
12.043275552899
12.9423789599522
20.0664674237896
15.3564853556485
11.2294082486551
12.4969515839809
12.3979677226539
12.6591751344889
19.4148236700538
12.2247459653317
12.7416616855947
13.7782426778243
15.3674835624626
9.10675433353257
13.129348475792
13.0138673042439
17.525881649731
15.2162582187687
9.27172743574417
11.2074118350269
18.5184698147041
19.6540346682606
34.7683801554094
22.3073520621638
14.7158398087268
27.2208009563658
24.3090257023311
10.335803945009
9.01876867901972
25.5655708308428
14.1246861924686
15.0622833233712
10.805977286312
17.3389121338912
9.35146443514644
10.6520023909145
20.5943813508667
16.9539748953975
34.7023311416617
10.3797967722654
17.4763897190675
17.0887029288703
23.4099222952779
29.2197250448296
15.0787806335924
32.5493126120741
9.07650926479378
12.1560071727436
11.0726838015541
15.0375373580395
17.3966527196653
19.5303048416019
15.1860131500299
9.01876867901972
16.1153616258219
15.5654512851166
9.68416019127316
10.1598326359833
14.0476987447699
17.0474596533174
7.52576210400478
23.10747160789
14.6086072922893
23.9983263598326
14.0504482964734
12.6509264793784
21.0673042438733
21.7436939629408
11.8645546921698
16.2803347280335
15.917393903168
14.6443514644351
12.5876867901972
8.42486551105798
14.6910938433951
23.2037059175134
15.6066945606695
17.6001195457262
11.0781829049611
8.28463837417812
22.8380155409444
8.40836820083682
13.286072922893
21.9416616855947
16.9952181709504
12.4172145845786
16.2555887627017
12.3374775851763
14.4848774656306
20.8610878661088
11.4356246264196
14.4546323968918
29.4974297668858
15.66168559474
17.4076509264794
8.96102809324567
13.2448296473401
8.77405857740586
11.1221757322176
14.4683801554094
8.9335325762104
24.5234907352062
14.680095636581
11.1056784219964
10.283562462642
32.6730424387328
16.84674237896
10.0910938433951
13.332815301853
14.8450687387926
18.4827256425583
8.81530185295876
10.2588164973102
12.612432755529
8.10866706515242
25.3538553496712
17.7128511655708
25.0981470412433
14.6553496712493
15.9146443514644
8.58708906156605
20.6851165570831
11.3861326957561
18.8484160191273
7.86945606694561
16.6597728631201
10.9379557680813
18.3479976090855
20.4142857142858
13.5445307830245
12.3842199641363
11.4521219366408
13.0743574417215
20.9793185893604
17.9603108188882
16.4645546921698
47.8753735803945
15.4197250448296
11.4851165570831
11.5593544530783
11.2871488344292
11.1441721458458
14.2594142259414
10.0690974297669
35.5161386730424
18.8401673640167
14.8395696353855
13.2090854751943
30.4871488344292
21.5924686192469
28.5130902570233
14.5976090854752
17.8723251643754
17.1986849970114
12.3402271368799
9.24423191870891
14.4078900179319
14.7103407053198
20.6356246264196
11.0589360430365
7.74022713687986
14.3309025702331
13.9102211595935
17.8145845786013
18.4359832635983
14.5536162582188
12.4474596533174
21.2652719665272
14.9440526001195
17.6743574417215
25.1283921099821
19.5110579796772
9.75839808726838
15.2932456664674
11.2046622833234
19.4450687387926
14.1329348475792
24.2622833233712
15.6561864913329
13.959713090257
17.2866706515242
18.6476987447699
18.5954572624029
11.7160789001793
16.9292289300658
18.6202032277346
15.66168559474
15.4609683203825
12.4997011356844
15.510460251046
11.2541542139868
8.59533771667663
8.9335325762104
14.8945606694561
26.2447101016139
21.1305439330544
11.3613867304244
22.7885236102809
24.7544530783025
17.0007172743574
14.5838613269576
23.5693962940825
14.6141063956964
11.1936640765093
26.6049013747758
20.1159593544531
53.5971309025702
30.0391512253437
16.3078302450687
12.7719067543335
41.2821279139271
14.1494321578004
7.55600717274357
10.3000597728631
11.4026300059773
10.9214584578601
21.2020322773461
14.5013747758518
11.1469216975493
20.7923490735206
12.4144650328751
15.4884638374178
13.0468619246862
10.6052600119546
15.5791990436342
20.7236102809325
13.95421398685
22.6070531978482
57.7325164375373
13.7782426778243
10.132337118948
18.0153018529588
17.990555887627
12.3622235505081
18.3534967124925
7.89145248057382
28.1913927077107
20.1077106993425
16.2088463837418
8.79055588762702
13.9927077106993
13.6682606096832
10.3605499103407
14.8065750149432
19.9592349073521
14.1026897788404
13.2503287507472
8.64208009563658
65.8272564255828
10.4127913927077
10.1625821876868
20.3441721458458
9.79414225941422
16.5002988643156
13.8112372982666
12.4419605499103
9.26072922893007
11.735325762104
11.3146443514644
13.9239689181112
16.1346084877466
17.9575612671847
26.6488942020323
9.85463239689181
21.7161984459056
9.01876867901972
20.7346084877466
39.074118350269
19.07662881052
10.6767483562463
9.16999402271369
18.815421398685
17.5368798565451
16.6542737597131
18.0043036461447
14.7735803945009
13.3355648535565
16.9374775851763
15.5187089061566
24.1193066347878
12.3842199641363
10.9407053197848
16.3078302450687
12.8049013747759
24.9084279736999
14.7378362223551
13.077106993425
14.3913927077107
13.3053197848177
15.0677824267782
22.4365809922295
12.5299462044232
15.04578601315
20.5448894202032
20.9023311416617
11.9607890017932
7.75122534369396
12.1862522414824
12.0295277943813
15.1420203227735
19.7805140466228
20.2259414225941
13.0001195457262
12.670173341303
11.265152420801
15.5242080095637
19.0491332934848
19.8465032875075
24.0560669456067
12.3869695158398
10.8802151823072
12.6976688583383
15.1145248057382
10.3990436341901
18.8566646742379
9.05451285116557
14.2099222952779
14.2319187089062
12.1807531380753
14.9550508069337
13.8167364016736
17.9273161984459
14.7570830842797
12.0817692767484
14.1714285714286
29.3682008368201
23.2202032277346
20.465152420801
10.0745965331739
44.5540944411237
37.4160191273162
14.9715481171548
11.8178123132098
14.9248057381949
8.27364016736402
9.66216377764495
12.0075313807531
13.849731022116
12.5354453078302
21.9884040645547
15.7881649731022
14.1191870890616
18.4469814704124
38.6479378362224
10.3825463239689
34.0645546921698
46.6575014943216
13.2888224745965
18.3012552301255
13.5665271966527
14.8065750149432
7.7347280334728
18.0757919904363
11.2404064554692
15.2932456664674
12.6756724447101
26.4234309623431
11.009444112373
11.5016138673042
20.4266586969516
14.4298864315601
12.5574417214585
15.9503885236103
12.8406455469217
17.9163179916318
13.8662283323371
18.4167364016736
13.6682606096832
16.3710699342498
19.1068738792588
11.0974297668858
11.787567244471
19.5000597728631
30.8365212193664
22.2496114763897
21.1690376569038
14.6745965331739
11.58410041841
32.6730424387328
11.0754333532576
10.3962940824866
9.13699940227137
13.9954572624029
8.95277943813509
28.2106395696354
13.2035863717872
14.6223550508069
24.8644351464435
23.6848774656306
15.0622833233712
12.7361625821877
14.7763299462044
18.5047220561865
9.61817095038852
9.07925881649731
8.4991034070532
10.8747160789002
10.3083084279737
11.5401075911536
14.8120741183503
12.048774656306
17.212432755529
11.1331739390317
8.08667065152421
10.440286909743
31.6613867304244
14.8148236700538
8.00693365212194
15.61494321578
32.4339509862522
13.1678421996414
8.07842199641363
14.0806933652122
14.2319187089062
14.6608487746563
13.8882247459653
12.5629408248655
14.9962940824866
14.267662881052
16.7835026897788
10.4265391512253
10.5750149432158
13.8222355050807
21.3037656903766
15.5956963538554
16.021876867902
27.3115361625822
10.6767483562463
23.6271368798565
9.44494919306635
12.670173341303
14.1274357441721
13.024865511058
12.2714883442917
27.3885236102809
9.64291691572026
15.2575014943216
21.2047818290496
36.3520621637776
10.2285714285714
16.3518230723252
9.90687387925881
14.7433353257621
18.0702928870293
14.9440526001195
12.1642558278542
10.5695158398087
9.68690974297669
15.4472205618649
15.766168559474
13.6325164375374
101.994919306635
17.3581589958159
35.6288105200239
16.1456066945607
19.64578601315
71.7991631799163
11.5923490735206
18.4222355050807
23.6683801554094
11.6968320382546
11.834309623431
10.9352062163778
18.4139868499701
21.7794381350867
16.4453078302451
7.8584578601315
10.5062761506276
32.6428571428571
12.4887029288703
15.7056784219964
10.388045427376
23.1569635385535
11.2761506276151
15.510460251046
54.5319784817693
21.812432755529
12.7471607890018
14.4848774656306
21.5374775851763
40.0200239091452
15.6644351464435
18.0345487148834
14.0009563658099
20.7978481769277
17.5368798565451
17.9493126120741
19.3653317393903
14.4353855349671
14.3473998804543
18.3892408846384
19.2031081888822
45.2606096832038
22.7912731619845
11.6253436939629
14.4161386730424
16.1208607292289
12.6344291691572
13.0963538553497
15.1777644949193
17.3444112372983
17.5396294082487
14.2429169157203
7.0005977286312
12.2659892408846
25.8735206216378
21.4164973102212
19.9949790794979
17.270173341303
11.7380753138075
18.611954572624
21.2075313807531
15.0677824267782
40.3747758517633
13.855230125523
13.1595935445308
22.8820083682008
13.6902570233114
10.3028093245666
19.07662881052
15.7881649731022
13.3135684399283
27.9494321578004
20.3496712492528
16.1016138673042
18.0537955768081
13.8964734010759
17.0282127913927
12.7306634787806
18.658696951584
10.0196054991034
14.9330543933054
14.6361028093246
12.4337118947998
16.2390914524806
12.5244471010161
15.2272564255828
10.5282725642558
11.7215780035864
14.4463837417812
16.8412432755529
22.1753735803945
12.1615062761506
7.72647937836222
16.6405260011955
11.0314405260012
10.1955768081291
16.2280932456665
11.729826658697
18.2737597130903
14.1274357441721
12.1120143454871
13.9267184698147
7.94919306634788
7.92169754931261
17.8090854751943
16.9237298266587
14.8148236700538
13.3713090257023
14.7955768081291
12.5189479976091
8.02618051404662
9.76939629408248
12.565690376569
20.2781829049611
16.5250448296473
14.9715481171548
52.8027495517035
65.9811715481171
21.1140466228332
16.8742378959952
16.1016138673042
9.65116557083084
13.3740585774059
12.6426778242678
10.550268977884
18.5349671249253
26.4976688583383
11.9140466228332
20.569635385535
13.0908547519426
18.2572624028691
15.3729826658697
32.5687387925882
17.3334130304842
17.3059175134489
8.41111775254035
12.1037656903766
13.3795576808129
22.8792588164973
13.9762104004782
14.1714285714286
44.7630005977286
9.71440526001195
10.283562462642
59.8386132695756
7.14082486551106
13.5802749551704
9.98111177525403
17.3004184100418
15.6561864913329
30.0777047220562
19.7667662881052
15.0567842199641
11.7518230723252
17.160191273162
13.797489539749
12.3209802749552
14.4326359832636
18.9996413628213
13.5225343693963
15.8431560071727
11.1249252839211
11.4768679019725
14.2814106395696
11.7325762104005
10.5392707710699
14.9962940824866
10.4815301852959
25.8982665869695
19.541303048416
12.3429766885834
11.1331739390317
12.3677226539151
11.7160789001793
11.6473401075912
23.3136879856545
10.8912133891213
8.8510460251046
18.2490137477585
15.7991631799163
12.4337118947998
13.90747160789
7.44052600119546
11.1359234907352
11.8480573819486
15.1145248057382
15.0182904961148
19.3488344291692
10.9297071129707
12.3869695158398
11.5126120741183
16.1758517632995
20.0197250448296
9.16174536760311
18.2765092647938
15.6479378362224
10.8609683203825
9.44769874476987
11.1469216975493
10.7894799760909
12.0020322773461
15.0237895995218
31.095038852361
11.6775851763299
13.5225343693963
20.162701733413
8.81530185295876
27.6332337118948
16.7697549312612
13.1128511655708
18.1032875074716
17.4846383741781
22.9782426778243
23.0799760908548
9.17274357441721
16.0878661087866
11.2871488344292
8.30663478780634
14.680095636581
15.0705319784818
17.4323968918111
12.1945008965929
20.7126120741184
15.7606694560669
21.5924686192469
11.3283921099821
10.904961147639
10.1955768081291
18.3754931261207
18.2352659892409
5.96126718469815
12.4969515839809
19.1508667065152
12.9643753735804
12.1670053795577
15.4032277346085
22.7637776449492
36.2283323371189
15.2465032875075
17.5368798565451
15.504961147639
13.7782426778243
23.8388523610281
11.4878661087866
15.6341900777047
16.5030484160191
23.2999402271369
14.5976090854752
12.9313807531381
10.440286909743
16.2940824865511
8.80155409444112
15.4499701135684
23.7316198445906
21.661207411835
8.91428571428571
11.3558876270173
16.0548714883443
8.77405857740586
7.28380155409444
10.9929468021518
12.6866706515242
9.47244471010161
12.3209802749552
11.5043634190078
17.4818888224746
46.844291691572
13.1485953377167
14.7955768081291
9.29647340107591
10.8389719067543
9.82438732815302
12.5684399282726
17.8255827854154
24.6472205618649
13.0056186491333
13.1046025104602
11.1414225941423
20.005977286312
26.4014345487149
18.5789599521817
15.1805140466228
22.8160191273162
11.8425582785415
13.5197848176928
11.421876867902
12.3429766885834
14.8148236700538
11.6665869695158
9.73365212193664
28.3041243275553
39.4590555887627
13.5747758517633
11.113927077107
19.6265391512253
13.5912731619845
12.5464435146444
9.95911536162582
25.2026300059773
12.5052002390915
14.1824267782427
10.1130902570233
14.0724447101016
16.3600717274357
23.9708308427974
19.2141063956964
30.572624028691
9.59617453676031
18.6229527794381
18.1142857142857
18.5679617453676
7.92444710101614
10.8169754931261
18.0290496114764
11.9415421398685
15.9641362821279
15.8294082486551
17.9988045427376
7.28380155409444
27.1218170950389
31.4769874476987
8.51560071727436
14.2319187089062
17.3526598924088
17.8558278541542
20.1434548714883
9.11500298864316
17.3746563060371
9.14799760908548
9.35146443514644
11.8975493126121
16.8962343096234
22.4090854751943
7.87770472205619
16.0988643156007
14.1521817095039
19.3103407053198
13.3190675433353
13.5692767483562
18.6174536760311
14.7268380155409
12.6316796174537
10.6739988045427
11.5731022115959
24.9854154213987
23.1982068141064
13.9404662283323
14.5646144650329
13.6187686790197
11.0451882845188
17.7733413030484
13.0358637178721
18.4854751942618
15.1777644949193
9.97561267184698
16.6762701733413
11.7463239689181
16.9264793783622
16.4068141063957
21.0205618649133
15.5187089061566
39.9100418410042
17.1711894799761
12.0900179318589
13.6875074716079
30.5505080693365
9.02151823072325
12.2082486551106
15.6341900777047
20.7016138673042
16.7862522414824
14.7488344291692
13.9294680215182
14.7240884638374
16.434309623431
22.4475791990436
19.384578601315
22.3156007172744
12.5244471010161
42.7806335923491
11.218410041841
11.6005977286312
16.492050209205
9.97836222355051
19.948236700538
16.4480573819486
11.8233114166169
40.8888224745965
12.1945008965929
8.65582785415421
9.64566646742379
10.0718469814704
18.4827256425583
23.5171548117155
11.1744172145846
9.8326359832636
18.5652121936641
15.098027495517
9.24423191870891
13.95421398685
15.6974297668858
13.5555289898386
12.0927674835625
16.6817692767484
11.3613867304244
31.0564853556485
19.2553496712493
9.65666467423789
20.1956963538554
9.82713687985654
10.027854154214
11.7023311416617
11.683084279737
12.9148834429169
15.7579199043634
12.6949193066348
13.2393305439331
15.6919306634788
9.36521219366408
20.8088463837418
13.2310818888225
13.7672444710102
11.8260609683204
12.6756724447101
45.1315002988643
39.6679617453676
15.458218768679
12.4942020322773
17.2674237895995
10.4182904961148
27.6442319187089
32.5962343096234
11.7490735206216
10.8114763897191
12.4749551703527
12.4584578601315
19.1041243275553
10.0471010161387
13.6050209205021
11.9195457262403
37.2208607292289
27.5067543335326
17.3059175134489
14.0834429169157
20.9738194859534
11.0864315600717
28.6973102211596
11.1084279736999
12.1450089659295
14.9248057381949
20.9793185893604
15.8486551105798
11.9800358637179
10.2285714285714
1.31452480573819
11.5538553496712
8.11966527196653
15.9146443514644
25.9945008965929
9.92887029288703
12.6151823072325
12.101016138673
19.6567842199641
17.0144650328751
13.6325164375374
12.6729228930066
14.2786610878661
16.6542737597131
9.82163777644949
20.6823670053796
20.0692169754931
26.4289300657502
17.3004184100418
29.9402271368799
16.4178123132098
13.6022713687986
9.73915122534369
14.9193066347878
13.3438135086671
31.3424985056784
17.4104004781829
15.4719665271967
13.1458457860132
12.9643753735804
15.458218768679
13.959713090257
10.6657501494322
17.5038852361028
15.0842797369994
49.0248057381948
22.0708906156605
10.7894799760909
14.8780633592349
37.5783024506874
8.76031081888822
15.8981470412433
29.101494321578
14.7873281530185
16.7312612074118
10.2175732217573
16.1483562462642
15.6231918708906
10.2725642558279
11.8673042438733
11.9002988643156
13.6160191273162
15.5709503885236
18.3150029886432
9.20573819485953
12.9506276150628
25.274118350269
18.3727435744172
12.2604901374776
15.0732815301853
6.40394500896593
16.2473401075912
14.9687985654513
13.3713090257023
9.67866108786611
13.6407650926479
13.4592946802152
11.1854154213987
27.4215182307232
12.5629408248655
13.4043036461446
16.4040645546922
21.2185295875672
17.165690376569
10.7207411835027
22.2331141661686
24.6857142857143
21.5429766885834
