0.176210400478183
0.0414823670053796
0.140466228332337
0.0579796772265391
0.108846383741781
0.332934847579199
0.129468021518231
0.0497310221159594
0.191332934847579
0.011237298266587
0.0332337118947998
0.0689778840406455
0.181709503885236
0.0854751942618051
0.453915122534369
0.118469814704124
0.107471607890018
0.143215780035864
0.759115361625822
0.29994022713688
0.0222355050806934
0.198206814106396
0.192707710699342
0.108158995815899
0.107471607890018
0.159713090257023
0.17071129707113
0.0751643753735803
0.107471607890018
0.118469814704124
0.000239091452480579
0.107471607890018
0.14596533173939
0.00848774656306037
0.294441123729827
0.346682606096832
0.668380155409444
0.101972504482965
0.357680812910938
0.163837417812313
0.133592349073521
0.052480573819486
0.513030484160191
0.148714883442917
0.203705917513449
0.253197848176928
0.140466228332337
0.118469814704124
0.0222355050806934
0.244949193066348
0.0414823670053796
0.00573819485953378
0.220203227734608
0.107471607890018
0.0277346084877466
0.083069336521219
0.339808726838015
0.0194859533771668
0.0744769874476987
0.00848774656306037
0.15421398684997
0.200956365809922
1.45750149432158
0.68762701733413
0.0634787806335923
0.393424985056784
0.189958158995816
0.607890017931859
0.0552301255230126
0.104722056186491
0.0304841601912732
0.0222355050806934
0.308876270173341
0.0648535564853557
0.385863717872086
0.0827256425582785
0.112970711297071
0.398924088463837
0.066228332337119
0.052480573819486
0.02498505678422
0.0868499701135683
0.0772265391512253
0.211954572624029
0.0930364614465035
0.165212193664077
0.200956365809922
0.0497310221159594
0.0689778840406455
0.140466228332337
0.181709503885236
0.121219366407651
0.264196054991034
0.0703526598924089
0.184459055588763
0.149402271368799
0.0139868499701136
0.156963538553497
0.253197848176928
0.264196054991034
0.0799760908547519
0.097848176927675
0.492408846383742
0.110221159593545
0.0442319187089062
0.242199641362821
0.0634787806335923
0.101972504482965
0.0332337118947998
0.253197848176928
0.00573819485953378
0.0167364016736402
0.159713090257023
0.000239091452480579
0.456664674237896
0.112970711297071
2.13939031679617
0.0194859533771668
0.192707710699342
0.649133293484758
0.154901374775852
0.165212193664077
0.0167364016736402
0.0139868499701136
0.382426778242678
0.0689778840406455
0.0497310221159594
0.161087866108787
0.269695158398087
0.242199641362821
0.388269575612672
0.101972504482965
0.14596533173939
0.0428571428571429
0.00848774656306037
0.0469814704124328
0.225702331141662
0.297190675433353
0.0827256425582785
0.247698744769874
0.14596533173939
0.108846383741781
0.0744769874476987
0.159713090257023
0.178959952181709
0.0909742976688584
0.343933054393305
0.195457262402869
0.0579796772265391
0.143215780035863
0.239450089659295
0.855349671249253
0.211954572624029
0.383801554094441
0.181709503885236
0.140466228332337
0.335684399282726
0.118469814704124
0.173460848774656
0.110221159593545
0.130842797369994
0.335684399282726
0.126718469814704
0.209205020920502
0.880095636580992
0.0414823670053796
0.101972504482965
0.253197848176928
0.107471607890018
0.173460848774656
0.115720263000598
0.198206814106396
0.551524208009563
0.159713090257023
0.207142857142857
0.0744769874476987
0.258696951583981
0.011237298266587
0.277943813508667
0.111595935445308
0.0222355050806934
0.038732815301853
0.319187089061566
0.0552301255230126
0.112970711297071
0.261446503287508
0.374178123132098
0.0139868499701136
0.338433950986252
0.214704124327555
0.0799760908547519
0.02498505678422
0.0167364016736402
0.198206814106396
0.17071129707113
0.242199641362821
0.02498505678422
0.000239091452480579
0.273132098027495
0.107127913927077
0.0964734010759115
0.17071129707113
0.0827256425582785
0.114345487148835
0.0992229527794381
0.137716676628811
0.0442319187089062
0.0359832635983264
0.011237298266587
0.052480573819486
0.0964734010759115
0.137716676628811
0.638135086670651
0.02498505678422
0.327435744172146
0.353556485355648
0.357680812910938
0.118469814704124
0.184459055588763
0.0359832635983264
0.0992229527794381
0.0634787806335923
0.503407053197848
0.15008965929468
0.225702331141662
0.229826658696952
0.066228332337119
0.305439330543933
0.112970711297071
0.112970711297071
0.0689778840406455
0.671129707112971
0.189958158995816
0.02498505678422
0.123968918111178
0.0497310221159594
0.211954572624029
0.205080693365213
0.110221159593545
0.103347280334728
0.112970711297071
0.0717274357441721
0.0937238493723849
0.14596533173939
0.272444710101614
0.0304841601912732
0.258696951583981
0.110908547519426
0.0277346084877466
0.506156604901375
0.0882247459653317
0.0442319187089062
0.194082486551106
0.316437537358039
0.0772265391512253
0.181709503885236
0.121219366407651
0.17071129707113
0.310938433950986
0.143215780035864
0.357680812910938
0.0799760908547519
0.130842797369994
0.209205020920502
0.134967124925284
0.0538553496712492
0.398924088463837
0.126718469814704
0.02498505678422
0.0497310221159594
0.272444710101614
0.112970711297071
0.0442319187089062
0.0717274357441721
0.0497310221159594
0.341183502689779
2.50233114166169
0.167961745367603
0.148714883442917
0.0497310221159594
0.107471607890018
4.88619246861925
0.148714883442917
0.140466228332337
0.0854751942618051
0.14596533173939
0.198206814106396
0.132217573221757
0.011237298266587
0.192707710699343
0.0758517632994623
0.195457262402869
0.2916915720263
0.00848774656306037
0.108846383741781
0.0744769874476987
4.98792588164973
0.0414823670053796
0.117782426778242
0.214704124327556
9.19473998804543
0.221578003586372
0.207830245068739
0.151464435146444
0.0689778840406455
0.368679019725045
0.143215780035864
0.0167364016736402
0.126718469814704
0.00573819485953378
0.0304841601912732
0.734369396294082
0.0277346084877466
0.0497310221159594
0.0359832635983264
0.0882247459653317
0.214704124327555
0.112970711297071
0.363179916317992
0.332934847579199
0.0964734010759115
0.209205020920502
0.0194859533771668
1.00107591153616
0.723371189479976
0.418170950388524
0.459414225941423
0.121219366407651
0.0909742976688584
0.115720263000598
0.0772265391512253
0.23738792588165
0.407172743574417
0.302689778840406
0.0909742976688584
0.0552301255230126
0.288942020322773
0.176897788404065
0.101972504482965
0.0689778840406455
0.247698744769874
0.0827256425582786
0.0964734010759115
0.0222355050806934
0.297190675433353
0.0717274357441721
0.103347280334728
0.338433950986252
0.0139868499701136
0.110221159593545
0.0332337118947998
0.673879258816497
0.011237298266587
0.0607292289300657
0.066228332337119
0.112970711297071
4.71984459055589
0.0882247459653317
0.236700537955768
0.129468021518231
0.02498505678422
0.134967124925284
0.139778840406455
4.34453078302451
0.220203227734608
0.266945606694561
0.0655409444112376
0.0744769874476987
0.233950986252241
0.231201434548715
0.0579796772265391
0.341183502689779
0.0552301255230126
0.107471607890018
0.236700537955768
0.0139868499701136
0.321936640765093
0.121219366407651
0.316437537358039
0.357680812910938
0.066228332337119
0.324686192468619
0.0277346084877466
0.181709503885236
0.0799760908547519
0.378302450687388
0.118469814704124
0.42092050209205
0.184459055588763
0.203705917513449
0.0304841601912732
0.189958158995816
0.167961745367603
0.275194261805141
0.0194859533771668
0.327779438135087
0.0167364016736402
0.138404064554692
0.349432157800359
0.0332337118947998
0.0992229527794381
0.343933054393305
0.0854751942618051
0.352181709503885
0.228451882845188
0.206455469216976
0.855349671249253
0.0332337118947998
0.255947399880455
0.176210400478183
1.33652121936641
0.0634787806335923
0.143215780035864
0.0442319187089062
0.123968918111178
0.544650328750747
0.0937238493723849
0.0442319187089062
0.187208607292289
0.0689778840406455
0.255947399880454
0.269695158398087
0.0964734010759115
0.129468021518231
0.0139868499701136
0.250448296473401
0.0332337118947998
0.108846383741781
0.151464435146444
0.131186491332935
0.107471607890018
0.481410639569635
0.0373580394500897
0.0882247459653317
0.0744769874476987
0.258696951583981
0.280693365212194
0.220203227734608
0.165212193664077
0.00573819485953378
0.0799760908547519
0.161087866108787
0.00298864315600717
0.492408846383742
0.203705917513449
0.231201434548715
0.260071727435744
0.267632994620442
0.0964734010759115
0.184459055588763
0.112970711297071
0.0579796772265391
0.00573819485953378
0.02498505678422
0.0937238493723849
0.0909742976688584
0.0442319187089062
0.217453676031082
0.0964734010759115
0.0442319187089062
0.0909742976688584
0.00848774656306037
0.151464435146444
0.0909742976688584
0.29994022713688
0.0607292289300657
0.203705917513449
0.052480573819486
0.02498505678422
2.45627615062762
0.184459055588763
0.206455469216976
0.140466228332337
0.185833831440526
0.206455469216976
0.126718469814704
0.0304841601912732
0.602390914524805
1.2994022713688
0.0717274357441721
0.0139868499701136
0.0139868499701136
0.0277346084877466
0.134967124925284
0.16246264196055
0.0304841601912732
0.517154811715481
0.180334728033473
0.0909742976688584
0.0139868499701136
0.261446503287508
0.211954572624029
0.446353855349671
0.0772265391512253
0.0497310221159594
0.132217573221757
0.110221159593544
0.0304841601912732
0.0552301255230126
0.148714883442917
0.104722056186491
4.61948595337717
0.123968918111178
0.0882247459653316
0.0827256425582785
0.101972504482965
0.107471607890018
0.313687985654513
0.286192468619247
0.0194859533771668
1.71046025104603
0.0552301255230126
0.000239091452480579
0.0937238493723849
0.192707710699342
0.552898983861327
0.0827256425582785
0.275194261805141
0.228451882845188
0.228451882845188
0.011237298266587
0.14596533173939
0.181709503885236
0.132217573221757
0.0808353257621041
0.680753138075315
0.135310818888224
0.00298864315600717
0.189958158995816
0.206455469216976
0.189958158995816
0.121219366407651
0.0895995218170951
0.0593544530783024
0.00711297071129709
0.0277346084877466
0.310938433950986
0.0634787806335923
0.741930663478782
0.297878063359235
0.123968918111178
0.129468021518231
0.214704124327555
0.011237298266587
0.134967124925284
0.144590555887627
0.0799760908547518
0.195457262402869
0.214704124327555
0.231201434548715
0.02498505678422
0.517154811715481
0.288942020322773
0.000239091452480579
0.254572624028691
0.484160191273162
0.110221159593545
0.187208607292289
0.0607292289300657
0.126718469814704
0.321936640765093
0.066228332337119
0.00298864315600717
0.0167364016736402
0.101972504482965
0.214704124327555
0.0731022115959355
0.387925881649731
0.00573819485953378
0.0744769874476987
0.0744769874476987
0.253197848176928
0.0717274357441721
0.0442319187089062
0.220203227734608
0.228451882845188
0.000239091452480579
0.0579796772265393
0.217453676031082
0.112970711297071
0.0552301255230126
0.0552301255230126
0.0194859533771668
0.250448296473401
0.00848774656306037
0.104722056186491
0.0854751942618051
0.104722056186491
0.20851763299462
0.188583383144052
0.254572624028691
0.136685594739988
0.0717274357441721
2.48170950388524
0.104722056186491
0.15421398684997
0.335684399282726
0.0476688583383144
0.000239091452480579
0.052480573819486
0.0222355050806934
0.0194859533771668
0.066228332337119
0.0913179916317989
0.0772265391512253
0.0442319187089062
0.143215780035864
0.0909742976688584
0.0222355050806934
0.0744769874476987
0.0854751942618051
0.0827256425582785
0.194082486551106
0.374178123132098
0.205080693365212
0.163837417812313
0.143215780035864
0.0167364016736402
0.110221159593545
0.011237298266587
0.222952779438135
0.0332337118947998
0.115720263000598
0.156963538553497
0.113658099222953
0.112970711297071
0.0882247459653317
0.0717274357441721
0.0744769874476987
1.19766885833831
0.233950986252241
0.011237298266587
0.192707710699342
0.000239091452480579
0.0813508667065155
0.0854751942618051
0.0153616258218769
0.0139868499701136
0.0469814704124328
0.0222355050806934
0.104722056186491
0.506156604901375
0.198206814106396
0.066228332337119
0.0923490735206216
0.0579796772265391
0.110221159593545
0.555648535564853
0.112970711297071
0.0607292289300657
0.316437537358039
0.280693365212194
0.0332337118947998
0.189958158995816
0.0634787806335923
0.269695158398087
0.104722056186491
0.0469814704124328
0.0339210998206814
0.200956365809922
0.258696951583981
0.0854751942618051
0.0263598326359833
0.178959952181709
0.156963538553497
0.0772265391512253
0.0401075911536163
0.200956365809922
0.104722056186491
0.052480573819486
0.0992229527794381
0.110221159593545
0.0937238493723849
0.02498505678422
0.0627913927077108
0.0607292289300657
0.16246264196055
0.0222355050806934
0.0359832635983264
0.15421398684997
0.000239091452480579
0.110221159593545
0.0194859533771668
0.0607292289300657
0.0937238493723849
0.0442319187089062
0.159713090257023
0.143215780035864
0.0744769874476987
0.313687985654513
0.17071129707113
0.00573819485953378
0.0717274357441721
0.0827256425582785
0.205080693365212
0.0786013150029886
0.236700537955768
0.0957860131500297
0.211954572624029
0.066228332337119
0.272444710101614
0.052480573819486
0.203705917513449
0.052480573819486
0.0799760908547519
0.143215780035864
0.02498505678422
0.0992229527794383
0.0359832635983264
0.0744769874476987
0.112970711297071
0.0744769874476986
0.321936640765093
0.0194859533771668
0.134967124925284
0.129468021518231
0.0854751942618051
0.16246264196055
0.0992229527794381
0.121219366407651
0.206455469216975
0.0827256425582785
0.0277346084877466
0.334309623430962
0.00848774656306037
0.156963538553497
0.0717274357441721
0.119844590555888
0.184459055588763
0.066228332337119
0.159713090257023
0.143215780035864
0.610639569635385
0.00573819485953378
0.178959952181709
0.0469814704124328
0.129468021518231
0.139091452480574
0.200956365809922
0.16246264196055
0.195457262402869
0.0806634787806334
0.0772265391512253
0.261446503287507
0.0469814704124328
0.011237298266587
0.052480573819486
0.126718469814704
0.0538553496712493
0.310938433950986
0.115720263000598
0.14596533173939
0.167961745367603
0.052480573819486
0.199581589958159
0.0799760908547519
0.112970711297071
0.159713090257023
0.453915122534369
0.196832038254632
0.0222355050806934
0.104722056186491
0.123968918111178
0.0913179916317989
0.0992229527794381
0.255947399880454
0.0923490735206219
0.00848774656306037
0.0346084877465631
0.080405708308428
0.0772265391512253
0.0579796772265391
0.0222355050806934
0.0744769874476987
0.0689778840406455
0.334309623430962
0.0304841601912732
0.434668260609683
0.0194859533771668
0.297190675433353
0.321936640765093
0.517154811715481
0.316437537358039
0.220203227734609
1.77919904363419
0.038732815301853
0.137716676628811
0.123968918111178
0.255947399880454
0.0607292289300657
0.0937238493723849
0.16246264196055
0.0222355050806934
0.151464435146444
0.0304841601912732
0.129468021518231
0.343933054393305
0.228451882845188
0.14596533173939
0.134967124925284
0.011237298266587
0.0772265391512253
0.0717274357441721
0.038732815301853
0.191332934847579
0.0854751942618051
0.211267184698147
0.0799760908547519
0.173460848774656
0.192020322773461
0.28344291691572
0.156963538553497
0.0854751942618051
0.112970711297071
0.0579796772265391
0.176210400478183
0.0552301255230125
0.121219366407651
0.17071129707113
0.286879856545128
0.102144351464435
0.0304841601912732
0.0497310221159594
0.0538553496712492
0.0359832635983264
0.192707710699342
0.134967124925284
0.0772265391512253
0.176210400478183
0.0139868499701136
0.222952779438135
0.118469814704124
0.16246264196055
0.508906156604901
0.253197848176928
0.0442319187089062
0.15421398684997
0.940585774058577
0.140466228332337
0.0497310221159594
0.0497310221159594
0.632635983263598
0.596891811117752
0.066228332337119
0.165212193664077
0.0937238493723849
0.123968918111178
0.211954572624029
0.654632396891811
0.148714883442917
0.297190675433353
0.500657501494322
0.0332337118947998
0.361805140466229
0.198206814106396
0.239450089659295
0.0607292289300657
0.0414823670053796
0.0442319187089062
0.02498505678422
0.231201434548715
0.0222355050806934
0.0658846383741778
0.175523012552302
0.0469814704124328
0.0332337118947998
0.038732815301853
0.264196054991034
0.0414823670053796
0.0717274357441721
0.117782426778243
0.189958158995816
0.591392707710699
0.101972504482965
0.211954572624029
0.0359832635983264
0.011237298266587
0.0909742976688584
0.240824865511058
0.0992229527794381
0.129468021518231
0.297190675433353
0.0992229527794382
0.242199641362821
0.189958158995816
0.282068141063957
0.0222355050806934
0.14596533173939
0.0359832635983264
0.0579796772265391
0.229826658696951
0.112970711297071
0.151464435146444
0.163837417812313
0.352181709503885
0.0469814704124328
0.0799760908547519
0.115720263000598
0.423670053795577
0.0552301255230126
0.222952779438135
0.103347280334728
8.62558278541542
0.129468021518231
0.0909742976688584
0.254572624028691
1.50974297668858
0.159713090257023
0.334653317393903
0.220203227734608
0.0167364016736402
0.00298864315600717
0.41679617453676
0.132217573221757
0.0744769874476987
0.0346084877465631
0.140466228332337
0.0469814704124328
0.2916915720263
0.0517931858936045
0.211954572624029
0.107471607890018
0.231201434548715
0.115720263000598
0.0222355050806934
0.104722056186491
0.0937238493723849
0.164524805738195
0.407172743574417
0.107471607890018
0.0882247459653317
0.440167364016736
0.0854751942618051
0.264196054991034
0.0304841601912732
0.0552301255230126
0.143215780035864
0.129468021518231
0.189958158995816
0.0497310221159594
0.0799760908547519
0.517154811715481
0.0277346084877466
2.46727435744172
0.134967124925284
0.242199641362821
0.130842797369994
0.181709503885236
0.0937238493723849
0.0469814704124328
0.052480573819486
0.133592349073521
0.0786013150029885
0.144590555887627
0.143215780035864
0.0634787806335923
0.0497310221159594
0.15421398684997
0.272444710101614
0.101972504482965
0.00848774656306037
0.153526598924088
0.0689778840406455
0.011237298266587
0.0909742976688584
0.526778242677823
0.052480573819486
0.0964734010759115
0.152839210998207
0.17071129707113
0.41267184698147
0.143215780035864
0.0744769874476989
0.134967124925284
0.156963538553497
0.00298864315600717
0.17071129707113
0.167961745367603
0.123968918111178
0.220203227734608
0.110221159593545
0.0607292289300657
0.0442319187089062
0.123968918111178
0.187208607292289
0.151464435146444
0.0854751942618051
0.0854751942618051
0.17071129707113
0.184459055588763
0.0414823670053796
0.129468021518231
0.373490735206216
0.147340107591154
0.16246264196055
0.335684399282725
0.167961745367603
0.011237298266587
0.324686192468619
0.847101016138673
0.0277346084877466
0.0992229527794381
0.200956365809922
0.115720263000598
0.0511057979677227
0.451165570830843
0.15008965929468
0.222952779438135
0.115720263000598
0.0456066945606695
0.302689778840406
0.222952779438135
0.118469814704124
0.121219366407651
0.143215780035864
0.118469814704124
0.00848774656306037
0.0854751942618051
0.104722056186491
0.0937238493723849
0.326748356246264
0.163837417812313
0.156963538553497
0.0139868499701136
0.0882247459653317
0.121219366407651
0.0194859533771668
0.132217573221757
0.0469814704124328
0.0442319187089062
0.497907949790795
0.103003586371787
0.294441123729827
0.0854751942618051
0.0167364016736402
0.0579796772265391
0.258696951583981
0.0304841601912732
0.189958158995816
0.0552301255230126
0.218828451882845
0.115720263000598
0.0126120741183503
0.0992229527794382
0.16246264196055
0.0304841601912732
0.15421398684997
0.15421398684997
0.319187089061566
0.0827256425582785
0.247698744769874
0.156963538553497
0.189958158995816
0.121219366407651
0.517154811715481
2.32910938433951
0.107471607890018
0.132217573221757
0.121219366407651
0.0992229527794381
0.363179916317992
0.132217573221757
0.255947399880454
0.247698744769874
0.0579796772265391
0.0634787806335923
0.968081291093843
0.107471607890018
0.0717274357441721
0.371428571428571
0.209205020920502
0.302689778840406
0.0607292289300657
0.198206814106396
0.0222355050806934
0.0469814704124328
0.0359832635983264
0.0497310221159594
0.242199641362821
0.277943813508667
0.0167364016736402
0.0909742976688584
4.68822474596533
0.118469814704124
0.258696951583981
0.167961745367603
0.0634787806335923
0.0167364016736402
0.0222355050806934
0.42092050209205
0.379677226539151
0.00848774656306037
0.0648535564853556
0.213329348475792
0.104722056186491
0.112970711297071
3.4756724447101
0.0854751942618051
0.2916915720263
0.211954572624029
0.383801554094441
0.148714883442917
0.0469814704124328
0.066228332337119
0.118469814704124
0.200956365809922
0.103347280334728
0.123968918111178
0.0868499701135686
0.0634787806335923
0.000239091452480579
0.250448296473401
0.0634787806335923
0.0359832635983264
0.0937238493723849
0.297190675433353
0.104722056186491
0.0992229527794381
0.236700537955768
0.415421398684997
0.0799760908547519
0.305439330543933
0.107471607890018
0.0964734010759115
0.273819485953377
0.129468021518231
0.0194859533771668
0.0744769874476987
0.0414823670053796
0.0332337118947998
0.0469814704124328
0.264196054991034
0.453915122534369
0.0194859533771668
0.0648535564853555
0.0579796772265391
0.0964734010759115
0.000239091452480579
0.0497310221159594
3.45092647937836
0.0772265391512253
0.0799760908547519
0.118469814704124
0.310938433950986
0.233950986252241
0.230514046622833
0.0689778840406455
0.173460848774656
0.159713090257023
0.0717274357441721
0.140466228332337
0.132904961147639
0.176210400478183
0.15421398684997
0.247698744769874
0.143215780035864
0.0222355050806934
0.0332337118947998
0.00298864315600717
0.0882247459653316
0.0772265391512253
0.16246264196055
0.236700537955768
0.28344291691572
0.29994022713688
0.167961745367603
0.00298864315600717
0.132217573221757
0.0744769874476987
0.066228332337119
0.167961745367603
0.132217573221757
0.185833831440526
0.0689778840406455
0.000239091452480579
0.0964734010759115
0.156963538553497
0.225702331141661
0.0222355050806934
0.0992229527794381
0.195457262402869
0.346682606096832
0.0882247459653317
0.038732815301853
0.236700537955768
0.115720263000598
0.214704124327555
0.0277346084877466
0.478661087866109
0.294441123729827
0.104722056186491
0.0469814704124328
0.0332337118947998
0.785236102809326
0.123968918111178
0.0717274357441721
0.335684399282726
0.145621637776449
0.346682606096832
0.194082486551106
0.189958158995816
0.363179916317992
0.0744769874476987
0.104722056186491
0.0167364016736402
0.0442319187089062
0.242027794381351
0.459414225941423
0.222952779438135
0.178959952181709
0.123968918111178
0.316437537358039
0.00848774656306037
0.250448296473401
0.15421398684997
0.374178123132098
0.275194261805141
0.132217573221757
0.181709503885236
0.327435744172146
0.115720263000598
0.0799760908547519
0.302689778840406
0.0937238493723849
0.107471607890018
0.198206814106396
20.6521219366408
0.415421398684997
0.112970711297071
0.104722056186491
0.0442319187089062
0.0332337118947998
0.129468021518231
0.189958158995816
0.0414823670053796
0.0304841601912732
0.0744769874476987
0.161087866108786
0.123968918111178
0.0964734010759115
0.156963538553497
0.0799760908547519
0.0634787806335923
0.0139868499701136
0.203705917513449
0.396174536760311
0.28344291691572
0.0772265391512253
0.198206814106396
0.0772265391512253
0.148714883442917
0.0882247459653317
0.137716676628811
0.0304841601912732
0.0937238493723849
0.0552301255230126
0.134967124925284
0.146652719665272
0.0332337118947998
0.187208607292289
0.121219366407651
0.112970711297071
0.112970711297071
0.104722056186491
0.0909742976688584
0.130842797369994
0.141841004184101
0.233950986252241
0.14596533173939
0.0304841601912732
0.339808726838016
0.0579796772265391
0.173460848774656
0.0277346084877466
0.00573819485953378
0.192707710699342
0.0841004184100418
0.14596533173939
0.107471607890018
0.178959952181709
0.184459055588763
0.239450089659295
0.123968918111178
0.17071129707113
0.0497310221159594
0.0882247459653317
0.140466228332337
0.220203227734608
0.159713090257024
0.00298864315600717
0.404423191870891
0.15421398684997
0.365929468021518
0.00848774656306037
4.27579199043634
0.112970711297071
0.130842797369994
0.280693365212194
0.112970711297071
0.038732815301853
0.15421398684997
0.0442319187089062
0.464913329348476
0.253197848176928
0.180334728033473
0.167961745367603
0.0332337118947998
0.0799760908547519
0.189958158995816
0.536401673640167
0.0277346084877466
0.277943813508667
0.321936640765093
0.28756724447101
0.0772265391512253
1.00107591153616
0.00848774656306037
0.0414823670053796
0.112970711297071
0.0854751942618051
0.167961745367603
0.121219366407651
0.310938433950986
0.156963538553497
0.0469814704124328
0.00848774656306037
0.195457262402869
0.236700537955768
0.115720263000598
0.137716676628811
0.0772265391512253
0.209205020920502
0.181709503885236
0.178959952181709
0.163837417812313
0.200956365809922
0.101972504482965
0.148714883442917
0.0923490735206214
0.165212193664077
0.129468021518231
0.159713090257023
0.206455469216975
0.0304841601912732
0.159713090257023
0.0442319187089062
0.275194261805141
1.21004184100418
0.0359832635983264
0.0552301255230126
0.0139868499701136
0.305439330543933
0.000239091452480579
0.110221159593545
0.0634787806335923
0.052480573819486
0.112970711297071
0.0854751942618051
0.165212193664077
0.195457262402869
0.206455469216975
0.836102809324567
0.0689778840406455
0.706873879258816
0.231201434548715
0.385176329946204
0.00573819485953378
0.104722056186491
0.011237298266587
0.0469814704124328
0.0992229527794381
0.701374775851763
0.200956365809922
0.222952779438135
0.121219366407651
0.183084279736999
0.0414823670053796
0.115720263000598
0.0744769874476987
2.76628810520024
0.140466228332337
0.119844590555888
0.0607292289300657
0.15008965929468
0.0359832635983264
0.203705917513449
0.192707710699342
0.225702331141661
0.236700537955768
0.217453676031082
0.140466228332337
0.165212193664077
0.00573819485953378
0.264196054991034
0.052480573819486
0.0194859533771668
0.155588762701733
0.157650926479379
0.0937238493723848
0.110564853556485
0.110221159593545
0.126718469814704
0.225702331141662
0.14596533173939
0.0222355050806934
0.066228332337119
0.0456066945606695
0.148714883442917
0.0359832635983264
0.206455469216976
0.156963538553497
0.173460848774656
0.132217573221757
0.126718469814704
0.159713090257023
0.134967124925284
0.038732815301853
0.123968918111178
0.143215780035864
0.191332934847579
0.552898983861327
0.0359832635983264
0.14596533173939
0.0841004184100418
0.167961745367603
0.0717274357441721
0.104722056186491
0.107471607890018
0.214360430364614
0.0552301255230126
0.0621040047818291
0.203705917513449
0.0772265391512253
0.192707710699343
0.0772265391512252
0.099222952779438
0.701374775851763
0.129468021518231
0.129468021518231
0.143215780035864
0.211954572624029
0.0607292289300657
0.070352659892409
0.110221159593545
0.398924088463837
0.192707710699342
0.178959952181709
0.181709503885236
0.30818888224746
0.121219366407651
0.14596533173939
0.0194859533771668
0.134967124925284
0.0181111775254035
0.462163777644949
0.159713090257023
0.154901374775852
0.255947399880454
0.011237298266587
0.0194859533771668
0.356306037059175
0.418170950388524
0.330185295875672
0.0497310221159594
0.30406455469217
0.250448296473401
0.0222355050806934
0.132217573221757
0.753616258218769
0.294441123729827
0.187208607292289
0.118469814704124
0.165212193664077
1.24578601315003
0.266258218768679
11.6115959354453
0.0634787806335923
0.134967124925284
0.0552301255230126
0.228451882845188
0.0662283323371189
0.0882247459653317
0.330185295875672
0.0992229527794381
0.134967124925284
0.02498505678422
0.28344291691572
0.228451882845188
0.0744769874476987
0.124656306037059
0.217453676031082
0.242199641362821
0.726120741183503
0.0559175134488942
0.0579796772265391
0.321936640765093
0.0689778840406455
0.151464435146444
0.225702331141662
0.155932456664674
0.118469814704124
0.324686192468619
0.123968918111178
0.0689778840406455
0.156963538553497
0.404423191870891
0.0731022115959354
0.0662283323371192
0.148714883442917
0.0414823670053796
0.0744769874476987
0.0346084877465631
0.276569037656903
0.115720263000598
0.0497310221159594
0.0469814704124328
0.365929468021518
1.29802749551704
0.117438732815302
0.0799760908547519
0.30818888224746
0.0222355050806934
0.132217573221757
0.0689778840406455
0.0772265391512253
0.100597728631201
1.29252839210998
0.185833831440526
0.216078900179319
0.0799760908547519
0.075851763299462
0.0497310221159594
0.233950986252241
0.129468021518231
1.67746563060371
0.038732815301853
0.198206814106396
0.0607292289300657
0.178959952181709
0.151464435146444
0.0992229527794381
0.0909742976688584
0.16246264196055
0.148714883442917
0.247355050806934
0.203705917513449
0.269695158398087
0.0167364016736402
0.646383741781231
0.0579796772265391
0.165212193664076
0.0827256425582785
0.199581589958159
0.112970711297071
0.101972504482965
0.00848774656306037
0.596891811117752
0.451165570830843
0.132217573221757
0.0469814704124328
0.138404064554692
0.243574417214585
0.0414823670053796
0.0854751942618051
0.0772265391512253
0.0937238493723849
0.0359832635983264
0.0222355050806934
0.101972504482965
0.222952779438135
0.121219366407651
0.0277346084877466
0.236700537955768
0.231201434548715
0.00298864315600717
0.000239091452480579
0.199581589958159
0.222952779438135
0.048356246264196
0.129468021518231
0.0332337118947998
0.379677226539151
1.66096832038255
0.148714883442917
0.0689778840406455
0.189958158995816
0.261446503287507
0.134967124925284
0.0607292289300657
0.143215780035864
0.0792887029288702
0.129468021518231
0.284817692767483
0.467662881052002
0.0799760908547519
0.104722056186491
0.0634787806335923
0.275194261805141
0.052480573819486
0.187208607292289
0.101972504482965
0.0442319187089062
0.0799760908547519
0.118469814704124
0.173460848774656
0.126718469814704
0.16246264196055
0.0304841601912732
0.101972504482965
0.0277346084877466
0.624387328153018
0.110221159593545
0.000239091452480579
0.159713090257023
0.107471607890018
0.0827256425582785
0.0978481769276751
0.0607292289300657
0.321936640765093
0.148714883442917
0.126718469814704
0.0304841601912732
0.650508069336521
0.0634787806335923
0.220203227734608
0.0634787806335923
0.156963538553497
0.0167364016736402
0.206455469216976
0.02498505678422
0.0497310221159594
0.115720263000598
0.15421398684997
0.0579796772265391
0.0909742976688581
0.29959653317394
0.236700537955768
0.066228332337119
0.167961745367603
0.393424985056784
0.159713090257023
0.305439330543933
0.139091452480574
0.02498505678422
0.129468021518231
0.0854751942618051
0.148714883442917
0.229826658696952
0.126718469814704
0.0799760908547519
0.02498505678422
0.0964734010759115
0.0937238493723849
0.101972504482965
0.0964734010759115
0.0497310221159594
0.220203227734608
0.112970711297071
0.15421398684997
0.00848774656306037
0.187208607292289
0.0593544530783024
0.0552301255230126
0.200956365809922
0.17071129707113
0.0514494919306635
1.75720263000598
0.156963538553497
0.052480573819486
0.0717274357441721
0.277943813508667
0.184459055588763
0.00573819485953378
0.206455469216976
0.0332337118947998
0.011237298266587
0.107471607890018
0.137716676628811
0.038732815301853
0.011237298266587
0.407172743574417
0.217453676031082
0.121219366407651
0.0277346084877466
0.0579796772265391
0.149574118350269
0.176210400478183
0.0964734010759115
0.101972504482965
0.332934847579199
0.0332337118947998
0.464913329348476
0.173460848774656
0.0964734010759115
0.324686192468619
0.011237298266587
0.134967124925284
0.104722056186491
0.0634787806335923
0.052480573819486
0.101972504482965
0.00298864315600717
0.0634787806335923
0.6587567244471
0.143215780035864
0.14596533173939
0.247698744769874
0.173460848774656
0.0937238493723849
0.134967124925284
0.0414823670053796
0.167961745367603
0.17895995218171
0.0442319187089062
0.156963538553497
0.00573819485953378
0.0882247459653317
0.233950986252242
0.17071129707113
0.228451882845188
0.599641362821279
0.107471607890018
0.29994022713688
0.231201434548715
0.0469814704124328
0.459414225941423
0.349432157800359
0.7261207411835
0.0291093843395099
0.133076808129109
0.189958158995816
0.0937238493723849
0.0469814704124328
0.038732815301853
0.57077106993425
0.107471607890018
0.467662881052002
0.10025403466826
0.123968918111178
0.139091452480574
0.306814106395696
0.371428571428571
0.17071129707113
0.0937238493723849
0.156963538553497
0.0332337118947998
0.210579796772265
0.187208607292289
0.0552301255230126
0.176210400478183
4.14931261207412
0.275366108786611
0.0744769874476987
0.143215780035864
0.0469814704124328
0.203705917513449
0.0717274357441721
0.206455469216976
0.0194859533771668
0.110221159593545
0.173460848774656
0.258696951583981
0.0689778840406455
0.0827256425582785
0.0964734010759115
0.273132098027496
0.108846383741781
0.464913329348476
0.401673640167364
0.0882247459653317
0.0627913927077107
0.00573819485953378
0.0841004184100418
0.434668260609683
0.0167364016736402
0.0167364016736402
0.0359832635983264
0.14596533173939
0.151292588164973
0.233950986252241
0.0827256425582785
0.0847878063359234
0.228451882845188
0.0552301255230126
0.0992229527794381
0.00298864315600717
0.151464435146443
0.0964734010759115
0.00573819485953378
0.148714883442917
0.0964734010759115
0.0442319187089062
0.0359832635983264
0.0634787806335923
0.139091452480574
0.0414823670053796
0.115720263000598
0.0634787806335923
0.0277346084877466
0.0854751942618051
0.176210400478183
0.316437537358039
0.202331141661686
0.159713090257023
0.121219366407651
0.178959952181709
0.236700537955768
0.0717274357441721
0.0854751942618051
0.0469814704124328
0.0634787806335923
0.103175433353257
0.203705917513449
0.97907949790795
0.148714883442917
0.288942020322773
0.038732815301853
0.16246264196055
0.29994022713688
0.665630603705917
0.357680812910938
0.176210400478183
0.231201434548715
0.0937238493723849
0.0304841601912732
0.00848774656306037
0.0744769874476987
0.0827256425582785
0.368679019725045
0.118469814704124
0.0909742976688584
0.0194859533771668
0.215391512253437
0.0964734010759115
0.932337118947998
0.30818888224746
0.0579796772265391
0.000239091452480579
0.0139868499701136
0.0634787806335923
0.165212193664077
0.136341900777047
0.0937238493723849
0.0497310221159594
0.0992229527794381
0.220203227734608
0.387925881649731
0.159713090257023
0.184459055588763
0.00848774656306037
0.0194859533771668
0.143215780035864
0.02498505678422
0.189958158995816
0.0634787806335923
0.0827256425582785
0.313687985654513
0.305095636580992
0.195457262402869
0.0552301255230126
0.217453676031082
0.0552301255230126
0.0689778840406456
0.115720263000598
0.0579796772265391
0.151464435146444
0.451165570830843
0.0442319187089062
0.0277346084877466
0.385176329946204
0.198206814106396
0.0579796772265391
0.0909742976688584
0.409922295277944
0.107471607890018
0.0497310221159594
0.250448296473401
0.123968918111178
0.066228332337119
0.0139868499701136
0.214704124327555
0.129468021518231
0.189958158995816
0.238762701733413
0.330185295875672
0.0607292289300657
0.0744769874476987
0.205080693365213
0.0909742976688584
0.189958158995816
0.313687985654513
0.173460848774656
0.200956365809922
0.134967124925284
0.588643156007173
0.148714883442917
0.0847878063359235
0.184459055588763
0.156963538553497
0.15421398684997
0.123968918111178
0.121219366407651
0.118469814704124
0.167961745367603
0.316437537358039
0.258696951583981
0.011237298266587
0.0799760908547519
0.167961745367603
0.0208607292289301
0.369538254632397
0.15421398684997
1.00107591153616
0.121219366407651
0.0579796772265391
0.02498505678422
0.198206814106396
0.0827256425582785
0.0194859533771668
0.0469814704124328
0.217453676031082
0.316437537358039
0.11262701733413
0.181709503885236
0.176210400478183
0.176210400478183
0.165212193664077
0.159713090257023
0.14596533173939
0.165212193664077
0.114345487148834
0.0222355050806934
0.0634787806335923
0.17071129707113
0.0277346084877466
0.0772265391512253
0.104722056186491
0.14596533173939
0.258696951583981
0.0744769874476987
0.0332337118947998
0.0304841601912732
0.0332337118947998
0.0744769874476987
0.368679019725045
0.346682606096832
0.0414823670053796
0.0909742976688584
0.110221159593545
0.00298864315600717
0.0414823670053796
0.178959952181709
0.541900777047221
0.0497310221159594
0.0222355050806934
0.0497310221159594
0.236700537955768
0.360430364614465
0.104722056186491
0.066228332337119
0.607890017931859
0.0222355050806934
0.217453676031082
0.134967124925284
0.511655708308428
0.0414823670053796
0.0792887029288701
0.506156604901375
0.123968918111177
0.341183502689779
0.266945606694561
0.15008965929468
0.159713090257023
0.0552301255230126
0.0483562462641961
0.255947399880454
0.132217573221757
0.30818888224746
0.132217573221757
0.0744769874476987
0.525403466826061
0.15008965929468
0.70412432755529
0.0909742976688584
0.0497310221159594
0.0772265391512253
0.0167364016736402
0.052480573819486
0.244949193066348
0.236700537955768
0.0414823670053796
0.148714883442917
0.0827256425582785
0.852600119545726
0.140466228332337
0.0346084877465631
0.0469814704124328
0.00848774656306039
0.0854751942618051
0.187208607292289
0.0359832635983264
0.0607292289300657
0.288942020322773
0.181709503885236
0.184459055588763
0.0167364016736402
0.052480573819486
0.530902570233114
0.0882247459653318
0.0442319187089062
0.165212193664077
0.00573819485953378
0.217453676031082
0.0469814704124328
0.0944112372982667
0.0442319187089062
0.011237298266587
0.0634787806335923
0.123968918111178
0.137716676628811
0.20404961147639
0.242199641362821
0.242199641362821
0.0882247459653317
0.151464435146444
0.122594142259414
0.177585176329946
0.129468021518231
0.29994022713688
0.0744769874476987
0.137716676628811
0.489659294680215
0.0717274357441721
0.110221159593545
0.19133293484758
0.066228332337119
0.220203227734609
0.0854751942618051
0.0773983861326956
0.101972504482965
0.159713090257023
0.0950986252241481
0.15421398684997
0.128093245666468
0.000239091452480579
0.129468021518231
0.239450089659295
0.126718469814704
0.264196054991034
0.15421398684997
0.90930962343096
0.124656306037059
0.110221159593545
0.0579796772265391
0.0469814704124328
0.137716676628811
0.0414823670053795
0.192707710699342
0.0937238493723849
0.163751494321578
0.0139868499701136
4.40227136879856
0.200956365809922
0.00298864315600717
0.0992229527794381
0.165212193664077
0.134967124925284
0.108846383741781
0.167961745367603
0.209205020920502
0.530902570233114
0.0167364016736402
0.0909742976688584
0.104722056186491
0.882845188284519
0.101972504482965
0.0717274357441721
0.111595935445308
0.126718469814704
0.0222355050806934
0.294441123729827
0.261446503287507
0.00298864315600717
0.698625224148237
0.231201434548715
0.156963538553497
0.297190675433353
0.115720263000598
0.104722056186491
0.132217573221757
0.176210400478183
0.066228332337119
0.346682606096832
0.16246264196055
0.382426778242678
0.0827256425582785
0.123968918111178
2.018410041841
0.140466228332337
0.138060370591751
0.0744769874476987
0.896592946802152
0.286192468619247
0.0744769874476987
0.302689778840406
0.456664674237896
0.129468021518231
0.231201434548715
0.16246264196055
0.0744769874476987
3.49491930663479
0.151464435146444
0.0895995218170952
0.242199641362821
0.126718469814704
0.107471607890018
0.0325463239689181
0.451165570830843
0.134967124925284
0.0497310221159594
0.280693365212194
0.167961745367603
0.225702331141662
0.143215780035864
0.011237298266587
0.506156604901375
0.121219366407651
0.184459055588763
0.0194859533771668
0.332934847579199
0.206455469216976
0.0717274357441721
0.126718469814704
0.112970711297071
0.156963538553497
0.0222355050806934
0.0332337118947998
0.349432157800359
0.0772265391512253
0.173460848774656
0.272444710101614
0.0428571428571429
0.140466228332337
0.217453676031082
0.211954572624029
0.134967124925284
0.453915122534369
0.0689778840406455
0.232662133891214
0.239450089659295
0.272444710101614
0.231201434548715
0.379677226539151
0.132217573221757
0.0937238493723849
0.211954572624029
0.171398684997011
0.17071129707113
0.772863120143455
0.243574417214585
0.0126120741183503
0.0937238493723849
0.104722056186491
0.156963538553497
0.126718469814704
0.0772265391512253
0.192707710699342
0.00573819485953378
0.101972504482965
0.052480573819486
0.123968918111178
0.176210400478183
0.123968918111178
0.143215780035864
0.0414823670053796
0.02498505678422
0.222265391512254
0.137716676628811
0.0744769874476987
0.110221159593545
0.15421398684997
0.225702331141662
0.0992229527794381
0.02498505678422
0.0469814704124328
0.214704124327555
0.0937238493723849
0.052480573819486
0.310938433950986
0.200956365809922
1.7901972504483
0.112970711297071
0.107471607890018
0.0854751942618053
0.409922295277944
0.100597728631201
0.104722056186491
0.14596533173939
0.0964734010759115
0.167961745367603
0.247698744769874
0.0414823670053796
0.186864913329349
0.200956365809922
0.0827256425582785
0.011237298266587
0.140466228332337
0.528153018529588
0.2916915720263
0.0689778840406455
0.0304841601912732
0.123968918111178
0.000239091452480579
0.214704124327555
0.126718469814704
0.0964734010759115
0.0992229527794381
0.0304841601912732
0.02498505678422
0.104722056186491
0.0277346084877466
0.418170950388524
0.198206814106396
0.038732815301853
0.00848774656306037
0.0414823670053796
0.0607292289300657
0.583144052600119
0.0304841601912732
0.0139868499701136
0.0744769874476987
0.0579796772265391
0.222952779438135
0.112970711297071
0.0593544530783026
0.02498505678422
0.163150029886432
0.052480573819486
0.0497310221159594
0.126718469814704
0.343933054393305
0.136341900777047
0.0854751942618051
0.431918708906157
0.0882247459653317
0.00573819485953378
0.41267184698147
0.138060370591751
0.343933054393305
0.011237298266587
0.000239091452480579
0.0139868499701136
0.0483562462641961
0.066228332337119
0.136341900777047
0.0194859533771668
0.134967124925284
0.0167364016736402
0.000239091452480579
0.112970711297071
0.258696951583981
0.052480573819486
0.038732815301853
0.0167364016736402
0.0689778840406455
0.0222355050806934
0.0772265391512253
0.134967124925284
0.0414823670053796
0.418170950388524
0.121219366407651
0.242199641362821
0.294441123729827
0.29994022713688
0.134967124925284
0.0882247459653318
0.286192468619247
0.165212193664077
0.0689778840406455
2.56007172743574
0.409922295277944
0.139091452480574
0.0167364016736402
0.0909742976688584
0.141841004184101
0.29994022713688
0.231201434548715
0.0497310221159594
0.407172743574417
0.132217573221757
0.115720263000598
0.313687985654513
0.0401075911536162
0.176210400478183
0.0689778840406455
0.0909742976688584
0.0882247459653317
0.066228332337119
0.104722056186491
0.0359832635983264
0.266945606694561
0.129468021518231
0.0634787806335924
0.200956365809922
0.0882247459653317
0.321936640765093
0.143215780035864
0.00573819485953378
2.37516437537358
0.0442319187089062
0.134967124925284
0.0139868499701136
0.052480573819486
0.253197848176928
0.200956365809922
0.401673640167364
0.0456066945606695
0.0359832635983264
0.156963538553497
0.144590555887627
0.409922295277944
0.130842797369994
0.222952779438135
0.123968918111178
0.261446503287507
1.00382546323969
0.228451882845188
0.02498505678422
0.126718469814704
0.266945606694561
0.0717274357441721
0.134967124925284
0.0607292289300657
0.140466228332337
0.192707710699342
0.0621040047818291
0.151464435146444
0.239450089659295
0.338433950986252
0.330185295875672
0.000239091452480579
0.165555887627017
0.0937238493723849
0.0964734010759115
0.315062761506276
0.104722056186491
0.0359832635983264
0.200956365809922
0.464913329348476
0.165212193664077
0.29994022713688
0.0992229527794381
0.148714883442917
0.522653915122534
0.374178123132098
0.115720263000598
0.066228332337119
0.200956365809922
0.268320382546324
0.104378362223551
0.0332337118947998
0.101972504482965
0.0827256425582785
0.0607292289300657
0.327435744172146
0.052480573819486
0.0882247459653317
2.3483562462642
0.195457262402869
0.0827256425582785
0.0717274357441721
0.140466228332337
0.0854751942618051
0.14596533173939
0.121949716078901
0.0854751942618051
0.0799760908547519
0.222952779438135
0.152839210998207
0.0937238493723849
0.148714883442917
0.2916915720263
0.277943813508667
0.16246264196055
0.30818888224746
0.297190675433353
0.156963538553497
0.233950986252241
0.217453676031082
0.269695158398087
0.137716676628811
0.247698744769874
0.0277346084877466
0.189958158995816
0.144590555887627
0.0497310221159594
0.192707710699342
0.0882247459653317
0.0277346084877466
0.02498505678422
0.204393305439331
0.066228332337119
0.211954572624029
0.220203227734608
0.089599521817095
0.104722056186491
0.258696951583981
0.173460848774656
0.192535863717872
0.349432157800359
0.0937238493723849
0.011237298266587
0.137716676628811
0.129468021518231
0.198206814106396
0.02498505678422
0.401673640167364
0.0772265391512252
0.335684399282726
0.118469814704124
0.302689778840406
0.143215780035864
0.29994022713688
0.20851763299462
0.200956365809922
0.140466228332337
0.2916915720263
0.0799760908547519
0.265570830842797
0.258696951583981
0.204393305439331
0.440167364016736
0.0414823670053796
0.17071129707113
0.0854751942618051
0.0579796772265391
0.327435744172146
0.228451882845188
0.192707710699342
0.189958158995816
0.121219366407651
0.0689778840406455
0.192707710699342
0.118469814704124
0.0882247459653317
0.126718469814704
0.189958158995816
0.038732815301853
0.313687985654513
2.29611476389719
0.121219366407651
0.0827256425582785
0.189958158995816
0.0799760908547519
0.0909742976688584
0.148714883442917
0.0194859533771668
0.103347280334728
0.335684399282726
0.0277346084877466
0.0414823670053796
0.0414823670053796
0.159713090257023
0.247698744769874
0.0964734010759115
1.16329946204423
1.04781829049611
0.0359832635983264
0.361805140466228
0.000239091452480579
0.169336521219366
0.104722056186491
0.185833831440526
0.200956365809922
0.173460848774656
0.0992229527794381
0.239450089659295
0.0318589360430365
0.54533771667663
0.156963538553497
0.117782426778243
0.255947399880454
0.239450089659295
0.0992229527794381
0.181709503885236
0.151464435146444
0.0882247459653317
0.14596533173939
0.297190675433353
0.363179916317992
0.220203227734608
0.0139868499701136
0.305439330543933
0.156963538553497
0.250448296473401
0.161087866108787
0.588643156007173
0.16246264196055
0.211954572624029
0.0717274357441721
0.101972504482965
0.126718469814704
0.148714883442917
0.000239091452480579
0.0634787806335923
0.0497310221159594
0.0579796772265391
0.0194859533771668
0.155588762701733
0.110221159593545
0.115720263000598
0.255947399880454
0.15421398684997
0.000239091452480579
0.126718469814704
0.118469814704124
0.104722056186491
0.0359832635983264
0.0731022115959354
0.176210400478183
0.206455469216976
0.189958158995816
0.112970711297071
0.288942020322773
0.02498505678422
0.387925881649731
0.02498505678422
0.143903167961745
0.0277346084877466
0.316437537358039
0.177585176329946
0.121219366407651
0.0827256425582785
0.066228332337119
0.178959952181709
0.0909742976688584
0.0744769874476987
0.0992229527794381
0.0827256425582785
0.0442319187089062
0.288942020322774
0.110221159593545
0.255947399880454
0.00848774656306037
0.0964734010759115
0.57489539748954
0.184459055588763
0.101285116557083
0.17071129707113
0.038732815301853
0.115720263000597
0.29994022713688
0.052480573819486
0.137716676628811
0.37898983861327
0.0442319187089062
0.203705917513449
0.134967124925284
0.0273909145248057
0.02498505678422
0.192707710699342
0.112970711297071
0.0854751942618054
0.0236102809324567
0.475911536162582
0.0579796772265391
0.225702331141662
0.244949193066348
0.0689778840406455
0.0682904961147638
0.627136879856545
2.4157202630006
0.126718469814704
0.0744769874476987
0.188583383144053
0.052480573819486
0.352181709503885
0.486909742976688
0.161087866108787
0.14596533173939
0.0414823670053796
0.00848774656306037
0.0222355050806934
0.396174536760311
0.0414823670053796
0.159713090257023
0.140466228332337
0.0442319187089062
0.467662881052002
0.247698744769874
0.188583383144052
0.239450089659295
0.0854751942618051
0.181709503885236
0.052480573819486
0.0332337118947998
0.123968918111178
0.0139868499701136
0.206455469216976
0.181709503885236
0.869097429766886
0.066228332337119
0.200956365809922
0.117095038852361
0.178444411237298
0.0710400478182904
0.178959952181709
0.0277346084877466
0.0552301255230126
0.184459055588763
0.153870292887029
8.80155409444112
0.121219366407651
0.0964734010759115
0.228451882845188
0.156963538553497
0.17895995218171
0.14596533173939
0.264196054991034
0.0469814704124328
0.225702331141662
0.360430364614465
0.177585176329946
0.0621040047818291
0.00573819485953378
0.16246264196055
0.192707710699343
0.242199641362821
0.350806933652122
0.101972504482965
0.104722056186492
0.0497310221159594
0.167961745367603
0.368679019725044
0.00848774656306037
0.137716676628811
0.173460848774656
0.123968918111178
0.137716676628811
0.286192468619247
0.0222355050806934
0.198206814106396
0.288942020322773
0.255947399880454
0.0744769874476987
0.104722056186491
0.0772265391512253
0.011237298266587
0.112970711297071
0.269695158398087
0.239450089659295
0.15421398684997
0.038732815301853
0.0634787806335924
0.101972504482965
0.148714883442917
0.0689778840406455
0.137716676628811
0.0634787806335923
0.140466228332337
0.173460848774656
0.288942020322773
0.0552301255230126
0.02498505678422
0.176210400478183
0.132217573221757
0.0717274357441721
0.239450089659295
0.0167364016736402
0.28344291691572
0.00573819485953378
0.227077106993425
0.0497310221159594
0.167961745367603
0.198206814106396
0.261446503287507
0.169336521219366
0.0744769874476987
0.134967124925284
0.0304841601912732
0.304751942618051
0.0497310221159594
0.00573819485953378
0.189958158995816
0.0497310221159594
0.0744769874476987
0.0937238493723849
0.148714883442917
0.0607292289300657
0.104722056186491
0.0696652719665272
0.266945606694561
0.125343693962941
0.15008965929468
0.02498505678422
0.0882247459653317
0.151464435146444
0.0689778840406455
6.55791990436342
0.151464435146444
0.129468021518231
0.0841004184100418
0.21264196054991
0.143215780035864
0.265570830842797
0.569396294082486
0.00573819485953378
0.137716676628811
0.159713090257023
0.0139868499701136
0.148714883442917
2.55457262402869
0.0139868499701136
0.288942020322773
0.02498505678422
0.132217573221757
0.183084279736999
0.00573819485953378
0.148714883442917
0.200956365809922
1.00107591153616
0.110221159593545
0.116063956963539
0.0222355050806934
0.112970711297071
0.14596533173939
0.0744769874476987
0.126718469814704
0.228451882845188
0.137716676628811
0.0277346084877466
0.0579796772265391
0.147340107591154
0.02498505678422
0.313687985654513
0.107471607890018
0.29994022713688
0.250448296473401
0.14596533173939
0.110221159593545
0.126718469814704
0.151464435146444
0.156963538553497
0.121219366407651
0.381052002390915
0.104722056186491
0.126718469814704
0.218828451882845
0.114345487148835
0.0442319187089062
0.052480573819486
0.052480573819486
0.115720263000598
0.0277346084877466
0.65394500896593
0.0194859533771668
0.247698744769874
0.156963538553497
0.236700537955768
0.167961745367603
0.00298864315600717
0.132217573221757
0.101972504482965
0.0414823670053796
0.052480573819486
0.189958158995816
0.28344291691572
0.15421398684997
0.235325762104005
0.112970711297071
0.261446503287507
1.51249252839211
0.365929468021518
0.288942020322773
0.0607292289300657
0.066228332337119
0.0978481769276749
0.187208607292289
0.0277346084877466
0.184459055588763
0.266945606694561
0.107471607890018
0.113658099222953
0.0799760908547519
0.0442319187089062
0.00298864315600717
0.038732815301853
0.121219366407651
0.0841004184100418
0.118469814704124
0.0827256425582785
0.052480573819486
0.121219366407651
0.132217573221757
0.338433950986252
0.0497310221159594
0.143215780035864
0.220203227734608
0.194082486551106
0.0662283323371189
0.156963538553497
0.110221159593545
0.0167364016736402
0.00573819485953378
0.15008965929468
0.121219366407651
0.198206814106396
0.00573819485953378
0.220203227734608
0.011237298266587
0.0964734010759115
0.30818888224746
0.0820382546323967
0.324686192468619
0.0194859533771668
0.198206814106396
0.0835848774656306
0.118469814704124
0.0497310221159594
0.143215780035864
0.0277346084877466
0.110221159593545
0.00848774656306037
0.172086072922893
0.236700537955768
0.156963538553497
0.0414823670053796
0.121219366407651
0.118469814704124
0.218828451882845
0.211954572624029
0.0992229527794382
0.277943813508667
0.00848774656306037
1.52898983861327
0.0304841601912732
0.0744769874476987
0.110221159593545
0.178959952181709
0.126718469814704
0.115720263000598
0.134967124925284
0.0277346084877466
0.0717274357441722
0.101972504482965
0.152839210998207
0.0607292289300657
0.0827256425582785
0.0717274357441721
0.02498505678422
0.0992229527794381
0.132217573221757
0.0263598326359833
0.106096832038254
0.0277346084877466
0.0744769874476987
0.0277346084877466
0.0346084877465631
0.0222355050806934
0.178959952181709
0.244949193066348
0.128093245666468
0.167961745367603
0.178959952181709
0.16246264196055
0.02498505678422
0.0744769874476987
0.168992827256426
0.110221159593545
0.118469814704124
2.29886431560072
0.217453676031082
0.0167364016736402
0.123968918111178
0.104722056186491
0.184459055588763
0.0799760908547519
0.113658099222953
0.0964734010759115
0.0629632396891811
0.184459055588763
0.0607292289300657
0.125343693962941
0.123968918111178
0.0909742976688584
0.101972504482965
0.242199641362821
0.143215780035864
0.163837417812314
0.052480573819486
0.0304841601912732
0.137716676628811
0.0607292289300657
0.123968918111178
0.00573819485953378
0.052480573819486
0.0304841601912732
0.140466228332337
0.156963538553497
0.220203227734609
0.272444710101614
0.0854751942618051
0.214704124327555
0.066228332337119
0.206455469216975
0.134967124925284
0.118469814704124
0.159713090257023
0.154901374775852
0.165212193664077
0.365929468021518
0.266945606694561
0.167961745367603
0.038732815301853
0.184459055588763
0.0167364016736402
0.129468021518231
1.21004184100418
0.110221159593545
0.121219366407651
0.0744769874476987
0.0222355050806934
0.177585176329946
0.217453676031082
0.0139868499701136
0.0978481769276748
0.249073520621638
0.0992229527794381
0.0717274357441721
0.165212193664077
0.143215780035864
0.217453676031082
0.0806634787806336
0.204736999402272
0.0854751942618051
0.00573819485953378
0.0552301255230126
0.112970711297071
0.205080693365212
0.0414823670053796
0.0497310221159594
0.0794605499103407
0.126718469814704
0.269695158398087
0.0222355050806934
0.0414823670053796
0.052480573819486
0.280693365212194
0.15421398684997
0.14596533173939
0.17071129707113
0.038732815301853
0.14596533173939
0.165212193664077
0.184459055588763
0.1418410041841
0.902092050209205
0.0868499701135685
0.155588762701733
0.0854751942618051
0.115720263000598
0.0964734010759115
0.0854751942618051
0.173460848774656
0.0909742976688584
0.118469814704124
0.258696951583981
0.145965331739391
0.0469814704124328
0.132217573221757
0.0442319187089062
0.151464435146444
0.14596533173939
0.200956365809922
0.134967124925284
0.0854751942618051
0.0827256425582785
0.165212193664077
0.0717274357441721
0.00298864315600717
0.341183502689779
0.101972504482965
0.0277346084877466
0.239450089659295
0.0882247459653317
1.3162432755529
0.855349671249255
0.104722056186491
0.0885684399282724
0.173460848774656
0.140466228332337
0.332934847579199
0.011237298266587
0.251823072325164
0.15421398684997
1.03956963538554
0.14596533173939
0.0634787806335923
0.115720263000598
0.178959952181709
0.222952779438135
0.0909742976688584
0.211954572624029
0.101972504482965
0.126718469814704
0.0428571428571428
0.288942020322773
0.0676031081888825
0.129468021518231
0.349432157800359
0.541900777047221
0.200956365809922
0.518529587567245
0.143215780035864
0.0689778840406455
0.101972504482965
0.418170950388524
0.143215780035864
0.128093245666468
2.64255827854154
0.0909742976688584
0.110221159593545
0.258696951583981
0.0717274357441721
0.0552301255230126
0.0882247459653317
0.137029288702929
0.0469814704124328
0.038732815301853
0.126718469814704
0.159713090257023
0.110221159593545
0.250448296473401
0.163837417812313
0.101972504482965
0.0882247459653317
0.332934847579199
0.198206814106396
0.129468021518231
0.132217573221757
0.0772265391512253
0.0469814704124328
0.165212193664077
0.134967124925284
0.280693365212194
0.305439330543933
0.121219366407651
4.05857740585774
0.011237298266587
0.0827256425582788
0.0744769874476987
0.467662881052002
0.181709503885236
0.115720263000598
0.110221159593545
0.273819485953377
0.011237298266587
0.17071129707113
0.209205020920502
0.0579796772265391
0.253197848176928
0.159713090257023
0.104722056186491
0.244949193066348
0.343933054393305
0.206455469216976
0.477286312014346
0.275194261805141
0.156963538553497
0.104722056186491
0.118469814704124
0.0579796772265391
0.382426778242678
0.0401075911536162
0.192707710699342
0.206455469216976
0.121219366407651
0.140466228332337
0.0634787806335923
0.0964734010759115
0.118469814704124
12.4584578601315
0.244949193066348
0.0744769874476987
0.115720263000598
0.0497310221159594
0.134967124925284
0.15421398684997
0.313687985654513
5.4608487746563
0.0442319187089062
0.132217573221757
0.176210400478183
0.000239091452480579
0.0497310221159594
0.0277346084877466
0.0607292289300657
0.17071129707113
0.0758517632994623
0.0634787806335923
0.181709503885236
0.0909742976688584
0.143215780035864
0.115720263000598
0.0992229527794381
0.14596533173939
0.881470412432758
0.038732815301853
0.00298864315600717
0.15421398684997
0.000239091452480579
0.140466228332337
0.151464435146444
0.0854751942618051
0.151464435146444
0.184459055588763
0.0827256425582785
0.14596533173939
0.0799760908547519
0.151464435146444
0.0827256425582785
0.211954572624029
0.14596533173939
0.107471607890018
0.231201434548715
0.222952779438135
0.0854751942618051
0.187208607292289
0.0332337118947998
0.0167364016736402
0.14596533173939
0.874596533173939
0.330185295875672
0.0717274357441721
0.261446503287507
0.470412432755529
0.107471607890018
0.148714883442917
1.17704722056186
0.181709503885236
0.038732815301853
0.0332337118947998
0.0689778840406455
0.0909742976688584
0.255947399880454
0.0992229527794381
0.066228332337119
0.0786013150029888
0.102144351464435
0.123968918111178
0.181752465630604
0.134967124925284
0.00848774656306037
0.0139868499701136
0.101972504482965
0.136341900777047
0.228451882845188
0.0469814704124328
0.0882247459653317
0.16246264196055
0.0167364016736402
0.143215780035864
0.140466228332337
0.0689778840406455
0.267632994620442
0.233950986252241
0.222952779438135
0.882845188284519
0.0964734010759115
0.272444710101614
0.0139868499701136
0.052480573819486
0.104722056186491
0.431918708906157
0.121219366407651
0.0126120741183503
0.211954572624029
0.14596533173939
0.239450089659295
0.324686192468619
0.242199641362821
0.0772265391512253
0.0992229527794381
0.0985355648535566
0.0937238493723849
0.0717274357441721
0.0744769874476987
0.189958158995816
0.00848774656306037
0.203705917513449
0.898655110579798
0.0139868499701136
0.187208607292289
0.0744769874476987
0.052480573819486
1.53998804542738
0.02498505678422
0.0937238493723849
0.118469814704125
0.0964734010759115
0.0827256425582785
0.0332337118947998
0.536401673640167
0.0469814704124328
0.156963538553497
0.294441123729827
0.0222355050806934
0.0841004184100418
0.0854751942618051
0.0469814704124328
0.720621637776449
0.189958158995816
0.0744769874476987
0.173460848774656
0.0854751942618051
0.0552301255230126
0.629886431560072
0.297190675433353
0.176210400478183
0.16246264196055
0.011237298266587
0.217453676031082
0.139091452480574
0.321936640765093
0.0304841601912732
0.198206814106396
0.258696951583981
0.103347280334728
0.0442319187089062
0.126718469814704
0.0992229527794381
0.0497310221159594
0.214704124327555
0.184459055588763
0.15421398684997
0.470412432755529
0.101972504482965
0.121219366407651
0.10850268977884
0.0717274357441721
0.123968918111178
0.241168559473999
0.217453676031082
0.107471607890018
0.143215780035864
0.140466228332337
1.7599521817095
0.188583383144053
0.00573819485953378
0.0607292289300657
0.00298864315600717
0.038732815301853
0.225702331141662
0.101972504482965
0.104722056186491
0.110221159593545
0.137716676628811
0.15008965929468
0.250448296473401
0.466288105200239
0.409922295277944
0.181709503885236
0.156963538553497
0.206455469216976
0.0442319187089062
0.0304841601912732
0.02498505678422
0.0497310221159594
0.115720263000598
0.275194261805141
0.121219366407651
0.066228332337119
0.0497310221159594
0.144590555887627
0.0153616258218769
0.011237298266587
0.0607292289300657
0.16246264196055
0.0772265391512253
0.238075313807531
0.517154811715481
0.231201434548715
0.0677749551703525
0.211954572624029
0.143215780035864
0.011237298266587
0.140466228332337
0.217453676031082
0.0978481769276748
0.110221159593545
0.393424985056784
0.0442319187089062
0.451165570830843
0.0882247459653317
0.0717274357441721
0.0799760908547519
0.156963538553497
0.0167364016736402
0.108846383741781
0.254572624028691
0.052480573819486
0.272444710101614
3.59390316796175
0.112970711297071
0.393424985056784
1.05881649731022
0.236700537955768
0.134967124925284
0.0552301255230126
0.17071129707113
0.110221159593545
0.16246264196055
0.137716676628811
0.764614465032875
0.228451882845188
0.079632396891811
0.16246264196055
0.167961745367603
0.231201434548715
0.176210400478183
0.332934847579199
0.236700537955768
0.0799760908547519
0.0964734010759115
0.0442319187089062
0.0772265391512253
0.151464435146444
0.115720263000598
0.14596533173939
0.104722056186491
0.217453676031082
0.02498505678422
0.298565451285116
0.137716676628811
0.0387328153018529
0.112970711297071
0.178959952181709
0.101628810520024
0.000239091452480579
0.00298864315600717
0.134967124925284
0.104722056186491
0.0167364016736402
0.0222355050806934
0.110221159593545
0.0304841601912732
0.17071129707113
0.231201434548715
0.198206814106396
0.118469814704124
0.0827256425582785
0.000239091452480579
0.434668260609683
0.0442319187089062
0.0992229527794381
0.250448296473401
0.066228332337119
0.0992229527794381
0.405797967722653
0.0992229527794381
0.115720263000598
0.118469814704124
0.0497310221159594
0.00298864315600717
0.0277346084877466
0.104722056186491
0.16246264196055
0.0552301255230126
0.213329348475792
0.112970711297071
0.365929468021518
0.151464435146444
0.570083682008369
0.0717274357441721
0.0277346084877466
0.151464435146443
0.155588762701733
0.269695158398087
0.17071129707113
1.31177525403467
0.00848774656306037
0.0579796772265391
0.838852361028094
0.148714883442917
0.129468021518231
0.038732815301853
0.16246264196055
0.132217573221757
0.176210400478183
0.198206814106396
0.0497310221159594
0.0497310221159594
0.541900777047221
0.195457262402869
0.0923490735206215
0.0717274357441721
0.052480573819486
0.214704124327555
0.673879258816497
0.15421398684997
0.0359832635983264
0.0772265391512253
0.0813508667065155
0.167961745367603
0.16246264196055
0.0490436341900779
0.0494732516437538
0.148714883442917
0.0277346084877466
0.121906754333532
0.02498505678422
0.0634787806335923
0.0139868499701136
0.0689778840406455
0.123968918111178
0.038732815301853
0.2916915720263
0.159713090257023
0.220203227734609
0.00573819485953378
0.0841004184100419
0.0744769874476987
0.0964734010759115
0.684877465630604
0.134967124925284
0.0318589360430364
0.123968918111178
0.113142558278541
0.167961745367603
0.148714883442917
0.231201434548715
0.29994022713688
0.140466228332337
0.225702331141662
5.68906156604901
0.0909742976688586
0.0634787806335923
0.0676031081888823
0.261446503287507
0.203705917513449
0.129468021518231
0.107471607890018
0.0827256425582785
0.161453040944411
0.660131500298864
0.448416019127316
0.310938433950986
0.0854751942618051
0.363179916317992
0.301315002988643
0.555648535564853
0.385176329946204
0.244949193066348
0.0772265391512253
0.189958158995816
0.228451882845188
0.400986252241482
0.0813508667065154
0.112970711297071
0.178959952181709
0.056261207411835
0.0827256425582785
0.0469814704124328
0.0442319187089062
0.302689778840406
0.107471607890018
0.0359832635983264
0.128093245666468
0.0579796772265391
0.428481769276748
0.112970711297071
0.0346084877465631
0.143215780035864
0.280693365212194
0.038732815301853
0.0964734010759115
0.470412432755529
0.0194859533771668
0.104722056186491
0.121219366407651
0.0744769874476987
0.268320382546324
0.0469814704124328
0.470412432755529
0.0827256425582785
0.187208607292289
0.178959952181709
0.167961745367603
0.181709503885236
0.222952779438135
0.110221159593545
0.181709503885236
0.0194859533771668
0.118469814704124
0.107471607890018
0.151464435146444
0.00848774656306037
0.121219366407651
0.456664674237896
0.0593544530783024
0.16246264196055
0.209205020920502
0.178959952181709
0.123968918111178
0.0689778840406455
0.214704124327555
0.816855947399879
0.156963538553497
0.0689778840406455
0.200956365809922
0.0885684399282729
0.148714883442917
0.104722056186491
0.126718469814704
0.156963538553497
0.247698744769874
0.121219366407651
0.169336521219366
0.191332934847579
0.0304841601912732
0.000239091452480579
0.184459055588763
0.231201434548715
0.0566049013747758
0.288942020322773
0.178788105200239
0.0992229527794382
0.0414823670053796
0.0772265391512253
0.142528392109982
0.00298864315600717
1.58673042438733
0.129468021518231
0.011237298266587
0.0497310221159594
0.885594739988045
0.0882247459653317
0.0717274357441721
0.178959952181709
0.0194859533771668
0.134967124925284
0.379677226539151
0.115720263000598
0.255947399880454
0.115720263000598
0.0744769874476987
0.104722056186491
0.0964734010759115
0.224327555289898
0.0854751942618051
0.176210400478183
0.148714883442917
0.284817692767484
0.115720263000598
0.261446503287507
0.242199641362821
0.434668260609683
0.038732815301853
0.14596533173939
0.236700537955768
0.0359832635983264
0.236700537955768
0.173460848774656
0.211954572624029
0.143215780035864
0.066228332337119
0.148714883442917
0.000239091452480579
0.0139868499701136
0.173460848774656
0.0511057979677226
0.0442319187089062
0.0194859533771668
0.167961745367603
0.294441123729827
0.2916915720263
0.169336521219366
0.148714883442917
0.0497310221159594
0.0937238493723849
0.151464435146444
0.052480573819486
0.261446503287507
0.052480573819486
0.000239091452480579
0.0167364016736402
0.0992229527794381
0.0854751942618051
0.140466228332337
0.0194859533771668
0.000239091452480579
0.0139868499701136
0.195457262402869
0.250448296473401
0.339808726838015
0.143215780035864
0.115720263000598
0.132217573221757
0.319187089061566
0.221578003586372
0.0895995218170953
0.0851315002988642
0.228451882845188
0.15421398684997
0.0552301255230126
0.00848774656306037
0.0497310221159594
0.0222355050806934
0.213329348475792
1.17017334130305
0.189958158995816
0.118469814704124
0.261446503287507
1.22378959952182
0.214704124327555
0.343933054393305
0.0634787806335925
0.189958158995816
0.038732815301853
0.151464435146444
0.0607292289300657
0.231201434548715
0.115720263000598
0.0579796772265391
0.121219366407651
0.184459055588763
0.203705917513449
0.511655708308428
0.130155409444113
0.220203227734608
0.0277346084877466
0.0950986252241484
0.0827256425582785
0.0332337118947998
0.140466228332337
0.0854751942618051
0.169336521219366
0.255947399880454
0.0689778840406455
0.066228332337119
0.151464435146444
0.165212193664077
0.15421398684997
0.02498505678422
0.272444710101614
0.0194859533771668
0.0222355050806934
0.123968918111178
0.470412432755529
0.115720263000598
0.217453676031082
0.242199641362821
0.0552301255230126
0.0992229527794381
0.110221159593545
0.148714883442917
0.066228332337119
0.129468021518231
0.224327555289899
0.257322175732218
0.16246264196055
0.228451882845188
0.156963538553497
0.0222355050806934
0.011237298266587
0.011237298266587
0.0882247459653317
0.178959952181709
0.000239091452480579
0.140466228332337
0.198206814106396
0.038732815301853
0.178959952181709
0.173460848774656
0.0222355050806934
0.194082486551106
0.290316796174537
0.143215780035864
0.200956365809922
0.0827256425582785
0.0373580394500896
0.448416019127316
0.129468021518231
0.29581589958159
0.156963538553497
0.0222355050806934
0.159713090257023
0.332934847579199
0.123968918111178
0.29994022713688
0.011237298266587
0.132217573221757
0.29994022713688
0.255947399880454
0.203705917513449
0.0277346084877466
1.0258218768679
0.737118947997609
0.0937238493723849
0.198206814106396
0.387925881649731
0.0359832635983264
0.16246264196055
0.206455469216976
0.0909742976688584
0.101972504482965
0.173460848774656
0.107471607890018
0.544650328750747
0.338433950986252
0.134967124925284
0.066228332337119
0.0992229527794381
0.115720263000598
0.211954572624029
0.137716676628811
0.0689778840406455
0.0786013150029885
0.225702331141662
0.121219366407651
0.0552301255230126
0.165212193664077
0.000239091452480579
0.107471607890018
0.156963538553497
0.148714883442917
0.371428571428571
0.0359832635983264
0.038732815301853
0.00298864315600717
0.195457262402869
0.0469814704124328
0.167961745367603
0.0772265391512253
0.0469814704124328
0.0497310221159594
0.0607292289300657
0.0414823670053796
0.194082486551105
0.115720263000598
0.0139868499701136
0.187208607292289
0.052480573819486
0.272444710101614
0.159713090257023
0.02498505678422
0.0634787806335923
0.374178123132098
0.264196054991034
0.165212193664077
0.0827256425582785
0.124656306037059
0.125343693962941
0.0167364016736402
0.192707710699343
0.115720263000598
0.0799760908547519
1.50424387328153
19.1591153616258
0.0414823670053796
0.0992229527794381
0.250448296473401
0.365929468021518
0.316437537358039
0.128093245666468
0.137716676628811
0.173460848774656
0.178959952181709
0.198206814106396
0.052480573819486
0.264196054991034
0.195457262402869
0.110221159593545
0.137716676628811
0.00298864315600717
0.052480573819486
0.0854751942618051
0.139091452480574
0.15008965929468
0.0442319187089062
0.0882247459653317
0.122594142259415
0.0964734010759115
0.115720263000598
0.214704124327555
0.126718469814704
0.266945606694561
0.117095038852361
0.0964734010759115
0.137716676628811
0.222952779438135
0.109533771667663
0.0717274357441721
0.198206814106396
0.187208607292289
0.123968918111178
0.0992229527794381
0.209205020920502
0.134967124925284
0.195457262402869
0.105065750149432
0.126718469814704
0.181709503885236
0.28344291691572
0.240824865511058
0.147340107591154
0.0964734010759115
0.148714883442917
0.195457262402869
0.112970711297071
0.0194859533771668
0.269695158398087
0.206455469216976
0.173460848774656
0.148714883442917
0.192707710699342
0.00298864315600717
0.0744769874476987
0.198206814106396
0.239450089659295
0.02498505678422
0.172086072922893
0.203705917513449
0.0978481769276747
0.0222355050806934
0.250448296473401
0.144418708906156
0.000239091452480579
0.200956365809922
0.0304841601912732
0.0607292289300657
0.14596533173939
0.129468021518231
0.038732815301853
0.066228332337119
0.140466228332337
0.000239091452480579
0.148714883442917
0.104722056186491
0.789360430364614
0.00848774656306037
0.121219366407651
0.104722056186491
0.203705917513449
0.349432157800359
0.00573819485953378
0.0882247459653317
0.363179916317992
0.00573819485953378
0.244949193066348
0.214704124327555
0.0469814704124328
0.0772265391512253
0.104722056186491
0.187208607292289
0.109490809922295
0.195457262402869
0.038732815301853
0.214704124327555
0.115720263000598
0.0744769874476987
0.112970711297071
0.231201434548715
0.0167364016736402
0.174148236700538
0.128780633592349
0.151464435146444
0.00573819485953378
0.0277346084877466
0.100597728631202
0.143215780035864
0.178959952181709
0.173460848774656
0.266945606694561
0.139091452480574
0.129468021518231
0.294441123729827
0.0167364016736402
0.17071129707113
0.16246264196055
0.173460848774656
0.134967124925284
0.173460848774656
0.0607292289300657
0.277943813508667
0.0139868499701136
0.181709503885236
0.111595935445308
0.165212193664077
0.0222355050806934
0.00573819485953378
0.0359832635983264
0.00573819485953378
0.0978481769276751
0.159713090257023
0.121219366407651
0.0304841601912732
0.0469814704124328
0.169336521219366
1.68296473401076
0.066228332337119
0.159713090257023
0.0799760908547519
0.189958158995816
1.01757322175732
0.0304841601912732
0.217453676031082
0.132217573221757
0.368679019725045
0.121219366407651
0.101972504482965
0.148714883442917
0.0772265391512253
0.163150029886432
0.123968918111178
0.206455469216976
0.0469814704124328
