3.42893006575015
1.37226539151225
3.06323968918111
5.54608487746563
1.85618649133293
7.1765690376569
0.96258218768679
0.764614465032875
0.885594739988045
0.14596533173939
1.51799163179916
3.20346682606097
1.4080095636581
1.01207411835027
1.25953377166766
0.858099222952779
0.946084877465631
3.39043634190078
1.69396294082487
0.698625224148237
1.33102211595935
4.33078302450687
2.23012552301255
1.41625821876868
1.13305439330544
0.921338912133891
0.481410639569635
0.863598326359833
1.25128511655708
1.61147638971907
4.55899581589958
4.76521219366408
1.65546921697549
2.62881052002391
7.01984459055589
5.63682008368201
1.31452480573819
0.715122534369396
0.902092050209205
1.11380753138075
0.778362223550508
1.18254632396892
2.96150627615063
1.97716676628811
0.492408846383742
3.52791392707711
3.27495517035266
3.74237895995218
3.73138075313808
2.99450089659295
2.41709503885236
5.7083084279737
2.43909145248057
0.580394500896593
1.74620442319187
4.83395098625224
2.12014345487149
1.99091452480574
9.150747160789
2.04590555887627
3.07698744769874
1.77095038852361
4.05307830245069
1.47949790794979
0.946084877465631
1.09181111775254
11.5098625224148
1.16329946204423
1.17704722056186
1.03132098027496
3.73138075313808
1.26778242677824
0.98732815301853
0.591392707710699
3.59115361625822
10.4595337716677
4.46276150627615
4.19055588762702
2.0898983861327
1.00107591153616
0.484160191273162
1.42450687387926
1.21279139270771
7.22056186491333
4.14106395696354
1.44375373580394
4.02008368200837
5.05941422594142
2.80478182904961
1.9249252839211
2.69754931261207
15.4774656306037
4.8092050209205
1.67746563060371
0.731619844590556
0.822355050806934
3.18696951583981
1.14130304841602
4.73221757322176
1.35576808129109
2.89826658696952
0.973580394500897
1.15505080693365
1.00932456664674
10.3742976688583
1.82594142259414
2.74979079497908
0.893843395098625
1.57023311416617
1.87268380155409
1.48774656306037
7.51476389719067
4.65248057381948
2.50783024506874
1.05056784219964
3.28870292887029
3.31894799760909
2.05140466228332
7.34429169157203
1.34751942618051
1.98541542139868
3.83036461446503
0.921338912133891
79.7728631201435
1.25678421996414
1.7077106993425
2.34560669456067
1.6252241482367
0.393424985056784
2.79653317393903
10.0471010161387
1.90292887029289
3.83311416616856
1.69121338912134
2.12289300657502
4.47375971309026
5.93102211595935
1.00107591153616
1.7187089061566
4.31153616258219
1.82044231918709
1.04781829049611
1.88918111177525
2.73329348475792
4.79270771069934
0.717872086072923
1.5317393903168
4.41052002390914
1.84518828451883
8.43036461446503
2.65630603705918
3.35744172145846
2.71404662283323
1.70496114763897
1.70496114763897
2.9587567244471
1.46300059772863
2.73604303646145
2.74429169157203
8.88129109384339
1.17429766885834
1.32002390914525
1.57848176927675
2.88176927674836
4.87794381350867
3.28045427375971
2.92576210400478
1.59222952779438
0.70412432755529
1.09731022115959
0.82510460251046
2.67830245068739
0.932337118947998
10.3962940824866
1.35576808129109
1.65546921697549
1.69121338912134
0.95433353257621
1.18529587567244
4.30878661087866
2.2246264196055
2.35385534967125
1.8011954572624
1.31727435744172
4.91368798565451
0.753616258218769
1.61972504482965
1.0148236700538
1.28702928870293
2.82127913927077
7.06933652121937
3.21171548117155
1.07531380753138
0.959832635983264
1.50424387328153
1.2842797369994
0.957083084279737
1.56473401075912
1.09731022115959
1.36951583980873
2.27136879856545
1.95242080095637
5.60657501494321
0.629886431560072
1.78744769874477
1.04231918708906
1.87543335325762
0.187208607292289
1.98541542139868
4.96043036461446
2.95325762104005
8.27913927077107
0.453915122534369
5.90627615062761
4.88069336521219
1.67196652719665
1.61422594142259
1.16879856545129
0.55839808726838
1.16054991034071
4.40502092050209
1.89742976688583
1.35026897788404
0.893843395098625
2.85152420800956
0.56664674237896
2.11464435146444
0.632635983263598
1.71046025104603
2.5243275552899
3.87985654512851
0.448416019127316
3.77262402869097
5.08690974297669
1.00107591153616
0.253197848176928
1.99091452480574
0.539151225343694
0.500657501494322
2.02390914524806
1.11930663478781
3.83586371787209
2.91476389719068
1.66096832038255
2.23837417812313
0.819605499103407
1.61147638971907
1.60872683801554
32.6401673640167
1.68296473401076
1.32277346084877
3.6516437537358
1.09181111775254
0.847101016138673
0.618888224745965
1.40526001195457
1.3667662881052
7.2590555887627
1.7489539748954
4.01458457860131
1.95517035265989
1.55098625224148
1.5839808726838
2.77728631201435
1.63897190675433
0.511655708308428
0.822355050806934
2.63430962343096
1.2842797369994
3.44542737597131
2.28786610878661
2.62056186491333
1.99916317991632
0.792109982068141
1.64447101016139
0.42092050209205
3.81936640765093
2.13939031679617
1.61697549312612
1.69396294082487
4.87244471010161
3.63239689181112
1.11105797967723
3.28320382546324
1.81769276748356
0.588643156007173
2.52157800358637
2.67005379557681
1.67746563060371
1.73795576808129
2.43909145248057
4.09157202630006
2.58206814106396
2.96150627615063
0.926838015540944
0.613389121338912
2.29611476389719
0.926838015540944
3.8991034070532
2.57106993424985
2.04040645546922
1.46849970113568
1.65821876867902
3.58290496114764
0.761864913329348
4.65797967722654
0.866347878063359
1.15505080693365
1.36126718469815
1.36951583980873
1.8011954572624
1.70496114763897
1.3255230125523
6.6486551105798
4.10257023311417
0.690376569037657
1.2320382546324
1.32002390914525
0.83335325762104
3.51966527196653
2.59031679617454
4.69372384937238
1.19629408248655
1.46849970113568
3.96234309623431
2.23287507471608
1.80394500896593
39.1978481769277
3.19796772265391
1.19629408248655
2.71954572624029
1.74620442319187
1.26778242677824
2.01566049013748
1.68846383741781
1.85618649133293
1.5729826658697
1.53723849372385
0.770113568439928
2.83777644949193
3.07698744769874
2.05140466228332
1.49599521817095
11.9772863120143
0.871846981470413
2.62881052002391
1.25953377166766
1.54548714883443
0.657381948595338
0.838852361028093
2.98900179318589
1.35026897788404
0.866347878063359
0.464913329348476
0.896592946802152
0.756365809922295
3.28595337716677
1.49874476987448
3.03299462044232
0.668380155409444
0.69587567244471
5.5735803945009
2.07615062761506
0.97907949790795
2.64255827854154
5.72205618649133
3.20346682606097
1.07806335923491
1.21554094441124
1.07806335923491
1.30352659892409
0.794859533771668
2.51332934847579
0.97907949790795
4.32528392109982
3.42893006575015
0.57489539748954
2.36210400478183
6.62940824865511
7.25630603705917
1.94692169754931
4.00633592349073
2.51332934847579
1.90292887029289
2.05415421398685
3.96234309623431
3.89085475194262
2.71954572624029
1.30627615062762
1.08081291093843
2.24112372982666
1.00932456664674
0.418170950388524
2.51057979677227
2.46658696951584
1.65821876867902
3.48942020322773
1.05881649731022
1.55648535564854
3.23371189479976
2.07065152420801
2.30986252241482
3.41243275552899
1.44100418410042
1.51799163179916
1.88643156007173
1.85343693962941
4.82570233114166
2.67830245068739
3.85511057979677
3.2584578601315
1.36126718469815
2.6480573819486
0.888344291691572
1.69671249252839
1.93592349073521
0.926838015540944
3.11548117154812
4.59473998804543
0.506156604901375
3.09898386132696
1.38601315002989
10.2175732217573
1.34476987447699
2.48583383144053
0.657381948595338
1.27603108188882
1.88643156007173
2.3483562462642
1.72420800956366
1.1907949790795
1.86443514644351
2.0486551105798
1.00932456664674
1.17154811715481
3.53616258218769
0.95433353257621
1.88093245666467
2.77178720860729
0.486909742976688
1.14405260011955
1.21279139270771
1.0258218768679
2.40884638374178
5.29312612074118
2.08439928272564
3.88810520023909
2.96150627615063
2.82952779438135
1.27878063359235
3.35469216975493
0.739868499701136
2.77453676031082
2.09814704124328
1.7187089061566
1.53448894202032
1.04506873879259
1.5839808726838
1.09731022115959
1.61972504482965
1.05331739390317
1.00657501494322
1.60047818290496
3.55540944411237
0.478661087866109
1.51249252839211
1.2430364614465
5.68631201434549
0.676628810520024
2.23287507471608
5.00717274357442
4.44626419605499
2.20537955768081
2.34560669456067
1.96891811117753
3.12647937836222
1.15780035863718
1.81494321578004
1.16604901374776
1.42450687387926
0.00573819485953378
1.39151225343694
5.09240884638374
1.39701135684399
0.404423191870891
0.995576808129109
1.38876270173341
2.49133293484758
4.48475791990436
2.55732217573222
2.33460848774656
2.36485355648536
1.08631201434549
2.98625224148237
3.4756724447101
2.2768679019725
2.55182307232516
3.34369396294082
2.54082486551106
3.33544530783024
1.08906156604901
3.03024506873879
7.30854751942618
1.89742976688583
1.77919904363419
0.489659294680215
0.720621637776449
1.86993424985057
4.22904961147639
0.629886431560072
0.940585774058577
3.67638971906754
1.65271966527197
9.59892408846384
1.68571428571429
0.97083084279737
1.36126718469815
2.20263000597729
2.11189479976091
0.552898983861327
1.77369994022714
2.19438135086671
1.21004184100418
2.15313807531381
1.50699342498506
1.21004184100418
0.682127913927077
5.067662881052
1.10555887627017
2.14488942020323
4.56174536760311
1.2732815301853
0.250448296473401
5.60657501494321
0.591392707710699
1.449252839211
8.14991034070532
1.38601315002989
2.50508069336521
2.76078900179319
1.11930663478781
2.56832038254632
3.64614465032875
1.58947997609085
2.07615062761506
1.61697549312612
1.16329946204423
1.51524208009564
1.07806335923491
0.95433353257621
0.596891811117752
1.93867304243873
2.63980872683802
0.937836222355051
2.49958158995816
0.935086670651524
3.1237298266587
2.35110579796772
0.250448296473401
0.844351464435147
4.22904961147639
2.78553496712493
1.69946204423192
2.36485355648536
0.316437537358039
0.891093843395099
0.451165570830843
6.17848176927675
0.926838015540944
3.41518230723252
0.660131500298864
1.74345487148834
2.18063359234907
1.28153018529588
0.869097429766886
1.33652121936641
1.51524208009564
0.772863120143455
2.15313807531381
1.11930663478781
2.1421398684997
0.569396294082486
0.899342498505678
0.781111775254035
2.66730424387328
1.28153018529588
2.43634190077705
1.72970711297071
1.34202032277346
1.64172145845786
1.71046025104603
1.42725642558279
1.30902570233114
0.643634190077705
2.535325762104
1.97166766288105
3.55540944411237
3.6818888224746
1.77644949193066
2.50508069336521
1.63347280334728
1.78469814704124
3.46467423789599
4.29778840406455
3.62414823670054
3.24196054991034
2.38135086670652
2.31536162582188
3.54991034070532
1.99916317991632
4.31978481769277
0.404423191870891
2.79378362223551
0.569396294082486
0.759115361625822
1.66096832038255
1.70221159593545
0.786610878661088
1.19904363419008
2.25762104004782
1.36401673640167
1.85893604303646
1.28977884040646
0.621637776449492
2.48033472803347
1.06981470412433
0.805857740585774
2.89276748356246
1.69396294082487
2.34560669456067
2.90101613867304
5.84578601315003
1.28153018529588
1.87818290496115
1.38326359832636
1.79294680215182
6.36270173341303
1.03132098027496
6.10424387328153
1.66921697549313
5.77154811715481
1.42450687387926
0.57489539748954
1.80669456066946
6.06575014943216
0.968081291093843
1.84793783622236
1.64172145845786
0.569396294082486
1.50699342498506
1.64722056186491
2.19988045427376
0.489659294680215
1.31727435744172
3.50316796174537
2.76628810520024
1.12205618649133
1.88093245666467
0.643634190077705
0.880095636580992
3.4756724447101
2.62606096832038
2.92026300059773
0.511655708308428
1.41075911536163
1.1495517035266
1.56198445905559
3.62139868499701
6.46993424985057
0.767364016736402
1.17704722056186
0.731619844590556
19.4340705319785
0.863598326359833
0.800358637178721
1.41625821876868
4.07782426778243
0.896592946802152
0.745367603108189
1.66371787208607
2.85427375971309
1.96341900777047
2.08439928272564
2.85977286312014
1.41625821876868
1.86718469814704
3.83861326957561
2.79103407053198
5.67256425582785
1.68021518230723
9.49856545128512
0.863598326359833
0.56664674237896
4.1575612671847
2.35660490137478
1.6664674237896
2.4418410041841
1.42450687387926
3.11823072325164
1.57573221757322
0.618888224745965
1.36126718469815
2.34285714285714
0.68762701733413
0.97083084279737
5.93377166766288
1.68846383741781
1.82044231918709
1.99366407650926
1.99641362821279
0.838852361028093
2.535325762104
0.82510460251046
2.66180514046623
2.81028093245666
2.22187686790197
6.51667662881052
1.51524208009564
0.280693365212194
2.00466228332337
2.22737597130903
8.21589958158996
2.13664076509265
2.32910938433951
2.96425582785415
0.470412432755529
0.976329946204423
2.74704124327555
1.85068738792588
0.855349671249253
0.720621637776449
1.55648535564854
3.10998206814106
1.14405260011955
3.97059175134489
3.87160789001793
2.13114166168559
1.82044231918709
3.67638971906754
1.58673042438733
0.948834429169157
2.01566049013748
1.64722056186491
0.684877465630604
2.31261207411835
0.453915122534369
4.19605499103407
2.09539748953975
0.814106395696354
2.23562462641961
3.78362223550508
1.10555887627017
5.72480573819486
1.10005977286312
0.264196054991034
1.26503287507472
3.38768679019725
0.456664674237896
2.18063359234907
2.07340107591154
1.13855349671249
2.19988045427376
0.473161984459056
2.69479976090855
1.17979677226539
4.03108188882247
2.2768679019725
1.41900777047221
4.9851763299462
1.30902570233114
0.959832635983264
0.401673640167364
3.62414823670054
2.26861924686192
10.5282725642558
3.22271368798565
2.51607890017932
1.64997011356844
2.34560669456067
1.82044231918709
3.50866706515242
0.269695158398087
1.74620442319187
2.23562462641961
0.82510460251046
1.76545128511656
1.5839808726838
8.35887627017334
1.2430364614465
4.31153616258219
0.959832635983264
1.77644949193066
1.50699342498506
2.90376569037657
0.305439330543933
0.836102809324567
0.715122534369396
0.866347878063359
2.58206814106396
5.67531380753138
3.91560071727436
1.97441721458458
2.2768679019725
0.684877465630604
1.31452480573819
10.0416019127316
6.57441721458458
2.92026300059773
2.66455469216975
0.893843395098625
1.74345487148834
1.11380753138075
1.58123132098028
2.59306634787806
2.85702331141662
2.40884638374178
0.698625224148237
1.85893604303646
0.646383741781231
2.27411835026898
3.04949193066348
4.38027495517035
1.52349073520622
0.627136879856545
1.4080095636581
1.33377166766288
0.797609085475194
0.797609085475194
5.05391512253437
4.69647340107591
3.66264196054991
0.948834429169157
2.25212193664077
2.88726838015541
2.59031679617454
1.5427375971309
2.62056186491333
1.89742976688583
1.38326359832636
3.1759713090257
2.9065152420801
0.918589360430365
3.01099820681411
0.481410639569635
1.42725642558279
3.50591751344889
1.96891811117753
1.14680215182307
1.25953377166766
3.06323968918111
2.50783024506874
2.52707710699343
0.882845188284519
3.09898386132696
2.72779438135087
11.1854154213987
2.25487148834429
2.2246264196055
0.629886431560072
1.21004184100418
3.8166168559474
1.43000597728631
0.352181709503885
1.97166766288105
2.3483562462642
2.29336521219366
1.59222952779438
2.27136879856545
2.89551703526599
0.552898983861327
1.51249252839211
1.66371787208607
3.87710699342498
5.98601315002989
1.96066945606695
1.22104004781829
1.09456066945607
1.26778242677824
1.35576808129109
2.63156007172744
0.767364016736402
2.81028093245666
3.62414823670054
1.24853556485356
0.409922295277944
0.891093843395099
4.20705319784818
1.41900777047221
1.65546921697549
17.5038852361028
1.85618649133293
1.2842797369994
1.7077106993425
2.23287507471608
0.822355050806934
1.23478780633592
3.46742378959952
1.37226539151225
8.57059175134489
2.04590555887627
1.84518828451883
5.32887029288703
2.54082486551106
1.91667662881052
3.04399282725643
2.12289300657502
3.17872086072923
2.91476389719068
0.885594739988045
1.27603108188882
1.53723849372385
1.05331739390317
2.16138673042439
2.31536162582188
3.92934847579199
6.03825463239689
1.56198445905559
2.8762701733413
1.13305439330544
0.83335325762104
1.61422594142259
1.05056784219964
2.92851165570831
3.98433950986252
1.21279139270771
1.77919904363419
1.32002390914525
2.39509862522415
1.50974297668858
2.90376569037657
2.95600717274357
2.8240286909743
2.42259414225941
3.54166168559474
3.24745965331739
2.55732217573222
0.968081291093843
1.64997011356844
0.995576808129109
1.31452480573819
1.48224745965332
0.605140466228332
3.51416616855947
1.35026897788404
2.07065152420801
1.23478780633592
1.78744769874477
1.78744769874477
1.76270173341303
2.66180514046623
3.75337716676629
1.45200239091452
4.08057381948595
0.97907949790795
4.49300657501494
0.684877465630604
1.17979677226539
3.27220561864913
1.58947997609085
2.27136879856545
2.14488942020323
1.49599521817095
0.42916915720263
6.36270173341303
2.33735803945009
2.32635983263598
1.78469814704124
1.00932456664674
0.844351464435147
1.04781829049611
0.67937836222355
0.258696951583981
5.17489539748954
0.976329946204423
0.907591153616258
1.05056784219964
2.98625224148237
3.53616258218769
5.21888822474596
0.929587567244471
4.42976688583383
3.15672444710102
2.018410041841
4.89719067543335
2.15588762701733
2.83227734608488
4.92468619246862
2.22187686790197
0.772863120143455
3.08523610280932
2.94500896592947
4.88344291691572
0.789360430364614
1.7489539748954
1.26778242677824
0.855349671249253
0.871846981470413
1.34476987447699
3.17872086072923
3.09623430962343
3.21171548117155
0.910340705319785
3.75887627017334
0.97083084279737
1.16879856545129
1.57573221757322
1.53448894202032
2.58481769276748
1.29252839210998
1.63897190675433
2.95600717274357
33.3909145248057
2.10639569635386
2.82127913927077
1.44375373580394
4.50400478182905
0.992827256425583
2.14763897190675
2.13389121338912
1.89742976688583
7.78147041243275
1.12205618649133
5.12265391512253
1.22653915122534
7.59175134488942
1.7077106993425
3.16222355050807
2.88726838015541
2.00466228332337
3.82211595935445
1.14130304841602
0.827854154213987
0.98732815301853
1.5427375971309
0.794859533771668
7.8584578601315
0.902092050209205
2.50783024506874
1.02307232516438
0.874596533173939
2.8652719665272
0.580394500896593
2.57106993424985
1.70496114763897
3.05774058577406
1.72145845786013
0.583144052600119
1.56748356246264
0.937836222355051
5.44710101613867
1.53723849372385
2.48033472803347
1.21279139270771
2.34560669456067
2.535325762104
1.00657501494322
0.596891811117752
1.39976090854752
2.30986252241482
0.992827256425583
3.6406455469217
1.92217573221757
0.605140466228332
1.88643156007173
1.71595935445308
4.49300657501494
2.31536162582188
1.10555887627017
2.37860131500299
1.54548714883443
1.66921697549313
2.74979079497908
0.629886431560072
2.33460848774656
0.41267184698147
1.80669456066946
0.800358637178721
2.03765690376569
1.96066945606695
5.35911536162582
1.44375373580394
0.775612671846982
1.21004184100418
2.15588762701733
2.48033472803347
7.69073520621638
33.3496712492528
2.15588762701733
1.04781829049611
1.55923490735206
1.5839808726838
0.880095636580992
1.98541542139868
3.22271368798565
2.52707710699343
0.613389121338912
0.632635983263598
6.17023311416617
1.49874476987448
1.66921697549313
1.98266586969516
1.04231918708906
2.56832038254632
1.11380753138075
1.19354453078302
0.555648535564853
3.50866706515242
6.19222952779438
1.5317393903168
2.29336521219366
1.94967124925284
23.15421398685
1.87268380155409
2.63705917513449
4.58649133293485
0.819605499103407
1.23753735803945
1.34202032277346
0.662881052002391
4.82845188284519
3.26670651524208
2.19988045427376
1.56748356246264
1.66096832038255
2.36760310818888
1.41625821876868
2.49408248655111
0.585893604303646
1.43275552898984
1.4904961147639
5.27112970711297
3.2997011356844
2.43909145248057
0.97907949790795
1.09181111775254
7.0005977286312
0.932337118947998
2.39509862522415
1.30352659892409
1.8424387328153
1.50699342498506
1.21279139270771
0.739868499701136
4.72946802151823
2.89001793185894
1.12755528989839
5.76879856545128
3.80561864913329
2.38684997011357
1.93042438732815
0.0552301255230126
1.42725642558279
0.552898983861327
3.30520023909145
1.20729228930066
1.97991631799163
1.90017931858936
1.63897190675433
0.706873879258816
2.85152420800956
1.41900777047221
6.8246264196055
0.577644949193066
1.4080095636581
2.23287507471608
4.32253436939629
2.46658696951584
1.44100418410042
1.28702928870293
3.66539151225344
1.93042438732815
4.39402271368799
1.7599521817095
0.217453676031082
2.11189479976091
4.79270771069934
2.43359234907352
2.6068141063957
0.44566646742379
1.17429766885834
2.40884638374178
1.02032277346085
1.12755528989839
1.57573221757322
1.85618649133293
2.12289300657502
5.5735803945009
2.56832038254632
1.37501494321578
2.83227734608488
0.401673640167364
0.662881052002391
3.42893006575015
2.0596533173939
1.21829049611476
1.23753735803945
2.44459055588763
5.71380753138075
0.434668260609683
0.866347878063359
2.69205020920502
2.6590555887627
3.62689778840406
2.49958158995816
1.48224745965332
1.31727435744172
3.07973699940227
0.745367603108189
1.49599521817095
4.26204423191871
1.72970711297071
1.5729826658697
1.82044231918709
1.37776449491931
1.10555887627017
4.00083682008368
3.86610878661088
2.13389121338912
2.88451882845188
2.41159593544531
2.58481769276748
3.25020920502092
3.36569037656904
6.57166766288105
4.39952181709504
6.4836820083682
1.96341900777047
2.06515242080096
0.580394500896593
2.535325762104
1.61697549312612
1.19904363419008
6.43419007770472
0.924088463837418
1.29252839210998
1.22653915122534
2.90376569037657
1.28977884040646
1.25403466826061
2.41984459055589
6.32970711297071
1.22104004781829
1.13855349671249
4.22355050806934
0.605140466228332
3.06873879258816
2.04040645546922
0.775612671846982
2.21912731619845
2.40334728033473
2.4005977286312
1.23478780633592
0.899342498505678
2.31261207411835
2.49133293484758
0.97907949790795
1.52074118350269
0.335684399282726
1.31452480573819
1.2320382546324
2.93401075911536
2.47758517632995
5.76879856545128
1.95791990436342
2.22187686790197
4.07782426778243
0.888344291691572
3.75612671846981
7.37728631201434
1.8011954572624
1.55098625224148
1.79569635385535
0.470412432755529
0.475911536162582
1.95791990436342
0.354931261207412
4.16580992229528
1.99916317991632
1.61147638971907
0.816855947399881
2.89001793185894
1.2842797369994
2.26037059175134
1.30902570233114
1.93592349073521
2.5243275552899
2.20812910938434
0.41267184698147
1.03132098027496
0.717872086072923
1.24578601315003
1.53998804542738
1.92767483562463
1.46575014943216
0.610639569635385
2.23562462641961
3.5994022713688
1.4080095636581
0.478661087866109
3.40968320382546
2.87901972504483
2.95050806933652
3.1347280334728
2.60131500298864
1.92217573221757
4.2922893006575
3.56640765092648
2.24112372982666
0.665630603705917
0.858099222952779
2.01016138673042
1.78469814704124
2.3181111775254
0.753616258218769
0.264196054991034
1.02307232516438
0.965331739390317
2.40334728033473
2.28236700537956
2.55732217573222
1.2430364614465
1.96066945606695
0.726120741183503
3.54991034070532
2.19438135086671
3.24196054991034
0.778362223550508
2.29061566049014
4.25654512851166
1.99641362821279
1.70496114763897
3.01924686192469
0.706873879258816
1.91392707710699
1.59222952779438
2.90101613867304
1.99366407650926
1.77095038852361
0.481410639569635
1.29527794381351
1.93592349073521
2.7827854154214
10.4485355648536
8.03992827256426
0.522653915122534
0.877346084877466
0.976329946204423
1.5317393903168
0.745367603108189
0.761864913329348
4.24554692169755
2.00466228332337
4.31978481769277
2.56282127913927
1.22928870292887
3.34369396294082
4.18780633592349
1.72145845786013
2.49133293484758
1.60322773460849
1.47674835624626
1.73520621637776
2.19713090257023
4.28404064554692
1.78469814704124
3.70113568439928
0.871846981470413
5.13915122534369
1.01207411835027
1.47124925283921
1.51799163179917
2.80203227734608
3.62964734010759
2.29336521219366
1.81219366407651
2.15313807531381
3.03024506873879
1.77095038852361
4.81745367603108
0.84160191273162
1.22653915122534
2.67555289898386
7.35803945008966
3.76437537358039
0.646383741781231
2.53257621040048
1.13580394500897
8.24614465032875
0.910340705319785
6.07124925283921
2.93401075911536
5.69181111775254
1.46849970113568
2.36760310818888
8.43311416616856
1.86168559473999
1.40526001195457
2.82127913927077
2.75254034668261
3.94309623430962
5.39210998206814
8.96102809324567
2.67555289898386
2.74979079497908
1.49324566646742
1.53723849372385
4.35277943813509
1.69671249252839
1.43000597728631
1.33377166766288
3.77812313209803
3.00824865511058
1.35026897788404
3.83861326957561
1.35026897788404
0.737118947997609
2.21362821279139
2.43359234907352
2.75803945008966
1.01757322175732
1.45475194261805
1.63897190675433
0.98732815301853
6.80812910938434
3.96784219964136
11.0121936640765
5.37011356843993
0.335684399282726
1.71320980274955
1.68296473401076
2.60406455469217
0.563897190675433
2.60406455469217
1.25403466826061
1.21279139270771
0.665630603705917
1.48499701135684
2.40334728033473
7.3415421398685
0.519904363419008
6.89336521219366
1.5729826658697
2.12839210998207
4.04482964734011
0.921338912133891
2.17513448894202
1.88093245666467
1.13305439330544
2.37035265989241
1.84518828451883
3.19521817095039
2.82952779438135
2.08439928272564
1.74070531978482
4.18505678421996
3.03299462044232
1.46849970113568
0.957083084279737
1.38326359832636
0.855349671249253
2.535325762104
2.26312014345487
1.61147638971907
1.61972504482965
1.93317393903168
0.616138673042439
2.54082486551106
2.01016138673042
2.02390914524806
0.629886431560072
0.811356843992827
2.59856545128512
1.03407053197848
1.29802749551704
4.60848774656306
1.72145845786013
5.04566646742379
1.70221159593545
4.43526598924088
1.78744769874477
0.448416019127316
3.80011954572624
5.00717274357442
1.47949790794979
2.45283921099821
0.547399880454274
1.47124925283921
1.60872683801554
1.501494321578
4.18230723251644
0.932337118947998
2.05690376569038
1.24853556485356
2.82952779438135
4.82845188284519
1.96891811117753
1.22653915122534
1.80944411237298
1.27878063359235
2.52982665869695
1.87543335325762
2.18063359234907
3.19796772265391
0.946084877465631
1.93867304243873
2.23562462641961
0.992827256425583
1.26503287507472
3.66539151225344
1.10555887627017
1.70496114763897
1.3667662881052
2.06790197250448
1.7187089061566
2.29061566049014
0.855349671249253
2.96425582785415
1.38601315002989
2.92026300059773
1.53998804542738
10.6437537358039
8.33687985654513
1.32002390914525
2.37860131500299
2.43909145248057
2.96150627615063
0.891093843395099
2.03490735206216
1.78469814704124
5.84028690974298
3.44267782426778
2.96425582785415
3.53066347878063
1.75720263000598
1.13855349671249
1.48224745965332
1.08356246264196
1.38051404662283
3.94309623430962
2.65630603705918
1.52349073520622
1.65271966527197
2.47483562462642
0.97907949790795
1.14680215182307
2.82952779438135
4.33903167961745
1.20454273759713
1.22653915122534
1.59772863120143
1.76820083682008
1.06981470412433
0.671129707112971
1.52898983861327
1.67471607890018
0.753616258218769
0.830603705917513
4.30053795576808
1.54548714883443
3.01924686192469
3.75612671846981
2.23012552301255
1.34202032277346
2.15588762701733
0.984578601315003
1.28153018529588
1.86168559473999
2.67280334728033
7.78696951583981
1.57573221757322
0.552898983861327
3.73962940824865
1.23753735803945
1.35301852958757
3.99808726838015
2.89001793185894
1.22378959952182
1.08356246264196
0.393424985056784
4.31703526598924
1.2430364614465
0.363179916317992
1.22928870292887
4.95218170950388
3.25295875672445
6.84662283323371
3.49766885833831
1.75445307830245
0.352181709503885
1.72695756126718
0.706873879258816
3.12922893006575
0.924088463837418
0.365929468021518
0.800358637178721
0.984578601315003
0.767364016736402
2.96150627615063
1.29802749551704
4.44351464435146
1.51249252839211
1.07256425582785
1.70496114763897
2.85702331141662
1.73795576808129
1.87818290496115
1.72420800956366
2.37860131500299
2.94225941422594
1.35851763299462
2.15313807531381
4.38027495517035
1.12205618649133
2.08164973102212
2.9175134488942
0.775612671846982
4.43251643753736
0.772863120143455
0.915839808726838
3.68738792588165
1.80944411237298
3.0824865511058
8.4688583383144
2.45008965929468
6.04650328750747
0.946084877465631
0.393424985056784
2.47208607292289
1.64447101016139
1.65546921697549
8.41936640765092
1.96891811117753
3.54166168559474
4.10257023311417
0.83335325762104
0.275194261805141
2.47208607292289
2.14488942020323
3.6406455469217
1.66371787208607
6.43419007770472
2.67280334728033
3.23371189479976
2.69754931261207
0.992827256425583
0.42092050209205
2.03215780035864
1.78194859533772
1.40251046025105
0.995576808129109
4.13006575014943
0.753616258218769
0.618888224745965
0.739868499701136
5.1089061566049
1.31177525403467
4.52325164375374
4.25929468021518
1.30627615062762
0.874596533173939
3.93209802749552
3.52516437537358
1.16879856545129
2.09814704124328
4.24554692169755
6.89336521219366
2.7415421398685
0.838852361028093
1.14130304841602
0.5501494321578
2.79928272564256
1.5317393903168
1.36401673640167
4.91368798565451
1.34751942618051
2.71129707112971
2.3593544530783
4.1685594739988
1.70221159593545
1.36951583980873
2.03215780035864
3.92384937238494
12.4694560669456
0.500657501494322
4.27854154213987
2.11464435146444
3.6104004781829
1.94692169754931
0.814106395696354
8.08667065152421
2.93950986252241
0.910340705319785
1.60872683801554
1.12755528989839
1.44100418410042
0.948834429169157
1.52898983861327
1.12755528989839
1.07256425582785
0.717872086072923
2.09539748953975
4.51500298864315
0.536401673640167
1.03407053197848
2.03490735206216
2.62331141661686
4.6332337118948
1.02307232516438
3.50316796174537
1.52898983861327
1.09731022115959
1.73795576808129
3.24196054991034
1.47949790794979
1.8424387328153
2.8240286909743
1.38326359832636
0.624387328153018
3.88535564853556
2.21912731619845
0.640884638374178
1.15230125523013
1.97991631799163
1.56748356246264
1.21554094441124
0.827854154213987
2.0074118350269
1.91392707710699
0.858099222952779
0.517154811715481
3.75337716676629
1.44650328750747
2.33735803945009
0.583144052600119
3.65989240884638
7.38553496712492
6.72289300657501
1.55648535564854
2.80478182904961
2.0596533173939
2.97525403466826
3.08798565451285
6.84937238493724
1.81219366407651
1.50699342498506
2.15588762701733
3.81111775254035
3.24745965331739
3.25570830842797
2.85427375971309
2.58206814106396
3.73138075313808
1.68021518230723
0.418170950388524
1.45750149432158
7.07483562462642
4.01458457860131
3.98708906156605
0.973580394500897
5.07041243275553
3.49216975493126
1.72145845786013
2.65355648535565
1.38051404662283
2.09539748953975
1.51249252839211
2.03765690376569
1.21004184100418
1.5839808726838
1.05056784219964
1.63897190675433
1.43825463239689
1.39426180514047
2.16413628212791
1.06156604901375
2.38410041841004
3.84136282127914
4.66072922893007
0.467662881052002
2.49408248655111
4.01733413030484
1.41625821876868
2.61506276150628
1.32277346084877
2.51607890017932
1.78744769874477
1.92217573221757
1.29802749551704
1.6252241482367
3.63239689181112
0.786610878661088
2.04590555887627
1.50424387328153
2.35110579796772
3.77812313209803
2.5655708308428
2.21087866108787
4.26479378362224
0.69587567244471
1.44100418410042
3.53341303048416
1.24853556485356
3.55265989240885
1.51524208009564
1.6252241482367
1.02307232516438
2.5765690376569
2.91201434548715
3.69563658099223
5.02092050209205
0.591392707710699
2.16963538553497
1.23753735803945
3.03299462044232
1.5317393903168
1.05056784219964
2.82127913927077
1.55373580394501
1.29252839210998
1.86443514644351
1.14680215182307
0.475911536162582
0.95433353257621
1.04231918708906
2.6590555887627
1.00107591153616
0.456664674237896
1.14130304841602
0.871846981470413
1.68296473401076
1.18529587567244
1.19904363419008
0.70412432755529
2.98075313807531
1.56198445905559
0.649133293484758
1.96066945606695
1.36951583980873
2.13664076509265
1.05056784219964
8.47710699342498
4.28679019725045
1.08906156604901
1.63622235505081
1.39151225343694
0.67937836222355
1.57573221757322
0.811356843992827
0.2916915720263
0.434668260609683
3.20621637776449
2.84877465630604
2.0596533173939
1.28702928870293
1.28977884040646
4.58649133293485
3.23096234309623
0.71237298266587
0.668380155409444
1.2732815301853
1.13855349671249
0.401673640167364
0.338433950986252
4.21805140466228
3.99808726838015
2.6480573819486
0.706873879258816
3.44817692767484
3.03299462044232
4.69647340107591
1.02857142857143
2.78553496712493
0.539151225343694
1.83968918111178
0.646383741781231
2.03490735206216
2.16413628212791
4.11081888822475
1.95517035265989
2.16138673042439
3.87710699342498
0.98732815301853
1.59497907949791
1.38601315002989
5.86503287507472
3.41243275552899
0.910340705319785
0.613389121338912
2.72779438135087
0.946084877465631
1.19354453078302
1.16879856545129
1.47124925283921
3.45917513448894
6.20322773460849
2.5765690376569
0.233950986252241
4.11081888822475
4.43251643753736
2.45833831440526
0.552898983861327
1.59497907949791
4.63048416019127
6.12624028690974
4.95218170950388
1.43550508069337
3.01649731022116
1.88918111177525
2.52707710699343
1.63897190675433
1.49874476987448
4.38852361028093
2.18063359234907
1.93042438732815
2.12289300657502
3.89360430364614
1.35301852958757
1.41075911536163
3.70388523610281
0.981829049611476
1.85893604303646
2.18063359234907
7.72098027495517
0.948834429169157
0.852600119545726
0.992827256425583
1.52624028690974
2.8652719665272
2.96425582785415
2.38959952181709
1.27603108188882
3.76712492528392
1.55373580394501
1.20729228930066
1.47399880454274
1.30627615062762
2.89001793185894
0.767364016736402
2.98075313807531
1.52349073520622
3.36569037656904
0.629886431560072
10.649252839211
3.80836820083682
3.03299462044232
5.52408846383742
0.800358637178721
0.643634190077705
5.24913329348476
3.21996413628213
3.64614465032875
1.52074118350269
4.22630005977286
1.27053197848177
2.35385534967125
3.47842199641363
0.530902570233114
0.624387328153018
5.46634787806336
3.19796772265391
2.93676031081889
0.8498505678422
4.17955768081291
2.92851165570831
0.563897190675433
3.32719665271966
2.69754931261207
1.85618649133293
1.71320980274955
0.913090257023311
4.03108188882247
1.04506873879259
0.385176329946204
5.1501494321578
2.52982665869695
1.05056784219964
3.07423789599522
3.70388523610281
5.07591153616258
4.14931261207412
1.81494321578004
1.33102211595935
6.03825463239689
3.60215182307232
1.45200239091452
1.54548714883443
1.49599521817095
2.89826658696952
3.02749551703527
0.965331739390317
1.35576808129109
1.1083084279737
0.16246264196055
0.577644949193066
0.759115361625822
0.816855947399881
1.82869097429767
4.46276150627615
1.2732815301853
2.42809324566647
1.35576808129109
1.06431560071727
1.10280932456665
3.26395696353855
2.58481769276748
0.819605499103407
2.54632396891811
3.77262402869097
2.16413628212791
5.12540346682606
3.36294082486551
2.62606096832038
0.976329946204423
2.2246264196055
0.511655708308428
2.06790197250448
2.76628810520024
2.59306634787806
1.24853556485356
1.3255230125523
2.11189479976091
4.05582785415421
1.70496114763897
2.37585176329946
3.99533771667663
3.90460251046025
8.1581589958159
6.07949790794979
0.555648535564853
1.07531380753138
3.27220561864913
0.819605499103407
1.94417214584579
2.94775851763299
6.50842797369994
3.64889420203228
2.07615062761506
2.29336521219366
1.26503287507472
2.07890017931859
3.6104004781829
2.53257621040048
1.97991631799163
1.43550508069337
2.01291093843395
0.992827256425583
2.81028093245666
3.08798565451285
2.94775851763299
1.57023311416617
1.56198445905559
2.24387328153019
2.535325762104
1.17429766885834
3.18696951583981
2.33460848774656
0.371428571428571
2.60131500298864
1.01757322175732
2.9065152420801
0.720621637776449
1.72970711297071
2.43909145248057
1.65271966527197
1.52898983861327
1.27603108188882
1.17429766885834
1.39151225343694
1.97441721458458
0.580394500896593
1.43825463239689
3.45092647937836
2.95050806933652
3.15947399880454
3.38493723849372
2.08439928272564
1.19629408248655
1.39426180514047
9.46694560669456
4.04757919904363
9.15899581589958
5.35086670651524
2.5655708308428
3.3519426180514
6.101494321578
7.01984459055589
3.43167961745368
2.13664076509265
4.26754333532576
3.58565451285117
1.59772863120143
2.20812910938434
1.13855349671249
1.91392707710699
1.68571428571429
1.22928870292887
1.87818290496115
0.968081291093843
0.948834429169157
2.66455469216975
2.22187686790197
3.86335923490735
0.792109982068141
0.874596533173939
3.84686192468619
2.98350268977884
0.789360430364614
3.57190675433353
3.05499103407053
1.61697549312612
4.22355050806934
1.5427375971309
3.31894799760909
0.830603705917513
2.86802151823072
0.932337118947998
3.17322175732218
0.789360430364614
2.3483562462642
5.03191870890616
2.18888224745965
6.56066945606694
0.8498505678422
0.794859533771668
1.2430364614465
3.33819485953377
2.50233114166169
12.2274955170353
2.16688583383144
2.21362821279139
3.3931858936043
4.31978481769277
1.79844590555888
1.91667662881052
0.486909742976688
1.57573221757322
0.67937836222355
1.58947997609085
1.72145845786013
2.89551703526599
1.43550508069337
3.96784219964136
4.54799760908548
0.984578601315003
2.70304841601913
1.05606694560669
2.30986252241482
3.57190675433353
0.5501494321578
0.998326359832636
1.53448894202032
0.888344291691572
2.21912731619845
4.10257023311417
3.67638971906754
3
1.14680215182307
1.29252839210998
3.36843992827256
2.89551703526599
1.08906156604901
2.21637776449492
7.44327555289898
0.544650328750747
0.95433353257621
3.39868499701136
4.33628212791393
0.772863120143455
2.45008965929468
2.37035265989241
5.60932456664674
1.78469814704124
3.0412432755529
1.04506873879259
1.30627615062762
1.31177525403467
0.874596533173939
3.93209802749552
1.67196652719665
1.05881649731022
1.91117752540347
2.35385534967125
2.24662283323371
4.35002988643156
3.31619844590556
1.10005977286312
2.81578003586372
0.965331739390317
1.04781829049611
2.2768679019725
2.89551703526599
2.85977286312014
1.43275552898984
1.74345487148834
1.38876270173341
1.78744769874477
2.26861924686192
3.48117154811715
2.69754931261207
1.9249252839211
1.78469814704124
2.07615062761506
2.82952779438135
2.19438135086671
1.15230125523013
0.643634190077705
0.720621637776449
1.28153018529588
0.374178123132098
3.33819485953377
1.58673042438733
0.654632396891811
1.76820083682008
1.84793783622236
1.1495517035266
1.96341900777047
2.15313807531381
1.81219366407651
3.516915720263
2.23287507471608
1.58673042438733
0.585893604303646
2.02390914524806
2.79378362223551
0.602390914524806
0.767364016736402
6.89061566049014
3.41793185893604
3.09073520621638
2.37860131500299
5.65881649731022
0.783861326957561
1.32002390914525
6.3901972504483
1.2320382546324
3.75612671846981
0.676628810520024
13.4235505080693
1.61972504482965
0.907591153616258
2.38135086670652
3.58015540944411
1.00932456664674
3.516915720263
2.5243275552899
0.588643156007173
4.90818888224746
7.78696951583981
1.97716676628811
2.36210400478183
0.770113568439928
1.04506873879259
3.74237895995218
2.7002988643156
1.82319187089062
1.88918111177525
2.25487148834429
3.09073520621638
4.60023909145248
2.65630603705918
1.46849970113568
0.937836222355051
1.17154811715481
3.70938433950986
1.90567842199641
3.62139868499701
2.4005977286312
4.83945008965929
2.85427375971309
1.85893604303646
1.81769276748356
4.66072922893007
1.05056784219964
1.78194859533772
2.81852958756724
2.62606096832038
5.04841601912732
10.904961147639
3.24196054991034
0.995576808129109
1.77919904363419
5.83753735803945
1.03407053197848
2.04590555887627
0.882845188284519
3.04949193066348
1.11380753138075
0.753616258218769
1.04781829049611
2.16963538553497
2.41709503885236
3.10448296473401
1.37226539151225
1.31452480573819
3.34644351464435
1.53723849372385
2.28511655708308
1.14130304841602
5.53783622235505
3.46192468619247
3.56640765092648
2.19988045427376
1.449252839211
3.58565451285117
0.462163777644949
2.6480573819486
1.47399880454274
1.15505080693365
4.39677226539151
2.64255827854154
0.946084877465631
1.32827256425583
0.874596533173939
0.607890017931859
1.40526001195457
1.04506873879259
2.88176927674836
1.15780035863718
0.948834429169157
1.90842797369994
1.41625821876868
1.7077106993425
3.17322175732218
2.61506276150628
0.885594739988045
1.41350866706515
2.02390914524806
3.59390316796175
5.86228332337119
1.53448894202032
0.95433353257621
2.32635983263598
0.0634787806335923
2.34010759115362
1.48224745965332
3.14297668858338
4.25654512851166
4.18505678421996
2.16688583383144
0.734369396294082
10.7069934249851
1.11930663478781
1.85068738792588
1.23753735803945
1.97441721458458
1.64997011356844
2.36485355648536
1.03956963538554
1.06156604901375
1.2430364614465
1.16329946204423
1.25953377166766
2.75803945008966
2.90101613867304
3.43992827256426
0.759115361625822
2.68655110579797
0.728870292887029
2.30161386730424
3.12098027495517
2.61231320980275
1.82869097429767
2.89551703526599
0.715122534369396
0.902092050209205
3.62414823670054
5.01267184698147
2.11739390316796
3.57740585774059
2.29611476389719
2.77453676031082
3.44817692767484
5.5735803945009
0.789360430364614
0.943335325762104
1.47399880454274
0.588643156007173
2.88176927674836
1.60872683801554
0.368679019725045
1.5317393903168
6.67340107591154
2.45283921099821
0.775612671846982
1.64447101016139
18.8704124327555
1.36126718469815
9.47519426180514
1.71320980274955
0.932337118947998
2.59856545128511
1.0148236700538
3.56090854751943
2.018410041841
2.22187686790197
1.10555887627017
1.90567842199641
1.35851763299462
1.14680215182307
0.621637776449492
0.572145845786013
2.9065152420801
2.04040645546922
1.95517035265989
1.08081291093843
6.99784817692767
4.06407650926479
3.08523610280932
2.03215780035864
1.59772863120143
4.44901374775852
0.646383741781231
1.47949790794979
6.47268380155409
1.18804542737597
3.02199641362821
2.61506276150628
2.19163179916318
3.1759713090257
3.17322175732218
6.46443514644351
1.86443514644351
0.948834429169157
2.7827854154214
5.13365212193664
0.407172743574417
1.09731022115959
0.42092050209205
1.40526001195457
3.15122534369396
3.11823072325164
6.39569635385535
1.97166766288105
1.28977884040646
5.79904363419008
6.8658696951584
4.4160191273162
0.915839808726838
1.0670651524208
3.27770472205619
4.07232516437537
1.74620442319187
1.21829049611476
1.35851763299462
0.591392707710699
1.47674835624626
2.84327555289898
1.37501494321578
0.602390914524806
0.591392707710699
0.792109982068141
0.871846981470413
1.01757322175732
2.46108786610879
8.50185295875672
0.731619844590556
1.38051404662283
5.48834429169157
0.748117154811715
2.2768679019725
1.19354453078302
2.65355648535565
5.08965929468021
8.93628212791393
1.37226539151225
3.27495517035266
0.965331739390317
0.800358637178721
2.12839210998207
1.01207411835027
2.38135086670652
0.946084877465631
4.46551105797968
2.10364614465033
1.36126718469815
1.0670651524208
4.55899581589958
0.67937836222355
2.96150627615063
2.41434548714883
2.17238493723849
2.98625224148237
3.04399282725643
1.09181111775254
0.984578601315003
0.649133293484758
1.22104004781829
1.36401673640167
1.89742976688583
1.11655708308428
0.467662881052002
1.93042438732815
0.781111775254035
2.85152420800956
1.22378959952182
0.624387328153018
2.1421398684997
8.3753735803945
1.40251046025105
1.31452480573819
2.14763897190675
0.767364016736402
1.52898983861327
2.09814704124328
1.68846383741781
2.46108786610879
5.44710101613867
0.910340705319785
2.15313807531381
0.885594739988045
0.440167364016736
0.541900777047221
1.2732815301853
1.7599521817095
4.32253436939629
3.33819485953377
0.816855947399881
2.32361028093246
1.87268380155409
1.46300059772863
1.67746563060371
5.54883442916916
0.555648535564853
1.60597728631201
2.78828451882845
1.73245666467424
2.51607890017932
5.51583980872684
0.902092050209205
2.0898983861327
2.45558876270173
1.77095038852361
0.816855947399881
2.96700537955768
0.946084877465631
0.706873879258816
4.27854154213987
2.57381948595338
2.96425582785415
0.511655708308428
1.08081291093843
1.77644949193066
10.0828451882845
2.09814704124328
2.35110579796772
0.734369396294082
0.555648535564853
1.11930663478781
1.08906156604901
0.616138673042439
5.60657501494321
2.02115959354453
1.19629408248655
2.99450089659295
1.98266586969516
2.77453676031082
3.06049013747759
2.39234907352062
1.55923490735206
0.684877465630604
2.19988045427376
3.87710699342498
3.2172145845786
9.42020322773461
3.18421996413628
0.665630603705917
2.12014345487149
5.59832635983263
1.02857142857143
2.70854751942618
1.95791990436342
1.56198445905559
2.03490735206216
20.9628212791393
4.04757919904363
1.20454273759713
1.51524208009564
3.80561864913329
1.97991631799163
2.80203227734608
0.860848774656306
10.5337716676629
1.8314405260012
1.89193066347878
1.449252839211
2.7827854154214
1.91942618051405
1.93867304243873
0.126718469814704
3.78087268380155
1.90567842199641
1.75445307830245
0.951583980872684
0.896592946802152
1.05606694560669
1.76820083682008
4.16031081888822
0.563897190675433
1.20454273759713
2.07890017931859
1.2320382546324
0.643634190077705
5.26013150029886
3.13197848176928
2.78828451882845
5.06216377764495
3.0934847579199
17.2949193066348
1.75170352659892
1.9249252839211
1.85618649133293
1.31177525403467
4.93018529587567
1.45475194261805
1.90567842199641
3.07973699940227
2.51607890017932
3.27495517035266
10.9901972504483
3.03574417214585
2.77178720860729
2.74704124327555
1.08356246264196
1.83419007770472
1.68296473401076
1.63622235505081
0.753616258218769
5.41410639569635
1.99916317991632
1.08631201434549
0.519904363419008
0.880095636580992
1.09456066945607
2.34285714285714
1.57848176927675
2.0596533173939
3.53341303048416
0.852600119545726
2.0486551105798
1.79844590555888
2.29886431560072
2.62606096832038
0.657381948595338
3.28045427375971
1.21829049611476
3.12647937836222
2.8350268977884
1.24028690974298
1.29527794381351
2.2246264196055
1.68021518230723
2.19988045427376
3.2584578601315
5.48559473998804
5.15564853556485
1.88093245666467
1.17154811715481
1.99916317991632
1.47949790794979
3.48667065152421
1.35576808129109
1.91942618051405
1.28977884040646
1.88643156007173
2.18613269575613
1.43550508069337
3.69013747758518
2.13939031679617
1.96066945606695
1.66371787208607
5.27937836222355
2.84327555289898
3.41793185893604
0.451165570830843
1.16604901374776
2.95600717274357
0.921338912133891
2.17513448894202
1.00932456664674
1.77919904363419
2.57106993424985
0.968081291093843
6.05200239091452
0.30818888224746
0.310938433950986
1.95791990436342
0.536401673640167
0.398924088463837
1.33377166766288
0.847101016138673
3.03574417214585
1.57573221757322
2.97250448296473
1.36401673640167
4.26204423191871
1.06981470412433
1.35301852958757
2.9065152420801
2.42809324566647
0.536401673640167
5.30687387925882
0.379677226539151
1.2430364614465
4.75971309025702
1.60047818290496
1.02307232516438
1.21554094441124
0.913090257023311
2.0898983861327
2.68655110579797
1.08631201434549
0.882845188284519
1.78469814704124
2.01016138673042
4.55899581589958
0.662881052002391
2.43909145248057
2.24112372982666
1.52074118350269
5.24088463837418
1.00382546323969
2.10639569635386
6.92361028093246
2.2768679019725
6.79988045427376
3.37118947997609
0.888344291691572
2.20537955768081
1.13030484160191
2.72504482964734
1.87543335325762
1.96341900777047
4.02833233711895
2.40884638374178
2.28511655708308
2.15863717872086
1.17704722056186
2.39234907352062
4.15206216377764
3.00549910340705
1.44650328750747
0.783861326957561
3.54991034070532
0.555648535564853
1.46575014943216
2.0898983861327
5.50759115361626
0.376927674835625
1.14680215182307
1.89193066347878
1.82044231918709
4.17130902570233
1.49599521817095
6.40669456066945
1.96341900777047
0.222952779438135
15.61494321578
0.800358637178721
3.66814106395696
0.888344291691572
4.64148236700538
0.904841601912732
1.95791990436342
1.21829049611476
4.53150029886431
2.67830245068739
1.41900777047221
3.25570830842797
6.19772863120143
2.43909145248057
1.65271966527197
1.01207411835027
2.71404662283323
7.3937836222355
0.789360430364614
1.35301852958757
1.4904961147639
1.39151225343694
1.74070531978482
1.05331739390317
1.81219366407651
3.43167961745368
0.770113568439928
3.36569037656904
1.4602510460251
1.51799163179916
1.5839808726838
1.27053197848177
0.599641362821279
0.396174536760311
3.3409444112373
1.41625821876868
3.43167961745368
0.690376569037657
1.3255230125523
2.18888224745965
1.81769276748356
3.34919306634788
1.58947997609085
3.53341303048416
4.96317991631799
0.911715481171546
4.54249850567842
1.30902570233114
2.49133293484758
1.91392707710699
1.60322773460849
3.28870292887029
2.70304841601913
5.48009563658099
4.50125523012552
0.957083084279737
2.50783024506874
3.08798565451285
3.1649731022116
2.63156007172744
1.33652121936641
0.376927674835625
3.93759713090257
2.8652719665272
5.59282725642558
1.33377166766288
0.720621637776449
1.4080095636581
1.1495517035266
0.528153018529588
3.26670651524208
0.464913329348476
1.52624028690974
1.18254632396892
0.462163777644949
1.77095038852361
3.67364016736402
3.77262402869097
0.951583980872684
0.844351464435147
1.63072325164375
1.501494321578
2.43634190077705
1.37776449491931
9.09025702331142
0.998326359832636
0.000239091452480579
0.885594739988045
1.00107591153616
2.75254034668261
3.39593544530783
0.709623430962343
0.376927674835625
3.78362223550508
2.11189479976091
1.27878063359235
0.797609085475194
3.41793185893604
1.90017931858936
1.17154811715481
0.858099222952779
19.0876270173341
1.69396294082487
1.51799163179916
1.16054991034071
3.16772265391512
0.863598326359833
1.8314405260012
5.89527794381351
0.561147638971907
0.84160191273162
0.382426778242678
1.52624028690974
3.66539151225344
1.81219366407651
1.66371787208607
4.7982068141064
2.59306634787806
1.21004184100418
2.30436341900777
2.45008965929468
0.940585774058577
1.01757322175732
0.82510460251046
6.23347280334728
0.363179916317992
1.89193066347878
0.992827256425583
2.71129707112971
0.583144052600119
3.95959354453078
25.6673042438733
2.04040645546922
2.49683203825463
2.65630603705918
10.6107591153616
7.78971906754334
0.745367603108189
0.937836222355051
3.87710699342498
2.17513448894202
0.805857740585774
3.38493723849372
2.46108786610879
3.09898386132696
0.913090257023311
0.935086670651524
2.14488942020323
1.35851763299462
3.00274955170353
1.13030484160191
2.13114166168559
0.8498505678422
1.56473401075912
0.921338912133891
6.18673042438733
1.12205618649133
2.96975493126121
5.11165570830843
0.514405260011955
1.26778242677824
3.39043634190078
1.46300059772863
0.68762701733413
5.71380753138075
1.44650328750747
2.78003586371787
1.37776449491931
0.632635983263598
3.4234309623431
1.45475194261805
1.5729826658697
3.74787806335923
1.79569635385535
0.426419605499103
1.52898983861327
1.5427375971309
4.02008368200837
0.629886431560072
2.28511655708308
2.67280334728033
6.32145845786013
2.12564255827854
1.14130304841602
3.45917513448894
1.2320382546324
1.2017931858936
4.58924088463837
1.70496114763897
0.569396294082486
3.98983861326958
2.6590555887627
3.34919306634788
3.38493723849372
1.87543335325762
0.613389121338912
0.627136879856545
3.44267782426778
0.866347878063359
1.86168559473999
1.25678421996414
1.68846383741781
0.533652121936641
1.71046025104603
4.15206216377764
2.07615062761506
3.0824865511058
0.481410639569635
0.489659294680215
1.62247459653317
4.66897788404065
0.792109982068141
4.9329348475792
4.1575612671847
2.05690376569038
3.74237895995218
1.50974297668858
1.48774656306037
1.60597728631201
3.24196054991034
1.85618649133293
0.67937836222355
0.651882845188285
3.87435744172146
1.1907949790795
1.08356246264196
1.03132098027496
1.67196652719665
6.38469814704124
3.15397489539749
1.83693962940825
2.52707710699343
1.88093245666467
0.965331739390317
0.720621637776449
3.49491930663479
0.753616258218769
1.34751942618051
2.63156007172744
3.87985654512851
4.75146443514644
1.67746563060371
1.71046025104603
0.357680812910938
0.627136879856545
4.39677226539151
1.08631201434549
1.56473401075912
3.34919306634788
2.00191273161984
0.781111775254035
6.92635983263598
1.30627615062762
1.15780035863718
4.43526598924088
1.56748356246264
1.1495517035266
1.60872683801554
1.86718469814704
0.907591153616258
3.21171548117155
0.937836222355051
0.319187089061566
2.54082486551106
0.632635983263598
2.68105200239091
2.07890017931859
1.12205618649133
4.04482964734011
1.38051404662283
15.8789001793186
2.82127913927077
2.00466228332337
1.24853556485356
0.379677226539151
2.8652719665272
1.29527794381351
2.42534369396294
5.92277346084877
0.374178123132098
5.35086670651524
1.08356246264196
1.95242080095637
2.84052600119546
1.64447101016139
1.49599521817095
0.508906156604901
2.04315600717274
1.85618649133293
2.89276748356246
1.57023311416617
0.715122534369396
1.13580394500897
1.05606694560669
1.38876270173341
0.613389121338912
1.11655708308428
1.07531380753138
1.39701135684399
2.03215780035864
5.08141063956964
1.26503287507472
1.94692169754931
2.93126120741183
3.90460251046025
1.21554094441124
5.0264196054991
8.33687985654513
0.742618051404662
4.14106395696354
2.67005379557681
1.01207411835027
1.59772863120143
2.11464435146444
1.63897190675433
1.44650328750747
1.46849970113568
1.94692169754931
1.15780035863718
5.86503287507472
1.91667662881052
1.55923490735206
1.64447101016139
2.43634190077705
3.43992827256426
0.844351464435147
7.32229527794381
3.4234309623431
1.75720263000598
0.759115361625822
4.44076509264794
3.26395696353855
3.23096234309623
2.26037059175134
3.9925881649731
1.02857142857143
1.41900777047221
2.55732217573222
1.35026897788404
4.15481171548117
2.96425582785415
2.31536162582188
1.38326359832636
2.0074118350269
1.7901972504483
1.97716676628811
3.71213389121339
1.66096832038255
0.541900777047221
2.63430962343096
2.93401075911536
1.58673042438733
0.588643156007173
1.94967124925284
1.55373580394501
3.18971906754334
2.73604303646145
4.13281530185296
1.34476987447699
1.3667662881052
2.483084279737
2.3483562462642
0.434668260609683
7.75122534369396
5.35361625821877
1.37501494321578
2.22187686790197
1.35851763299462
2.12289300657502
1.51799163179916
0.896592946802152
1.69946204423192
0.976329946204423
0.814106395696354
1.39701135684399
0.789360430364614
0.508906156604901
1.33102211595935
1.22653915122534
3.50041841004184
1.40251046025105
2.3181111775254
2.10639569635386
1.56473401075912
3.39593544530783
5.31787208607292
4.56724447101016
0.924088463837418
0.98732815301853
3.75887627017334
1.64447101016139
1.13305439330544
5.8842797369994
3.29145248057382
0.781111775254035
3.14847579199044
0.984578601315003
3.21446503287507
2.24112372982666
3.40968320382546
4.55899581589958
4.63598326359833
1.32002390914525
4.60573819485953
0.811356843992827
1.00382546323969
0.701374775851763
1.40526001195457
4.38027495517035
2.37035265989241
1.06431560071727
0.673879258816497
1.87543335325762
2.33185893604304
2.41984459055589
1.43825463239689
2.95600717274357
0.346682606096832
0.715122534369396
5.84028690974298
1.23478780633592
0.310938433950986
0.764614465032875
1.49324566646742
1.94692169754931
1.06981470412433
6.10699342498506
0.676628810520024
2.59031679617454
3.9403466826061
2.79653317393903
1.04506873879259
3.64339509862522
3.43167961745368
3.56915720263001
1.501494321578
1.52898983861327
0.992827256425583
2.00191273161984
0.585893604303646
2.61506276150628
4.97692767483562
1.05881649731022
2.12564255827854
1.16604901374776
2.0898983861327
0.682127913927077
1.8314405260012
2.18888224745965
2.48858338314405
3.15672444710102
0.616138673042439
1.81494321578004
2.32910938433951
1.79569635385535
2.62331141661686
1.13030484160191
1.52898983861327
1.68571428571429
4.26479378362224
4.71846981470412
4.08607292289301
1.10005977286312
10.6904961147639
2.64530783024507
1.55098625224148
1.61147638971907
3.17872086072923
0.632635983263598
0.561147638971907
2.97525403466826
3.24471010161387
0.896592946802152
1.47124925283921
10.49252839211
1.31177525403467
1.47674835624626
1.8424387328153
1.78469814704124
2.29061566049014
1.7187089061566
0.401673640167364
2.64530783024507
5.13090257023311
2.12564255827854
4.34728033472803
2.85977286312014
2.2768679019725
1.45750149432158
0.940585774058577
1.3255230125523
4.78445905558876
3.1347280334728
1.08081291093843
0.596891811117752
3.80561864913329
3.74237895995218
4.86694560669456
2.25762104004782
1.93317393903168
0.431918708906157
0.242199641362821
0.981829049611476
1.60597728631201
2.84052600119546
2.36760310818888
3.10448296473401
2.26312014345487
3.93484757919904
0.924088463837418
3.07698744769874
4.54799760908548
1.52349073520622
1.64172145845786
1.6664674237896
0.134967124925284
3.9101016138673
0.82510460251046
1.14130304841602
1.13030484160191
3.39593544530783
2.10639569635386
1.7187089061566
0.808607292289301
2.18613269575613
4.70197250448296
3.49766885833831
2.10364614465033
1.66371787208607
4.08332337118948
1.50424387328153
0.643634190077705
2.6178123132098
0.462163777644949
0.902092050209205
3.80286909742977
3.34369396294082
1.95242080095637
2.49408248655111
2.3181111775254
1.16604901374776
4.05307830245069
4.58924088463837
1.02857142857143
1.7489539748954
1.17429766885834
5.66156604901375
0.726120741183503
2.17788404064555
0.305439330543933
0.8498505678422
2.20537955768081
1.88093245666467
1.13855349671249
1.44650328750747
2.48858338314405
0.847101016138673
4.97967722653915
5.1089061566049
2.13389121338912
1.69671249252839
1.43550508069337
2.12014345487149
2.05415421398685
1.57023311416617
2.02115959354453
2.45008965929468
2.80478182904961
1.22928870292887
0.940585774058577
1.55098625224148
4.4572624028691
6.52217573221757
1.05881649731022
1.10005977286312
2.96425582785415
2.43634190077705
1.75445307830245
5.52958756724447
2.25212193664077
22.5163179916318
2.78828451882845
2.84877465630604
1.77095038852361
2.73604303646145
0.748117154811715
1.79844590555888
1.60597728631201
0.497907949790795
1.27053197848177
1.30902570233114
2.68655110579797
0.341183502689779
3.61589958158996
3.90735206216378
23.4511655708308
1.44100418410042
0.992827256425583
1.72970711297071
3.07698744769874
1.85068738792588
2.21362821279139
0.990077704722056
2.23012552301255
1.34476987447699
3.35744172145846
0.709623430962343
0.662881052002391
0.43741781231321
1.95791990436342
1.90017931858936
3.75337716676629
0.948834429169157
1.25403466826061
1.74070531978482
1.5317393903168
3.36843992827256
1.41075911536163
4.29778840406455
1.45750149432158
3.03299462044232
2.26312014345487
0.882845188284519
0.618888224745965
1.12205618649133
1.78744769874477
2.13389121338912
1.16879856545129
1.49874476987448
1.58673042438733
1.72970711297071
0.684877465630604
1.63347280334728
1.94142259414226
1.59497907949791
2.80203227734608
1.47124925283921
1.47674835624626
1.48224745965332
2.32910938433951
2.73879258816497
1.18529587567244
1.73245666467424
1.28977884040646
1.4080095636581
0.96258218768679
4.44351464435146
4.77621040047818
2.98900179318589
1.57573221757322
2.12014345487149
0.324686192468619
3.94859533771668
1.66096832038255
6.9071129707113
2.7002988643156
2.67005379557681
1.36951583980873
1.86718469814704
2.1833831440526
3.36569037656904
2.0074118350269
1.38326359832636
2.46108786610879
1.90017931858936
1.7599521817095
7.37178720860729
3.50316796174537
2.23287507471608
1.85618649133293
1.04231918708906
1.32002390914525
0.805857740585774
2.5243275552899
1.17979677226539
1.71046025104603
1.449252839211
0.783861326957561
1.90842797369994
5.51583980872684
57.5702331141662
1.51249252839211
2.73604303646145
3.51966527196653
1.61697549312612
0.536401673640167
0.756365809922295
0.649133293484758
1.96066945606695
3.60490137477585
0.943335325762104
4.09707112970711
0.940585774058577
1.68846383741781
1.72970711297071
4.53974895397489
2.94500896592947
0.588643156007173
2.18888224745965
2.535325762104
2.93401075911536
4.66897788404065
3.49766885833831
3.12922893006575
15.040286909743
0.995576808129109
2.81303048416019
10.3165570830843
1.0258218768679
3.93484757919904
2.34010759115362
0.709623430962343
8.82904961147639
1.31177525403467
2.40884638374178
1.11655708308428
0.860848774656306
1.05331739390317
0.750866706515242
2.28236700537956
3.1649731022116
1.25953377166766
2.38959952181709
0.907591153616258
1.05881649731022
3.20896592946802
3.27495517035266
0.83335325762104
0.98732815301853
4.63048416019127
2.50233114166169
2.71679617453676
1.66921697549313
4.2098027495517
1.23753735803945
2.37860131500299
1.966168559474
1.05056784219964
1.966168559474
1.27878063359235
1.7901972504483
3.62414823670054
7.24255827854154
1.13305439330544
1.64722056186491
2.28786610878661
2.08164973102212
2.08164973102212
1.6252241482367
9.04076509264794
2.43634190077705
2.87077106993425
3.78637178720861
2.03490735206216
1.13855349671249
1.35301852958757
1.30352659892409
3.09073520621638
1.8836820083682
2.90376569037657
1.78469814704124
5.37561267184698
1.81769276748356
4.6744769874477
2.07065152420801
1.83419007770472
1.46849970113568
0.662881052002391
2.14488942020323
1.85618649133293
1.43275552898984
1.44100418410042
1.96066945606695
11.0561864913329
1.25678421996414
2.63156007172744
2.13114166168559
9.23873281530185
2.21637776449492
3.64614465032875
1.5317393903168
2.8240286909743
1.18529587567244
2.46933652121937
1.1907949790795
2.35385534967125
0.415421398684997
6.08774656306037
3.81936640765093
0.519904363419008
6.65415421398685
3.80561864913329
3.17047220561865
2.66730424387328
0.70412432755529
0.97907949790795
2.03765690376569
0.434668260609683
4.033831440526
2.43084279736999
4.66072922893007
1.97716676628811
1.94967124925284
2.76628810520024
1.5427375971309
1.51249252839211
5.21063956963539
0.937836222355051
5.9255230125523
0.519904363419008
5.81829049611476
2.29061566049014
5.19414225941422
5.9667662881052
0.877346084877466
2.11739390316796
0.852600119545726
3.45367603108189
2.09539748953975
1.5729826658697
6.45618649133293
3.61864913329348
1.97716676628811
3.1759713090257
5.81829049611476
0.888344291691572
6.9071129707113
1.85343693962941
1.44100418410042
0.5501494321578
1.89742976688583
1.8424387328153
2.49408248655111
2.49133293484758
2.71129707112971
1.4080095636581
16.0328750747161
4.1685594739988
4.01183502689779
2.45833831440526
0.995576808129109
0.871846981470413
4.82295277943813
1.23753735803945
1.54548714883443
0.156963538553497
0.753616258218769
1.54823670053796
2.23012552301255
1.23753735803945
3.63239689181112
2.59856545128512
0.629886431560072
2.45558876270173
1.93867304243873
3.48667065152421
4.78720860729229
1.12755528989839
1.74070531978482
0.572145845786013
1.53448894202032
2.41984459055589
2.62606096832038
1.2017931858936
2.12289300657502
5.71380753138075
4.82845188284519
2.16413628212791
1.85618649133293
4.31978481769277
3.89085475194262
2.81578003586372
2.51057979677227
2.83777644949193
0.882845188284519
1.89742976688583
0.761864913329348
2.24387328153019
4.48750747160789
0.671129707112971
3.21171548117155
2.21912731619845
1.2842797369994
2.82677824267782
2.05140466228332
0.588643156007173
0.767364016736402
4.05582785415421
0.805857740585774
1.55373580394501
0.926838015540944
3.42068141063957
1.12205618649133
0.673879258816497
0.511655708308428
1.62247459653317
0.877346084877466
3.1347280334728
3.27220561864913
3.53341303048416
2.5243275552899
1.57023311416617
4.72946802151823
1.28702928870293
1.64172145845786
3.25570830842797
1.21004184100418
2.11464435146444
1.06981470412433
3.12098027495517
2.46933652121937
3.76987447698745
3.78912133891213
1.63622235505081
5.76879856545128
0.638135086670651
1.12755528989839
1.03407053197848
0.70412432755529
5.17214584578601
4.28129109384339
3.31894799760909
2.67555289898386
0.5501494321578
2.0596533173939
1.09456066945607
12.0102809324567
2.40609683203825
5.11990436341901
3.03849372384937
4.49025702331142
2.79103407053198
1.966168559474
0.915839808726838
2.56832038254632
1.44100418410042
4.12456664674238
3.0412432755529
1.40251046025105
0.935086670651524
2.84052600119546
4.5919904363419
1.71595935445308
3.4344291691572
3.7753735803945
4.10257023311417
1.48774656306037
1.96891811117753
1.81494321578004
1.86168559473999
4.22080095636581
2.82127913927077
2.56007172743574
3.41793185893604
1.21554094441124
3.05224148236701
0.563897190675433
4.16306037059175
3.60490137477585
7.63299462044232
0.992827256425583
0.756365809922295
2.56282127913927
2.67005379557681
7.10233114166169
3.66814106395696
0.871846981470413
3.63789599521817
1.31727435744172
1.72970711297071
3.48392109982068
0.547399880454274
1.2320382546324
1.88643156007173
1.83968918111178
6.12349073520622
2.06515242080096
0.874596533173939
2.61506276150628
1.03407053197848
1.67196652719665
0.682127913927077
4.65523012552301
1.41350866706515
0.481410639569635
1.13305439330544
2.20263000597729
2.06240286909743
0.533652121936641
1.43000597728631
2.39509862522415
1.45475194261805
2.89001793185894
2.06240286909743
1.26503287507472
0.819605499103407
5.56808129109384
1.94967124925284
4.19330543933054
1.55648535564854
1.86168559473999
2.59581589958159
1.18804542737597
0.907591153616258
6.27746563060371
2.5655708308428
7.31129707112971
0.492408846383742
1.92217573221757
1.26503287507472
0.321936640765093
3.19796772265391
0.838852361028093
1.83693962940825
2.40609683203825
1.12480573819486
1.4602510460251
1.55648535564854
3.45917513448894
2.74429169157203
1.82319187089062
0.434668260609683
2.09814704124328
2.23837417812313
3.13197848176928
1.63622235505081
1.08356246264196
3.31069934249851
3.1347280334728
1.64997011356844
3.47292289300657
1.89742976688583
1.63072325164375
3.00549910340705
1.07806335923491
1.32827256425583
0.616138673042439
3.14847579199044
2.71129707112971
1.11655708308428
2.41159593544531
1.42175732217573
2.3181111775254
0.583144052600119
1.65821876867902
2.1008965929468
0.816855947399881
0.877346084877466
1.64722056186491
2.2768679019725
1.39701135684399
0.805857740585774
1.89193066347878
0.871846981470413
4.10806933652122
2.30161386730424
3.21996413628213
0.858099222952779
1.22378959952182
0.742618051404662
3.37118947997609
8.11416616855947
0.830603705917513
1.98266586969516
1.64997011356844
6.59916317991632
4.71022115959354
3.48942020322773
1.75445307830245
1.16604901374776
2.67280334728033
3.11823072325164
1.69121338912134
1.00657501494322
1.6252241482367
4.59473998804543
2.07340107591154
2.02115959354453
0.673879258816497
3.56640765092648
2.81028093245666
1.88093245666467
0.709623430962343
2.62331141661686
3.90185295875672
3.92384937238494
2.0074118350269
32.2277346084877
1.97441721458458
2.50783024506874
0.665630603705917
1.01207411835027
1.98266586969516
1.48224745965332
2.97800358637179
1.22104004781829
4.46276150627615
1.15780035863718
1.25128511655708
8.17190675433353
0.869097429766886
0.789360430364614
0.866347878063359
2.98625224148237
1.91392707710699
7.6412432755529
2.42534369396294
2.56282127913927
3.64889420203228
0.640884638374178
0.693126120741183
2.16688583383144
0.998326359832636
0.750866706515242
2.90101613867304
1.91117752540347
2.49683203825463
2.3483562462642
1.15230125523013
0.588643156007173
1.05606694560669
2.91476389719068
1.91117752540347
3.97334130304842
0.717872086072923
2.47483562462642
3.45642558278542
1.97716676628811
2.11464435146444
3.04949193066348
3.6406455469217
2.6590555887627
3.76162582187687
1.51799163179916
1.82319187089062
1.38876270173341
1.89193066347878
1.11105797967723
2.5243275552899
1.64722056186491
1.03132098027496
2.70579796772265
0.937836222355051
1.16879856545129
4.01458457860131
0.624387328153018
0.929587567244471
6.01350866706515
1.1083084279737
0.506156604901375
2.48033472803347
2.43084279736999
5.69731022115959
5.12815301852959
0.992827256425583
1.966168559474
2.62881052002391
3.03574417214585
1.2320382546324
1.2732815301853
2.32910938433951
1.38326359832636
0.822355050806934
1.966168559474
3.91285116557083
0.852600119545726
3.73687985654513
3.12647937836222
3.27495517035266
2.26037059175134
3.01649731022116
4.59473998804543
3.18971906754334
2.67830245068739
1.84793783622236
0.280693365212194
1.68571428571429
1.52349073520622
1.41625821876868
1.23478780633592
2.94225941422594
3.65714285714286
4.31153616258219
1.78469814704124
1.53998804542738
2.96700537955768
0.860848774656306
1.21829049611476
