27.5892408846384
22.2193664076509
17.6798565451285
20.3634190077705
24.7379557680813
16.5415421398685
12.4667065152421
0.0139868499701136
16.4150627615063
12.3759713090257
16.695517035266
17.2014345487149
25.7112970711297
49.6213389121339
18.1610280932457
12.8049013747759
25.0953974895397
22.3403466826061
35.4886431560072
13.0166168559474
18.3534967124925
11.1414225941423
17.1766885833831
17.6496114763897
15.3619844590556
18.664196054991
15.2272564255828
26.6791392707711
17.6688583383144
23.8828451882845
18.1912731619845
14.2401673640167
21.760191273162
56.6052002390914
15.719426180514
19.1481171548117
12.8928870292887
19.2526001195457
34.6775254034668
18.6724447101016
21.6337118947998
40.0998206814106
15.2959952181709
14.168679019725
14.3061566049014
19.0257621040047
27.6167364016736
23.5226539151225
18.7741781231321
18.9693962940825
26.4069336521219
18.2132695756127
19.6155409444112
13.1568439928273
13.0578601315003
0.038732815301853
16.9347280334728
15.9668858338314
15.818410041841
22.1808726838016
16.3050806933652
16.2143454871488
14.6718469814704
46.1458457860131
14.7900777047221
16.0823670053796
19.7667662881052
14.3391512253437
12.6069336521219
18.6834429169157
16.2858338314405
27.6414823670054
17.264674237896
38.7689778840406
24.3915122534369
22.6634190077705
18.1005379557681
21.0370591751345
28.3068738792588
13.7892408846384
19.5220561864913
21.9196652719665
0.14596533173939
19.5330543933054
25.0046622833234
23.3879258816497
17.1711894799761
9.93986849970114
9.33221757322176
17.1354453078302
13.8992229527794
13.4537955768081
17.4901374775852
8.55684399282726
19.0573819485953
18.2765092647938
14.215421398685
23.3054393305439
31.2737597130903
21.2240286909743
16.7395098625224
13.6792588164973
19.3350866706515
17.0309623430962
22.8050209205021
11.9800358637179
18.9446503287507
21.2542737597131
59.7809324566647
15.8459055588763
13.9652121936641
23.2449491930663
20.0967124925284
18.141781231321
15.5132098027496
40.2866108786611
19.5193066347878
24.6032277346085
22.2963538553497
19.1948595337717
14.8120741183503
11.6143454871488
13.9239689181112
14.6635983263598
18.0235505080693
25.4225941422594
21.3725044829647
28.6505678421996
11.7930663478781
28.9750149432158
23.9075911536163
22.8875074716079
12.9231320980275
18.0922893006575
14.2429169157203
18.8044231918709
26.5746563060371
18.5652121936641
86.3992827256425
28.0511655708308
19.5248057381949
20.6658696951584
24.8176927674836
30.6219366407651
18.914405260012
11.5703526598924
12.0707710699342
18.7659294680215
26.7204124327555
16.0603705917513
14.2924088463837
14.4876270173341
12.9671249252839
13.1650926479378
0.0304841601912732
26.8523610280932
14.4023909145248
28.8155409444112
25.1916317991632
13.6737597130903
17.6166168559474
11.8123132098027
15.5379557680813
27.0393305439331
18.8841601912732
12.7196652719665
13.7397489539749
17.91494321578
11.839808726838
12.5161984459056
0.0607292289300657
21.864674237896
30.7869097429767
17.2509264793784
11.3641362821279
10.6465032875075
31.9500896592947
16.6020322773461
24.1990436341901
79.0938433950986
47.8150029886432
13.3960549910341
17.4323968918111
13.2640765092648
16.8192468619247
25.1613867304244
20.0554692169755
19.1068738792588
83.7184698147041
20.9105797967723
21.6749551703527
10.7619844590556
15.3207411835027
15.6974297668858
15.4032277346085
17.93831440526
18.4662283323371
20.8115959354453
15.3592349073521
22.4530783024507
30.4294680215182
11.6418410041841
20.0142259414226
30.3003586371787
19.9991034070532
60.1715481171548
58.0735206216378
19.9427375971309
17.8503287507472
22.0241482367005
15.8596533173939
21.9499103407053
17.4131500298864
18.5789599521817
13.9349671249253
15.8789001793186
100.22145845786
17.1986849970114
123.452480573819
13.1458457860132
22.1368798565451
14.6443514644351
14.1191870890616
11.4631201434549
15.5159593544531
22.9369994022714
17.3829049611476
23.9268380155409
24.1275552898984
16.5112970711297
10.2918111177525
22.7142857142857
37.4545726240287
15.8761506276151
40.8421996413628
19.9674835624626
16.0576210400478
100.27375971309
31.9306634787806
17.3361625821877
21.6227136879857
13.3355648535565
12.1780035863718
27.8229527794381
16.6542737597131
28.6560669456067
20.9408248655111
17.7128511655708
21.4027495517035
34.6858936043036
20.5806335923491
16.9924686192469
15.5077106993425
15.8445307830245
14.9110579796772
8.08117154811715
14.1054393305439
20.6823670053796
29.9814704124328
15.2794979079498
21.9141661685595
28.6120741183503
28.218888224746
22.3128511655708
22.1946204423192
25.2411237298267
20.7291093843395
19.1866108786611
27.5122534369396
13.233831440526
20.2726838015541
17.0942020322773
12.5794381350867
13.1156007172744
20.9325762104005
20.1874476987448
17.5038852361028
21.2597728631201
24.0918111177525
17.3389121338912
14.7928272564256
26.7313807531381
44.5621637776449
20.1654512851166
18.559713090257
26.1897190675433
18.7824267782427
15.3399880454274
24.1550508069337
28.8677824267782
17.932815301853
25.8872683801554
11.4823670053796
22.0076509264794
17.5506276150628
17.2014345487149
14.5591153616258
15.713927077107
20.2946802151823
15.2767483562463
13.8524805738195
6.30496114763897
27.9797369994022
16.1401075911536
18.2050209205021
11.5456066945607
20.7043634190078
15.6424387328153
14.2291691572026
15.766168559474
23.3521817095039
25.4143454871488
13.5087866108787
0.0799760908547519
19.7310221159594
14.0531978481769
21.2185295875672
16.6680215182307
16.8879856545128
19.8135086670652
17.787089061566
18.3177525403467
45.7638971906754
19.4038254632397
17.165690376569
23.5391512253437
18.3260011954573
15.8294082486551
29.1454871488344
20.9600717274357
17.9135684399283
21.7436939629408
40.270173341303
18.3479976090855
15.5489539748954
20.3496712492528
14.8753138075314
25.227375971309
21.6419605499103
13.7919904363419
17.363658099223
21.498983861327
15.8514046622833
17.4571428571429
31.2737597130903
23.15421398685
22.1423789599522
15.1282725642558
21.2267782426778
18.397489539749
7.8997011356844
21.7161984459056
13.9239689181112
16.8824865511058
27.1438135086671
10.3303048416019
17.8255827854154
13.1623430962343
14.8725642558279
13.1183502689779
14.6113568439928
42.4946204423192
19.3653317393903
9.13424985056784
16.4783024506874
47.595038852361
18.1967722653915
21.1002988643156
11.4851165570831
21.1951583980873
15.9833831440526
16.5662881052002
18.7576808129109
18.4057381948595
13.3713090257023
24.553735803945
16.7450089659295
9.86288105200239
14.784578601315
42.8356246264196
18.8044231918709
18.1087866108787
16.7065152420801
27.1575612671847
24.0670651524208
14.1219366407651
30.0914524805738
30.3030484160191
18.0125523012552
11.5923490735206
32.8380155409444
28.9310221159594
15.3152420800956
15.8349073520622
27.8971906754334
31.1195457262403
11.8233114166169
23.8141063956964
20.058218768679
17.6221159593545
21.8536760310819
12.4502092050209
11.0809324566647
18.9831440526001
18.4249850567842
12.2357441721458
19.0986252241482
13.3520621637776
15.7826658696952
25.8680215182307
16.6185295875672
22.9727435744172
18.1555289898386
13.8689778840406
11.7861924686192
12.8543933054393
21.9086670651524
18.9776449491931
26.7423789599522
21.0755528989839
14.9055588762702
17.3279139270771
14.4848774656306
31.8813508667065
29.4369396294082
33.9324566646742
23.5157800358637
23.0916616855947
18.1637776449492
12.5546921697549
9.35421398684997
21.0975493126121
17.8530783024507
17.8998206814106
15.1090257023311
18.1087866108787
18.3315002988643
75.5277943813509
8.94453078302451
14.5976090854752
18.7054393305439
13.2695756126718
21.7299462044232
14.6718469814704
20.157202630006
14.9742976688583
23.1102211595935
20.3551703526599
31.1775254034668
15.9063956963539
17.6798565451285
16.2803347280335
28.2903765690377
18.716437537358
23.1239689181112
19.9042438732815
40.1685594739988
0.0222355050806934
14.2979079497908
17.6358637178721
20.6933652121937
28.0814106395696
16.7340107591154
15.452719665272
16.9154811715481
25.0898983861327
18.2325164375374
22.9369994022714
18.0208009563658
17.0694560669456
26.1594739988045
13.8524805738195
29.989539748954
11.3558876270173
22.387089061566
11.4631201434549
19.3075911536163
15.0485355648536
15.562701733413
21.0975493126121
12.2192468619247
19.2498505678422
20.0307232516438
17.3389121338912
20.4459055588763
25.5600717274357
14.7185893604304
19.9949790794979
16.4315600717274
10.2175732217573
24.1605499103407
20.1242080095637
20.0499701135684
17.5918708906157
23.6573819485953
19.6952779438135
14.3171548117155
13.5830245068739
24.8286909742977
22.1038852361028
16.1593544530783
23.1569635385535
25.2933652121937
23.7866108786611
24.1825463239689
16.2198445905559
16.9072325164375
14.7515839808727
16.0631201434549
36.901972504483
15.0485355648536
18.2105200239091
13.9982068141064
48.4417214584579
14.418888224746
34.9085475194262
24.3695158398087
27.6057381948595
15.6314405260012
22.6345487148834
16.4535564853556
15.2272564255828
195.408248655111
15.3867304243873
29.9509862522415
15.0705319784818
15.0182904961148
27.1273161984459
49.8661087866109
13.0991034070532
19.9619844590556
19.6567842199641
13.0991034070532
25.4253436939629
16.6982665869695
11.0231918708906
13.5610280932457
15.150268977884
14.6141063956964
18.3919904363419
20.1599521817095
25.3016138673042
15.1640167364017
12.4887029288703
43.2175732217573
25.7360430364614
18.4854751942618
16.5580394500897
40.0941422594142
21.0288105200239
0.132217573221757
34.5427375971309
18.3672444710102
30.7731619844591
28.1171548117155
22.1066347878063
21.5127316198446
35.1395696353855
24.8699342498506
20.575134488942
37.0119246861925
23.5611476389719
17.41589958159
17.6661087866109
10.4017931858936
21.1690376569038
10.7317393903168
15.4719665271967
20.1956963538554
22.9617453676031
20.78410041841
12.5931858936043
24.7654512851166
27.6607292289301
14.2291691572026
8.79055588762702
10.6107591153616
32.741781231321
15.3179916317992
16.3463239689181
17.0887029288703
12.0240286909743
16.5662881052002
15.9338912133891
25.529826658697
26.4564255827854
14.6306037059175
13.8332337118948
14.3446503287507
17.6881052002391
28.1006575014943
11.8233114166169
17.0804542737597
18.0208009563658
15.3207411835027
15.969635385535
11.7518230723252
21.4797369994023
24.4135086670652
25.7360430364614
30.8445905558876
19.2003586371787
12.0515242080096
19.6787806335923
16.8577405857741
17.1409444112373
9.0270173341303
18.5432157800359
16.8274955170353
24.1825463239689
16.1868499701136
16.6790197250448
22.1753735803945
17.8035863717872
19.7145248057382
12.3594739988045
21.5319784817693
76.2839210998207
20.7456066945607
40.5065750149432
13.9239689181112
22.5768081291094
18.1252839210998
18.1170352659892
22.4365809922295
18.7466826060968
31.6174536760311
20.1709503885236
31.4853556485356
21.6639569635386
25.7250448296473
25.6783024506874
18.9583980872684
54.8374178123132
12.095517035266
13.5032875074716
17.4433950986252
21.2652719665272
35.2797369994023
24.9579199043634
10.7564853556485
20.6878661087866
18.50747160789
12.8543933054393
52.6897788404065
19.7035265989241
27.4875074716079
30.8006575014943
27.2455469216975
13.6105200239091
19.1618649133293
16.0136282127914
11.6748356246264
15.4719665271967
19.3378362223551
14.6938433950986
16.4288105200239
17.6083682008368
27.6277346084877
23.9020920502092
16.2803347280335
30.2564255827854
14.7048416019127
12.7609085475194
14.4821279139271
17.6853556485356
17.6193664076509
11.6913329348476
37.7077106993425
21.2570233114166
20.2919306634788
22.9589958158996
13.4840406455469
16.329826658697
42.931858936043
31.8840406455469
23.0084877465631
16.7862522414824
27.4380155409444
19.6760310818888
23.2312014345487
18.0015540944411
12.6509264793784
20.0857142857143
37.0998206814106
18.0482964734011
26.261207411835
19.2773460848775
21.7464435146444
23.7838613269576
22.1946204423192
12.5436939629408
18.1665271966527
24.8259414225941
13.5582785415421
16.5112970711297
29.2967124925284
16.9539748953975
19.6732815301853
20.4514046622833
22.2716078900179
16.8357441721458
12.7746563060371
18.6284518828452
32.6566049013748
22.6730424387328
17.5451285116557
14.7928272564256
14.4903765690377
32.7115959354453
20.3056784219964
18.2297668858338
27.0145845786013
16.4673042438733
11.7463239689181
50.3912133891213
11.531858936043
17.2151823072325
11.2349073520622
19.7062761506276
12.4832038254632
16.7615062761506
20.3386730424387
43.9022713687986
18.5734608487747
21.6749551703527
36.3631201434549
15.9366407650926
13.181589958159
24.1083084279737
46.1595935445308
15.2712492528392
16.9374775851763
11.369635385535
17.0392109982068
14.0944411237298
40.3965929468022
17.7760908547519
17.0282127913927
18.4634787806336
34.2238493723849
31.8401075911536
15.3922295277944
28.4196054991034
19.4120741183503
33.6628810520024
8.38637178720861
37.314405260012
16.852241482367
46.264196054991
25.7305439330544
27.6607292289301
17.4296473401076
21.713448894202
23.7316198445906
22.8187686790197
19.9977286312014
30.1270173341303
14.8588164973102
0.0552301255230126
12.5904363419008
13.4565451285117
10.3440526001195
16.1428571428571
15.4334728033473
13.8634787806336
22.4420800956366
22.2853556485356
63.2235505080693
15.6726838015541
7.81446503287507
17.525881649731
19.12337118948
23.3906754333533
22.8077704722056
29.775134488942
16.2500896592947
22.0708906156605
17.8558278541542
23.0277346084877
22.1533771667663
15.7414225941423
15.3317393903168
10.7949790794979
9.98111177525403
16.4370591751345
12.5629408248655
21.0260609683204
26.3436939629408
15.6011954572624
22.7857740585774
17.3719067543336
29.4176927674836
22.6345487148834
15.9036461446503
16.1950986252241
20.7208607292289
19.3625821876868
18.1280334728033
15.8486551105798
13.6077704722056
13.6820083682008
19.3295875672445
17.2316796174537
17.5038852361028
13.646264196055
29.1152420800956
16.9979677226539
15.7001793185894
19.3268380155409
56.2175732217573
53.3194859533772
23.1349671249253
18.0840406455469
14.1356843992827
65.7089061566049
15.3922295277944
14.6443514644351
10.0361028093246
17.5616258218769
17.3664076509265
14.1659294680215
23.6848774656306
13.8607292289301
24.5867304243873
21.6254632396892
17.1491930663479
11.8013150029886
15.0760310818888
15.9888822474597
19.07662881052
99.8227734608488
14.4133891213389
14.8505678421996
20.5998804542738
25.7800358637179
21.4027495517035
22.7720263000598
17.6193664076509
10.2780633592349
31.1580992229528
20.5998804542738
25.6233114166169
13.5225343693963
21.6062163777645
18.6174536760311
15.8953974895397
23.3054393305439
26.1787208607292
15.917393903168
16.1346084877466
11.1936640765093
22.2633592349074
14.1521817095039
24.0148236700538
11.7545726240287
18.2765092647938
8.38362223550508
14.0202032277346
28.6230723251644
14.1219366407651
11.8508069336521
18.5404662283323
16.1566049013748
19.7049013747759
15.1722653915123
23.1762104004782
28.1446503287507
14.9275552898984
0.00298864315600717
18.7769276748356
12.8516437537358
25.9697549312612
18.5954572624029
16.544291691572
27.8092050209205
17.6936043036461
18.0317991631799
24.5454871488344
58.590555887627
16.8879856545128
16.7642558278542
44.5621637776449
13.7150029886432
16.6927674835625
17.9190675433353
13.9789599521817
18.9391512253437
14.3693962940825
26.6268977884041
10.3193066347878
12.9396294082487
17.3554094441124
40.8090257023311
15.719426180514
40.3747758517633
20.8115959354453
15.2217573221757
24.3282725642558
15.9833831440526
22.7967722653915
19.4533173939032
29.0987447698745
33.2615062761506
24.1385534967125
16.6707710699342
18.350747160789
29.0877465630604
14.2662881052002
23.3934249850568
11.7573221757322
18.0702928870293
30.1518230723252
25.3428571428571
15.6451882845188
27.5947399880454
82.5143454871488
17.0694560669456
39.6832038254633
17.5066347878063
22.9589958158996
18.3260011954573
19.6787806335923
16.0081291093843
15.7771667662881
11.4521219366408
14.3776449491931
9.66491332934848
11.3063956963539
36.3520621637776
12.6811715481172
19.2223550508069
17.6688583383144
13.7479976090855
18.1115361625822
21.3257621040048
18.2215182307233
22.3073520621638
17.1491930663479
13.4180514046623
11.270651524208
34.7435744172146
10.0388523610281
20.8913329348476
18.2820083682008
44.6060968320383
0.000239091452480579
12.2797369994023
16.283084279737
30.3909145248057
53.7788404064555
22.2661087866109
34.7435744172146
23.9708308427974
15.458218768679
11.6088463837418
16.6900179318589
19.1646144650329
19.4533173939032
18.7769276748356
18.5459653317394
18.9391512253437
32.068141063957
15.3977286312014
30.0445307830245
43.5887627017334
21.6309623430962
19.5440526001195
18.8539151225344
15.7029288702929
8.57884040645547
13.1375971309026
18.7989240884638
19.1151225343694
31.430364614465
12.7086670651524
14.784578601315
12.9286312014345
19.4918111177525
15.4444710101614
20.0774656306037
11.4301255230126
16.9594739988045
14.9440526001195
18.3177525403467
20.0967124925284
0.000239091452480579
20.3331739390317
16.7092647937836
26.4509264793784
24.1303048416019
21.9471607890018
19.1948595337717
23.1844590555888
80.4136282127914
66.1682606096832
25.1146443514644
22.9122534369396
13.0523610280932
13.3355648535565
26.1319187089061
22.3101016138673
13.1485953377167
20.1379557680813
22.3678421996414
23.8580992229528
15.5599521817095
14.836820083682
19.901494321578
12.9176329946204
22.2468619246862
12.9368798565451
24.0533173939032
25.0734010759115
26.4151823072325
41.5322773460849
20.2699342498506
11.0754333532576
16.4563060370592
25.3208607292289
17.8448296473401
43.6575014943216
32.2910938433951
21.3505080693365
22.9315002988643
20.0472205618649
17.8393305439331
11.3008965929468
9.57142857142857
22.6922893006575
75.5304841601913
14.7268380155409
17.6496114763897
16.9429766885834
11.5071129707113
11.6968320382546
24.0203227734608
48.4611476389719
14.8615660490137
40.8090257023311
17.0254632396892
13.0331141661686
11.1964136282128
17.525881649731
24.867184698147
13.7012552301255
13.6627615062762
11.5648535564854
16.3930663478781
6.7201434548715
17.5863717872086
13.0056186491333
20.6576210400478
30.9025702331142
20.3386730424387
13.959713090257
17.5368798565451
24.2512851165571
43.9216975493126
13.2833233711895
10.6162582187687
17.9493126120741
51.7331141661685
25.0321578003586
28.4388523610281
11.0974297668858
18.7246861924686
26.7808726838016
27.8147041243276
36.431858936043
20.2644351464435
10.2285714285714
17.3251643753736
26.6873879258816
21.092050209205
17.5368798565451
14.0751942618051
18.2765092647938
17.2866706515242
24.9991631799163
16.0053795576808
18.7989240884638
15.7304243873282
17.3994022713688
16.8797369994023
21.2845188284519
17.4846383741781
26.8358637178721
12.5546921697549
21.817931858936
18.3479976090855
19.8657501494322
25.7882845188285
13.1925881649731
23.5748953974895
24.1495517035266
10.4127913927077
12.9093843395099
26.8358637178721
21.1250448296473
18.0263000597729
19.5303048416019
24.1440526001195
16.2225941422594
26.1347280334728
26.0714883442917
17.3389121338912
20.5833831440526
19.5523012552301
26.5086670651524
12.2027495517035
16.7422594142259
28.793544530783
23.7151225343694
26.9568439928273
42.6099820681411
14.1521817095039
16.3078302450687
20.1077106993425
12.8049013747759
12.3182307232516
9.20023909145248
14.4326359832636
26.313448894202
24.9496712492528
14.7378362223551
18.089539748954
23.9708308427974
9.22498505678422
19.7942618051405
14.2594142259414
12.6921697549313
20.6108786610879
11.6253436939629
22.5603108188882
13.5197848176928
12.298983861327
19.5440526001195
16.8164973102212
28.7275552898984
22.5135684399283
8.90328750747161
37.4022713687986
17.3141661685595
75.7997609085475
18.9680215182307
18.0153018529588
13.7232516437537
24.4162582187687
33.2423789599522
15.7276748356246
69.2367005379558
19.3928272564256
12.3292289300658
21.9059175134489
17.3031679617454
9.45319784817693
15.2052600119546
13.5857740585774
19.9234907352062
12.868141063957
19.9454871488344
12.9121338912134
19.8932456664674
19.0106395696354
18.8896592946802
13.0853556485356
18.6559473998805
24.7022115959354
14.0559473998805
0.011237298266587
19.3983263598326
60.8066347878063
26.5251643753736
11.3778840406455
11.4438732815302
21.295517035266
19.8355050806934
11.5181111775254
10.5585176329946
12.4777047220562
18.1170352659892
19.3048416019127
28.9805140466228
20.6933652121937
27.963179916318
107.683801554094
46.8774656306037
14.0779438135087
18.2930065750149
20.000478182905
47.8424985056784
56.3962940824865
17.4928870292887
21.8289300657501
122.962940824866
22.7390316796175
14.7708308427974
0.104722056186491
17.7953377166766
17.7843395098625
11.4823670053796
20.9985654512851
23.781111775254
13.9047220561865
28.0841601912732
23.4456664674238
19.7585176329946
21.1305439330544
11.2239091452481
12.4282127913927
17.5066347878063
21.2872683801554
15.3949790794979
23.1927077106993
66.4130304841602
14.4436341900777
15.8239091452481
18.0785415421399
17.2811715481172
15.4197250448296
29.5991631799163
15.04578601315
17.8255827854154
18.0757919904363
17.6028690974298
15.353735803945
47.7985654512851
22.4118350268978
20.2314405260012
18.6009563658099
23.4346682606097
20.3221757322176
29.2224745965332
22.2056186491333
12.8763897190675
30.0528989838613
20.2836820083682
22.5630603705917
17.3966527196653
12.2577405857741
21.4549910340705
13.7754931261207
9.59617453676031
29.5304243873282
19.2196054991034
21.1552898983861
18.559713090257
26.8111177525403
24.8204423191871
13.2118350268978
17.0392109982068
14.8010759115362
12.3017334130305
75.3269575612672
31.5789001793186
34.0095636580992
13.7067543335326
14.6883442916916
10.2918111177525
14.1494321578004
19.6595337716677
10.9187089061566
32.1425582785415
21.9994022713688
22.3430962343096
27.9851763299462
17.3581589958159
14.424387328153
17.3884040645547
19.1219964136282
19.3295875672445
13.7342498505678
18.6834429169157
13.3740585774059
17.2426778242678
40.1739390316796
12.9176329946204
11.1029288702929
17.4626419605499
16.9814704124328
15.1062761506276
12.612432755529
14.9000597728631
66.4542737597131
13.3823072325164
14.52337118948
20.5036461446503
14.7708308427974
19.6952779438135
24.4465032875075
16.3793185893604
14.5371189479976
16.75325762104
27.5754931261207
17.7375971309026
17.7485953377167
22.5603108188882
17.363658099223
23.264196054991
10.7262402869097
112.300059772863
18.2710101613867
12.6399282725643
14.5838613269576
26.2364614465033
20.8418410041841
14.0394500896593
25.0101613867304
25.9367603108189
16.6625224148237
21.3615062761506
24.3337716676629
22.1643753735804
13.8469814704124
13.5362821279139
11.6693365212194
28.9255230125523
20.0829647340108
18.7989240884638
13.0523610280932
32.0956365809922
24.7874476987448
16.0961147638972
27.2510460251046
15.3894799760909
12.0130304841602
14.3941422594142
23.8086072922893
29.2719665271966
60.1206216377763
19.5440526001195
14.2044231918709
12.5546921697549
10.9599521817095
0.189958158995816
21.1827854154214
22.0378959952182
11.0369396294082
35.6730424387328
18.7796772265391
20.412910938434
29.7476389719067
34.9994022713688
21.8371787208607
18.6174536760311
21.196533173939
26.3106993424985
21.6777047220562
14.6608487746563
24.2540346682606
11.0259414225941
10.9517035265989
14.7158398087268
16.0383741781231
13.0331141661686
27.759713090257
15.5489539748954
22.2358637178721
24.1962940824865
32.8931560071727
15.3289898386133
24.0436939629408
17.5602510460251
14.3638971906754
16.8577405857741
9.65666467423789
8.23514644351464
23.5034070531978
13.3108188882247
15.3124925283921
14.4848774656306
27.0503287507472
19.9729826658697
27.806455469217
33.3741781231321
12.8626419605499
15.4664674237896
15.6286909742977
12.0542737597131
16.904482964734
27.4022713687986
26.1814704124328
15.9476389719068
16.6625224148237
12.8763897190675
53.6852958756724
20.2231918708906
18.2435146443515
30.8365212193664
14.3858936043036
16.4838015540944
18.1307830245069
15.510460251046
24.9716676628811
19.1151225343694
20.1379557680813
18.6504482964734
23.9103407053198
47.3831440526001
15.8789001793186
12.9588762701733
16.9924686192469
15.2822474596533
26.882606096832
20.935325762104
16.1456066945607
18.6999402271369
19.7117752540347
16.2445905558876
20.2341900777047
9.90412432755529
12.2714883442917
21.2185295875672
15.202510460251
19.1068738792588
10.6547519426181
11.892050209205
100.158099222953
25.0679019725045
11.2624028690974
19.0216377764495
18.8099222952779
309.084279736999
18.7274357441721
9.65666467423789
25.7662881052002
18.2352659892409
17.2660490137478
20.5531380753138
25.4390914524806
16.5992827256426
23.4401673640167
15.0485355648536
27.6332337118948
14.1934249850568
21.0288105200239
20.6988643156007
13.8304841601913
18.7329348475792
18.5404662283323
13.3438135086671
24.8534369396294
16.0906156604901
22.6153018529588
16.4783024506874
17.1629408248655
14.7983263598326
17.9520621637776
18.1060370591751
13.3960549910341
12.7581589958159
38.9587567244471
11.6583383144053
18.3644949193066
15.202510460251
18.5129707112971
21.5154811715481
20.8335923490735
13.6297668858338
23.002988643156
17.8613269575613
21.8949193066348
12.7554094441124
23.9433353257621
8.95002988643156
14.1219366407651
19.7420203227735
19.1068738792588
30.9931261207412
22.9424985056784
15.7469216975493
28.1941422594142
17.0199641362821
149.570233114166
31.7301255230125
19.4065750149432
24.397011356844
16.2390914524806
23.3659294680215
13.0908547519426
18.972145845786
24.0863120143455
17.3114166168559
14.215421398685
13.2448296473401
61.3481769276748
23.9955768081291
16.021876867902
17.4901374775852
34.595038852361
23.5638971906754
22.1313807531381
12.6536760310819
25.0129109384339
47.9937238493724
15.6341900777047
16.1236102809325
16.7945008965929
14.2841601912732
36.33831440526
19.3570830842797
7.54225941422594
25.169635385535
31.0839808726838
37.5260011954573
15.7496712492528
19.0133891213389
9.79414225941422
27.7789599521817
41.5487148834429
17.7320980274955
23.7041243275553
14.6526001195457
22.7665271966527
9.22773460848775
11.5813508667065
15.5682008368201
27.8724447101016
27.2702928870293
18.3040047818291
21.6942020322773
14.3281530185296
32.741781231321
15.3097429766886
24.0753138075314
24.5894799760909
16.4095636580992
25.9560071727436
26.8413628212791
22.5740585774059
11.6610878661088
26.7478780633592
27.0063359234907
13.9157202630006
30.3882247459653
23.1844590555888
20.8528392109982
19.5632994620442
26.9568439928273
14.6745965331739
25.1338912133891
12.9643753735804
13.6820083682008
13.9102211595935
14.4848774656306
14.4931261207412
12.0460251046025
31.6007172743574
14.1824267782427
32.1177525403467
24.9826658696952
14.4573819485953
13.0661087866109
22.2551105797968
53.6219366407651
10.5667662881052
19.7090257023311
18.2297668858338
11.6473401075912
20.5641362821279
16.4205618649133
26.5801554094441
13.9982068141064
14.0889420203228
21.6887029288703
15.6974297668858
26.255708308428
17.8723251643754
21.6447101016139
20.9738194859534
20.1214584578601
14.627854154214
13.0551105797968
48.9641362821279
41.7988643156007
20.3496712492528
12.8351464435146
21.2845188284519
24.4987447698745
17.9823072325164
13.437298266587
16.1593544530783
14.5178720860729
13.7754931261207
17.1931858936043
20.2259414225941
28.4058577405858
14.418888224746
22.6332038254632
22.2193664076509
16.3628212791393
13.1953377166766
26.1787208607292
8.74656306037059
16.0521219366408
17.9273161984459
16.434309623431
15.667184698147
42.5110579796772
18.8979079497908
16.13735803945
20.0967124925284
19.3103407053198
18.402988643156
8.88953974895397
21.196533173939
14.6251046025105
36.1404662283323
20.3469216975493
30.569635385535
20.2176927674836
10.3220561864913
12.7334130304842
32.2964734010759
10.3990436341901
18.1967722653915
26.7918708906157
12.5326957561267
28.3591153616258
47.2952779438135
21.9086670651524
23.9185893604304
29.1592349073521
16.4783024506874
22.7280334728033
20.2644351464435
12.1450089659295
9.68141063956963
35.7334130304842
19.5468021518231
18.3864913329348
27.5617453676031
17.0447101016139
19.4423191870891
25.9120143454871
18.2682606096832
25.1283921099821
12.3154811715481
42.1123729826659
14.47662881052
20.1517035265989
16.9842199641363
14.0861924686192
11.2046622833234
17.6936043036461
18.0180514046623
24.2182904961148
15.7386730424387
15.7579199043634
14.3913927077107
20.522893006575
16.596533173939
17.6496114763897
14.9138075313808
11.3063956963539
15.1915122534369
15.3152420800956
33.6904662283323
15.7276748356246
22.0516437537358
26.2529587567244
45.1533173939032
17.6551105797968
29.9566646742379
33.5558876270173
35.6700537955768
15.7744172145846
22.1368798565451
22.7885236102809
13.7452480573819
20.9325762104005
12.4749551703527
13.1073520621638
26.4206814106396
20.3249252839211
10.5200239091452
9.4916915720263
13.6655110579797
28.4965929468022
14.3638971906754
20.6906156604901
19.2883442916916
17.7760908547519
15.5269575612672
11.9937836222355
12.5409444112373
38.4225941422594
15.4857142857143
19.6320382546324
46.170651524208
28.3728631201435
24.9936640765093
17.5368798565451
15.8321578003586
16.7450089659295
23.2367005379558
10.5337716676629
8.48810520023909
24.135803945009
21.0618051404662
12.6234309623431
15.4692169754931
14.2979079497908
37.2208607292289
12.2302450687388
25.2438732815302
26.8028690974298
16.7230125523013
19.5907949790795
14.5343693962941
16.7395098625224
19.849252839211
20.052719665272
24.1495517035266
13.9927077106993
18.3754931261207
20.8720860729229
10.1873281530185
15.2217573221757
14.3501494321578
15.7909145248057
25.9807531380753
31.3039450089659
23.9625821876868
16.3215780035864
25.4418410041841
17.787089061566
14.5976090854752
20.1846981470412
17.8558278541542
21.9581589958159
14.4408846383742
12.1367603108189
24.7599521817095
16.6817692767484
30.6521219366408
0.0552301255230126
14.8725642558279
27.347280334728
22.8050209205021
27.7652121936641
16.7890017931859
15.0182904961148
11.4191273161984
20.4156604901375
23.2339509862522
20.9490735206216
21.3642558278542
33.8939031679617
28.172145845786
23.4044231918709
32.744769874477
22.3485953377167
16.6157800358637
19.7942618051405
15.8926479378362
17.8393305439331
14.3831440526001
31.4441123729827
18.0867901972504
14.3473998804543
13.0276150627615
29.0630005977286
24.9551703526599
18.501972504483
17.1052002390915
13.2365809922295
23.1487148834429
23.9020920502092
39.2142857142857
22.1588762701733
15.7111775254035
13.6160191273162
18.0702928870293
17.2371787208607
11.4356246264196
12.0900179318589
11.4988643156007
15.0677824267782
25.117393903168
10.5640167364017
22.4283323371189
36.4868499701136
20.5806335923491
16.643275552899
20.6438732815302
30.8365212193664
23.4511655708308
14.6663478780634
14.2841601912732
34.8039450089659
19.3708308427974
24.3227734608488
15.8431560071727
52.7065152420801
42.2964734010759
25.2493723849372
24.0423191870891
15.7936640765093
27.6442319187089
17.932815301853
14.4298864315601
45.7280334728033
28.5075911536163
16.6845188284519
33.7346084877466
16.1593544530783
26.0852361028093
12.5725642558279
17.9548117154812
17.4708906156605
15.4994620442319
9.31846981470412
22.794022713688
20.9078302450687
10.9901972504483
15.8926479378362
19.1673640167364
29.304961147639
56.8114166168559
13.4785415421399
10.6904961147639
18.6147041243276
14.685594739988
25.4088463837418
21.8096832038255
14.6416019127316
12.4722056186491
9.63741781231321
25.3923490735206
11.5868499701136
19.1976090854752
18.7191870890616
14.9770472205619
11.4163777644949
21.4082486551106
19.4423191870891
28.1886431560072
16.0658696951584
20.7648535564854
19.6760310818888
31.6201434548715
20.0252241482367
18.4662283323371
24.0120741183503
23.9075911536163
27.2180514046623
18.3782426778243
17.833831440526
57.1386730424387
20.9793185893604
21.3972504482965
12.2769874476987
20.1654512851166
16.8549910340705
14.5866108786611
19.3570830842797
25.9725044829647
17.3086670651524
12.3979677226539
32.818888224746
12.1807531380753
13.9762104004782
25.9835026897788
23.0249850567842
17.7265989240885
19.0518828451883
14.8698147041243
20.0417214584579
18.3397489539749
21.2267782426778
9.73365212193664
21.2377764494919
24.9799163179916
12.8351464435146
12.9753735803945
184.088164973102
22.4503287507472
11.5895995218171
15.4197250448296
14.4023909145248
37.6745367603108
25.5958158995816
16.747758517633
24.0395696353855
13.4400478182905
20.2424387328153
28.7770472205619
15.8046622833234
21.1580394500897
16.5717872086073
22.6263000597729
15.6809324566647
17.3554094441124
14.5893604303646
18.9913927077107
192.199342498506
18.8044231918709
43.231320980275
14.2181709503885
23.055230125523
10.341303048416
16.6735206216378
12.7004184100418
28.4608786610879
16.2253436939629
23.9240884638374
14.4876270173341
11.7078302450687
24.0120741183503
0.121219366407651
20.0169754931261
15.1200239091452
12.6261805140466
56.5200239091452
45.0295875672445
17.9740585774059
16.9072325164375
13.7534967124925
19.2306037059175
18.0730424387328
18.2160191273162
23.8498505678422
18.5707112970711
21.2377764494919
15.8266586969516
20.2479378362224
14.7818290496115
13.9377166766288
21.7821876867902
18.1335325762104
10.3303048416019
6.7421398684997
16.5030484160191
12.6949193066348
10.8747160789002
16.5662881052002
12.9863717872086
25.5752241482367
28.4938433950986
27.13831440526
18.5404662283323
17.5533771667663
21.3065152420801
20.6328750747161
22.1616258218769
13.7754931261207
12.7279139270771
18.7081888822475
11.322893006575
23.624387328153
22.1148834429169
14.4051404662283
24.3392707710699
22.1753735803945
22.021398684997
12.8928870292887
25.8405260011955
23.5006575014943
22.277106993425
26.6516437537358
22.4393305439331
15.5324566646742
15.405977286312
13.0606096832038
16.5690376569038
31.1362821279139
12.1835026897788
13.5775254034668
33.157202630006
19.018888224746
20.5118947997609
29.1427375971309
13.437298266587
14.6663478780634
19.5275552898984
18.2105200239091
20.8253436939629
17.4901374775852
23.932337118948
15.1117752540347
24.0918111177525
17.8255827854154
16.6405260011955
15.6561864913329
14.1246861924686
14.0394500896593
14.0476987447699
18.0482964734011
22.1341303048416
0.132217573221757
21.6502092050209
18.6504482964734
17.5176329946204
19.895995218171
26.3986849970114
30.6578003586372
18.8044231918709
19.4725642558279
14.2291691572026
23.4621637776449
15.6204423191871
14.9248057381949
52.2361028093246
23.7728631201435
16.6350268977884
33.8416019127316
50.0944411237298
14.0889420203228
16.1703526598924
39.9623430962343
22.5685594739988
21.4962343096234
14.5426180514047
36.3081291093843
13.2063359234907
19.3185893604304
13.0963538553497
27.8339509862522
25.0156604901375
11.3091452480574
16.7037656903766
18.5679617453676
16.695517035266
22.5465630603706
13.33831440526
9.10400478182905
12.7526598924088
25.4253436939629
16.1043634190078
26.6571428571429
79.7949790794979
13.4153018529588
14.064196054991
21.0150627615063
12.8763897190675
17.1986849970114
18.5294680215182
22.1121338912134
15.353735803945
16.7615062761506
12.1312612074118
30.437836222355
17.212432755529
14.685594739988
24.5647340107591
32.6951583980873
16.8934847579199
19.5770472205619
19.175612671847
33.096533173939
13.6792588164973
15.6121936640765
18.4387328153019
16.9374775851763
20.4541542139869
17.6661087866109
22.6730424387328
18.5569635385535
15.8294082486551
21.0453078302451
20.3386730424387
21.1002988643156
26.412432755529
20.6191273161984
15.3619844590556
18.3315002988643
16.4783024506874
17.2454273759713
19.3598326359833
14.5371189479976
21.1250448296473
18.2215182307233
14.7763299462044
14.0724447101016
22.6153018529588
24.4657501494322
17.9218170950389
25.3758517632995
26.2144650328751
11.4163777644949
23.8086072922893
12.1670053795577
14.5123729826659
19.5660490137478
26.3354453078302
16.6267782426778
10.8967124925284
24.7791990436342
12.3759713090257
23.4896592946802
12.9561267184698
15.4967124925284
41.9225941422594
17.6688583383144
31.1416616855947
14.5398684997011
25.3208607292289
14.0889420203228
25.1613867304244
19.1343693962941
19.0656306037059
14.2841601912732
13.3740585774059
28.1391512253437
26.5609085475194
18.2050209205021
27.4957561267185
27.2702928870293
28.3316198445906
12.9066347878063
15.197011356844
17.0309623430962
19.7310221159594
15.6589360430365
21.8866706515242
17.5451285116557
20.7813508667065
11.0204423191871
13.9322175732218
22.1423789599522
28.1419007770472
12.6454273759713
22.486072922893
15.6314405260012
14.2731619844591
21.1332934847579
0.0167364016736402
22.3320980274955
14.7378362223551
13.6957561267185
10.7619844590556
25.9367603108189
85.5388523610281
25.6095636580992
13.7644949193066
35.0899581589958
10.3907949790795
19.8465032875075
11.6940824865511
22.6345487148834
30.6054991034071
31.3918111177525
30.0639569635386
29.7943813508667
15.5791990436342
15.1612671846981
19.2498505678422
29.9539748953975
22.381589958159
18.9501494321578
17.5918708906157
44.1141661685595
13.1650926479378
26.7698744769874
30.9408248655111
33.2916915720263
12.6069336521219
38.2106993424985
15.6121936640765
18.6284518828452
30.6356843992827
17.5231320980275
15.0045427375971
11.5126120741183
13.3493126120741
19.8217573221757
12.7526598924088
14.0339509862522
15.0347878063359
20.4239091452481
12.8461446503288
18.1252839210998
14.9330543933054
9.8848774656306
17.8200836820084
14.0312014345487
17.7568439928273
26.4536760310819
34.3670053795577
14.7185893604304
22.4228332337119
21.44674237896
28.1034070531978
18.1775254034668
24.5317393903168
27.2785415421399
50.4488942020323
14.9110579796772
15.5379557680813
21.6364614465033
23.8141063956964
12.5629408248655
15.6726838015541
22.4778242677824
21.8041841004184
16.0631201434549
20.110460251046
18.0180514046623
21.0178123132098
13.5912731619845
10.1515839808727
21.5374775851763
21.5979677226539
22.381589958159
33.398983861327
11.5126120741183
23.0112372982666
27.1355648535565
24.3145248057382
34.4796772265391
11.6913329348476
25.9972504482965
13.5967722653915
43.5448296473401
20.5861326957561
28.3948595337717
14.2841601912732
17.1106993424985
19.3598326359833
18.0702928870293
29.133084279737
11.6143454871488
16.027375971309
15.9146443514644
17.6551105797968
14.9083084279737
28.0071727435744
13.8139868499701
14.3116557083084
22.9892408846384
23.1762104004782
26.1017334130305
26.8413628212791
19.9124925283921
22.9397489539749
23.9653317393903
22.2606096832038
17.7183502689779
21.3450089659295
14.9110579796772
28.0181709503885
14.5838613269576
19.3405857740586
15.7469216975493
16.9209802749552
18.8786610878661
12.5519426180514
29.1124925283921
33.4291691572026
26.6131500298864
23.9708308427974
20.2836820083682
16.6240286909743
24.0670651524208
18.4442319187089
13.0853556485356
21.1195457262403
19.1453676031082
16.5745367603108
0.0442319187089062
19.4203227734608
15.0072922893007
10.6849970113568
11.4603705917513
14.0421996413628
10.2450687387926
11.8645546921698
8.84279736999402
49.9677226539151
23.1129707112971
0.0222355050806934
26.4289300657502
9.66491332934848
14.3336521219366
19.1013747758518
16.9787208607292
16.4535564853556
17.3004184100418
11.6528392109982
17.6193664076509
14.6251046025105
23.2861924686192
11.9305439330544
30.7265391512253
15.3179916317992
12.7196652719665
14.0696951583981
20.5668858338314
24.0780633592349
15.1612671846981
16.2610878661088
27.8257023311417
15.2959952181709
154.263897190675
19.1096234309623
25.5793185893604
34.6087866108787
21.6969515839809
12.2879856545129
12.0680215182307
22.9479976090855
21.196533173939
11.944291691572
19.0353855349671
13.9487148834429
26.2447101016139
23.671129707113
14.1521817095039
16.4893006575015
12.7856545128512
17.3540346682606
18.3782426778243
16.9484757919904
13.6297668858338
25.7937836222355
10.8197250448296
20.575134488942
41.2848176927675
13.9844590555888
17.2371787208607
15.1365212193664
17.1794381350867
22.7115361625822
23.0469814704124
25.2521219366408
17.8200836820084
20.7538553496713
46.187089061566
23.6106395696354
27.0943215780036
26.9733413030484
20.0637178720861
14.4353855349671
19.7255230125523
44.2268380155409
19.5000597728631
14.7295875672445
21.3972504482965
20.3991631799163
12.3237298266587
14.6718469814704
49.318888224746
46.1790197250448
19.2938433950986
17.0199641362821
9.02151823072325
47.3254632396892
20.0472205618649
22.6702928870293
27.9659294680215
19.9234907352062
0.258696951583981
12.2329946204423
13.5115361625822
20.9628212791393
20.7566049013748
9.77764494919307
23.2229527794381
27.2180514046623
14.5068738792588
18.0702928870293
15.2080095636581
16.5002988643156
17.3499103407053
31.1607890017932
15.4857142857143
15.7551703526599
11.3806335923491
17.8723251643754
23.2724447101016
10.748236700538
19.4285714285714
26.3821876867902
13.2365809922295
20.9765690376569
13.0606096832038
30.2728631201435
21.0673042438733
29.5249252839211
17.5698744769874
36.673640167364
13.2943215780036
12.1505080693365
19.5907949790795
17.2536760310819
15.9833831440526
15.0787806335924
20.6906156604901
23.9763299462044
24.2677824267782
17.2316796174537
11.7463239689181
13.0111177525403
17.3939031679617
20.4514046622833
12.6096832038255
23.467662881052
40.4653317393903
28.2931261207412
12.0597728631201
20.5806335923491
10.033353257621
12.3182307232516
12.8873879258817
15.4802151823072
11.8233114166169
16.6542737597131
15.3207411835027
17.4983861326958
12.3677226539151
15.0265391512253
22.6317991631799
24.8809324566647
21.3986252241482
22.0791392707711
20.8473401075912
15.0705319784818
16.6020322773461
23.4539151225344
24.2870292887029
31.0783024506874
68.5878661087866
17.7238493723849
14.2044231918709
27.9026897788404
7.97393903167962
26.2887029288703
13.2200836820084
15.1750149432158
15.2877465630604
14.8698147041243
16.5305439330544
23.258696951584
19.4670651524208
30.6276150627615
12.873640167364
32.6043036461447
12.1642558278542
11.369635385535
16.3600717274357
18.6861924686192
41.735803945009
27.5397489539749
25.0761506276151
24.0808129109384
17.2784219964136
16.0603705917513
20.2726838015541
26.2337118947998
24.7682008368201
21.1195457262403
22.3430962343096
19.0738792588165
106.982665869695
20.726359832636
15.1750149432158
18.199521817095
24.3585176329946
20.9023311416617
24.3200239091452
20.2836820083682
18.4827256425583
13.2723251643754
16.0603705917513
12.7774058577406
38.5600717274357
14.4546323968918
23.984578601315
22.4723251643754
8.92803347280335
29.2362223550508
26.4894202032277
13.9129707112971
10.0388523610281
21.0645546921698
14.5453676031082
13.3465630603706
14.7735803945009
13.8744769874477
25.7800358637179
16.3270771069934
21.4659892408846
44.1386730424387
23.2999402271369
16.6020322773461
14.4656306037059
25.1586371787209
14.988045427376
15.2822474596533
15.1887627017334
29.4066945606695
18.089539748954
17.2509264793784
19.9124925283921
34.2540346682606
12.6289300657501
12.3594739988045
19.4423191870891
49.9157202630006
18.1637776449492
24.2815301852959
32.178123132098
15.8816497310221
14.9000597728631
24.1578003586372
33.3054393305439
20.3744172145846
32.8161984459056
13.9322175732218
41.6285116557083
16.9814704124328
17.6523610280932
20.8803347280335
15.4224745965332
16.4783024506874
17.0749551703527
19.750268977884
13.2310818888225
18.8649133293485
30.1132695756127
28.6230723251644
21.9334130304842
22.0653915122534
16.434309623431
16.596533173939
16.7340107591154
27.655230125523
26.3216975493126
35.4447101016139
20.9793185893604
16.2280932456665
44.1936640765093
13.9377166766288
17.4021518230723
22.6840406455469
17.0584578601315
12.8186491332935
20.9765690376569
11.8893006575015
10.4265391512253
20.8005977286312
18.6339509862522
13.1678421996414
33.15421398685
12.4694560669456
29.5606694560669
30.0528989838613
18.6421996413628
18.4359832635983
18.5707112970711
82.9596533173939
15.6644351464435
19.6485355648536
18.8649133293485
19.535803945009
19.1068738792588
83.179617453676
11.6913329348476
18.2352659892409
12.560191273162
28.8595337716677
24.8836820083682
38.1392707710699
28.2656306037059
18.9583980872684
11.2376569037657
19.9179916317992
15.2684997011357
14.0449491930663
16.9237298266587
11.2074118350269
21.9416616855947
13.4867901972504
17.1354453078302
10.4842797369994
17.3279139270771
12.8873879258817
14.8285714285714
18.1115361625822
17.2866706515242
30.2866108786611
19.5193066347878
14.3116557083084
16.6295277943814
25.3126120741183
27.7927077106993
15.9091452480574
22.689539748954
19.3708308427974
27.9714285714286
17.7705917513449
17.1491930663479
50.3087268380155
14.7873281530185
24.1028093245666
27.1080693365212
12.3402271368799
15.3289898386133
24.8011954572624
17.3499103407053
17.1326957561267
18.1857740585774
17.7018529587567
15.1117752540347
27.5067543335326
18.3040047818291
16.0438732815302
18.8539151225344
18.8731619844591
16.8027495517035
18.3782426778243
12.2192468619247
19.0931261207412
13.286072922893
14.5701135684399
27.080573819486
22.6785415421399
31.4468021518231
14.1521817095039
14.1356843992827
18.8484160191273
17.0419605499103
14.6965929468022
15.2217573221757
15.4032277346085
0.134967124925284
20.7346084877466
17.1354453078302
23.5061566049014
14.0312014345487
13.2200836820084
16.9897190675433
20.5338912133891
13.5555289898386
20.6411237298267
15.249252839211
19.593544530783
22.689539748954
16.7890017931859
20.9628212791393
30.005977286312
9.94811715481171
22.8270173341303
13.0028690974298
11.0039450089659
15.348236700538
13.9239689181112
21.347758517633
23.3329348475792
21.347758517633
17.4928870292887
32.8272564255828
25.2053795576808
51.3260609683204
16.3023311416617
61.3042438732815
18.867662881052
43.679617453676
35.4943215780036
25.0266586969516
21.7189479976091
17.0749551703527
18.2187686790197
22.6015540944411
22.7252839210998
17.9410639569635
14.6498505678422
31.5567842199641
19.7227734608488
31.8924088463837
13.2998206814106
21.2707710699343
19.5770472205619
25.7250448296473
13.6435146443515
18.5954572624029
18.3809922295278
12.2687387925882
12.560191273162
13.5775254034668
28.3068738792588
21.0838015540944
15.8404064554692
11.7243275552899
16.898983861327
18.867662881052
14.2291691572026
13.7562462641961
14.6251046025105
13.9954572624029
21.509309623431
16.1126120741184
36.7561267184698
18.7659294680215
19.6265391512253
15.1392707710699
28.7962940824865
20.3689181111775
23.10747160789
22.0049013747759
13.0056186491333
28.2161386730424
21.3890017931859
18.8566646742379
47.9853556485356
21.8234309623431
15.4499701135684
9.43120143454871
27.8421996413628
13.6930065750149
16.4618051404662
16.3545726240287
17.4901374775852
14.9385534967125
19.8767483562463
20.7676031081889
18.664196054991
15.2135086670652
18.8566646742379
9.65941422594142
33.6078900179319
13.901972504483
30.7127913927077
16.9814704124328
9.16724447101016
35.5161386730424
25.4225941422594
25.7607890017932
27.0668260609683
16.8687387925882
21.504482964734
17.2234309623431
18.664196054991
17.7018529587567
17.5891213389121
16.8962343096234
18.5267184698147
15.7111775254035
20.7511057979677
19.2223550508069
21.9031679617454
22.8270173341303
13.2255827854154
21.3340107591154
13.6737597130903
20.2286909742977
11.7683203825463
22.125881649731
11.0369396294082
11.5593544530783
24.2760310818888
38.9255827854154
9.69240884638374
13.8799760908548
23.8058577405858
14.1755528989839
14.4848774656306
13.6297668858338
14.9440526001195
51.7304243873281
16.6625224148237
33.3054393305439
16.695517035266
16.2693365212194
29.9097429766886
15.4114763897191
20.4156604901375
22.2166168559474
11.2294082486551
15.6039450089659
22.2028690974298
19.5907949790795
19.1948595337717
16.2280932456665
19.6650328750747
18.9858936043036
22.5218170950389
22.172624028691
15.144769874477
0.151464435146444
16.2253436939629
17.4763897190675
17.5451285116557
25.2356246264196
10.9517035265989
19.5825463239689
21.3202630005977
12.8021518230723
12.3209802749552
15.6121936640765
27.916437537358
14.1576808129109
24.6032277346085
16.7835026897788
18.0455469216975
22.5053197848177
34.6583980872684
14.6388523610281
53.3469814704124
16.898983861327
27.4710101613867
19.0573819485953
31.7576210400478
31.8676031081889
14.2649133293485
17.4928870292887
18.4469814704124
16.956724447101
14.1329348475792
24.600478182905
20.2809324566647
21.5347280334728
22.6235505080693
17.4433950986252
14.3638971906754
11.5676031081889
14.8285714285714
18.6174536760311
29.5826658696952
47.820382546324
10.2753138075314
21.626838015541
15.458218768679
19.8410041841004
11.322893006575
15.2575014943216
17.572624028691
13.6655110579797
14.3473998804543
21.2680215182307
15.7936640765093
20.7208607292289
15.4307232516438
17.1052002390915
15.2272564255828
16.7395098625224
20.3111775254035
14.0916915720263
13.1265989240885
16.439808726838
18.8594142259414
29.2774656306037
13.2118350268978
21.713448894202
36.0523012552301
22.1148834429169
21.9581589958159
19.1838613269576
23.4099222952779
19.6732815301853
15.6341900777047
13.0991034070532
14.5261207411835
14.8918111177525
15.3179916317992
21.5484757919904
17.421398684997
16.4178123132098
18.0455469216975
17.2619246861925
19.5220561864913
31.9748953974895
19.4065750149432
16.0878661087866
15.5819485953377
8.49360430364614
26.2777047220562
14.3171548117155
19.6210400478183
16.4095636580992
28.788045427376
14.3611476389719
24.2650328750747
23.2476987447699
27.3225343693963
25.6508069336521
38.1969515839809
17.0144650328751
18.3562462641961
17.107949790795
17.6138673042439
17.4516437537358
14.7378362223551
12.8516437537358
19.0298864315601
35.7086072922893
11.5346084877466
22.2991034070532
17.7595935445308
22.898505678422
19.2031081888822
28.6203227734608
20.836341900777
13.3740585774059
29.5414225941423
19.4093245666467
17.5148834429169
15.6231918708906
10.597011356844
17.9823072325164
28.1391512253437
12.1862522414824
18.4772265391512
16.2390914524806
12.1037656903766
15.6891811117753
19.1096234309623
18.9391512253437
17.4873879258817
9.69790794979079
19.489061566049
19.483562462642
17.787089061566
61.3702928870293
18.3782426778243
39.6817095038852
27.6084877465631
25.0843992827256
16.3078302450687
13.4208009563658
22.4118350268978
21.6777047220562
0.0414823670053796
15.922893006575
22.9562462641961
17.212432755529
15.7634190077705
24.1550508069337
21.5319784817693
13.2090854751943
18.5157202630006
14.8725642558279
17.98505678422
25.7415421398685
86.3389121338912
16.2693365212194
11.0534369396294
17.5478780633592
17.7843395098625
16.9952181709504
45.6264196054991
18.2160191273162
15.6066945606695
27.0668260609683
19.3378362223551
17.8613269575613
13.0193664076509
19.1701135684399
27.8531978481769
17.165690376569
19.1673640167364
24.9276748356246
18.0098027495517
18.6009563658099
11.636341900777
12.298983861327
12.5161984459056
12.4282127913927
26.5279139270771
21.1415421398685
18.5720860729229
24.1468021518231
16.3545726240287
13.0358637178721
15.8294082486551
19.1701135684399
8.86754333532576
18.0867901972504
46.4402271368799
14.3446503287507
19.0628810520024
26.2144650328751
11.8123132098027
23.2806933652122
9.78314405260012
15.1255230125523
13.1101016138673
14.5096234309623
10.6849970113568
16.2720860729229
17.3224148236701
32.9178123132098
10.5392707710699
27.446264196055
12.6344291691572
17.363658099223
13.9239689181112
15.8514046622833
35.065152420801
13.7205020920502
16.3215780035864
14.0476987447699
19.0931261207412
23.4731619844591
11.9662881052002
10.9984459055589
17.2481769276748
16.7147638971907
20.3977884040646
50.0944411237298
16.7037656903766
25.4500896592947
10.962701733413
19.7117752540347
14.2236700537956
19.379079497908
0.148714883442917
10.9517035265989
26.5389121338912
35.590555887627
31.4991034070532
14.418888224746
19.6182904961148
18.1252839210998
29.5056784219964
23.7508667065152
21.9801554094441
15.4967124925284
16.956724447101
20.6053795576808
18.8209205020921
0.676628810520024
16.8879856545128
22.0296473401076
18.0235505080693
42.3598326359833
11.1469216975493
15.6974297668858
21.6804542737597
14.2759115361626
27.6304841601913
14.7295875672445
17.7073520621638
19.6347878063359
16.8219964136282
16.2060968320383
14.1356843992827
15.0072922893007
18.8704124327555
13.4317991631799
35.5986252241482
19.2580992229528
25.5188284518828
20.3441721458458
19.953735803945
18.2627615062761
14.6718469814704
13.1788404064555
19.1398684997011
31.1332934847579
13.7754931261207
17.3801554094441
12.8956365809922
17.363658099223
87.6972504482965
26.9980872683802
27.5479976090855
11.3971309025702
12.617931858936
27.7817095038852
13.9569635385535
15.8156604901375
11.0974297668858
13.8442319187089
15.4884638374178
15.8789001793186
17.677106993425
12.4804542737597
14.1081888822475
18.2902570233114
17.0584578601315
22.9947399880454
14.1851763299462
15.0430364614465
15.144769874477
13.1320980274955
17.2206814106396
25.7800358637179
16.9292289300658
22.2688583383144
16.9484757919904
24.7242080095637
21.1305439330544
13.134847579199
22.8105200239091
15.04578601315
11.7573221757322
14.2511655708308
11.4328750747161
19.5715481171548
13.495038852361
14.6388523610281
19.4093245666467
13.286072922893
16.5360430364614
15.8404064554692
64.2160789001793
13.4620442319187
22.3953377166766
29.8246264196055
20.836341900777
27.6937238493724
12.2824865511058
21.6914524805738
16.7367603108189
14.9165570830843
22.3980872683802
32.5110579796772
15.870651524208
20.1709503885236
14.9687985654513
20.2891811117753
24.2237895995218
42.1234309623431
27.5205020920502
13.9294680215182
17.98505678422
25.8267782426778
37.8807531380753
16.1923490735206
16.4205618649133
18.2380155409444
20.2259414225941
28.3398684997011
17.7650926479378
13.9817095038852
10.910460251046
26.2749551703527
28.1583980872684
11.1634190077705
17.3031679617454
23.8086072922893
12.4474596533174
33.4100418410042
16.9099820681411
12.2879856545129
13.797489539749
12.8763897190675
37.6966527196653
14.4326359832636
18.768679019725
12.7444112372983
27.6717274357442
38.0087268380155
13.077106993425
12.7196652719665
19.8932456664674
22.2001195457262
44.3093245666467
11.8095636580992
22.0296473401076
8.81530185295876
61.232815301853
17.2399282725643
23.0112372982666
25.6755528989839
20.319426180514
42.4725044829647
28.0704124327555
21.864674237896
21.5182307232516
12.1862522414824
18.9309025702331
14.9000597728631
19.0051404662283
16.6542737597131
12.298983861327
18.6806933652122
21.8894202032277
25.6123132098027
20.7373580394501
29.5111775254035
17.1684399282726
19.2910938433951
17.6083682008368
21.0810520023909
22.2578601315003
16.596533173939
15.6534369396294
12.4749551703527
29.2224745965332
21.0150627615063
21.4412432755529
16.236341900777
17.4461446503288
28.2436341900777
11.7600717274357
16.8549910340705
20.0609683203825
36.9817692767484
14.5508667065152
22.2661087866109
35.0597728631201
17.5918708906157
22.9232516437537
14.9468021518231
15.4554692169755
64.735803945009
20.6136282127914
12.972624028691
199.455469216976
16.747758517633
43.0224148236701
19.8520023909145
21.3587567244471
11.0589360430365
13.3575612671847
16.178601315003
14.993544530783
20.6906156604901
28.0346682606097
13.8442319187089
9.53018529587567
14.7350866706515
13.6710101613867
17.4873879258817
17.7073520621638
13.5637776449492
20.26168559474
33.7098027495517
26.5306634787806
17.4928870292887
15.0567842199641
18.9693962940825
27.8174536760311
26.1732217573222
33.1102809324567
20.3331739390317
19.9069934249851
27.2317991631799
14.5206216377764
16.951225343694
8.7988045427376
16.1593544530783
18.3369994022714
18.5927077106993
18.9501494321578
23.3384339509862
23.049731022116
26.0082486551106
11.9992827256426
215.705319784818
14.7405857740586
15.3124925283921
31.3753735803945
45.2934847579199
18.3534967124925
18.6861924686192
17.1629408248655
15.8596533173939
13.8112372982666
16.1978481769277
18.8951583980873
14.3364016736402
14.4876270173341
13.024865511058
22.3046025104603
15.3839808726838
18.611954572624
28.2683801554094
14.8258218768679
22.532815301853
98.7340107591154
17.2371787208607
10.7812313209803
129.490436341901
0.0469814704124328
33.827854154214
23.2614465032875
15.0237895995218
19.1178720860729
90.7190675433353
14.8973102211596
20.7813508667065
16.3408248655111
19.0051404662283
22.8572624028691
46.8526598924088
17.3004184100418
29.8741781231321
13.9487148834429
20.8803347280335
40.0887627017334
19.2580992229528
18.1060370591751
17.4598924088464
9.34321578003586
24.9166766288105
28.5790794979079
12.5216975493126
20.8143454871488
18.2435146443515
16.0026300059773
22.846264196055
11.5456066945607
17.160191273162
12.3264793783622
9.38445905558876
14.0202032277346
24.6802151823072
14.5701135684399
18.8786610878661
14.5591153616258
17.781589958159
27.2043036461446
15.3509862522415
29.5359234907352
14.1274357441721
36.7809324566647
13.2420800956366
15.7854154213987
26.0027495517035
17.6963538553497
10.3303048416019
16.2583383144053
17.7760908547519
14.2346682606097
18.1362821279139
83.4710101613867
15.9008965929468
20.0279736999402
12.9038852361028
19.6650328750747
17.061207411835
19.7530185295876
38.0842797369994
25.1503885236103
16.3600717274357
47.4602510460251
20.2396891811118
27.4957561267185
23.6078900179319
23.6271368798565
18.4882247459653
20.7950986252241
122.989091452481
67.7160789001793
16.0108786610879
12.7581589958159
16.5360430364614
55.5797967722654
19.2938433950986
17.8118350268978
14.685594739988
18.2627615062761
12.403466826061
12.6591751344889
12.0680215182307
15.0237895995218
13.797489539749
22.3430962343096
12.9396294082487
39.1016138673042
14.6635983263598
33.0884638374178
23.3081888822475
24.9414225941423
24.1028093245666
12.4364614465033
14.424387328153
21.765690376569
17.4076509264794
16.6405260011955
24.6389719067543
16.2280932456665
15.6809324566647
13.9487148834429
14.6718469814704
25.7140466228332
13.7369994022714
20.2176927674836
26.1759713090257
15.7414225941423
19.7612671846981
14.8148236700538
18.7989240884638
13.6490137477585
18.8044231918709
33.3550508069337
22.2358637178721
34.1276150627615
15.8734010759115
13.2736999402272
13.7809922295278
17.2894202032277
17.7320980274955
22.5740585774059
23.6353855349671
22.3375971309026
24.5674835624626
17.8640765092648
21.2900179318589
23.6903765690377
14.528870292887
23.0689778840406
16.3215780035864
19.2938433950986
12.5354453078302
15.6039450089659
28.7962940824865
25.0899282725643
10.9489539748954
10.5090257023311
19.2471010161387
12.2907352062164
25.0376569037657
22.9150029886432
34.4025702331142
12.15325762104
21.5952181709504
26.1374775851763
15.7001793185894
22.6510460251046
16.7065152420801
72.4536760310819
28.3178720860729
0.294441123729827
19.1151225343694
21.1332934847579
16.3545726240287
27.0310818888225
14.7185893604304
25.2438732815302
12.9011356843993
17.9053197848177
14.6141063956964
11.270651524208
12.6316796174537
16.4123132098028
19.7530185295876
16.6790197250448
12.5629408248655
29.3132098027496
15.8624028690974
19.0491332934848
26.6461446503288
20.1132098027496
25.0981470412433
8.14716078900179
22.8902570233114
25.9670053795577
24.3172743574417
15.3207411835027
13.7424985056784
12.9836222355051
19.9592349073521
12.8378959952182
15.9723849372385
22.6922893006575
12.4777047220562
20.7291093843395
15.7524208009564
20.2836820083682
14.4051404662283
13.8717274357442
11.4521219366408
20.5448894202032
28.7138075313808
22.224865511058
12.9038852361028
16.6515242080096
14.471129707113
17.5698744769874
10.9379557680813
19.8217573221757
15.5544530783025
18.6889420203228
39.4590555887627
14.9962940824866
17.7678421996414
24.089061566049
54.8317393903168
15.609444112373
28.84578601315
21.4219964136282
12.2494919306635
34.3586371787209
22.4420800956366
15.1860131500299
14.1439330543933
15.8761506276151
0.0992229527794381
29.722893006575
20.8748356246264
18.0400478182905
17.7183502689779
14.4821279139271
14.3254034668261
15.5214584578601
24.2870292887029
18.815421398685
13.0331141661686
23.1047220561865
19.7392707710699
17.932815301853
12.6096832038255
27.4132695756127
17.1904363419008
20.6136282127914
17.624865511058
19.744769874477
20.4761506276151
18.501972504483
15.7826658696952
13.8057381948595
13.547280334728
10.2533173939032
39.6075911536163
18.7604303646145
19.9399880454274
19.3955768081291
12.9561267184698
26.3629408248655
33.2973699940227
28.2546323968918
14.3364016736402
56.8553496712493
38.9889420203228
25.0486551105798
14.6196054991034
31.5567842199641
23.6546323968918
17.363658099223
13.6490137477585
16.5277943813509
46.9569635385535
17.1189479976091
16.0108786610879
14.2401673640167
14.7433353257621
16.0493723849372
15.719426180514
29.258218768679
19.3735803945009
15.8431560071727
13.5802749551704
18.3040047818291
21.1222952779438
23.3026897788404
41.4745965331739
28.7303048416019
11.578601315003
13.9404662283323
21.7546921697549
12.5326957561267
18.7851763299462
20.4156604901375
59.0442319187089
16.3160789001793
14.4271368798565
19.8794979079498
16.6735206216378
24.5784817692767
17.8173341303048
20.8335923490735
26.104482964734
19.3185893604304
20.7923490735206
18.3205020920502
8.60908547519426
24.1550508069337
32.3185893604304
12.5299462044232
21.0288105200239
13.1375971309026
17.8365809922295
11.4988643156007
11.5483562462642
14.784578601315
15.7386730424387
11.0644351464435
21.8729228930066
24.2732815301853
22.3238493723849
18.6751942618051
14.4683801554094
18.2490137477585
16.3930663478781
23.6848774656306
18.7026897788404
30.907949790795
21.8729228930066
14.0229527794381
28.0511655708308
22.2661087866109
10.9819485953377
16.9347280334728
21.0370591751345
20.313927077107
19.4863120143455
16.9429766885834
25.1036461446503
10.3110579796772
24.6829647340108
12.4337118947998
16.8329946204423
15.144769874477
27.4627615062762
15.0842797369994
22.9782426778243
41.262701733413
14.7433353257621
27.2537955768081
27.7624626419605
18.6449491930663
22.0956365809922
13.2475791990436
15.8459055588763
15.3922295277944
17.2481769276748
13.3053197848177
15.4307232516438
14.7708308427974
20.313927077107
15.9833831440526
33.8087268380155
15.1722653915123
24.4822474596533
14.8203227734608
29.6459055588763
25.2246264196055
23.6271368798565
16.1236102809325
12.5876867901972
14.5316198445906
25.1833831440526
16.236341900777
13.6655110579797
21.608965929468
16.1483562462642
22.2908547519426
32.3679019725045
18.3397489539749
22.1891213389121
15.4142259414226
18.8099222952779
28.3398684997011
15.6341900777047
21.3917513448894
14.418888224746
17.734847579199
17.3526598924088
33.1625821876868
21.2460251046025
60.3610280932457
21.1690376569038
18.9583980872684
18.7521817095039
26.3739390316796
12.8351464435146
16.5112970711297
60.7459653317394
50.7322175732218
22.8600119545726
20.1008368200837
22.125881649731
21.2267782426778
13.1183502689779
14.0944411237298
29.5799163179916
17.5341303048416
13.4043036461446
22.7225343693963
20.6713687985654
16.6927674835625
91.8407053197848
27.4682606096832
12.3072325164375
11.7518230723252
25.634309623431
17.2069336521219
10.5062761506276
13.2145845786013
16.7257621040048
18.5514644351464
18.9501494321578
18.4744769874477
33.2121936640765
16.1346084877466
19.5028093245666
18.6861924686192
10.748236700538
23.9405857740586
19.8547519426181
32.1727435744172
15.2190077704722
15.9476389719068
14.471129707113
31.5732217573222
11.6418410041841
15.1887627017334
14.7268380155409
24.5454871488344
16.0576210400478
13.0716078900179
13.0798565451285
40.2178720860729
16.18410041841
18.3864913329348
11.5236102809325
14.1411835026898
12.9588762701733
18.3232516437537
20.5558876270173
15.0732815301853
24.8836820083682
23.8718469814704
23.1954572624029
13.7040047818291
14.3913927077107
15.7551703526599
28.6588164973102
16.9099820681411
17.5478780633592
11.5208607292289
17.7568439928273
25.8075313807531
24.1165570830843
17.525881649731
23.781111775254
16.3463239689181
30.9491930663479
17.8063359234907
15.2904961147639
15.1887627017334
22.4668260609683
17.1546921697549
11.1111775254035
19.0106395696354
21.9059175134489
22.5630603705917
52.9979079497908
29.5056784219964
46.489539748954
13.2998206814106
15.9668858338314
21.4054991034071
16.6185295875672
20.9463239689181
37.988045427376
41.9584578601315
17.0969515839809
21.4659892408846
11.4906156604901
20.1599521817095
11.3283921099821
16.5552898983861
15.4719665271967
11.782068141064
14.581111775254
23.9048416019127
11.3063956963539
70.9330543933054
20.0692169754931
16.8742378959952
25.1916317991632
25.686551105798
13.8112372982666
17.9878063359235
15.4857142857143
11.427375971309
11.3091452480574
10.6355050806934
10.3605499103407
28.7578003586372
13.0331141661686
19.9757322175732
29.9841601912732
17.4818888224746
21.301016138673
8.44136282127914
28.0896592946802
17.8475791990436
18.3892408846384
18.8759115361626
21.7409444112373
21.8399282725643
28.2848774656306
20.1352062163778
20.6686192468619
12.5052002390915
17.6881052002391
40.4130304841602
12.6096832038255
18.8979079497908
19.2635983263598
20.1791990436342
19.6155409444112
19.9894799760909
13.0496114763897
39.9566646742379
18.0510460251046
25.3621040047818
16.027375971309
8.68057381948595
20.0829647340108
22.5795576808129
41.9748953974895
27.9384339509863
38.4856545128512
0.838852361028093
23.0799760908548
20.517393903168
25.6466826060969
13.5775254034668
13.1733413030484
14.831320980275
16.8082486551106
14.8148236700538
23.415421398685
25.5395098625224
15.9586371787209
38.510460251046
22.2991034070532
24.1138075313808
29.9647340107591
18.0455469216975
16.9897190675433
30.0720263000598
16.1621040047818
14.2704124327555
13.5747758517633
27.8092050209205
17.4433950986252
31.0041841004184
25.8570233114166
31.9719067543335
15.2327555289898
40.8861326957561
18.1142857142857
14.8588164973102
18.2765092647938
18.6779438135087
18.5129707112971
14.4023909145248
14.0504482964734
23.1844590555888
16.0301255230126
12.9863717872086
21.9554094441124
20.3909145248057
47.0257023311417
15.1007770472206
16.8659892408846
22.9177525403467
15.5132098027496
12.2852361028093
22.0873879258817
14.7790794979079
12.7251643753736
13.024865511058
19.071129707113
48.8927077106993
14.0229527794381
22.1066347878063
17.3251643753736
13.4785415421399
17.0309623430962
13.4785415421399
20.0334728033473
15.6176927674836
53.0582785415421
16.7642558278542
27.0310818888225
22.2936043036461
14.7735803945009
46.7399880454274
16.2335923490735
20.2451882845188
35.7910938433951
11.0809324566647
14.1659294680215
23.3384339509862
7.80346682606097
15.0760310818888
26.8798565451285
17.1629408248655
19.1728631201435
16.7450089659295
20.2424387328153
16.5112970711297
12.8571428571429
14.0009563658099
13.6407650926479
25.3016138673042
16.7202630005977
12.1560071727436
15.0292887029289
21.1112970711297
18.0263000597729
12.5244471010161
20.2011954572624
28.9282725642558
20.3881649731022
14.47662881052
13.5390316796175
24.3117752540347
18.3012552301255
17.5836222355051
14.1329348475792
15.865152420801
18.8044231918709
69.3329348475792
20.9985654512851
21.8729228930066
14.5453676031082
16.1181111775254
17.0887029288703
25.529826658697
10.3797967722654
11.0369396294082
26.3519426180514
16.8192468619247
20.2534369396294
13.4537955768081
21.6749551703527
19.7200239091452
32.1315002988643
20.8968320382546
23.4841601912732
20.6466228332337
18.4827256425583
17.0144650328751
25.4060968320383
16.9099820681411
20.1242080095637
16.434309623431
17.4049013747759
17.6441123729827
12.8818888224746
17.113448894202
22.224865511058
20.4074118350269
11.3256425582785
16.2005977286312
13.0001195457262
15.3427375971309
11.4713687985655
22.0021518230723
26.7176329946204
19.7104004781829
20.4101613867304
13.7644949193066
15.6451882845188
23.0937238493724
16.021876867902
20.8885833831441
19.4698147041243
12.8461446503288
21.1030484160191
19.5990436341901
8.11966527196653
12.6234309623431
17.264674237896
15.7606694560669
24.5069934249851
17.7046025104603
15.9448894202032
14.0696951583981
18.2407650926479
27.4215182307232
