8.0234309623431
10.0745965331739
13.9157202630006
14.0449491930663
14.0504482964734
13.4730424387328
9.53018529587567
19.1453676031082
13.6875074716079
9.59067543335326
7.03359234907352
33.6491332934848
22.8325164375374
21.8921697549313
5.88153018529587
9.97836222355051
13.6022713687986
17.4131500298864
11.4521219366408
23.1652121936641
11.1084279736999
12.8653915122534
16.5497907949791
7.00609683203825
14.5041243275553
18.55421398685
8.47160789001793
10.6300059772863
8.65582785415421
5.59557680812911
11.2898983861327
15.2739988045427
8.22414823670054
7.9409444112373
8.99402271368798
5.84028690974298
7.91894799760908
9.17824267782427
14.7433353257621
23.1459653317394
9.30747160789002
12.6784219964136
22.6125523012552
8.10316796174537
9.29922295277944
11.8645546921698
15.3427375971309
8.83454871488344
11.5538553496712
9.08750747160789
21.6997011356844
9.78864315600717
11.8618051404662
11.6583383144053
11.9470412432756
19.7392707710699
8.65032875074716
16.2143454871488
16.4563060370592
7.94369396294082
13.1073520621638
11.7490735206216
13.7562462641961
8.27638971906754
10.1295875672445
10.0141063956964
8.46335923490735
11.8618051404662
39.8906156604901
14.0614465032875
11.2266586969516
0.148714883442917
14.4628810520024
8.52109982068141
27.6249850567842
10.3000597728631
33.6548117154812
12.9561267184698
11.9717872086073
10.4567842199641
38.5325762104005
10.7674835624626
16.4370591751345
11.7023311416617
16.4150627615063
17.6138673042439
11.7573221757322
7.54775851763299
9.62367005379558
8.7575612671847
6.51942618051405
10.4430364614465
2.75254034668261
8.31763299462044
8.80155409444112
11.9112970711297
50.7680812910938
12.1752540346683
5.89527794381351
7.67973699940227
12.1670053795577
9.74739988045427
15.6809324566647
10.231320980275
12.0047818290496
13.9927077106993
12.3979677226539
9.82713687985654
12.4584578601315
14.3226539151225
18.0235505080693
8.32588164973102
5.23538553496712
6.83837417812313
13.7040047818291
11.3393903167962
11.1579199043634
18.0482964734011
5.82928870292887
14.8808129109384
17.2536760310819
19.8657501494322
11.5428571428571
7.75672444710102
17.7128511655708
8.38637178720861
13.9322175732218
16.0438732815302
8.55959354453078
9.70615660490137
6.90161386730424
19.2168559473999
9.68690974297669
4.77621040047818
11.5346084877466
14.8973102211596
15.0622833233712
9.94536760310819
10.4072922893007
8.78230723251644
21.5209802749552
8.14716078900179
14.4216377764495
12.3979677226539
11.7655708308428
13.5500298864316
11.834309623431
9.55768081291094
19.9427375971309
14.5041243275553
16.0493723849372
13.2365809922295
11.2376569037657
7.50101613867304
8.29563658099223
17.316915720263
17.6963538553497
11.0039450089659
16.9677226539151
16.8
14.1439330543933
18.2710101613867
9.29922295277944
8.0234309623431
8.56234309623431
7.2068141063957
31.598027495517
11.6225941422594
10.2725642558279
11.3641362821279
11.3201434548715
8.14166168559474
16.6872683801554
10.8967124925284
4.7982068141064
7.6412432755529
12.5189479976091
13.2750747160789
10.6712492528392
11.7463239689181
10.8417214584579
6.36270173341303
10.0745965331739
13.6050209205021
10.5365212193664
15.0292887029289
10.5640167364017
12.9698744769874
5.67256425582785
8.37262402869097
10.5310221159594
16.3600717274357
10.0690974297669
6.98959952181709
11.7188284518828
18.1692767483562
29.717393903168
11.3668858338314
11.5401075911536
9.91787208607292
17.0639569635386
19.6952779438135
12.3952181709504
12.81589958159
5.52133891213389
20.3524208009564
8.47160789001793
10.5227734608488
11.3998804542738
17.6413628212791
8.96102809324567
17.9493126120741
6.84937238493724
14.0257023311417
10.8719665271967
10.335803945009
19.9124925283921
9.03251643753736
18.5514644351464
7.96019127316198
29.2032277346085
10.9407053197848
7.20956365809922
11.4713687985655
9.52743574417214
9.41470412432755
7.49551703526599
12.2769874476987
22.7527794381351
11.3503885236103
15.3894799760909
13.0111177525403
9.00502092050209
10.7784817692767
12.5326957561267
12.304482964734
11.5648535564854
6.85487148834429
9.01326957561267
8.44411237298267
10.3138075313808
13.4867901972504
11.6803347280335
7.84196054991034
16.7395098625224
10.962701733413
26.4069336521219
39.1016138673042
10.0223550508069
12.8818888224746
20.7621040047818
13.4675433353258
7.57525403466826
9.32121936640765
14.5536162582188
8.74931261207412
16.695517035266
6.85487148834429
9.40645546921698
6.61566049013748
12.0405260011955
7.65774058577406
9.18649133293485
14.5536162582188
10.5200239091452
11.2789001793186
7.81996413628213
9.2332337118948
14.471129707113
13.6050209205021
7.96019127316198
9.80789001793186
12.6206814106396
6.81912731619845
13.0276150627615
7.57800358637179
8.2928870292887
11.8453078302451
12.9176329946204
14.1549312612074
12.5464435146444
6.46168559473999
8.13341303048416
18.2270173341303
12.8241482367005
13.2888224745965
20.5338912133891
12.7994022713688
27.446264196055
11.113927077107
8.16640765092648
11.2816497310221
12.5546921697549
15.510460251046
9.30472205618649
13.3768081291094
11.4163777644949
15.557202630006
7.06933652121937
14.575612671847
11.317393903168
14.8148236700538
9.50268977884041
18.6339509862522
10.9654512851166
13.6187686790197
6.70364614465033
9.87937836222355
10.9297071129707
16.8109982068141
13.4235505080693
9.38995815899582
12.5629408248655
12.0047818290496
10.748236700538
11.8178123132098
9.38720860729229
35.00747160789
33.1159593544531
10.7097429766886
17.3554094441124
7.51476389719067
12.4474596533174
11.06168559474
9.94811715481171
11.4548714883443
18.3947399880454
19.3103407053198
14.8918111177525
6.55242080095637
12.8021518230723
8.29013747758518
10.2533173939032
10.3385534967125
8.7575612671847
12.972624028691
11.0011954572624
7.56150627615063
8.52934847579199
8.70531978481769
7.49826658696952
62.0794979079498
10.033353257621
13.6847579199044
8.33962940824865
17.3086670651524
12.1642558278542
22.2413628212791
12.3814704124328
9.80514046622833
9.75564853556485
14.5371189479976
34.5839808726838
7.98493723849372
14.3693962940825
11.06168559474
14.424387328153
7.92719665271967
9.09025702331142
8.72181709503885
9.62916915720263
40.083084279737
20.9408248655111
7.91344889420203
14.2071727435744
12.5766885833831
4.96867901972504
14.4161386730424
10.2258218768679
12.1312612074118
7.44052600119546
10.649252839211
14.0202032277346
11.0286909742977
13.0908547519426
13.2063359234907
9.46419605499103
7.49276748356246
8.62833233711895
14.732337118948
11.212910938434
12.2302450687388
13.1183502689779
10.5062761506276
12.9396294082487
15.5379557680813
11.8563060370592
9.64016736401673
9.17274357441721
18.6669456066946
12.0075313807531
8.58433950986252
13.9377166766288
9.97836222355051
7.18206814106396
8.71906754333533
5.78254632396892
13.3630603705918
12.7306634787806
11.5153616258219
9.0270173341303
6.6596533173939
10.9187089061566
12.7526598924088
10.7152420800956
17.9960549910341
12.617931858936
16.4893006575015
7.52301255230125
17.2839210998207
13.4620442319187
21.0315600717274
6.65415421398685
8.10041841004184
22.3210998206814
15.1090257023311
9.87662881052002
8.50735206216378
15.0155409444112
26.7753735803945
15.4087268380155
15.8843992827256
16.131858936043
7.66598924088464
6.24447101016139
10.132337118948
8.32313209802749
9.3679617453676
13.2888224745966
16.3655708308428
15.2327555289898
10.1405857740586
10.904961147639
15.3372384937238
18.402988643156
13.9789599521817
8.16640765092648
15.667184698147
20.6878661087866
8.18565451285117
10.132337118948
21.4769874476987
5.51309025702331
9.45869695158398
12.5959354453078
10.6932456664674
19.8767483562463
3.26395696353855
8.89503885236103
0.211954572624029
16.0521219366408
7.90520023909145
12.0845188284519
7.39103407053198
7.78696951583981
6.64040645546922
18.8484160191273
15.0622833233712
15.6369396294082
13.2420800956366
19.128870292887
11.63084279737
10.6135086670652
10.597011356844
6.62940824865511
20.8170950388524
9.69240884638374
8.55409444112373
14.2456664674238
10.5337716676629
31.1279139270771
12.8873879258817
9.50818888224746
10.4155409444112
15.0595337716677
9.05176329946204
12.4282127913927
8.75206216377764
15.9558876270173
8.86479378362223
8.84279736999402
16.4810520023909
8.91153616258219
14.8863120143455
21.2570233114166
18.1280334728033
18.9528989838613
9.0270173341303
7.75947399880454
9.12875074716079
9.76389719067543
17.2921697549313
12.2082486551106
19.8272564255828
21.7546921697549
16.9182307232516
9.16449491930663
14.4298864315601
11.9415421398685
9.79964136282128
19.1976090854752
8.36162582187687
8.87854154213987
13.1650926479378
9.35971309025702
10.4787806335923
6.49742976688583
11.991034070532
19.744769874477
16.0603705917513
8.98027495517035
29.1977286312014
17.8723251643754
7.35254034668261
19.5797967722654
9.56592946802152
9.06001195457262
20.2781829049611
15.3619844590556
5.32062163777645
14.3528989838613
19.3983263598326
9.45319784817693
10.9214584578601
8.31213389121339
15.6231918708906
16.7450089659295
8.80705319784817
21.2460251046025
21.7821876867902
21.9279139270771
14.0037059175134
13.8964734010759
8.41111775254035
10.3962940824866
11.8315600717274
17.0282127913927
9.30747160789002
15.3867304243873
13.6820083682008
10.544769874477
8.22689778840406
14.7900777047221
9.59754931261207
0.0332337118947998
7.33604303646145
7.03084279736999
15.5654512851166
12.4419605499103
11.944291691572
10.753735803945
5.30687387925882
19.8630005977286
11.9470412432756
6.42869097429767
11.4163777644949
13.7260011954573
13.7809922295278
10.8252241482367
8.50735206216378
12.8323968918111
8.34787806335923
18.9528989838613
16.2253436939629
6.95660490137478
7.26730424387328
10.44578601315
13.5912731619845
11.9030484160191
12.4859533771668
6.98135086670651
12.6371787208607
10.2643156007173
17.4049013747759
9.13150029886432
20.78410041841
15.6644351464435
20.9133293484758
9.42570233114166
16.3738194859534
12.8516437537358
14.1851763299462
14.9275552898984
15.458218768679
16.2775851763299
6.74488942020323
6.94560669456067
12.408965929468
11.6858338314405
11.1634190077705
15.6974297668858
8.83179916317992
10.8912133891213
17.9575612671847
12.2357441721458
8.93078302450687
20.058218768679
20.157202630006
25.6563060370592
0.935086670651524
8.68057381948595
8.90053795576808
10.8362223550508
8.71081888822475
23.368679019725
10.2918111177525
8.38912133891213
10.7784817692767
9.20573819485953
22.5768081291094
29.3187089061566
24.9469216975493
13.3878063359235
13.2943215780036
8.88679019725045
16.5635385534967
11.4411237298267
9.15624626419605
16.5332934847579
9.76664674237896
6.55242080095637
17.0007172743574
10.3055588762702
12.8323968918111
8.55409444112373
11.9415421398685
8.18840406455469
12.7416616855947
6.67890017931859
14.9248057381949
7.27555289898386
13.5720263000598
12.8186491332935
20.0692169754931
16.074118350269
11.8205618649133
89.1297071129707
16.8439928272564
14.5591153616258
11.0919306634788
13.8964734010759
7.81171548117155
14.5976090854752
10.2560669456067
12.1147638971907
11.8728033472803
19.0986252241482
10.6932456664674
12.2412432755529
13.0193664076509
9.64841601912732
37.5645546921698
18.4937238493724
12.2384937238494
7.7237298266587
11.5703526598924
9.97836222355051
9.46419605499103
9.49444112372982
11.8205618649133
10.3303048416019
11.5648535564854
17.0199641362821
13.2585774058577
9.9151225343694
6.03275552898984
7.36353855349671
20.7373580394501
11.1634190077705
9.34046622833234
10.2010759115362
17.5973699940227
10.6382546323969
9.92887029288703
7.77322175732218
8.71081888822475
10.2010759115362
11.6720860729229
63.0448296473401
11.996533173939
10.7262402869097
11.3311416616856
15.1172743574417
8.7163179916318
10.9874476987448
19.0463837417812
11.6418410041841
10.0745965331739
11.3943813508667
8.28463837417812
25.1283921099821
18.6669456066946
7.27280334728033
13.7397489539749
14.9605499103407
12.5106993424985
9.43945008965929
15.8211595935445
0.181709503885236
10.5117752540347
12.2879856545129
11.8975493126121
10.8169754931261
6.85212193664076
16.4975493126121
10.1185893604304
12.8351464435146
10.7647340107591
16.0768679019725
13.0441123729827
16.0521219366408
8.62008368200837
8.07017334130305
15.2300059772863
12.3979677226539
13.1430962343096
4.70747160789002
15.66168559474
17.3609085475194
26.668141063957
105.324566646742
7.56975493126121
12.15325762104
25.3401075911536
21.0425582785415
7.43777644949193
12.4832038254632
14.4518828451883
12.7444112372983
18.55421398685
12.7774058577406
10.7922295277944
8.83454871488344
17.8063359234907
7.55325762104005
30.2480573819486
11.3338912133891
9.96461446503287
16.5140466228332
14.1769276748356
8.06467423789599
39.428870292887
14.1439330543933
11.212910938434
5.90902570233114
15.5269575612672
8.79330543933054
13.4208009563658
8.35612671846981
16.898983861327
16.8907352062164
21.3725044829647
12.8351464435146
11.8315600717274
9.92887029288703
20.26168559474
9.03526598924088
9.53568439928272
14.2264196054991
15.9531380753138
35.1945606694561
10.6135086670652
14.9550508069337
5.584578601315
18.5707112970711
12.0020322773461
11.6170950388524
11.8315600717274
17.0887029288703
13.8387328153019
10.1653317393903
6.96485355648536
5.79354453078302
11.2459055588763
7.43227734608488
7.76772265391512
16.5662881052002
11.9525403466826
7.70448296473401
15.8734010759115
14.3996413628213
12.8516437537358
10.4375373580394
20.7098625224148
19.3928272564256
8.5101016138673
10.5145248057382
8.9335325762104
11.0341900777047
16.021876867902
19.4643156007173
8.93628212791393
5.29587567244471
10.5420203227735
16.6322773460849
27.4847579199044
7.66323968918111
11.8535564853556
11.6170950388524
15.3399880454274
7.75672444710102
13.7479976090855
14.2841601912732
17.3746563060371
6.12898983861327
17.4873879258817
13.1018529587567
13.4977884040646
12.4777047220562
18.2242677824268
6.18123132098027
15.458218768679
14.2456664674238
51.7029288702929
11.3421398684997
18.1967722653915
13.4125523012552
14.0724447101016
12.0542737597131
11.4026300059773
13.437298266587
10.0745965331739
8.55959354453078
11.4411237298267
9.50268977884041
8.20215182307233
11.01494321578
15.1337716676629
18.3232516437537
7.2590555887627
14.4738792588165
16.7670053795577
19.3543335325762
15.8898983861327
8.7988045427376
11.4576210400478
13.0001195457262
15.6974297668858
8.116915720263
7.95744172145846
11.6858338314405
10.7454871488344
8.54309623430962
10.3825463239689
13.1238493723849
17.4021518230723
11.7050806933652
11.3778840406455
25.4748356246264
14.8588164973102
8.21864913329348
10.9242080095637
12.6866706515242
17.9190675433353
9.32396891811118
6.27196652719665
7.68523610280932
8.88129109384339
11.0864315600717
10.9462044231919
11.9552898983861
9.42020322773461
7.50651524208009
5.01267184698147
10.1625821876868
14.1796772265392
15.4994620442319
7.45702331141662
10.8114763897191
12.0570233114166
10.7509862522415
7.9519426180514
12.7224148236701
15.0210400478183
11.421876867902
8.91703526598924
12.3814704124328
23.4704124327555
11.6473401075912
12.1340107591154
12.4749551703527
8.99402271368798
13.7754931261207
10.9159593544531
9.66491332934848
6.86312014345487
12.5711894799761
12.6069336521219
15.6589360430365
5.35911536162582
10.7757322175732
7.32229527794381
10.9517035265989
12.6096832038255
7.55600717274357
12.6096832038255
9.93986849970114
10.0773460848775
16.8082486551106
10.6602510460251
15.1062761506276
20.4046622833234
10.4677824267782
11.2514046622833
13.3465630603706
21.4632396891811
16.951225343694
11.8508069336521
7.28930065750149
9.37895995218171
15.557202630006
12.0790197250448
18.8814106395696
12.873640167364
15.3977286312014
8.19665271966527
56.3962940824865
8.43861326957561
9.82438732815302
11.3366407650926
14.7708308427974
16.6377764494919
6.93460848774656
5.37011356843993
15.7359234907352
13.7424985056784
25.2356246264196
12.1560071727436
11.782068141064
7.17106993424985
15.0622833233712
9.65116557083084
10.0003586371787
14.4738792588165
12.7966527196653
11.7105797967723
34.3395098625224
7.02259414225941
12.6316796174537
20.5338912133891
17.5753735803945
14.7653317393903
30.4707112970711
7.18481769276748
16.9622235505081
8.89778840406455
12.1670053795577
7.84196054991034
10.8169754931261
12.298983861327
14.8615660490137
10.8472205618649
10.2010759115362
7.5175134488942
12.7554094441124
9.49444112372982
9.20848774656306
14.5591153616258
8.4688583383144
13.5912731619845
21.2075313807531
16.4013150029886
14.7075911536163
15.6369396294082
10.4815301852959
8.34237895995218
40.0310818888225
8.49360430364614
11.4081291093843
14.0339509862522
12.8296473401076
10.0031081888822
35.5630603705917
13.0881052002391
8.04817692767483
10.1240884638374
11.3861326957561
10.1763299462044
12.3622235505081
5.82378959952182
16.5800358637179
10.1680812910938
11.4163777644949
14.5398684997011
9.95636580992229
8.41936640765092
21.5154811715481
9.94261805140466
17.3719067543335
5.4498505678422
7.50926479378362
15.1585176329946
10.1818290496115
7.87220561864913
9.40645546921698
9.21398684997011
10.2175732217573
10.7729826658697
20.2754333532576
10.4237895995218
9.32396891811118
12.3484757919904
12.1642558278542
26.7176329946204
11.0809324566647
18.7934249850568
20.935325762104
9.43945008965929
8.5101016138673
38.1476389719068
5.30137477585176
9.87112970711297
9.62092050209205
11.8233114166169
8.59808726838016
9.32946802151823
9.88762701733413
8.61733413030484
9.65941422594142
12.8956365809922
15.6176927674836
14.4133891213389
18.1555289898386
8.55684399282726
10.5172743574417
9.17274357441721
9.21948595337716
9.3679617453676
18.1500298864316
13.7205020920502
10.388045427376
8.51560071727436
16.2390914524806
23.9460848774656
11.2459055588763
9.0160191273162
28.0594142259414
13.9487148834429
14.1576808129109
11.6968320382546
19.3378362223551
7.52301255230125
16.6212791392708
10.2505678421996
9.00502092050209
9.59617453676031
18.4772265391512
14.5261207411835
11.5428571428571
9.76939629408248
6.59366407650926
14.2346682606097
15.3097429766886
11.996533173939
8.49085475194262
11.2596533173939
8.86204423191871
13.6847579199044
11.5511057979677
13.855230125523
11.3338912133891
11.4617453676031
9.35146443514644
10.8884638374178
20.4761506276151
16.596533173939
14.3996413628213
14.9330543933054
8.10041841004184
8.84554692169755
12.5711894799761
17.1821876867902
9.04076509264794
7.41578003586372
14.9028093245666
11.4576210400478
6.67615062761506
11.5758517632995
16.8852361028093
6.59916317991632
3.90460251046025
6.90986252241482
92.7644949193066
9.0160191273162
9.72265391512253
9.17274357441721
14.2814106395696
41.5158398087268
15.2465032875075
11.0919306634788
21.6942020322773
15.4554692169755
6.35445307830245
4.77895995218171
6.91536162582188
7.87770472205619
11.6500896592947
13.6325164375374
7.7237298266587
14.9193066347878
9.4092050209205
7.25080693365212
12.0185295875672
18.1115361625822
7.02809324566647
11.2624028690974
22.1671249252839
9.01052002390914
12.1780035863718
5.93652121936641
7.72922893006575
7.29754931261207
18.298505678422
16.6927674835625
11.0534369396294
9.82713687985654
9.98661087866109
15.8761506276151
10.1185893604304
6.69814704124327
18.2105200239091
8.58983861326957
13.5802749551704
8.67782426778243
15.5379557680813
9.48894202032277
11.7050806933652
11.5428571428571
12.1312612074118
8.84279736999402
11.9552898983861
9.5741781231321
11.9415421398685
9.55218170950388
6.58541542139868
13.3548117154812
14.9000597728631
15.4197250448296
12.4227136879857
24.9991631799163
8.44411237298267
26.9980872683802
9.30197250448296
16.3903167961745
11.6253436939629
19.6155409444112
22.7610280932457
3.24471010161387
9.74739988045427
9.99485953377167
11.2816497310221
8.40836820083682
17.0364614465033
16.5855349671249
16.8879856545128
10.7289898386133
12.7031679617454
12.5244471010161
49.6132695756127
8.87029288702929
17.5313807531381
18.5349671249253
10.7509862522415
13.9157202630006
12.0295277943813
12.5491930663479
13.5637776449492
11.9745367603108
8.58433950986252
13.4015540944411
10.9324566646742
12.2357441721458
10.2505678421996
13.0991034070532
8.92528392109982
11.0726838015541
11.3201434548715
15.2217573221757
7.79521817095039
8.95277943813509
6.52767483562463
11.6693365212194
9.9673640167364
10.1763299462044
12.8406455469217
7.6824865511058
13.6765092647938
9.74190077704722
13.0743574417215
8.42486551105798
8.37262402869097
35.0570830842797
12.4502092050209
9.90412432755529
40.7704722056187
8.52109982068141
14.7350866706515
32.5439330543933
10.5750149432158
18.4909742976689
7.17931858936043
9.35146443514644
8.33962940824865
15.9833831440526
14.7130902570233
6.21697549312612
11.5236102809325
14.4793783622235
11.3311416616856
0.0607292289300657
9.68965929468021
10.9736999402271
15.510460251046
8.77405857740586
19.8437537358039
31.8344291691572
10.4100418410042
10.6987447698745
10.1075911536163
8.86754333532576
14.5343693962941
29.9291691572026
8.02618051404662
13.0193664076509
8.63658099222953
6.85762104004782
5.83478780633592
10.1873281530185
10.8087268380155
14.8588164973102
17.1354453078302
8.20765092647938
10.137836222355
7.38003586371787
7.32779438135087
15.301494321578
16.0576210400478
9.34871488344292
8.31213389121339
13.6847579199044
11.5593544530783
13.5665271966527
12.0377764494919
12.3072325164375
6.46718469814704
11.2404064554692
7.56425582785415
26.9403466826061
18.1307830245069
18.867662881052
14.7185893604304
9.69515839808727
5.68081291093843
10.6932456664674
11.7573221757322
21.1305439330544
14.6910938433951
9.54118350268978
20.9325762104005
6.01625821876868
10.0251046025105
16.3380753138075
9.78589360430365
23.7921099820681
10.8389719067543
16.7202630005977
10.7344889420203
11.4356246264196
10.6602510460251
18.3369994022714
5.72755528989839
9.7089061566049
12.1780035863718
11.3971309025702
10.1268380155409
21.2872683801554
8.20490137477585
16.126359832636
10.8472205618649
20.0774656306037
8.10316796174537
32.0352659892409
42.0298864315601
4.24554692169755
9.82713687985654
12.3622235505081
11.4108786610879
16.1236102809325
17.0584578601315
9.19748953974895
17.8585774058577
16.1126120741184
17.1794381350867
16.7725044829647
7.77872086072923
10.0635983263598
8.61733413030484
10.4512851165571
12.0845188284519
19.5825463239689
9.30197250448296
13.2310818888225
12.5904363419008
13.3548117154812
9.74465032875075
6.3901972504483
53.3416019127316
9.52468619246862
11.4383741781231
11.9360430364614
17.6193664076509
12.4887029288703
66.3936043036461
11.270651524208
8.89778840406455
7.90245068738793
10.7097429766886
11.375134488942
15.766168559474
9.91787208607292
36.6216377764495
22.9315002988643
6.43968918111177
8.22964734010759
9.07101016138673
10.1103407053198
8.52934847579199
11.9607890017932
7.78971906754334
10.2643156007173
16.1043634190078
7.54500896592947
12.3429766885834
47.5866706515242
11.0451882845188
10.498027495517
8.99402271368798
47.6252241482367
9.25523012552301
10.910460251046
6.51942618051405
19.1068738792588
11.1909145248057
16.7037656903766
7.47352062163778
9.70065750149432
8.33138075313807
13.0853556485356
16.9182307232516
9.08475791990436
14.6251046025105
12.6096832038255
11.3201434548715
8.06467423789599
10.2120741183503
16.486551105798
11.3778840406455
9.27722653915122
6.78613269575613
12.9286312014345
7.39928272564256
18.8704124327555
7.66049013747758
9.22498505678422
8.43586371787208
15.8294082486551
15.2822474596533
7.6934847579199
10.7977286312014
8.87579199043634
10.7619844590556
9.43120143454871
7.9409444112373
20.4596533173939
16.0988643156007
10.4952779438135
10.4485355648536
6.18947997609085
9.39270771069934
11.0891811117753
5.98051404662283
10.7702331141662
8.2104004781829
20.3496712492528
11.7655708308428
15.6396891811118
4.4160191273162
13.8277346084877
14.5151225343694
11.0974297668858
12.095517035266
11.5868499701136
12.6894202032277
92.3245666467424
8.52384937238494
7.3937836222355
5.60382546323969
7.57800358637179
12.2219964136282
6.20322773460849
16.5140466228332
15.5022115959354
16.1071129707113
14.3611476389719
16.0191273161984
17.2371787208607
7.97668858338314
9.19748953974895
16.7230125523013
13.6627615062762
11.9580394500897
11.4576210400478
13.9872086072923
11.8453078302451
12.6454273759713
19.8135086670652
8.17740585774058
18.1582785415421
17.9548117154812
8.90328750747161
8.7988045427376
6.26096832038255
14.732337118948
34.3311416616856
6.16198445905559
9.23598326359833
12.5354453078302
17.3196652719665
10.5860131500299
13.1870890615661
12.0460251046025
11.9085475194262
11.8095636580992
11.735325762104
12.1285116557083
11.1111775254035
15.9448894202032
10.1268380155409
15.4637178720861
7.07758517632995
16.3655708308428
10.1763299462044
17.9988045427376
15.3977286312014
17.8035863717872
10.6794979079498
14.0367005379558
36.0633592349074
17.1519426180514
9.67591153616258
11.4493723849372
0.115720263000598
17.5808726838016
10.6382546323969
25.1283921099821
12.2687387925882
7.02259414225941
9.29372384937238
14.7268380155409
18.4442319187089
14.6003586371787
30.9190077704722
8.20765092647938
13.7672444710102
5.22163777644949
7.2178123132098
17.729348475792
9.93436939629408
12.0102809324567
6.87411835026898
16.5222952779438
12.4694560669456
8.91428571428571
14.5783622235505
10.6547519426181
7.02259414225941
10.1955768081291
11.8095636580992
13.8304841601913
2.85977286312014
8.51285116557083
10.3962940824866
22.3540944411237
14.0834429169157
17.3059175134489
5.71655708308428
13.7699940227137
8.57884040645547
11.9030484160191
12.9891213389121
11.113927077107
12.5464435146444
18.1170352659892
16.8164973102212
14.9495517035266
9.79689181111775
9.07375971309026
10.5310221159594
9.92062163777645
15.3619844590556
16.8109982068141
30.8006575014943
11.9360430364614
14.5508667065152
18.1032875074716
11.5538553496712
8.52109982068141
0.101972504482965
18.5129707112971
17.2151823072325
10.3385534967125
14.3226539151225
8.47435744172146
8.99127316198446
21.3890017931859
12.5436939629408
12.4447101016139
5.51309025702331
11.834309623431
13.7617453676031
0.000239091452480579
8.0344291691572
29.8081291093843
12.6729228930066
7.78696951583981
12.048774656306
5.33436939629408
10.184578601315
16.439808726838
9.82438732815302
15.5489539748954
10.5750149432158
11.6088463837418
11.7270771069934
6.93735803945009
11.4081291093843
12.455708308428
13.5610280932457
11.1249252839211
9.90962343096234
9.34046622833234
10.1048416019127
12.5904363419008
11.4548714883443
12.8378959952182
10.7702331141662
15.5187089061566
17.5616258218769
13.5720263000598
14.1961745367603
13.7424985056784
11.166168559474
8.50735206216378
10.9462044231919
12.2769874476987
13.4290496114764
12.1037656903766
10.4760310818888
6.68164973102212
15.8294082486551
12.8543933054393
15.4279736999402
13.3080693365212
8.0756724447101
11.9030484160191
8.05367603108189
10.6739988045427
32.6592946802152
13.7205020920502
11.8645546921698
12.2742378959952
10.7427375971309
14.2456664674238
14.6635983263598
7.20406455469217
8.69707112970711
26.6488942020323
15.6204423191871
16.9814704124328
11.5483562462642
12.2824865511058
17.3609085475194
6.69539748953975
11.1909145248057
9.50268977884041
9.75839808726838
7.95744172145846
12.4694560669456
9.64566646742379
9.78864315600717
11.0424387328153
6.65140466228332
4.90818888224746
11.9497907949791
8.92253436939629
8.72731619844591
3.77812313209803
11.5208607292289
13.2118350268978
6.92635983263598
9.0270173341303
8.7163179916318
8.55409444112373
11.6858338314405
5.55983263598326
13.437298266587
5.08690974297669
41.3424985056784
19.1893604303646
18.4524805738195
24.3722653915123
8.83042438732815
10.6382546323969
11.8618051404662
12.4969515839809
8.3341303048416
10.6987447698745
15.1172743574417
12.147758517633
19.0793783622236
17.9053197848177
9.34596533173939
13.442797369994
8.78780633592349
10.9682008368201
12.3539748953975
11.7985654512851
9.78039450089659
11.3366407650926
16.439808726838
10.5750149432158
10.6739988045427
13.5032875074716
17.3664076509265
44.3586371787209
13.7864913329348
13.2448296473401
6.28571428571428
9.48894202032277
24.6114763897191
14.8065750149432
9.55768081291094
13.7397489539749
8.90878661087866
8.39736999402271
9.21948595337716
8.08117154811715
10.7922295277944
24.6692169754931
17.6578601315003
11.0589360430365
16.027375971309
22.2138673042439
10.1213389121339
10.9077106993425
19.0326359832636
9.76664674237896
11.375134488942
11.7490735206216
9.73090257023311
11.9497907949791
9.09025702331142
6.67065152420801
10.6987447698745
36.2367005379558
12.3292289300658
11.1496712492528
10.6767483562463
7.58075313807531
13.0881052002391
11.3531380753138
13.95421398685
8.29013747758518
9.40370591751345
7.90245068738793
18.3589958158996
7.08858338314405
10.236820083682
8.04267782426778
6.92910938433951
16.2198445905559
22.6757919904363
13.3218170950389
7.94369396294082
16.3573221757322
11.0039450089659
27.13831440526
14.836820083682
17.5286312014345
8.116915720263
10.550268977884
21.7931858936043
20.9793185893604
9.52743574417214
12.3787208607292
17.9245666467424
9.93711894799761
20.9655708308428
11.9195457262403
8.10866706515242
31.9417214584579
11.0699342498506
13.1953377166766
9.98661087866109
16.1648535564854
8.32313209802749
16.9869695158398
9.17274357441721
13.0936043036461
11.6803347280335
7.73197848176928
19.1838613269576
7.84196054991034
11.3201434548715
8.31488344291691
7.47901972504483
11.2239091452481
9.62092050209205
8.22139868499701
18.8896592946802
52.3132098027495
7.80346682606097
14.8643156007173
11.067184698147
10.3468021518231
15.04578601315
19.2635983263598
13.3878063359235
16.3105797967723
7.52301255230125
14.6196054991034
13.1788404064555
13.280573819486
9.66216377764495
11.3063956963539
16.4810520023909
7.0940824865511
9.36521219366408
23.5309025702331
11.2046622833234
8.2406455469217
13.332815301853
19.0573819485953
17.7540944411237
17.2014345487149
10.9214584578601
8.84829647340107
11.1249252839211
19.1783622235505
10.9077106993425
13.1595935445308
10.7592349073521
11.3036461446503
9.91237298266587
14.4408846383742
11.2321578003586
8.77955768081291
16.3683203825463
8.66132695756127
11.1716676628811
8.2928870292887
15.7276748356246
13.3245666467424
12.2769874476987
11.2294082486551
17.7513448894202
8.90053795576808
10.7619844590556
8.38912133891213
13.1513448894202
16.1621040047818
10.7647340107591
11.7848176927675
12.4227136879857
6.049252839211
10.0388523610281
16.747758517633
9.78314405260012
7.82271368798565
9.92337118947998
17.1326957561267
9.59617453676031
16.1511057979677
10.8224745965332
11.9002988643156
10.1185893604304
13.7095038852361
11.5703526598924
11.7050806933652
26.3574417214585
11.0176927674836
9.56592946802152
14.0834429169157
14.3776449491931
17.7128511655708
12.4777047220562
8.78505678421996
11.0534369396294
6.24722056186491
13.2613269575613
15.4664674237896
12.9588762701733
15.6946802151823
10.8939629408249
15.8486551105798
12.403466826061
15.2465032875075
12.0735206216378
10.5392707710699
55.6347878063359
11.1249252839211
30.8392109982068
12.8818888224746
16.131858936043
8.96652719665272
12.1560071727436
9.04076509264794
16.2225941422594
7.65224148236701
19.2663478780634
17.41589958159
8.29013747758518
9.03801554094441
15.5764494919307
20.6466228332337
12.6619246861925
19.9262402869097
12.1587567244471
16.6157800358637
10.5942618051405
8.24614465032875
12.6316796174537
9.59067543335326
13.3548117154812
16.2335923490735
12.351225343694
8.01243275552899
10.6162582187687
21.1140466228332
13.489539748954
12.9808726838016
15.5407053197848
6.05200239091452
12.4777047220562
10.3193066347878
5.73855349671249
13.3053197848177
14.3693962940825
7.26180514046623
7.8997011356844
7.71548117154812
7.19031679617454
9.09300657501494
9.84638374178123
13.9459653317394
15.8624028690974
47.6335923490735
13.2503287507472
43.0418410041841
15.1145248057382
13.901972504483
11.8315600717274
8.05092647937836
20.9545726240287
12.2412432755529
11.4328750747161
8.96377764494919
12.7746563060371
14.9193066347878
30.4488942020323
8.74381350866706
9.11225343693963
10.1268380155409
11.8205618649133
17.5478780633592
6.55242080095637
7.83646144650329
9.21948595337716
10.5777644949193
8.93078302450687
19.802510460251
12.5931858936043
8.27364016736402
22.7280334728033
9.42570233114166
13.3740585774059
9.615421398685
21.7409444112373
7.38828451882845
9.45319784817693
21.8564255827854
12.3374775851763
9.66491332934848
22.387089061566
6.71189479976091
13.5005379557681
7.14082486551106
17.1464435146444
13.4922893006575
8.32588164973102
13.0001195457262
11.1029288702929
8.5513448894202
14.0724447101016
9.05451285116557
12.2852361028093
9.34046622833234
22.8765092647938
8.14166168559474
41.1473401075911
16.8439928272564
10.8857142857143
7.92444710101614
9.52193664076509
8.64208009563658
8.68057381948595
14.163179916318
10.184578601315
11.938792588165
14.0751942618051
13.6407650926479
9.91787208607292
11.8315600717274
7.67148834429169
14.3171548117155
11.938792588165
6.83837417812313
13.7892408846384
15.719426180514
17.4708906156605
30.4653317393903
12.5491930663479
8.20215182307233
16.0246264196055
9.71990436341901
6.04650328750747
4.60848774656306
13.4647937836222
14.2264196054991
9.68416019127316
16.2033472803347
9.23598326359833
7.88045427375971
12.1945008965929
13.8167364016736
9.31022115959354
14.4078900179319
19.0106395696354
6.21972504482965
9.25797967722654
12.2769874476987
13.4317991631799
12.1230125523013
9.25523012552301
13.4730424387328
9.18924088463837
8.87029288702929
8.32038254632397
7.74572624028691
22.9122534369396
0.052480573819486
16.1731022115959
7.8997011356844
5.95851763299462
18.5047220561865
7.23430962343096
13.5500298864316
10.2230723251644
8.28463837417812
9.8326359832636
20.621876867902
8.18290496114764
14.8753138075314
9.68141063956963
7.17106993424985
8.16915720263001
13.5692767483562
14.6416019127316
8.82904961147639
5.65331739390317
7.52301255230125
7.37453676031082
20.935325762104
6.84387328153019
15.3262402869097
11.1579199043634
7.56975493126121
10.4677824267782
8.28738792588165
10.4292887029289
11.4988643156007
13.6957561267185
13.7040047818291
12.978123132098
11.5456066945607
7.95469216975493
12.7196652719665
8.83454871488344
0.00573819485953378
10.7454871488344
23.3851763299462
5.10615660490137
12.81589958159
7.52576210400478
9.45319784817693
6.4011954572624
52.1016138673042
10.6877465630604
7.29479976090855
11.6143454871488
16.695517035266
13.3603108188882
8.4166168559474
20.6438732815302
12.9808726838016
19.6897788404065
17.3004184100418
12.7224148236701
15.7716676628811
12.7004184100418
7.76222355050807
13.1156007172744
8.59808726838016
17.8585774058577
11.3641362821279
12.2357441721458
15.2602510460251
16.5580394500897
22.5713090257023
12.0790197250448
7.66323968918111
14.528870292887
8.01793185893604
15.5324566646742
13.3933054393305
8.53759713090257
9.27172743574417
13.6022713687986
10.6547519426181
23.8003586371787
3.95959354453078
14.8093245666467
11.5236102809325
8.92528392109982
26.9018529587567
12.4997011356844
13.6187686790197
9.83538553496713
12.3402271368799
7.80071727435744
16.5992827256426
18.3150029886432
9.62916915720263
11.8178123132098
7.55600717274357
10.805977286312
8.31763299462044
36.2062163777645
9.13974895397489
12.6509264793784
10.4072922893007
10.2038254632397
8.67232516437537
9.71990436341901
14.7653317393903
16.4480573819486
7.9931858936043
11.0781829049611
7.12707710699342
8.40836820083682
11.526359832636
6.99784817692767
12.1972504482965
12.5271966527197
8.80155409444112
14.7680812910938
9.77214584578601
8.53759713090257
9.68141063956963
15.4307232516438
11.8150627615063
26.4371787208607
7.06108786610879
14.9000597728631
13.1953377166766
8.43861326957561
23.9900777047221
7.87495517035266
11.0039450089659
8.77130902570233
13.3300657501494
8.53209802749551
9.44219964136282
32.2331141661686
10.5090257023311
6.46443514644351
7.74022713687986
9.02976688583383
16.4645546921698
9.5851763299462
18.1775254034668
12.2439928272564
15.0196652719665
5.72205618649133
8.57059175134489
12.0817692767484
17.4433950986252
12.2164973102212
7.31954572624029
12.147758517633
15.5489539748954
28.0291691572026
15.5791990436342
8.27364016736402
10.3165570830843
18.5294680215182
14.627854154214
10.2918111177525
10.7784817692767
15.6259414225941
8.91978481769277
12.1642558278542
20.6521219366408
9.9673640167364
10.3385534967125
15.969635385535
9.76389719067543
10.7949790794979
13.1156007172744
20.7236102809325
12.1615062761506
19.4780633592349
14.2484160191273
41.4085475194262
11.8893006575015
13.9157202630006
12.2604901374776
12.978123132098
15.7964136282128
8.95002988643156
9.92887029288703
19.6540346682606
7.36353855349671
15.7469216975493
30.7650926479378
14.6993424985057
57.4713090257023
12.7966527196653
10.4705319784818
24.2540346682606
17.6716078900179
12.4694560669456
9.18099222952779
8.91703526598924
16.7340107591154
17.1959354453078
9.18649133293485
7.7649731022116
9.57967722653915
9.68416019127316
17.165690376569
8.29563658099223
12.1917513448894
14.7625821876868
12.8378959952182
11.5895995218171
8.1994022713688
7.22056186491333
11.9167961745368
12.8378959952182
11.4108786610879
17.3609085475194
8.86479378362223
10.8884638374178
11.4136282127914
8.71906754333533
6.10424387328153
10.6932456664674
10.6272564255828
5.18864315600717
17.4983861326958
43.5669456066946
20.4074118350269
12.5849372384937
6.92635983263598
8.94178123132098
10.6162582187687
9.84913329348476
17.2426778242678
12.0817692767484
6.98135086670651
18.449731022116
16.0081291093843
21.8069336521219
10.6822474596533
22.0461446503287
13.0138673042439
14.4381350866707
9.82438732815302
7.7237298266587
16.4425582785415
9.71990436341901
11.4576210400478
10.8692169754931
15.3372384937238
19.5990436341901
15.557202630006
9.26072922893007
7.85570830842797
10.2285714285714
9.50543933054393
13.5720263000598
12.0817692767484
41.3921099820681
6.94010759115362
8.13616258218769
11.3146443514644
11.2816497310221
13.077106993425
13.7562462641961
10.6272564255828
9.45319784817693
9.86838015540944
12.048774656306
15.504961147639
15.452719665272
7.40203227734608
6.73389121338912
13.0138673042439
22.3430962343096
10.0910938433951
11.4521219366408
12.7719067543335
7.12157800358637
10.7372384937238
14.2924088463837
11.4548714883443
8.93078302450687
9.96461446503287
10.4072922893007
12.0817692767484
16.2418410041841
14.2896592946802
15.1337716676629
7.84745965331739
9.64016736401673
11.4081291093843
12.9093843395099
21.5979677226539
6.90161386730424
6.24722056186491
6.95660490137478
9.08475791990436
13.9954572624029
11.2761506276151
20.7483562462642
14.5343693962941
12.8131500298864
13.8112372982666
7.44602510460251
6.64315600717274
13.0166168559474
8.78505678421996
10.8087268380155
9.24698147041243
14.1879258816497
13.7452480573819
16.9209802749552
11.5236102809325
8.69157202630006
7.38828451882845
8.52934847579199
11.7958158995816
11.2486551105798
12.2797369994023
8.33962940824865
13.90747160789
5.84578601315003
16.7367603108189
10.6987447698745
24.6857142857143
15.5654512851166
10.7592349073521
10.2093245666467
11.0011954572624
9.97286312014345
15.3509862522415
10.1350866706515
11.9552898983861
8.99127316198446
10.4705319784818
10.8857142857143
34.7931858936043
9.67866108786611
20.4761506276151
7.19581589958159
19.9289898386133
23.4016736401674
9.25248057381949
14.8698147041243
16.6542737597131
8.91978481769277
13.594022713688
8.52659892408846
19.6182904961148
11.067184698147
11.7573221757322
9.69240884638374
9.78589360430365
11.4713687985655
14.1879258816497
11.8645546921698
13.1183502689779
29.2719665271966
7.82546323968918
8.23789599521817
12.4639569635386
22.0983861326958
21.4054991034071
6.95660490137478
7.083084279737
13.8607292289301
15.2932456664674
16.3215780035864
18.0235505080693
9.39545726240287
10.0168559473999
10.4540346682606
9.15624626419605
11.6088463837418
16.5882845188285
10.9791990436342
9.5851763299462
9.68965929468021
7.24530783024507
14.7735803945009
11.1496712492528
14.5041243275553
9.93436939629408
12.1505080693365
9.44494919306635
9.60717274357442
8.74381350866706
11.1936640765093
7.38553496712492
5.61207411835027
14.1191870890616
13.0853556485356
15.3344889420203
8.63933054393305
9.8326359832636
11.7408248655111
16.8907352062164
11.1936640765093
9.66216377764495
18.037298266587
8.87029288702929
11.4493723849372
9.33771667662881
11.6143454871488
12.4887029288703
9.69103407053198
12.1092647937836
4.82295277943813
15.8981470412433
11.5703526598924
10.4677824267782
18.6944411237298
8.77130902570233
11.5181111775254
9.53568439928272
15.5654512851166
36.9734010759115
12.408965929468
71.098027495517
18.7136879856545
12.0817692767484
8.98302450687388
38.9339509862522
9.10125523012552
9.18924088463837
19.1261207411835
6.33520621637776
6.67065152420801
18.8539151225344
18.7439330543933
7.91344889420203
10.9297071129707
9.89587567244471
12.513448894202
12.095517035266
7.09958158995816
11.0286909742977
10.8939629408249
11.3393903167962
10.544769874477
8.13341303048416
11.0341900777047
9.78864315600717
11.2926479378362
24.5619844590556
13.6022713687986
12.0680215182307
13.3960549910341
12.6784219964136
10.3193066347878
10.0223550508069
8.17465630603706
104.087268380155
6.58266586969516
20.3166766288105
9.3569635385535
14.8725642558279
19.3763299462044
8.27089061566049
33.3741781231321
6.67615062761506
10.7977286312014
12.5106993424985
17.3966527196653
9.48344291691572
11.3943813508667
10.283562462642
18.5377166766288
13.8277346084877
25.4638374178123
19.8767483562463
23.9570830842797
9.30747160789002
14.9907949790795
18.5762104004782
23.8745965331739
15.0787806335924
14.1274357441721
6.85212193664076
6.99784817692767
9.83813508667065
8.89503885236103
13.4070531978482
14.6306037059175
13.0441123729827
9.48344291691572
8.79605499103407
7.33054393305439
11.6225941422594
16.0108786610879
7.48726838015541
12.0047818290496
6.79713090257023
2.26037059175134
9.00502092050209
8.25439330543933
10.2753138075314
14.4931261207412
16.1813508667065
9.54118350268978
10.8472205618649
12.6921697549313
13.6820083682008
12.2962343096234
10.3468021518231
11.6555887627017
18.1142857142857
10.2010759115362
20.8390914524806
9.2854751942618
9.50543933054393
6.94560669456067
10.1240884638374
8.78230723251644
9.66216377764495
13.1733413030484
10.8142259414226
18.4249850567842
9.40095636580992
9.95086670651524
8.01243275552899
12.0735206216378
16.5662881052002
8.82904961147639
9.15899581589958
9.88762701733413
13.4510460251046
19.4505678421996
14.8285714285714
15.9063956963539
8.34512851165571
9.85188284518828
9.69515839808727
7.31954572624029
17.5643753735804
9.19473998804543
16.0768679019725
8.02893006575015
9.82438732815302
13.4510460251046
10.0910938433951
7.83646144650329
12.6509264793784
47.3667065152421
11.0809324566647
22.8022713687986
11.3943813508667
8.86479378362223
9.78864315600717
10.8279736999402
12.0762701733413
16.0851165570831
16.9264793783622
9.3569635385535
15.0567842199641
8.80155409444112
9.41470412432755
13.0578601315003
11.8178123132098
48.0705319784818
13.2750747160789
11.5208607292289
11.7848176927675
14.9165570830843
5.50759115361626
10.3330543933054
9.08750747160789
12.8626419605499
5.99426180514047
13.0606096832038
7.37728631201434
8.14441123729827
8.81255230125523
7.40753138075314
18.5872086072923
8.48810520023909
14.7378362223551
10.649252839211
8.10041841004184
15.9558876270173
22.2496114763897
6.53592349073521
12.3897190675433
13.2365809922295
20.3744172145846
8.42761506276151
9.34321578003586
19.2635983263598
19.640286909743
13.5115361625822
10.0910938433951
8.75206216377764
9.90962343096234
13.442797369994
10.3440526001195
14.4628810520024
10.6657501494322
10.4292887029289
0.121219366407651
8.1994022713688
13.4208009563658
12.0405260011955
14.0367005379558
10.5365212193664
9.34321578003586
8.39462044231919
15.4994620442319
33.5475194261805
14.3364016736402
14.883562462642
8.23789599521817
7.87770472205619
7.20956365809922
7.26730424387328
10.0141063956964
21.1662881052002
15.4307232516438
29.9952181709504
12.9478780633592
9.36246264196055
6.92635983263598
9.79689181111775
11.8095636580992
9.5329348475792
10.8417214584579
13.7892408846384
8.44686192468619
13.1870890615661
27.9824267782427
5.64781829049611
57.7214584578601
26.2502092050209
13.7205020920502
10.6877465630604
12.4997011356844
10.7317393903168
13.1870890615661
10.8169754931261
9.73090257023311
15.2877465630604
10.7097429766886
6.96485355648536
19.3405857740586
11.7573221757322
9.92887029288703
14.1191870890616
12.7994022713688
10.5090257023311
14.889061566049
12.6426778242678
10.1405857740586
9.71715481171548
5.89802749551704
7.64674237895995
8.70531978481769
7.76222355050807
15.4939629408249
9.11500298864316
10.0553496712493
9.45319784817693
15.5407053197848
11.2101613867304
14.8203227734608
10.5310221159594
10.701494321578
35.7112970711297
8.45511057979677
10.5750149432158
12.9863717872086
24.5977286312014
8.66407650926479
11.474118350269
9.7501494321578
26.5664076509265
16.6130304841602
15.7276748356246
8.92528392109982
7.69623430962343
6.88786610878661
12.1147638971907
9.3569635385535
11.8700537955768
14.685594739988
16.5057979677227
11.7380753138075
25.7800358637179
7.80621637776449
8.81805140466228
14.575612671847
16.6322773460849
9.93711894799761
33.6575014943216
7.53126120741184
10.0663478780634
16.8
7.25080693365212
9.49444112372982
21.6144650328751
10.4650328750747
13.5555289898386
10.9929468021518
17.8915720263001
12.7911536162582
15.4142259414226
9.41745367603108
21.5099820681411
9.8326359832636
19.1591153616258
13.0936043036461
12.7939031679617
12.2439928272564
8.50185295875672
25.0101613867304
8.57609085475194
11.8563060370592
20.6768679019725
11.0644351464435
10.3468021518231
13.1485953377167
8.73281530185296
11.3778840406455
10.6712492528392
18.6394500896593
12.3182307232516
10.8912133891213
10.8279736999402
9.32396891811118
13.4125523012552
9.20573819485953
7.89145248057382
11.2349073520622
12.1642558278542
13.6545128511656
14.941303048416
5.9255230125523
12.0130304841602
7.91344889420203
10.3825463239689
13.7095038852361
18.6559473998805
14.5838613269576
10.3797967722654
8.28738792588165
10.8169754931261
11.9415421398685
13.3795576808129
9.03801554094441
12.1642558278542
7.88320382546324
19.69252839211
14.366646742379
8.38912133891213
8.42761506276151
10.9159593544531
10.1625821876868
13.1156007172744
20.2699342498506
11.1056784219964
8.73556485355648
30.924387328153
12.0405260011955
5.24088463837418
6.17573221757322
10.5310221159594
12.2852361028093
8.88679019725045
11.01494321578
9.03801554094441
6.08499701135684
15.7551703526599
9.76389719067543
12.4749551703527
12.4529587567244
9.5741781231321
13.5692767483562
11.7380753138075
16.0163777644949
11.2459055588763
10.4100418410042
30.327854154214
15.0567842199641
9.79964136282128
14.3638971906754
10.6465032875075
10.8142259414226
10.4815301852959
12.2797369994023
11.5923490735206
17.5643753735804
19.5962940824866
9.54943215780036
12.6591751344889
14.1466826060968
15.04578601315
0.156963538553497
14.9962940824866
11.578601315003
11.1441721458458
10.6959952181709
8.63933054393305
12.7746563060371
14.6498505678422
13.5775254034668
28.8292887029289
4.33078302450687
6.98959952181709
10.231320980275
11.6198445905559
9.10400478182905
16.0301255230126
9.98111177525403
5.65056784219964
9.39545726240287
5.3151225343694
17.5588762701733
11.782068141064
15.7744172145846
12.1065152420801
8.42486551105798
9.95636580992229
4.64973102211596
7.9931858936043
10.7894799760909
9.10675433353257
11.8040645546922
12.5271966527197
19.181111775254
8.99677226539151
11.5126120741183
12.8488942020323
9.79689181111775
26.4949193066348
9.73365212193664
12.5574417214585
8.73556485355648
14.3501494321578
7.15457262402869
11.0424387328153
8.0756724447101
13.5005379557681
9.63466826060968
8.77955768081291
14.47662881052
12.7361625821877
13.2943215780036
12.4447101016139
12.0020322773461
11.9800358637179
10.0745965331739
8.76580992229528
9.81613867304244
9.03526598924088
13.1403466826061
8.10041841004184
4.25379557680813
20.267184698147
17.1381948595338
18.1252839210998
24.5922295277944
9.3267184698147
8.3341303048416
12.3869695158398
13.1018529587567
13.9652121936641
11.3971309025702
14.3996413628213
11.6693365212194
15.2080095636581
13.6682606096832
8.18840406455469
9.68965929468021
15.3124925283921
8.63658099222953
7.26455469216975
15.09252839211
10.1350866706515
9.01326957561267
15.0045427375971
16.75325762104
8.52659892408846
3.78362223550508
21.2927674835625
14.9138075313808
12.670173341303
10.7757322175732
20.7098625224148
5.51034070531978
21.9141661685595
8.36162582187687
19.2993424985057
10.2285714285714
7.52026300059773
24.3860131500299
14.4601315002989
10.2808129109384
19.4175732217573
16.7560071727436
13.5665271966527
8.35887627017334
13.7837417812313
11.5593544530783
8.66682606096832
12.9918708906157
13.1238493723849
15.2080095636581
36.2833233711895
12.0102809324567
16.8274955170353
14.8258218768679
11.5676031081889
18.8484160191273
13.1183502689779
22.7252839210998
11.369635385535
8.41111775254035
20.5971309025702
8.0756724447101
10.2065750149432
11.6280932456665
21.8536760310819
17.4983861326958
8.19390316796174
21.4164973102212
8.07292289300657
21.6914524805738
11.3778840406455
11.2074118350269
16.5222952779438
19.5907949790795
10.137836222355
8.83179916317992
16.8549910340705
12.5216975493126
11.3008965929468
12.0872683801554
21.6117154811715
16.9814704124328
12.6866706515242
11.0534369396294
18.0592946802152
10.3523012552301
4.99892408846384
14.0037059175134
14.7955768081291
8.59533771667663
12.2274955170353
11.8755528989839
8.76580992229528
15.0210400478183
12.5849372384937
20.6246264196055
18.1747758517633
14.0614465032875
6.57991631799163
17.1299462044232
8.02893006575015
25.1641362821279
22.1313807531381
18.9006575014943
12.2797369994023
19.7777644949193
11.5428571428571
11.8590555887627
7.35528989838613
6.03275552898984
7.97943813508667
19.07662881052
6.89061566049014
12.6426778242678
5.24088463837418
15.098027495517
18.397489539749
24.2017931858936
11.0341900777047
6.6074118350269
10.9489539748954
6.62940824865511
8.71356843992827
6.78063359234907
17.1794381350867
6.08224745965332
10.5557680812911
7.48451882845188
10.5530185295876
8.68332337118948
12.4997011356844
16.8247459653317
13.38505678422
11.0506873879259
11.6968320382546
31.7136879856545
17.1189479976091
13.2558278541542
7.86670651524208
15.0540346682606
14.4491332934848
18.5102211595935
9.71440526001195
10.440286909743
8.39187089061566
13.6132695756127
20.6466228332337
12.9616258218769
14.6113568439928
12.2907352062164
13.2448296473401
8.32038254632397
15.0485355648536
8.40836820083682
12.507949790795
12.5959354453078
12.2494919306635
8.89778840406455
5.79629408248655
8.02068141063957
14.5618649133293
9.75839808726838
11.8040645546922
9.7089061566049
15.3702331141662
14.5948595337717
12.1835026897788
19.1398684997011
13.959713090257
15.0622833233712
8.0234309623431
10.3797967722654
18.2407650926479
14.2814106395696
12.0020322773461
9.99210998206814
6.19772863120143
12.8928870292887
7.19581589958159
11.0341900777047
12.7884040645547
17.9053197848177
15.405977286312
9.2854751942618
23.7536162582188
12.0102809324567
10.393544530783
11.7105797967723
13.6352659892409
30.9793783622235
8.20765092647938
9.26897788404064
13.7589958158996
9.92337118947998
12.8131500298864
33.5723251643754
11.5676031081889
20.6411237298267
9.27722653915122
6.90986252241482
9.8848774656306
0.02498505678422
17.4543933054393
59.4208009563658
15.4829647340108
11.1029288702929
8.19115361625822
11.3118947997609
9.7913927077107
8.15265989240885
17.0447101016139
12.2742378959952
10.3605499103407
13.6875074716079
10.2725642558279
7.7649731022116
30.0170352659892
13.2613269575613
19.7282725642558
6.87411835026898
8.46335923490735
7.99043634190078
8.13341303048416
8.33687985654513
29.9620442319187
13.4208009563658
14.2016736401674
16.126359832636
13.9404662283323
10.9214584578601
10.283562462642
8.2516437537358
7.81171548117155
13.7040047818291
9.36246264196055
12.2412432755529
9.82713687985654
22.4915720263001
10.1350866706515
11.4933652121937
18.3809922295278
11.1744172145846
11.0864315600717
9.27722653915122
8.91153616258219
12.2714883442917
12.9698744769874
10.0498505678422
18.4744769874477
29.5826658696952
10.8554692169755
16.4233114166169
9.89312612074118
21.5594739988045
17.9163179916318
17.8255827854154
15.9641362821279
17.1821876867902
17.2839210998207
13.3878063359235
10.6382546323969
13.959713090257
25.0266586969516
9.43395098625224
14.8065750149432
13.594022713688
10.3028093245666
18.6284518828452
15.7056784219964
5.6670651524208
5.82104004781829
13.280573819486
9.30472205618649
9.96461446503287
10.904961147639
11.7078302450687
9.77764494919307
19.8410041841004
18.3397489539749
10.3468021518231
18.606455469217
8.03167961745368
4.58374178123132
14.5646144650329
12.8956365809922
15.719426180514
11.5621040047818
6.12624028690974
19.4973102211596
9.38995815899582
11.5043634190078
20.5888822474597
9.78314405260012
13.286072922893
15.1997609085475
15.8431560071727
7.27005379557681
7.87770472205619
37.3060370591751
10.3495517035266
7.53401075911536
30.8720860729229
15.8981470412433
4.32253436939629
8.30113568439928
8.98852361028093
19.3488344291692
12.8791392707711
14.8423191870891
9.28272564255828
8.7685594739988
14.0751942618051
14.4683801554094
7.6412432755529
12.5491930663479
12.304482964734
10.9187089061566
17.8475791990436
9.28272564255828
20.7428571428571
16.5085475194262
14.6471010161387
12.4914524805738
8.18840406455469
11.3063956963539
13.7589958158996
11.7160789001793
15.9641362821279
12.4282127913927
13.1595935445308
12.8818888224746
12.9066347878063
11.0314405260012
5.85403466826061
8.77130902570233
6.84387328153019
5.25188284518828
9.76389719067543
8.76580992229528
11.9415421398685
13.7150029886432
17.624865511058
38.433353257621
6.77238493723849
19.4203227734608
10.5695158398087
17.9795576808129
9.91237298266587
12.670173341303
14.3996413628213
9.44769874476987
6.03275552898984
10.1130902570233
13.6132695756127
11.1276748356246
16.2913329348476
5.96401673640167
25.6150627615063
9.81338912133891
18.5349671249253
8.44686192468619
14.2291691572026
13.3795576808129
13.5445307830245
5.78529587567244
11.2211595935445
18.8759115361626
9.76389719067543
12.0872683801554
6.99509862522415
23.9818290496115
10.137836222355
10.3605499103407
11.938792588165
6.6596533173939
7.48451882845188
12.095517035266
11.9085475194262
12.3347280334728
8.0344291691572
24.9524208009564
12.6069336521219
10.7042438732815
13.4730424387328
4.65797967722654
11.8645546921698
15.7689181111775
11.1276748356246
16.021876867902
13.6765092647938
10.3632994620442
15.3674835624626
13.7672444710102
14.3693962940825
12.9973699940227
9.21948595337716
12.3594739988045
7.31129707112971
11.3256425582785
11.7160789001793
16.1538553496712
6.43144052600119
15.144769874477
17.7898386132696
31.7217573221757
14.6883442916916
8.27089061566049
12.7774058577406
7.85570830842797
10.0993424985057
16.7835026897788
20.8858338314405
10.6355050806934
6.90161386730424
11.3641362821279
12.9341303048416
7.77322175732218
9.78864315600717
10.2340705319785
21.3120143454871
16.8632396891811
9.42845188284519
14.8643156007173
8.06742378959952
12.3952181709504
19.0078900179319
37.5866706515242
17.3389121338912
14.3831440526001
21.1800358637179
12.7031679617454
8.84279736999402
22.0516437537358
10.1735803945009
10.1955768081291
9.69240884638374
10.8554692169755
11.7930663478781
6.89886431560072
8.74106395696354
19.2361028093246
7.07483562462642
13.3218170950389
8.84279736999402
10.4100418410042
8.44961147638972
23.5886431560072
10.9984459055589
8.08117154811715
17.9245666467424
11.6198445905559
17.0364614465033
13.2915720263001
19.5687985654513
14.2814106395696
12.3017334130305
15.4334728033473
13.8964734010759
11.834309623431
7.31954572624029
22.7032875074716
8.60633592349073
10.8829647340108
14.9687985654513
10.2093245666467
12.2247459653317
8.71081888822475
8.53759713090257
6.67890017931859
12.7664076509265
12.7774058577406
12.2247459653317
20.4019127316198
7.44602510460251
8.07292289300657
12.3622235505081
8.76306037059175
9.99485953377167
16.2005977286312
16.5195457262403
11.3998804542738
7.45152420800956
24.4794979079498
12.4859533771668
10.1213389121339
6.99234907352062
12.2934847579199
7.3937836222355
8.36712492528392
13.2310818888225
10.5557680812911
17.7568439928273
7.58075313807531
15.6479378362224
11.3943813508667
13.3190675433353
9.09025702331142
15.7634190077705
12.5381948595338
13.1046025104602
7.88320382546324
10.1158398087268
11.9222952779438
11.892050209205
28.0264196054991
7.50926479378362
12.8406455469217
16.6240286909743
22.689539748954
11.4081291093843
11.7545726240287
37.3915122534369
9.01052002390914
11.2898983861327
17.6166168559474
8.69707112970711
18.0785415421399
9.3267184698147
6.18123132098027
16.3435744172146
14.2649133293485
11.7023311416617
10.0498505678422
11.1001793185894
11.9937836222355
23.264196054991
21.5484757919904
11.8260609683204
12.1972504482965
9.49719067543335
19.6760310818888
15.0952779438135
15.7304243873282
11.2569037656904
0.0222355050806934
24.0175732217573
19.2113568439928
7.76222355050807
9.80239091452481
12.0130304841602
13.1980872683802
13.9817095038852
8.5403466826061
8.70257023311417
28.2573819485953
10.6520023909145
8.51835026897788
11.4961147638972
15.0017931858936
8.82904961147639
9.31022115959354
17.8420800956366
9.43120143454871
15.4444710101614
9.67316198445906
11.8535564853556
13.1210998206814
7.50101613867304
17.9108188882247
0.0992229527794381
13.849731022116
10.8637178720861
9.71165570830843
11.8260609683204
19.0546323968918
13.9322175732218
11.270651524208
11.3531380753138
8.46060968320383
8.36712492528392
8.44411237298267
12.6261805140466
14.3638971906754
8.42761506276151
14.8533173939032
9.22498505678422
8.53484757919904
9.5439330543933
16.3958158995816
16.18410041841
12.6976688583383
6.26921697549313
20.0472205618649
18.7439330543933
21.5677226539151
17.6798565451285
7.60549910340705
19.4698147041243
30.0116557083084
16.3600717274357
12.2604901374776
14.5673640167364
9.68141063956963
13.8992229527794
10.6657501494322
9.64291691572026
10.1433353257621
9.95086670651524
20.3854154213987
46.5254034668261
8.69157202630006
15.0430364614465
27.4105200239091
6.97035265989241
14.3858936043036
27.864196054991
12.1395098625224
13.0138673042439
3.51141661685595
22.0763897190675
10.7069934249851
10.6080095636581
6.3187089061566
7.63574417214585
10.0416019127316
5.77704722056186
11.0314405260012
10.137836222355
13.8937238493724
7.76772265391512
13.8524805738195
15.0897788404065
11.0754333532576
13.3795576808129
11.1469216975493
10.3138075313808
23.6381350866707
13.4647937836222
21.9994022713688
5.52683801554094
8.87579199043634
19.1453676031082
18.042797369994
18.1555289898386
11.0011954572624
14.8505678421996
9.73365212193664
11.1304243873282
15.5819485953377
34.5923490735206
13.5087866108787
6.91261207411835
10.858218768679
16.7367603108189
15.8734010759115
7.01159593544531
10.3193066347878
61.023909145248
11.991034070532
6.64040645546922
6.55242080095637
6.99784817692767
19.7777644949193
12.1945008965929
7.40753138075314
11.6390914524806
7.11882845188284
17.41589958159
7.69898386132696
17.6413628212791
9.71990436341901
15.2410041841004
9.01326957561267
12.5739390316796
8.26814106395696
10.1488344291692
9.37621040047818
11.5236102809325
15.3289898386133
9.11500298864316
18.658696951584
9.75839808726838
15.4362223550508
5.37836222355051
14.3776449491931
8.80155409444112
9.4504482964734
18.4854751942618
14.9687985654513
13.4757919904363
16.6570233114166
12.4337118947998
14.8203227734608
15.609444112373
15.6809324566647
22.5410639569635
11.1606694560669
12.1670053795577
17.9493126120741
6.17298266586969
10.4650328750747
8.82355050806934
7.60549910340705
15.0512851165571
13.3685594739988
8.98302450687388
12.5271966527197
14.3336521219366
16.131858936043
9.07650926479378
12.1120143454871
11.1056784219964
9.11500298864316
29.8604303646145
10.3852958756724
12.9478780633592
10.8417214584579
15.7826658696952
16.0356246264196
14.4546323968918
15.04578601315
8.06192468619247
8.79605499103407
6.69539748953975
6.82737597130903
11.3531380753138
17.4873879258817
18.6229527794381
10.5392707710699
8.35612671846981
11.119426180514
11.4906156604901
8.51285116557083
13.0633592349074
15.2987447698745
8.69982068141064
16.6130304841602
10.2120741183503
13.599521817095
5.49934249850568
12.2357441721458
13.0881052002391
8.09766885833831
12.3457262402869
10.649252839211
9.15899581589958
19.071129707113
10.0883442916916
14.8423191870891
14.1989240884638
8.52659892408846
12.8131500298864
9.44494919306635
9.01876867901972
24.240286909743
17.833831440526
9.66216377764495
16.1648535564854
10.3962940824866
11.3338912133891
8.02068141063957
11.3118947997609
13.3520621637776
17.9768081291094
8.19390316796174
9.42845188284519
10.0773460848775
8.12791392707711
14.9660490137478
10.6987447698745
34.0176329946204
8.40561864913329
11.3036461446503
7.88595337716677
9.64291691572026
8.68882247459653
7.97118947997609
10.2670651524208
11.4878661087866
9.59342498505678
12.3017334130305
20.7043634190078
8.97752540346683
10.3193066347878
10.7839808726838
12.7004184100418
15.9888822474597
10.6849970113568
102.20382546324
8.63933054393305
7.55050806933652
10.1873281530185
8.51285116557083
13.0111177525403
12.2879856545129
7.19581589958159
11.375134488942
9.47519426180514
10.8939629408249
16.5360430364615
6.02175732217573
11.4356246264196
18.4057381948595
11.6005977286312
11.2871488344292
12.3347280334728
10.283562462642
9.47244471010161
11.1551703526599
44.5346682606097
11.7518230723252
18.6999402271369
15.3977286312014
18.2820083682008
24.6967124925284
12.24674237896
7.7649731022116
8.07842199641363
12.0625224148237
9.2332337118948
18.1280334728033
13.0358637178721
15.09252839211
6.63215780035864
15.5352062163778
17.6963538553497
6.86037059175134
16.5717872086073
10.4100418410042
10.701494321578
8.13066347878063
8.58983861326957
11.578601315003
14.9083084279737
19.0546323968918
19.3570830842797
16.7092647937836
12.2247459653317
8.88404064554692
10.8252241482367
9.60717274357442
15.8266586969516
10.3495517035266
12.5271966527197
8.32863120143455
12.3622235505081
14.3309025702331
8.10591751344889
10.9159593544531
9.04351464435146
7.03359234907352
7.31679617453676
11.0754333532576
16.3023311416617
10.5475194261805
8.54309623430962
9.99485953377167
13.3630603705918
20.8005977286312
20.110460251046
14.1301852958757
9.96461446503287
41.2104004781829
10.1405857740586
11.375134488942
10.3440526001195
7.98493723849372
15.1887627017334
15.5544530783025
10.335803945009
17.7953377166766
10.2175732217573
13.286072922893
18.867662881052
13.6132695756127
12.1257621040048
22.2001195457262
9.64566646742379
16.0961147638972
11.5813508667065
10.4430364614465
13.5445307830245
7.4652719665272
10.4045427375971
15.2877465630604
11.7683203825463
11.3723849372385
10.1625821876868
17.4351464435146
17.41589958159
9.44219964136282
18.5404662283323
12.8956365809922
7.86945606694561
12.4282127913927
9.34596533173939
14.1741781231321
9.8436341900777
10.4320382546324
10.2780633592349
