0
0.118469814704124
0.00573819485953378
0.272444710101614
0.0882247459653317
0.272444710101614
0.514405260011955
0.118469814704124
0.272444710101614
0.200956365809922
0.00298864315600717
0.195457262402869
0.100597728631201
0.167961745367603
0.319187089061566
0.0909742976688584
0.00298864315600717
0.264196054991034
0.247698744769874
0.0194859533771668
0.0799760908547519
1.71320980274955
0.189958158995816
0.132217573221757
0.0827256425582785
0.0469814704124328
0.0222355050806934
0.0552301255230126
0.00298864315600717
0.242199641362821
0.302689778840406
0.121219366407651
0.126718469814704
0.176210400478183
0.14596533173939
0.97907949790795
0.302689778840406
0.797609085475194
0.0868499701135684
0.115720263000598
0.610639569635385
0.220203227734608
0.173460848774656
0.0359832635983264
0.104722056186491
0.231201434548715
0.151464435146444
0.0304841601912732
0.0717274357441721
0.387925881649731
0.0552301255230126
0.00573819485953378
0.374178123132098
0.438792588164973
0.247698744769874
0.118469814704124
0.0621040047818291
0.209205020920502
0.0868499701135683
0.134967124925284
0.0607292289300657
0.0332337118947998
0.294441123729827
0.263508667065152
0.200956365809922
0.0332337118947998
0.643634190077705
0.0937238493723849
0.0442319187089062
0.00298864315600717
1.29252839210998
0.052480573819486
0.0552301255230126
0.376927674835625
0.209205020920502
0.280693365212194
0.0882247459653317
0.434668260609683
0.132217573221757
0.206455469216976
0.0772265391512253
0.129468021518231
0.038732815301853
0.214704124327555
0.0304841601912732
0.0454871488344292
0.0607292289300657
0.02498505678422
0.144590555887627
0.192707710699342
0.189958158995816
0.134967124925284
0.0222355050806934
0.180334728033473
0.02498505678422
0.231201434548715
0.143215780035864
0.167961745367603
0.0414823670053796
0.110221159593545
0.101972504482965
0.349432157800359
0.123968918111178
0.41267184698147
0.167961745367603
0.000239091452480579
0.088224745965332
0.118469814704124
0.470412432755529
0.17071129707113
0.110221159593545
0.000239091452480579
0.0332337118947998
0.14596533173939
0.107471607890018
0.121219366407651
0.29994022713688
0.181709503885236
0.244949193066348
0.192707710699342
0.844351464435147
0.156963538553497
0.140466228332337
0.104722056186491
0.14596533173939
0.14596533173939
0.275194261805141
0.00573819485953378
0.16246264196055
0.0607292289300657
0.165212193664077
0.167961745367603
0.101972504482965
0.346682606096832
0.14596533173939
0.211954572624029
0.0497310221159594
0.134967124925284
0.14596533173939
0.140466228332337
0.104722056186491
0.233950986252241
0.0359832635983264
0.0882247459653317
0.0442319187089062
0.00848774656306037
0.0497310221159594
0.0538553496712493
0.0497310221159594
0.0909742976688581
0.805857740585774
0.0689778840406455
0.239450089659295
0.101972504482965
0.244949193066348
0.151464435146444
0.00298864315600717
0.273819485953377
0.0827256425582785
0.156963538553497
0.0442319187089062
0.00573819485953378
0.137716676628811
0.101972504482965
0.048356246264196
0.0799760908547519
0.200956365809922
0.126718469814704
0.0497310221159594
0.0497310221159594
0.066228332337119
0.387925881649731
0.0222355050806934
0.178959952181709
0.0992229527794381
0.0772265391512253
0.0304841601912731
0.159713090257024
0.132217573221757
0.764614465032875
0.129468021518231
0.0181111775254035
0.214704124327555
0.159713090257023
0.126718469814704
0.0497310221159594
0.0442319187089062
0.0414823670053796
0.02498505678422
0.0332337118947998
0.280693365212194
0.178959952181709
0.192707710699342
0.0964734010759115
0.181709503885236
0.112970711297071
0.107471607890018
0.17071129707113
0.16246264196055
0.0772265391512253
0.0744769874476987
0.126718469814704
0.066228332337119
0.185833831440526
0.126718469814704
0.101972504482965
0.0937238493723849
0.148714883442917
0.475911536162582
0.0497310221159594
0.244949193066348
0.0304841601912732
0.217453676031082
0.176210400478183
0.0992229527794381
0.0882247459653317
0.0744769874476987
0.222952779438135
0.02498505678422
0.159713090257023
0.401673640167364
0.126718469814704
0.407172743574417
0.101972504482965
0.0359832635983264
0.126718469814704
0.0854751942618051
0.0332337118947998
0.0854751942618051
0.126718469814704
0.00573819485953378
0.176210400478182
0.140466228332337
0.243574417214585
0.00298864315600717
0.302689778840406
0.0222355050806934
0.115720263000598
0.198206814106396
0.104722056186491
0.946084877465629
0.159713090257023
0.113658099222953
0.0964734010759113
0.306814106395696
0.0744769874476987
0.02498505678422
0.107471607890018
0.00573819485953378
0.184459055588763
0.41267184698147
0.148714883442917
0.902092050209205
0.0359832635983264
0.0634787806335923
0.225702331141662
0.220203227734608
0.206455469216976
0.123968918111178
0.011237298266587
0.128093245666468
0.415421398684997
0.066228332337119
0.110221159593545
0.0854751942618051
0.338433950986252
0.0799760908547519
0.233950986252241
0.0689778840406455
0.143215780035864
0.226389719067543
1.10280932456665
0.16246264196055
0.797609085475194
0.147340107591154
0.173460848774656
0.126718469814704
0.112970711297071
0.261446503287507
0.14596533173939
0.467662881052002
0.0992229527794381
0.178959952181709
0.264196054991034
0.0552301255230126
0.123968918111178
0.16246264196055
0.0964734010759115
0.0744769874476987
0.240824865511058
0.0744769874476987
0.250448296473401
0.0882247459653317
0.184459055588763
0.121219366407651
0.15421398684997
0.748117154811715
0.0882247459653317
0.198206814106396
0.192707710699342
0.0442319187089062
0.107471607890018
0.192707710699342
0.074476987447699
0.0964734010759115
0.0689778840406455
0.181709503885236
0.178959952181709
0.15421398684997
0.184459055588763
0.0414823670053796
0.0717274357441721
0.228451882845188
0.0132994620442319
0.0964734010759115
0.194082486551106
0.10403466826061
0.151464435146444
0.129468021518231
0.0277346084877466
0.294441123729827
0.0717274357441721
0.275194261805141
0.167961745367603
0.052480573819486
0.0634787806335923
0.506156604901375
0.133592349073521
0.236700537955768
0.0882247459653317
0.121219366407651
0.104722056186491
0.0772265391512253
0.0373580394500897
0.0414823670053796
0.244949193066348
0.225702331141662
0.247698744769874
0.41267184698147
0.148714883442917
0.126718469814704
0.253197848176928
0.269695158398087
0.112970711297071
0.108846383741781
0.0167364016736402
0.0222355050806934
0.011237298266587
0.176210400478183
0.148714883442917
0.0414823670053796
0.0359832635983264
0.214704124327555
0.156963538553497
0.143215780035864
0.16658696951584
0.0222355050806934
0.140466228332337
0.151464435146444
0.0937238493723849
0.156963538553497
0.0359832635983264
0.462163777644949
0.110221159593545
0.327435744172146
0.200956365809922
0.280693365212194
0.107471607890018
0.187208607292289
0.137716676628811
0.110221159593545
0.533652121936641
0.236700537955768
0.118469814704124
0.0799760908547519
0.357680812910938
0.0717274357441721
0.57489539748954
0.121219366407651
0.126718469814704
0.178959952181709
0.140466228332337
0.827854154213987
0.187208607292289
0.272444710101614
0.0607292289300657
0.250448296473401
0.0717274357441723
0.341183502689779
0.324686192468619
0.0689778840406455
0.0586670651524208
0.242887029288703
0.129468021518231
0.0607292289300657
0.0964734010759115
0.363179916317992
0.277943813508667
0.286192468619247
0.066228332337119
0.341183502689779
0.178959952181709
0.0827256425582785
0.148714883442917
0.0882247459653317
0.181709503885236
0.335684399282726
0.0469814704124328
0.184459055588763
0.0882247459653317
0.0359832635983264
0.16246264196055
0.231201434548715
0.201643753735804
0.0497310221159594
0.200956365809922
0.142872086072923
0.0909742976688584
0.0744769874476987
0.187208607292289
0.222952779438135
0.244949193066348
23.1212193664077
0.161087866108787
0.390675433353258
1.29252839210998
0.398924088463837
0.038732815301853
0.0359832635983264
0.176210400478183
0.431918708906157
0.302689778840406
0.176210400478183
0.165212193664077
0.242199641362821
0.02498505678422
0.176210400478183
0.123968918111178
0.244949193066348
0.255947399880454
0.126718469814704
0.0634787806335923
0.302689778840406
0.253197848176928
0.530902570233114
0.563897190675433
0.110221159593545
0.0689778840406455
0.187208607292289
0.871846981470413
0.188583383144052
0.225702331141662
0.118469814704124
0.129468021518231
0.220203227734608
0.104722056186491
0.249073520621638
0.507531380753138
0.280693365212194
0.137716676628811
0.0717274357441721
0.275194261805141
0.28756724447101
0.15421398684997
0.288942020322773
0.104722056186491
0.118469814704124
0.253197848176928
0.189958158995816
0.189958158995816
0.236700537955768
0.101972504482965
0.41267184698147
0.15421398684997
0.0579796772265392
0.0689778840406455
0.302689778840406
0.151464435146444
0.0222355050806934
0.0758517632994621
0.29994022713688
0.0964734010759115
0.0882247459653317
0.123968918111178
0.2916915720263
0.242199641362821
0.122594142259414
0.104722056186491
0.0167364016736402
0.111595935445308
0.104722056186491
0.181709503885236
0.134967124925284
0.123968918111178
0.00298864315600717
0.407172743574417
0.0882247459653317
0.107471607890018
0.0689778840406455
0.0332337118947998
0.0359832635983264
0.00298864315600717
0.172086072922893
0.052480573819486
0.0359832635983264
0.101972504482965
0.464913329348476
0.0332337118947998
0.132217573221757
0.121219366407651
0.239450089659295
0.239450089659295
0.0469814704124328
0.4415421398685
0.011237298266587
0.242199641362821
0.583144052600119
0.101972504482965
0.243574417214585
0.233950986252241
0.011237298266587
0.118469814704125
0.266945606694561
0.440167364016736
0.422295277943813
0.294441123729827
0.247698744769874
0.000239091452480579
2.85152420800956
0.00573819485953378
0.668380155409444
0.294441123729827
0.136341900777047
0.222952779438135
0.371428571428571
0.0277346084877466
0.0772265391512253
0.0634787806335923
0.239450089659295
0.14596533173939
0.618888224745965
0.15421398684997
0.286192468619247
0.156963538553497
0.242199641362821
0.118469814704124
0.0304841601912732
0.217453676031082
0.0332337118947998
0.126718469814704
0.176210400478183
1.09731022115959
0.206455469216976
0.129468021518231
0.233950986252241
0.415421398684997
0.011237298266587
0.126718469814704
0.0332337118947998
0.451165570830843
0.140466228332337
0.0964734010759115
0.167961745367603
0.187208607292289
0.0332337118947998
0.0634787806335923
0.0937238493723849
0.0744769874476987
0.0332337118947998
0.178959952181709
0.297190675433353
0.114345487148834
0.0717274357441721
0.330185295875672
0.15421398684997
0.332934847579199
0.134967124925284
0.181709503885236
0.115720263000598
0.0277346084877466
0.261446503287507
0.327435744172146
0.360430364614465
0.115720263000598
0.156963538553497
0.167961745367603
0.0552301255230126
0.128093245666467
0.0139868499701136
0.228451882845188
0.115720263000598
0.225702331141662
0.334309623430962
0.0304841601912732
0.0882247459653317
0.264196054991034
0.14596533173939
0.294441123729827
0.165212193664076
0.0992229527794381
0.110221159593545
0.148714883442917
0.321936640765093
0.0332337118947998
0.0634787806335923
0.101972504482965
0.0964734010759115
0.0799760908547519
0.132217573221757
0.0194859533771668
0.0772265391512253
0.052480573819486
0.0882247459653319
1.2320382546324
0.156963538553497
0.0882247459653317
0.107471607890018
0.203705917513449
0.302689778840406
0.31231320980275
0.0717274357441721
0.104722056186491
0.187208607292289
0.0139868499701136
0.264196054991034
0.228451882845188
0.0304841601912732
0.251823072325164
0.118469814704124
0.225702331141662
0.181709503885236
16.2995815899582
0.200956365809922
0.137716676628811
0.357680812910938
0.486909742976688
0.167961745367603
0.052480573819486
0.176210400478183
0.134967124925284
0.137716676628811
0.319187089061566
0.143215780035864
0.156963538553497
0.148714883442917
0.0483562462641961
0.0332337118947998
0.0909742976688584
0.137716676628811
0.473161984459056
0.0854751942618051
0.203705917513449
0.264196054991034
0.272444710101614
0.0442319187089062
0.173460848774656
0.121219366407651
0.173460848774656
0.220203227734608
0.0359832635983264
0.0744769874476987
0.165212193664077
0.143215780035864
0.244949193066348
0.104722056186491
0.0813508667065155
0.118469814704124
0.110221159593545
0.0414823670053796
0.184459055588763
0.140466228332337
0.0882247459653317
0.0497310221159594
0.228451882845188
0.0607292289300657
0.15008965929468
0.0277346084877466
0.0222355050806934
0.29994022713688
0.0222355050806934
0.118469814704124
0.00298864315600717
0.0689778840406455
0.0744769874476987
1.72695756126718
0.192707710699342
0.651882845188285
0.0731022115959356
0.249760908547519
0.0827256425582785
0.0854751942618051
0.0442319187089062
1.5427375971309
0.0689778840406455
0.288942020322773
0.121219366407651
0.16246264196055
0.0937238493723849
0.135482665869695
0.294441123729827
0.473161984459056
0.676628810520024
0.140466228332337
0.28344291691572
0.159713090257023
0.137716676628811
0.0304841601912732
5.81554094441124
0.0332337118947998
0.924088463837415
0.341183502689779
0.484160191273162
0.17071129707113
0.134967124925284
0.209205020920502
0.0634787806335922
0.206455469216976
0.251823072325164
11.6143454871489
0.203705917513449
0.129468021518231
0.137716676628811
0.0414823670053796
0.132904961147639
0.0277346084877466
0.192707710699342
1.2320382546324
0.104722056186491
2.34560669456067
0.313687985654513
0.0469814704124328
0.176210400478183
0.184459055588763
0.0359832635983264
0.0634787806335923
0.066228332337119
0.0607292289300657
0.02498505678422
0.529527794381351
0.126718469814704
0.118469814704124
0.16246264196055
0.123968918111178
0.0937238493723849
0.143215780035864
0.011237298266587
0.0167364016736402
0.126718469814704
0.0854751942618051
0.0827256425582786
0.371428571428571
0.269695158398087
0.0882247459653317
0.266945606694561
0.0442319187089062
0.0304841601912732
0.0277346084877466
0.266945606694561
0.129468021518231
0.143215780035864
0.149402271368798
0.00573819485953378
0.838852361028093
0.440167364016736
0.244949193066348
0.184459055588763
0.00573819485953378
0.0579796772265391
0.107471607890018
0.107471607890018
0.276569037656903
0.225702331141662
0.011237298266587
0.313687985654513
0.184459055588763
0.132217573221757
0.0882247459653318
0.121219366407651
0.932337118947998
0.101972504482965
0.0937238493723849
0.0964734010759115
0.222952779438135
0.0304841601912732
0.0222355050806934
0.149402271368798
0.211954572624029
0.0607292289300657
0.123968918111177
0.442916915720263
0.121219366407651
0.0442319187089062
0.792109982068141
0.178959952181709
0.129468021518231
0.195457262402869
0.0304841601912732
0.0827256425582785
0.0607292289300657
0.192707710699342
0.231201434548715
0.02498505678422
0.142528392109982
0.214704124327555
0.0882247459653317
0.0937238493723849
0.0875373580394501
0.052480573819486
0.368679019725045
0.15008965929468
0.0277346084877466
0.0772265391512253
0.0744769874476987
0.198206814106396
0.101972504482965
0.0277346084877466
0.0676031081888825
0.0909742976688584
0.17071129707113
0.176210400478183
0.0717274357441721
0.0744769874476987
0.0442319187089062
0.206455469216976
0.352181709503885
0.225702331141662
0.0359832635983264
0.165212193664076
0.0854751942618052
0.123968918111178
0.187208607292289
0.192707710699342
0.258696951583981
0.242199641362821
0.360430364614465
0.178959952181709
0.02498505678422
0.167961745367603
0.0772265391512253
0.319187089061566
0.0909742976688584
0.14596533173939
0.0469814704124328
4.21530185295876
0.134967124925284
0.00573819485953378
0.0359832635983264
0.126718469814704
0.104722056186491
0.423670053795577
0.156963538553497
0.272444710101614
0.200956365809922
0.192707710699342
0.132217573221757
0.123968918111178
0.140466228332337
0.0964734010759115
0.313687985654513
0.104722056186491
0.134967124925284
0.286192468619247
0.541900777047221
0.250448296473401
0.0607292289300657
0.195457262402869
0.144590555887627
0.0332337118947998
0.239450089659295
0.104722056186491
0.0469814704124328
0.277943813508667
0.0359832635983264
0.108846383741781
0.272444710101614
0.194082486551106
0.112970711297071
0.0744769874476987
0.349432157800359
0.15421398684997
0.112970711297071
0.0414823670053796
0.195457262402869
0.143215780035864
0.0414823670053796
0.0469814704124328
0.0634787806335923
0.0854751942618054
0.156963538553497
0.28344291691572
0.121219366407651
0.464913329348476
0.000239091452480579
6.7833831440526
0.167961745367603
0.233950986252242
0.0194859533771668
0.137716676628811
0.011237298266587
6.62390914524806
0.547399880454274
0.172773460848775
0.104722056186491
0.118469814704124
0.0222355050806934
0.180334728033473
0.255947399880454
0.0799760908547519
0.29994022713688
0.104722056186491
0.0442319187089062
0.404423191870891
0.126718469814704
0.195457262402869
0.159713090257023
0.225702331141662
0.152839210998207
0.16246264196055
0.0304841601912732
0.165212193664077
0.173460848774656
0.0277346084877466
0.156963538553497
0.106096832038255
0.0854751942618051
0.156963538553497
0.0607292289300657
0.000239091452480579
0.104722056186491
0.104722056186491
0.343933054393306
0.198206814106396
0.217453676031082
0.935086670651524
0.0799760908547519
0.112970711297071
0.17071129707113
0.192707710699342
0.0717274357441721
0.0971607890017931
0.122594142259414
0.0332337118947998
0.195457262402869
0.0992229527794381
0.192707710699342
0.16246264196055
0.140466228332337
0.156963538553496
0.121219366407651
0.0497310221159594
0.28344291691572
1.39701135684399
0.0304841601912732
0.000239091452480579
0.0304841601912732
0.176210400478183
0.481410639569635
0.195457262402869
0.176210400478183
0.0772265391512253
0.0222355050806934
0.0717274357441721
0.0222355050806934
0.0469814704124328
0.148714883442917
0.189958158995816
0.107471607890018
0.129468021518231
0.0126120741183503
0.134967124925284
0.0497310221159594
0.000239091452480579
0.02498505678422
0.156963538553497
0.16246264196055
0.261446503287507
0.0861625821876868
0.140466228332337
0.143215780035864
0.216078900179318
0.275194261805141
0.176210400478183
0.112970711297071
0.0909742976688584
0.0414823670053796
0.139091452480574
0.225702331141662
0.115720263000598
0.200956365809922
0.176210400478183
0.0414823670053796
0.572145845786013
0.064166168559474
0.137716676628811
0.209892408846383
0.011237298266587
0.110221159593545
0.218141063956963
0.0992229527794381
0.159713090257023
0.0964734010759115
0.103347280334728
0.176210400478183
0.0868499701135687
0.143215780035864
0.0552301255230126
0.363179916317992
0.192707710699342
0.266945606694561
0.0442319187089062
0.14596533173939
0.0827256425582785
0.0139868499701136
0.0139868499701136
0.121219366407651
0.000239091452480579
0.599641362821279
0.198206814106396
0.066228332337119
0.464913329348476
0.066228332337119
0.236700537955768
0.14596533173939
0.488284518828452
0.690376569037657
0.0579796772265391
0.275194261805141
0.0304841601912732
0.385176329946204
0.165212193664077
0.0332337118947998
0.121219366407651
0.0882247459653317
0.00848774656306037
0.0277346084877466
0.767364016736402
0.0414823670053796
0.242199641362821
0.0497310221159594
0.118469814704124
0.183084279737
0.115720263000598
0.0579796772265391
0.335684399282726
0.0579796772265391
0.233950986252241
0.316437537358039
0.275194261805141
0.0799760908547519
0.228451882845188
0.225702331141662
0.159713090257023
0.0497310221159594
0.189958158995816
0.717872086072923
0.038732815301853
0.151464435146444
0.0744769874476987
0.123968918111178
0.0909742976688583
0.143215780035864
0.0277346084877466
0.657381948595337
0.02498505678422
0.206455469216976
0.233950986252241
0.481410639569635
0.203705917513449
0.038732815301853
0.137716676628811
0.0304841601912732
0.0992229527794381
0.14596533173939
0.192707710699342
0.129468021518231
0.0854751942618051
0.0799760908547519
0.280693365212194
0.16246264196055
0.126718469814704
0.0222355050806934
0.000239091452480579
0.0277346084877466
0.000239091452480579
0.0909742976688584
0.0497310221159594
0.195457262402869
0.148714883442917
0.211954572624029
0.15421398684997
0.126718469814704
0.0414823670053796
0.110221159593545
0.198206814106396
0.011237298266587
0.129468021518231
0.286192468619247
0.121219366407651
0.220203227734608
0.0882247459653317
0.154901374775852
1.52349073520622
0.118469814704124
0.0304841601912732
0.140466228332337
0.0167364016736402
0.307501494321578
0.187208607292289
0.286192468619247
0.0277346084877466
0.0909742976688584
0.137716676628811
0.126718469814704
0.110221159593545
0.225702331141662
0.0442319187089062
0.187208607292289
0.198206814106396
0.434668260609683
0.286192468619247
0.346682606096832
0.176210400478183
0.0277346084877466
0.129468021518231
0.195457262402869
0.0579796772265391
0.0827256425582785
0.332934847579199
0.0964734010759115
0.0359832635983264
0.0909742976688584
0.02498505678422
0.0277346084877466
0.118469814704124
0.616138673042439
0.132217573221757
0.140466228332337
0.118469814704124
0.225702331141662
0.214704124327555
0.143215780035864
0.121219366407651
0.137716676628811
0.239450089659295
0.0854751942618051
0.0607292289300657
0.247698744769874
0.121219366407651
0.0799760908547519
0.0139868499701136
0.181709503885236
0.0194859533771668
0.310938433950986
0.258696951583981
0.000239091452480579
0.198206814106396
0.286192468619247
1.09456066945607
0.156963538553497
0.217453676031082
0.540526001195457
0.0964734010759115
0.159713090257023
0.15421398684997
0.151464435146444
0.341183502689779
0.294441123729827
0.038732815301853
0.211954572624029
0.112970711297071
0.211954572624029
1.14680215182307
0.42092050209205
0.0882247459653317
0.038732815301853
0.338433950986252
0.0222355050806934
0.186521219366408
0.250448296473401
0.148714883442917
0.258696951583981
0.198206814106396
0.0579796772265391
0.203705917513449
0.68762701733413
0.247698744769874
0.167961745367603
0.00573819485953378
0.159713090257023
0.112970711297071
0.0277346084877466
0.17071129707113
0.121219366407651
0.715122534369396
0.0937238493723849
0.0442319187089062
0.242199641362821
0.804482964734013
0.00573819485953378
0.187208607292289
0.176210400478183
0.151464435146443
0.0194859533771668
0.115720263000598
0.00848774656306037
0.280693365212194
0.14596533173939
0.140466228332337
0.805857740585776
0.0882247459653317
0.115720263000598
0.264196054991034
0.0579796772265391
0.151464435146444
1.53448894202032
0.0442319187089062
0.198206814106396
0.16246264196055
0.218828451882845
0.203705917513449
0.187208607292289
0.121219366407651
0.462163777644949
0.02498505678422
0.132217573221757
0.156963538553497
0.286192468619247
0.14596533173939
0.126718469814704
0.255947399880455
0.0332337118947998
0.000239091452480579
0.0964734010759115
0.181709503885236
0.0799760908547519
0.0909742976688584
0.15421398684997
0.00298864315600717
0.0277346084877466
0.110221159593545
3.82211595935445
0.192707710699342
0.0689778840406455
0.272444710101614
0.165212193664077
1.35026897788404
0.15421398684997
0.0621040047818291
0.115720263000598
0.354931261207412
0.282068141063957
0.101972504482965
0.038732815301853
0.148714883442917
0.261446503287507
0.244949193066348
0.258696951583981
0.382426778242678
0.0634787806335923
0.110221159593545
0.0414823670053796
0.261446503287507
1.80394500896593
0.000239091452480579
0.669067543335325
0.195457262402869
0.222952779438135
0.106096832038255
0.112970711297071
0.143215780035864
0.255947399880454
0.0882247459653317
0.594142259414226
0.134967124925284
0.156963538553497
0.286192468619247
0.00573819485953378
0.175523012552301
1.06981470412433
0.250448296473401
0.066228332337119
0.257322175732217
0.123968918111178
0.0153616258218769
0.365929468021518
0.134967124925284
0.0497310221159594
0.0304841601912732
0.376927674835625
0.123968918111178
0.360430364614465
0.112970711297071
0.0799760908547519
0.192707710699342
0.393424985056784
0.110221159593545
0.00298864315600717
0.0827256425582785
0.0139868499701136
0.107471607890018
0.0277346084877466
0.0744769874476987
0.161087866108787
0.217453676031082
0.17071129707113
0.132217573221757
0.0992229527794381
0.9584578601315
0.244949193066348
0.29994022713688
0.0799760908547519
1.03407053197848
0.112970711297071
0.0799760908547519
0.140466228332337
0.0167364016736402
0.577644949193066
0.253197848176928
0.0634787806335923
3.36019127316198
0.255947399880454
0.0717274357441721
0.0277346084877466
0.228451882845188
0.174835624626419
0.052480573819486
0.038732815301853
0.187208607292289
0.140466228332337
0.0497310221159594
0.0964734010759115
0.181709503885236
0.000239091452480579
0.185833831440526
0.247698744769874
0.14596533173939
0.0634787806335923
1.56198445905559
0.242199641362821
0.315062761506276
0.0937238493723849
0.210579796772266
0.0497310221159594
0.217453676031082
0.195457262402869
0.0803197848176929
0.129468021518231
0.28344291691572
0.16246264196055
0.0964734010759115
0.173460848774656
0.118469814704124
0.156963538553496
0.0277346084877466
0.0579796772265391
0.066228332337119
0.0717274357441721
0.143215780035864
0.00848774656306037
0.0827256425582785
0.119844590555888
0.0442319187089062
0.266945606694561
0.052480573819486
0.225702331141662
0.151464435146444
0.135310818888225
0.16246264196055
0.310938433950986
0.255947399880454
0.14596533173939
0.511655708308428
0.294441123729827
0.00848774656306037
0.0634787806335923
0.396174536760311
0.0469814704124328
0.0359832635983264
0.155588762701733
0.2916915720263
0.0579796772265391
0.184459055588763
0.225702331141662
0.0717274357441721
0.0442319187089062
0.313687985654513
0.332934847579199
0.134967124925284
0.244949193066348
0.0607292289300659
0.115720263000598
0.269695158398087
0.167961745367603
0.0552301255230126
0.184459055588763
0.359742976688583
0.0799760908547518
0.0854751942618051
0.110221159593545
0.0593544530783023
0.327435744172146
0.141841004184101
0.0497310221159594
0.200956365809922
0.203705917513449
0.0167364016736402
0.247698744769874
0.236700537955768
0.178959952181709
0.269695158398087
0.28344291691572
0.0277346084877466
0.363179916317992
0.277943813508667
0.222952779438135
0.052480573819486
0.239450089659295
0.111595935445308
0.167961745367603
0.104722056186491
0.264196054991034
0.104722056186491
0.192707710699342
0.151464435146444
0.195457262402869
0.143215780035864
0.181709503885236
0.181709503885236
0.126718469814704
0.104722056186491
0.112970711297071
0.104722056186491
0.0469814704124328
0.5501494321578
0.15008965929468
0.0304841601912732
0.0772265391512253
0.156963538553497
0.038732815301853
0.143215780035864
0.310938433950986
0.176210400478183
0.165212193664077
0.0552301255230126
0.261446503287507
0.0799760908547519
0.140466228332337
0.151464435146444
0.184459055588763
0.305439330543933
1.35851763299462
0.126718469814704
0.101972504482965
0.121219366407651
0.195457262402869
0.0552301255230126
0.115720263000598
0.15421398684997
0.134967124925284
0.02498505678422
0.148714883442917
0.173460848774656
0.100597728631201
0.132217573221757
0.129468021518231
0.335684399282726
0.374178123132098
0.130155409444112
0.822355050806934
0.0414823670053796
0.132217573221757
0.200956365809922
0.225702331141662
0.238075313807531
0.280693365212194
0.101972504482965
0.217453676031082
0.0717274357441721
0.280693365212194
0.110221159593545
0.0799760908547519
0.297190675433353
0.294441123729827
0.307501494321578
0.0909742976688584
0.115720263000598
0.129468021518231
0.184459055588763
0.261446503287507
0.17071129707113
0.165212193664077
0.352181709503885
0.178959952181709
1.47812313209803
1.55098625224148
0.0909742976688584
0.165212193664077
0.0634787806335923
0.148027495517036
0.277943813508667
0.107471607890018
0.15421398684997
0.194082486551106
0.15833831440526
0.104722056186491
0.199581589958159
0.0497310221159594
0.250448296473401
0.0359832635983264
0.0414823670053796
0.165212193664077
0.0332337118947998
0.118469814704124
0.0827256425582785
0.470412432755529
0.288942020322773
0.255947399880454
0.038732815301853
0.0882247459653317
0.038732815301853
0.0909742976688584
0.0469814704124328
0.15421398684997
0.066228332337119
0.0359832635983264
0.242199641362821
0.0222355050806934
0.140466228332337
0.225702331141662
0.0414823670053796
0.17483562462642
0.0827256425582785
0.0332337118947998
0.052480573819486
0.111595935445308
0.706873879258818
0.214704124327555
0.148714883442917
0.15421398684997
0.187208607292289
0.0167364016736402
0.110221159593545
0.107471607890018
0.0414823670053796
0.778362223550508
0.0964734010759115
0.148714883442917
0.206455469216976
0.15421398684997
0.253197848176928
0.0579796772265391
0.288942020322773
0.0964734010759115
0.101972504482965
0.143215780035864
0.242199641362821
0.101972504482965
0.5501494321578
0.0414823670053796
0.0607292289300657
0.0950986252241483
0.0827256425582785
0.321936640765093
0.0717274357441721
0.0772265391512253
0.118469814704124
0.176210400478183
0.272444710101614
0.0552301255230126
0.151464435146444
0.112970711297071
0.0827256425582785
0.14596533173939
0.184459055588763
0.0579796772265391
0.140466228332337
0.0222355050806934
0.110221159593545
0.0882247459653318
0.0607292289300657
0.0992229527794381
0.052480573819486
0.101972504482965
0.189958158995816
0.233950986252241
0.173460848774656
0.202331141661685
0.14596533173939
0.0634787806335923
0.0799760908547519
0.0139868499701136
0.0909742976688584
0.0332337118947998
0.181709503885236
0.0552301255230126
0.396174536760311
0.066228332337119
1.48224745965332
0.15421398684997
0.0882247459653317
0.136341900777047
0.00573819485953378
0.132217573221757
0.0167364016736402
0.247698744769874
0.167961745367603
0.110221159593545
0.02498505678422
0.165212193664077
0.0689778840406455
0.132217573221757
0.185490137477585
0.409922295277944
0.16246264196055
0.192707710699342
0.0689778840406455
0.225702331141662
0.0497310221159594
0.0497310221159594
0.0277346084877466
0.115720263000598
0.14596533173939
0.00573819485953378
0.00848774656306037
0.066228332337119
0.0772265391512253
0.0497310221159594
0.0304841601912732
0.14596533173939
0.126718469814704
0.0854751942618051
0.0827256425582785
0.0882247459653317
0.00298864315600717
0.192707710699342
0.181709503885236
0.144590555887627
0.214016736401674
11.3971309025702
0.899342498505678
0.189958158995816
0.148714883442917
0.02498505678422
0.173460848774656
0.0964734010759115
0.115720263000598
0.415421398684997
0.0689778840406455
0.148714883442917
0.101972504482965
0.137716676628811
0.181709503885236
0.376927674835625
0.30818888224746
0.217453676031082
0.104722056186491
0.139091452480574
0.530902570233114
0.0277346084877466
0.30818888224746
0.125343693962941
0.189958158995816
0.112970711297071
0.0799760908547519
0.192707710699342
0.209205020920502
0.0607292289300657
0.15008965929468
0.0992229527794381
0.192707710699342
0.173460848774656
0.189958158995816
0.371428571428571
0.126718469814704
0.805857740585774
0.0854751942618051
0.0772265391512253
0.236700537955768
0.129468021518231
0.220203227734608
0.723371189479976
0.243574417214585
0.16246264196055
0.0882247459653317
0.371428571428571
0.0222355050806934
0.202331141661685
0.225702331141662
0.0552301255230126
0.0827256425582785
0.222952779438135
1.01757322175732
0.143215780035864
0.0786013150029888
0.220203227734608
0.253197848176928
0.0882247459653317
0.000239091452480579
0.0552301255230126
0.112970711297071
0.0854751942618051
0.319187089061566
0.112970711297071
0.0827256425582785
0.173460848774656
0.02498505678422
0.00848774656306037
0.148714883442917
0.0703526598924089
0.0772265391512253
0.121219366407651
0.011237298266587
0.0992229527794381
0.17895995218171
0.0634787806335923
0.222952779438135
0.266945606694561
0.187208607292289
0.480035863717872
0.0538553496712492
0.140466228332337
0.310938433950986
0.365929468021518
0.14596533173939
0.0882247459653317
0.305439330543933
0.121219366407651
0.118469814704124
0.178959952181709
0.0511057979677227
2.43359234907352
0.0167364016736402
0.286192468619247
0.255947399880454
0.0854751942618051
0.0744769874476987
0.211954572624029
0.0222355050806934
0.217453676031082
0.0497310221159594
0.0497310221159594
0.0992229527794381
0.0689778840406454
0.00298864315600717
0.0497310221159594
0.464913329348476
0.167961745367603
0.17071129707113
0.0909742976688584
0.30818888224746
0.253197848176928
0.0469814704124328
0.178959952181709
0.335684399282726
0.155588762701733
0.038732815301853
0.280693365212194
0.0909742976688584
0.118469814704124
0.16246264196055
0.115720263000598
0.038732815301853
0.15421398684997
0.297190675433353
0.232576210400478
0.000239091452480579
0.140466228332337
0.217453676031082
0.0992229527794381
0.118469814704124
0.187208607292289
0.409922295277944
0.192707710699342
0.118469814704124
0.0717274357441721
0.143215780035864
0.0882247459653317
0.121219366407651
0.277943813508667
2.18888224745965
0.349432157800359
0.0552301255230126
0.140466228332337
0.228451882845188
0.17071129707113
0.00573819485953378
0.0937238493723849
0.261446503287507
0.038732815301853
0.517154811715481
0.156963538553497
0.194769874476988
0.143215780035864
0.181709503885236
0.401673640167364
0.132217573221757
0.000239091452480579
0.0222355050806934
0.0607292289300657
0.67937836222355
0.14596533173939
0.110221159593545
0.143215780035864
0.14596533173939
0.750866706515242
0.136341900777047
0.16246264196055
0.0607292289300657
0.176210400478183
0.352181709503885
0.275194261805141
0.134967124925284
0.011237298266587
0.0469814704124328
0.0964734010759116
0.0717274357441721
0.129468021518231
0.0799760908547519
0.0634787806335923
0.222952779438135
0.0222355050806934
0.0937238493723849
0.0937238493723849
0.196144650328751
0.172773460848774
0.17071129707113
0.0607292289300657
0.228451882845188
0.0827256425582785
0.137716676628811
0.836102809324567
0.0964734010759115
0.203705917513449
0.147683801554094
0.0923490735206216
0.211954572624029
0.178959952181709
0.011237298266587
0.140466228332337
0.107471607890018
0.137716676628811
0.0799760908547519
0.14596533173939
0.00573819485953378
0.159713090257023
0.272444710101614
0.134967124925284
0.239450089659295
0.0552301255230126
0.02498505678422
0.0222355050806934
0.0607292289300657
0.0277346084877466
0.0744769874476987
0.183084279736999
0.075851763299462
0.0277346084877466
0.143215780035864
0.203705917513449
0.0689778840406455
0.123968918111178
0.134967124925284
0.228451882845188
0.207830245068739
0.0222355050806934
0.217453676031082
0.129468021518231
0.233950986252241
0.132217573221757
0.159713090257023
0.02498505678422
0.319187089061566
0.141841004184101
0.121219366407651
0.132217573221757
0.126718469814704
0.363179916317992
2.49133293484758
0.110221159593545
0.198206814106396
0.0717274357441721
0.011237298266587
0.244949193066348
0.442916915720263
0.052480573819486
0.176210400478183
0.28344291691572
0.178959952181709
0.16246264196055
0.239450089659295
0.269695158398087
0.0992229527794381
0.0359832635983264
0.0566049013747758
12.1395098625224
0.16246264196055
0.0799760908547519
0.156963538553497
0.00573819485953378
0.29994022713688
0.0717274357441721
0.811356843992827
0.0717274357441721
0.00573819485953378
0.940585774058577
0.143215780035863
0.0167364016736402
0.616138673042439
0.126718469814704
0.286192468619247
0.066228332337119
0.143215780035864
0.0937238493723849
0.181709503885236
0.14596533173939
0.0882247459653317
0.0799760908547519
0.101972504482965
0.0442319187089062
0.110221159593545
0.16658696951584
0.115720263000598
0.239450089659295
0.403048416019127
0.052480573819486
0.332934847579199
0.178959952181709
0.0607292289300657
0.126718469814704
0.382426778242678
0.222952779438135
0.357680812910938
0.211954572624029
0.255947399880454
0.228451882845188
0.0607292289300657
0.0689778840406455
0.481410639569635
0.228451882845188
0.0634787806335923
0.195457262402869
0.0222355050806934
0.0634787806335923
0.132217573221757
0.286192468619247
0.118469814704124
0.2916915720263
0.16246264196055
0.111595935445308
0.0964734010759115
0.239450089659295
0.242199641362821
0.0442319187089062
0.390675433353258
0.167961745367603
0.228451882845188
0.398924088463837
0.00848774656306037
0.100597728631201
4.67172743574417
0.0442319187089062
0.151464435146444
0.0332337118947998
0.0359832635983264
0.264196054991034
0.159713090257023
0.148714883442917
0.159713090257023
0.123968918111178
0.255947399880454
0.104722056186491
0.0717274357441721
0.253197848176928
0.137716676628811
0.066228332337119
0.00573819485953378
0.134967124925284
0.17071129707113
0.151464435146444
0.107471607890018
0.189958158995816
0.233950986252241
0.0607292289300657
0.222952779438135
0.0469814704124328
0.0964734010759115
0.038732815301853
0.243574417214585
0.0992229527794381
0.137716676628811
0.17071129707113
0.0194859533771668
0.137716676628811
0.119844590555888
0.110221159593545
0.192707710699342
5.83753735803943
0.14596533173939
0.104722056186491
0.0717274357441721
0.192707710699342
0.0827256425582785
0.0964734010759115
0.0414823670053796
0.143215780035864
0.121219366407651
0.0167364016736402
0.198206814106396
0.0744769874476987
0.513717872086073
0.0579796772265391
0.0469814704124328
0.1418410041841
0.192707710699342
0.0304841601912732
0.269695158398087
0.123968918111178
0.176210400478183
0.16658696951584
0.28344291691572
0.0552301255230126
0.288942020322773
0.129468021518231
0.484160191273162
0.0937238493723849
0.159713090257023
0.451165570830843
0.0579796772265391
0.233950986252241
0.0992229527794381
0.0291093843395099
0.15421398684997
0.0717274357441721
0.203705917513449
0.0909742976688584
0.599641362821279
0.225702331141661
0.181709503885236
0.29994022713688
0.129468021518231
0.184459055588763
0.0799760908547519
0.0841004184100417
0.107471607890018
0.0607292289300657
0.319187089061566
0.0579796772265391
0.118469814704124
0.0717274357441721
0.189958158995816
0.167961745367603
0.0827256425582785
0.0909742976688584
0.0717274357441721
0.02498505678422
0.222952779438135
0.167961745367603
0.137716676628811
0.115720263000598
4.57824267782427
0.0827256425582785
0.09578601315003
0.132217573221757
0.123968918111178
0.753616258218769
0.382426778242678
0.132217573221757
0.153870292887029
0.0359832635983264
0.71237298266587
1.5317393903168
0.0414823670053796
0.052480573819486
0.0194859533771668
0.0717274357441721
0.0744769874476987
0.00298864315600717
0.371428571428571
0.107471607890018
0.115720263000598
0.0442319187089062
0.0469814704124328
0.173460848774656
0.115720263000598
0.159713090257023
0.220203227734608
0.206455469216976
0.264196054991034
0.187208607292289
0.103347280334728
0.118469814704124
0.14596533173939
0.0332337118947998
0.172086072922893
17.8558278541542
0.264196054991034
0.156963538553497
0.0772265391512253
0.176210400478183
0.176210400478183
0.126718469814704
0.15008965929468
0.233950986252241
0.126718469814704
0.0332337118947998
0.110221159593545
0.269695158398087
0.14596533173939
0.137716676628811
0.921338912133891
0.123968918111178
0.517154811715481
0.118469814704124
0.304064554692169
0.0442319187089062
0.0552301255230126
0.118469814704124
0.0579796772265391
0.151464435146444
0.361117752540347
0.0139868499701136
0.473161984459056
0.218828451882845
0.184459055588763
0.143215780035864
0.0909742976688584
0.121219366407651
0.200956365809922
0.115720263000598
0.368679019725045
0.0194859533771668
0.0937238493723849
0.211954572624029
0.155588762701733
0.0139868499701136
0.354931261207412
0.418170950388524
0.16246264196055
0.440167364016736
0.264196054991034
0.0909742976688584
0.211954572624029
0.200956365809922
0.184459055588763
0.0277346084877466
0.123968918111178
0.209205020920502
0.13771667662881
0.349432157800359
0.184459055588762
0.104722056186491
0.110221159593545
0.294441123729827
0.118469814704125
0.173460848774657
0.0744769874476987
0.112970711297071
0.0538553496712492
0.759115361625822
0.305439330543933
0.0469814704124328
0.02498505678422
0.0497310221159594
0.0359832635983264
0.324686192468619
0.165212193664077
0.280693365212194
0.115720263000598
0.134967124925284
0.64500896592947
0.02498505678422
0.211954572624029
0.871846981470413
0.123968918111178
0.244949193066348
0.15421398684997
0.16658696951584
0.253197848176927
3.33063359234907
0.066228332337119
0.0964734010759115
0.0882247459653317
0.066228332337119
0.156963538553497
0.352181709503885
0.233950986252241
0.189958158995816
0.110221159593545
0.0469814704124328
0.236700537955768
0.228451882845188
0.000239091452480579
0.0442319187089062
0.0717274357441721
3.96234309623431
0.324686192468619
0.192707710699342
0.115720263000598
0.134967124925284
0.0442319187089062
0.103347280334728
0.119844590555888
0.140466228332337
0.0882247459653317
0.203705917513449
0.14596533173939
0.0827256425582785
0.0992229527794381
0.376927674835625
0.0909742976688584
0.277943813508667
0.151464435146444
0.0497310221159594
0.176210400478183
0.464913329348476
0.101972504482965
0.0689778840406455
0.385176329946204
0.0442319187089062
1.63897190675433
0.0689778840406455
0.038732815301853
0.231201434548715
0.26694560669456
0.272444710101614
0.0868499701135686
0.184459055588763
0.0607292289300657
0.379677226539151
0.379677226539151
0.148714883442917
0.229826658696951
0.242543335325762
0.209205020920502
0.244949193066348
0.052480573819486
0.275194261805141
0.104722056186491
0.244949193066348
0.00298864315600717
0.198206814106396
0.415421398684997
0.00298864315600717
0.261446503287507
0.112970711297071
0.00573819485953378
0.0744769874476987
0.140466228332337
0.0497310221159594
0.0717274357441721
0.0373580394500897
0.107471607890018
0.000239091452480579
0.247698744769874
0.0827256425582788
0.0772265391512253
0.261446503287507
0.165212193664077
0.352181709503885
0.140466228332337
0.286192468619247
0.17071129707113
0.228451882845188
0.0882247459653317
0.0304841601912732
0.137716676628811
0.0676031081888822
0.101972504482965
0.277943813508667
0.15421398684997
0.332934847579199
0.198206814106396
0.189958158995816
0.200956365809922
0.28344291691572
0.198206814106396
0.335684399282726
0.0827256425582785
0.0937238493723849
0.0744769874476987
0.143215780035864
0.140466228332337
0.297190675433353
0.0937238493723849
0.30818888224746
0.184459055588763
0.178959952181709
0.0634787806335922
0.275194261805141
0.0799760908547519
0.0607292289300657
0.107471607890018
0.0442319187089062
0.0786013150029888
0.038732815301853
0.115720263000598
0.528153018529588
0.0607292289300657
0.101972504482965
0.266945606694561
0.0964734010759115
0.346682606096832
0.44566646742379
0.426419605499103
0.038732815301853
0.189958158995816
0.0139868499701136
0.16246264196055
0.596891811117752
0.167961745367603
0.266945606694561
0.0662283323371189
0.15421398684997
0.140466228332337
0.066228332337119
0.244949193066348
0.187208607292289
0.192707710699342
0.217453676031082
0.242199641362821
0.286192468619247
0.118469814704124
0.178959952181709
0.0497310221159594
0.187208607292289
0.17071129707113
0.0497310221159594
0.0772265391512253
0.14596533173939
0.275194261805141
11.2843992827256
0.101972504482965
0.0882247459653317
0.184459055588763
0.052480573819486
0.305439330543933
0.253197848176928
0.327435744172146
0.0854751942618051
0.192707710699342
0.011237298266587
0.55839808726838
0.231201434548715
0.14596533173939
1.48774656306037
0.101972504482965
0.0497310221159594
0.236700537955768
0.02498505678422
0.0772265391512253
0.066228332337119
0.231201434548715
0.165212193664077
0.22501494321578
0.151464435146444
0.288942020322773
0.220203227734608
0.115720263000598
0.0414823670053796
0.000239091452480579
0.225702331141661
0.0627913927077105
0.231201434548715
0.269695158398087
0.0772265391512253
0.198206814106396
0.112970711297071
0.123968918111178
0.00298864315600717
0.167961745367603
0.0923490735206215
0.066228332337119
0.123968918111178
0.129468021518231
0.0497310221159594
0.305439330543933
0.126718469814704
0.0607292289300657
0.526778242677824
0.0304841601912732
0.236700537955768
0.0909742976688584
0.217453676031082
0.156963538553497
0.137716676628811
0.0717274357441721
0.0937238493723849
0.0964734010759115
0.0744769874476989
0.649133293484758
0.0799760908547519
0.272444710101614
0.00848774656306037
0.147340107591154
0.104722056186491
0.68762701733413
0.104722056186491
0.08753735803945
0.269695158398087
0.144590555887627
0.220203227734608
0.056604901374776
0.066228332337119
0.233950986252241
0.0689778840406455
0.0167364016736402
0.0717274357441721
0.14596533173939
0.181709503885236
0.14596533173939
0.156963538553497
0.255947399880454
0.0634787806335923
0.184459055588763
0.203705917513449
0.0552301255230126
0.203705917513449
0.0992229527794381
0.30818888224746
0.140466228332337
0.137716676628811
0.192707710699342
0.0414823670053796
0.066228332337119
0.888344291691572
0.500657501494322
0.305439330543933
0.0497310221159594
0.324686192468619
0.00573819485953378
0.00848774656306037
0.266945606694561
0.220203227734608
0.0277346084877466
0.0332337118947998
0.206455469216976
0.118469814704124
0.0799760908547519
0.330185295875672
0.0277346084877466
0.635385534967125
0.118469814704124
0.261446503287507
0.434668260609683
0.0497310221159594
0.0579796772265391
0.407172743574417
0.209205020920502
0.0552301255230126
0.250448296473401
0.324686192468619
0.206455469216976
0.0689778840406455
0.0566049013747761
0.0964734010759114
0.14596533173939
0.220203227734608
0.258696951583981
0.011237298266587
0.915839808726838
2.99175134488942
0.0744769874476987
0.225702331141662
0.143215780035864
0.0882247459653317
0.17071129707113
0.0648535564853555
0.118469814704124
0.0882247459653317
0.121219366407651
0.0194859533771668
0.00848774656306037
0.181709503885236
0.118469814704124
0.132217573221757
0.17071129707113
0.288942020322773
0.0607292289300657
0.112970711297071
0.137716676628811
0.221578003586372
0.011237298266587
0.137716676628811
0.0772265391512253
0.101972504482965
0.107471607890018
0.112970711297071
0.137716676628811
0.0827256425582785
0.250448296473401
0.118469814704124
0.528153018529588
0.645008965929466
0.335684399282726
0.15455768081291
0.233950986252241
0.932337118947998
0.189958158995816
0.222952779438135
0.319187089061566
0.456664674237896
0.243574417214585
0.0937238493723849
0.0194859533771668
0.0937238493723849
0.112970711297071
0.305439330543933
0.178959952181709
0.15421398684997
0.052480573819486
0.161087866108787
0.0937238493723849
0.203705917513449
0.0139868499701136
0.194082486551106
0.0772265391512253
0.15421398684997
0.189958158995816
0.198206814106396
0.0359832635983264
0.0442319187089062
0.123968918111178
0.211954572624029
0.119844590555888
0.0222355050806934
0.0607292289300657
0.0222355050806934
0.0827256425582785
0.0469814704124328
0.12534369396294
0.0497310221159594
0.181709503885236
0.126718469814704
0.451165570830843
0.0799760908547519
0.000239091452480579
0.0909742976688584
0.167961745367603
0.0167364016736402
0.107471607890018
0.167961745367603
0.0277346084877466
0.123968918111178
0.000239091452480579
0.0827256425582785
0.0359832635983264
0.244261805140466
0.136341900777047
0.112970711297071
0.198206814106396
0.129468021518231
0.0992229527794381
0.0964734010759115
0.000239091452480579
0.225702331141662
0.187208607292289
0.0332337118947998
0.00573819485953378
0.693126120741183
0.185833831440526
0.0167364016736402
0.426419605499103
0.189958158995816
0.189958158995816
0.196832038254632
0.0744769874476987
0.489659294680215
0.236700537955768
0.290316796174537
0.16246264196055
0.0827256425582785
0.104722056186491
0.349432157800359
0.800358637178721
0.0304841601912732
0.431918708906157
0.127405857740586
0.357680812910938
0.117095038852361
0.110221159593545
0.134967124925284
0.137716676628811
0.0882247459653317
0.106096832038255
0.178959952181709
0.16246264196055
0.134967124925284
0.17071129707113
0.244949193066348
3.00824865511058
0.0964734010759113
0.354931261207412
0.0552301255230126
2.3593544530783
0.173460848774656
0.0277346084877466
0.0139868499701136
0.143215780035864
0.123968918111178
0.220203227734608
0.188583383144053
0.0744769874476987
0.15421398684997
0.0744769874476987
0.176210400478183
0.0882247459653317
0.196832038254632
0.0937238493723851
0.0827256425582785
0.0359832635983264
0.210579796772266
0.0607292289300657
0.396174536760311
0.052480573819486
0.115720263000598
0.0607292289300657
0.0799760908547519
0.30818888224746
0.280693365212194
0.198206814106396
0.101972504482965
0.038732815301853
0.00848774656306037
0.173460848774656
0.122594142259414
0.226733413030484
0.0442319187089062
0.425044829647341
0.228451882845188
0.0717274357441721
0.0978481769276747
0.184459055588763
0.189958158995816
1.29802749551704
0.165212193664077
0.247698744769874
0.0854751942618051
0.266945606694561
0.126718469814704
0.297190675433353
0.238075313807531
0.0442319187089062
0.0717274357441721
0.118469814704124
0.038732815301853
0.525747160789002
0.102659892408846
0.107471607890018
0.16246264196055
0.0717274357441721
0.052480573819486
0.159713090257023
0.110221159593545
0.107471607890018
0.173460848774656
0.118469814704124
0.161087866108787
0.16246264196055
0.0992229527794379
0.140466228332337
1.26228332337119
0.250448296473401
0.247698744769874
0.0827256425582785
0.123968918111178
0.132217573221757
0.0222355050806934
0.159713090257023
0.390675433353258
0.418170950388524
0.233950986252241
0.261446503287507
0.148714883442917
0.178959952181709
0.117095038852361
0.253197848176928
0.0882247459653317
0.0868499701135684
0.0414823670053796
0.129468021518231
0.244949193066348
0.269695158398087
0.363179916317992
0.110221159593545
0.130842797369994
0.187208607292289
0.577644949193066
0.184459055588763
0.126718469814704
0.167961745367603
0.0854751942618051
0.134967124925284
0.132217573221757
0.684877465630604
0.492408846383742
0.206455469216976
0.011237298266587
0.189958158995816
0.192707710699342
0.0332337118947998
0.038732815301853
0.0469814704124328
0.16246264196055
0.363179916317992
0.126718469814704
0.211954572624029
2.79378362223551
0.302689778840406
0.0744769874476987
0.0442319187089062
0.0799760908547519
0.0634787806335923
0.151464435146444
0.0579796772265391
0.011237298266587
0.288942020322773
0.066228332337119
0.129468021518231
0.0689778840406455
0.121219366407651
0.156963538553497
0.0799760908547519
0.192707710699342
0.288942020322773
0.0909742976688584
0.0744769874476987
0.203705917513449
0.143215780035864
0.473161984459056
0.228451882845188
0.0854751942618051
0.129468021518231
0.29994022713688
0.187208607292289
0.14596533173939
0.198206814106396
0.178959952181709
0.0799760908547519
0.827854154213987
0.038732815301853
0.649133293484758
0.266945606694561
0.129468021518231
0.038732815301853
0.206455469216976
0.118469814704124
0.0744769874476987
0.148714883442917
0.0552301255230126
0.407172743574417
0.0414823670053796
0.379677226539151
0.247698744769874
0.0827256425582785
0.266945606694561
0.123968918111178
0.15421398684997
0.15421398684997
0.143215780035864
0.288942020322773
0.0401075911536162
0.011237298266587
0.220203227734608
0.128093245666468
0.140466228332337
0.239450089659295
0.209205020920502
0.167961745367603
0.459414225941423
0.188583383144052
0.066228332337119
0.195457262402869
0.871846981470413
0.187208607292289
0.0992229527794381
0.0827256425582785
0.0827256425582785
0.0222355050806934
0.198206814106396
0.126718469814704
0.000239091452480579
0.585893604303646
0.272444710101614
0.011237298266587
0.0442319187089062
0.0277346084877466
0.173460848774656
0.148714883442917
0.17071129707113
0.0772265391512252
0.0414823670053796
0.0579796772265391
0.0964734010759115
0.126718469814704
0.00848774656306037
0.596891811117752
0.148714883442917
0.28344291691572
0.0937238493723851
0.0744769874476987
0.147340107591154
0.107471607890018
0.57489539748954
0.231201434548715
0.118469814704124
0.00298864315600717
0.148714883442917
0.302689778840406
0.251823072325164
0.02498505678422
0.0964734010759115
0.151464435146444
0.240824865511058
0.104722056186491
0.187208607292289
0.71237298266587
0.434668260609683
0.132217573221757
0.530902570233114
0.148714883442917
0.475911536162582
0.321936640765093
0.15421398684997
0.0854751942618051
0.475911536162582
0.181709503885236
0.181709503885236
0.363179916317992
0.244949193066348
0.148714883442917
0.104722056186491
0.200956365809922
0.159713090257023
0.0222355050806934
0.715122534369396
0.0854751942618051
0.228451882845188
0.181709503885236
0.176210400478183
0.0208607292289301
0.0964734010759115
0.572317692767484
0.121219366407651
0.0744769874476987
0.143215780035864
0.114345487148834
0.107471607890018
0.225702331141662
0.181709503885236
0.0854751942618051
0.404423191870891
0.0964734010759115
0.184459055588763
0.0882247459653317
0.385176329946204
0.359055588762701
0.0497310221159594
1.1495517035266
0.0772265391512253
0.189958158995816
0.0799760908547519
0.0717274357441721
0.0442319187089062
0.211954572624029
0.0882247459653317
0.0854751942618051
0.236700537955768
0.404423191870891
0.137716676628811
0.275194261805141
0.354931261207412
1.47674835624626
0.200956365809922
0.107471607890018
0.272444710101614
0.195457262402869
0.0139868499701136
0.0799760908547519
0.123968918111178
0.70412432755529
0.176210400478183
0.0373580394500896
0.305439330543933
0.236700537955768
0.106096832038255
0.181709503885236
0.000239091452480579
0.449790794979079
0.346682606096832
1.72970711297071
0.107471607890018
0.0552301255230126
0.221578003586372
0.225702331141662
0.225702331141662
0.0414823670053796
0.0689778840406455
0.206455469216976
0.0607292289300657
0.0332337118947998
0.382426778242678
0.228451882845188
0.220203227734608
0.00848774656306037
0.374178123132098
0.066228332337119
0.139091452480574
0.596891811117752
0.13737298266587
0.0442319187089062
0.00298864315600717
0.0552301255230126
0.792109982068141
0.203705917513449
0.15421398684997
0.495158398087268
0.0552301255230126
0.130842797369994
0.187208607292289
0.244949193066348
0.0882247459653317
0.297190675433353
0.255947399880454
0.195457262402869
0.265570830842797
0.14596533173939
0.343933054393305
0.368679019725045
0.02498505678422
0.177928870292887
0.192707710699342
0.0194859533771668
0.134967124925284
0.0469814704124328
0.0359832635983264
0.101972504482965
0.0277346084877466
0.15421398684997
0.123968918111178
0.151464435146444
0.0964734010759115
0.225702331141662
0.0882247459653317
0.115720263000598
0.17071129707113
0.0634787806335923
0.0882247459653317
0.0304841601912732
0.123968918111178
0.214704124327555
0.0854751942618051
0.189958158995816
0.0579796772265391
0.167961745367603
0.104722056186491
0.217453676031082
0.0827256425582785
0.0304841601912732
0.0689778840406455
0.156963538553497
0.126718469814704
0.0222355050806934
0.192707710699343
0.192707710699342
0.118469814704124
0.132217573221757
0.217453676031082
0.02498505678422
0.143215780035864
0.0579796772265391
0.206455469216976
0.0538553496712492
0.189958158995816
0.470412432755529
0.192707710699342
0.148714883442917
0.565271966527195
0.148714883442917
0.316437537358039
0.123968918111177
0.097848176927675
0.123968918111178
0.00848774656306037
0.17071129707113
0.0469814704124328
0.156963538553497
0.0772265391512253
0.0579796772265391
0.222952779438135
0.0483562462641961
0.101972504482965
0.275194261805141
0.192707710699342
0.261446503287507
0.0882247459653317
0.388613269575612
0.118469814704124
0.231201434548715
0.0167364016736402
0.200956365809922
0.101972504482965
0.228451882845188
0.0689778840406455
0.14596533173939
0.145277943813509
0.272444710101614
0.198206814106396
0.198206814106396
0.800358637178719
0.107471607890018
0.0827256425582785
0.110221159593545
0.269695158398087
0.0827256425582785
0.0194859533771668
0.225702331141662
0.110221159593545
0.0634787806335923
2.81303048416019
0.118469814704124
0.0744769874476987
0.192707710699342
4.01183502689779
0.038732815301853
0.0992229527794381
0.176210400478183
0.0937238493723849
0.0744769874476987
0.151464435146444
0.176210400478183
0.451165570830843
0.0442319187089062
0.137716676628811
0.572145845786013
0.233950986252241
0.187208607292289
0.148714883442917
0.0772265391512253
0.011237298266587
0.148714883442917
0.926838015540945
0.0552301255230126
0.222952779438135
0.0139868499701136
0.134967124925284
0.319187089061566
0.82510460251046
0.0992229527794381
0.434668260609683
0.0882247459653317
0.121219366407651
0.0744769874476987
0.0222355050806934
0.038732815301853
0.181709503885236
0.214704124327555
0.231201434548715
0.0167364016736402
0.192707710699342
0.358368200836821
0.354931261207412
0.0772265391512253
0.375552898983861
0.110221159593545
0.0827256425582785
0.244949193066348
0.231201434548715
0.288942020322773
0.0607292289300657
0.0579796772265391
0.0607292289300657
0.0304841601912732
0.17071129707113
0.341183502689779
0.02498505678422
0.0930364614465035
0.155588762701734
0.0497310221159594
0.115720263000598
0.306814106395696
0.118469814704124
0.192707710699342
0.242199641362821
0.0937238493723849
2.99450089659295
0.330185295875672
0.143215780035864
0.052480573819486
0.261446503287507
0.0497310221159594
0.324686192468619
0.15421398684997
0.189958158995816
0.0689778840406455
0.106096832038255
0.247698744769874
0.203705917513449
0.770113568439928
0.118469814704124
0.02498505678422
0.156963538553497
0.382426778242678
0.0689778840406455
0.110221159593545
0.0882247459653317
0.00573819485953378
0.156963538553497
0.217453676031082
0.0277346084877466
0.0277346084877466
0.0194859533771668
0.343933054393305
0.0442319187089062
0.134967124925284
0.0909742976688584
0.011237298266587
0.0772265391512253
0.134967124925284
0.0167364016736402
0.129468021518231
0.316437537358039
0.066228332337119
0.132217573221757
0.000239091452480579
0.115720263000598
1.74070531978482
0.214704124327555
0.000239091452480579
0.152839210998207
0.404423191870891
0.0277346084877466
0.0634787806335923
0.189958158995816
0.0964734010759115
0.0304841601912732
0.195457262402869
0.066228332337119
0.123968918111178
0.0332337118947998
0.163493723849372
0.286192468619247
0.0359832635983264
0.15421398684997
0.217453676031082
0.255947399880454
0.0332337118947998
0.188583383144053
0.0442319187089062
0.0827256425582785
0.217453676031082
0.17071129707113
0.253197848176928
0.0167364016736402
0.0167364016736402
0.151464435146444
0.148714883442917
0.0139868499701136
0.00573819485953378
0.134967124925284
0.331560071727436
0.115720263000598
0.133592349073521
0.0222355050806934
0.148027495517035
0.143215780035864
0.115720263000598
0.0689778840406455
0.0854751942618051
0.321936640765093
0.0689778840406455
0.0854751942618051
0.123968918111178
0.316437537358039
0.266945606694561
0.0827256425582785
0.0992229527794381
0.464913329348476
0.00573819485953378
0.195457262402869
0.356649731022116
0.15421398684997
0.0401075911536162
0.0442319187089062
0.151464435146444
0.517154811715481
0.222952779438135
0.195457262402869
0.341183502689779
0.173460848774656
0.211954572624029
0.0827256425582785
0.0332337118947998
0.0497310221159594
0.0827256425582785
0.117095038852361
0.266945606694561
0.00298864315600717
0.110221159593545
0.313687985654513
0.104722056186491
0.15421398684997
0.0799760908547519
0.0937238493723846
0.129468021518231
0.16246264196055
0.16246264196055
0.167961745367603
3.1347280334728
0.0579796772265391
0.0552301255230126
0.211954572624029
0.250448296473401
0.110221159593545
0.262821279139271
0.0744769874476987
0.220203227734608
0.184459055588763
0.0359832635983264
0.0332337118947998
0.129468021518231
0.152839210998207
0.132217573221757
0.134967124925284
0.459414225941423
0.0332337118947998
0.319187089061566
0.228451882845188
0.167961745367603
0.288942020322773
0.591392707710699
0.379677226539151
0.178959952181709
0.145277943813508
0.0332337118947998
0.121219366407651
0.0772265391512253
0.0469814704124328
0.101972504482965
0.134967124925284
0.185833831440526
0.16246264196055
0.151464435146444
0.0854751942618051
0.297190675433353
0.374178123132098
0.28344291691572
0.0744769874476987
0.137716676628811
0.0607292289300657
0.123968918111178
0.481410639569635
0.0992229527794381
0.132217573221757
0.15421398684997
0.42916915720263
0.280693365212194
0.0222355050806934
0.0304841601912732
0.167961745367603
0.126718469814704
0.318156007172744
0.0717274357441721
0.220203227734608
0.0854751942618051
0.106096832038254
0.137716676628811
0.118469814704124
0.0964734010759115
0.250448296473401
0.233950986252241
0.0167364016736402
0.0332337118947998
0.349432157800359
0.112970711297071
0.0937238493723849
0.17071129707113
0.0579796772265391
0.052480573819486
0.02498505678422
0.316437537358039
0.0442319187089062
0.17071129707113
0.0717274357441721
0.178959952181709
0.107471607890018
0.187208607292289
0.0421697549312613
0.107471607890018
0.0909742976688584
0.173460848774656
0.339121338912134
0.0277346084877466
0.231201434548715
0.133592349073521
0.198206814106396
0.275194261805141
0.0992229527794381
0.453915122534369
0.198206814106396
0.211954572624029
0.137716676628811
0.110221159593545
0.165212193664077
0.200956365809922
0.266945606694561
0.0854751942618051
0.214875971309025
0.0827256425582785
0.066228332337119
0.038732815301853
0.401673640167364
0.0607292289300657
0.066228332337119
0.178959952181709
0.415421398684997
0.181709503885236
0.621637776449492
0.038732815301853
0.319187089061566
0.00298864315600717
0.431918708906157
0.132217573221757
16.7615062761506
0.178959952181709
0.0552301255230126
0.107471607890018
0.174835624626419
0.112970711297071
0.0662283323371191
0.16263448894202
0.0772265391512253
0.0689778840406455
0.0607292289300657
0.393424985056784
0.115720263000598
0.239450089659295
0.0469814704124328
0.00573819485953378
0.385176329946204
0.143215780035864
0.038732815301853
0.0414823670053796
0.00573819485953378
0.052480573819486
0.327435744172146
0.0854751942618051
0.668380155409444
0.14596533173939
0.148714883442917
0.0854751942618051
0.29994022713688
0.00298864315600717
0.0772265391512253
0.354931261207412
0.0799760908547519
0.0744769874476987
0.365929468021518
0.0194859533771668
0.0359832635983264
0.143215780035864
0.789360430364613
0.0964734010759115
0.118469814704124
0.0332337118947998
0.610639569635385
0.220203227734608
0.0277346084877466
0.011237298266587
0.137716676628811
0.321936640765093
0.0744769874476987
0.0744769874476987
0.173460848774656
0.0469814704124328
0.261446503287507
0.165212193664077
0.0813508667065153
0.0579796772265391
0.0222355050806934
0.294441123729827
0.220203227734608
0.0689778840406455
0.222952779438135
0.198206814106396
0.16246264196055
0.151464435146444
0.816855947399881
0.140466228332337
0.0799760908547519
0.0799760908547519
0.156963538553497
0.00573819485953378
0.077913927077107
0.123968918111178
0.341183502689779
0.0277346084877466
0.242199641362821
0.882845188284519
0.15421398684997
0.14596533173939
0.0469814704124328
0.101972504482965
3.02199641362821
0.214704124327555
0.052480573819486
0.0772265391512253
0.337059175134489
0.200956365809922
0.122594142259414
0.253197848176928
0.052480573819486
0.673879258816497
0.172945307830245
0.404423191870891
0.107471607890018
0.30818888224746
0.629886431560072
0.107471607890018
0.0634787806335923
0.211954572624029
0.0332337118947998
0.0854751942618051
1.17704722056186
0.277943813508667
0.211954572624029
0.0469814704124328
0.198206814106396
0.30818888224746
0.140466228332337
0.0744769874476987
0.29994022713688
0.121219366407651
0.176210400478183
0.209205020920502
0.140466228332337
0.587268380155409
0.28344291691572
0.123968918111178
0.288942020322773
0.0744769874476987
0.132217573221757
1.91117752540347
0.206455469216976
0.151464435146444
0.294441123729827
0.143215780035864
0.387925881649731
0.115720263000598
0.17071129707113
0.2916915720263
0.0882247459653317
0.251823072325164
0.203705917513449
0.178959952181709
0.418170950388524
0.220203227734608
0.871846981470413
0.104722056186491
0.220203227734608
0.0607292289300657
0.0167364016736402
0.112970711297071
0.0634787806335923
1.84793783622236
0.112970711297071
0.0497310221159594
0.066228332337119
0.0799760908547519
0.189958158995816
0.140466228332337
0.330185295875672
0.275194261805141
0.0442319187089062
0.115720263000598
0.0332337118947998
0.244949193066348
0.110221159593545
0.198206814106396
0.118469814704124
0.0964734010759115
0.134967124925284
0.181709503885236
0.17071129707113
0.165212193664077
0.0909742976688584
1.49874476987448
0.123968918111177
0.156963538553497
0.0827256425582785
0.0854751942618051
0.165212193664077
0.17483562462642
0.052480573819486
0.8498505678422
0.00573819485953378
0.167961745367603
0.0964734010759115
0.0167364016736402
0.173460848774656
0.319187089061566
0.132217573221757
0.0277346084877466
0.0167364016736402
0.14596533173939
0.189958158995816
0.16246264196055
0.242199641362822
0.231201434548715
0.0497310221159594
0.30818888224746
0.489659294680215
0.0469814704124328
0.0868499701135685
0.277943813508667
0.052480573819486
0.280693365212194
0.17071129707113
0.0304841601912732
0.0964734010759115
0.134967124925284
0.0552301255230126
0.151464435146444
0.0442319187089062
0.346682606096832
0.0277346084877466
0.16246264196055
0.137029288702929
0.118469814704124
0.247698744769874
0.504781829049612
0.144590555887627
0.165212193664077
0.519904363419008
0.011237298266587
0.0964734010759117
0.264196054991034
0.184459055588763
0.250448296473401
0.28344291691572
0.0868499701135683
7.67698744769874
0.118469814704124
0.173460848774656
0.409922295277944
0.374178123132098
0.269695158398087
0.255947399880454
0.101972504482965
0.148714883442917
0.0579796772265391
0.151464435146443
0.123968918111178
0.198206814106396
0.363179916317992
0.305439330543933
0.126718469814704
0.0992229527794381
0.264196054991034
0.379677226539151
0.0882247459653318
0.236013150029886
0.14596533173939
0.107471607890018
0.0744769874476987
0.28344291691572
0.192020322773461
0.143215780035864
0.17071129707113
0.122594142259414
0.192707710699342
0.148714883442917
0.0841004184100419
0.225702331141662
0.0964734010759115
0.247698744769874
0.324686192468619
0.0442319187089062
0.052480573819486
0.0304841601912732
0.132217573221757
0.209205020920502
0.00298864315600717
0.0277346084877466
0.0332337118947998
0.00298864315600717
0.011237298266587
3.87710699342498
0.211954572624029
0.148714883442917
0.15421398684997
0.148714883442917
0.0167364016736402
0.0332337118947998
0.231201434548715
0.17071129707113
0.0304841601912732
0.410609683203825
0.156963538553497
0.0359832635983264
0.101972504482965
0.15008965929468
0.244949193066348
0.206455469216975
0.195457262402869
0.280693365212194
0.0277346084877466
0.319187089061566
0.066228332337119
0.112970711297071
0.110221159593545
0.0634787806335926
0.442916915720263
0.0139868499701136
0.038732815301853
0.107471607890018
0.192707710699342
0.239450089659295
0.011237298266587
0.217453676031082
0.00298864315600717
0.286192468619247
0.02498505678422
0.0414823670053796
0.126718469814704
0.14596533173939
0.140466228332337
0.0469814704124328
0.187208607292289
0.266945606694561
0.0634787806335923
0.140466228332337
0.0744769874476987
0.118469814704124
0.269695158398087
0.159713090257023
0.266945606694561
0.280693365212194
0.0607292289300657
0.172086072922893
0.0799760908547519
0.140466228332337
0.011237298266587
0.0442319187089062
0.577644949193066
0.2580095636581
0.187208607292289
0.569396294082486
0.011237298266587
0.011237298266587
0.167961745367603
0.247698744769874
0.313687985654513
0.107471607890018
0.0634787806335923
0.129468021518231
0.0332337118947998
0.247698744769874
0.266945606694561
0.107471607890018
0.151464435146444
0.16246264196055
0.00848774656306037
0.293753735803945
0.121219366407651
0.0304841601912732
0.101972504482965
0.038732815301853
0.203705917513449
0.101972504482965
0.000239091452480579
0.187208607292289
0.470412432755529
0.431918708906157
0.0607292289300657
0.0304841601912732
0.066228332337119
0.0744769874476987
0.583144052600119
0.144590555887627
0.121219366407651
0.415421398684997
0.0964734010759115
0.038732815301853
0.0827256425582785
0.195457262402869
0.258696951583981
0.00848774656306037
0.104722056186491
0.250448296473401
0.0222355050806934
0.213329348475792
0.288942020322773
0.130842797369994
0.165212193664077
0.231201434548715
0.0772265391512253
0.214704124327555
0.0689778840406455
0.0634787806335923
0.123968918111178
0.156963538553497
0.123968918111178
0.233950986252241
0.121219366407651
0.0799760908547519
0.0964734010759115
0.0359832635983264
0.000239091452480579
0.165212193664077
0.140466228332337
0.00848774656306037
0.00848774656306037
0.282068141063957
0.0167364016736402
0.11228332337119
0.195457262402869
0.00848774656306037
0.126718469814704
0.189958158995816
0.0882247459653317
0.0717274357441721
0.02498505678422
0.302689778840406
0.192707710699342
0.0689778840406455
0.343933054393305
0.210579796772265
0.484160191273162
0.0909742976688584
0.198206814106396
0.269695158398087
0.0937238493723849
0.209205020920502
0.0139868499701136
0.0895995218170951
0.209205020920502
0.371428571428571
0.167961745367603
0.0359832635983264
0.00848774656306037
0.066228332337119
0.217453676031082
0.140466228332337
0.338433950986252
0.176210400478183
0.196832038254632
0.135654512851165
0.15833831440526
0.000239091452480579
0.330185295875672
0.189958158995816
0.00298864315600717
0.264196054991034
0.0689778840406455
0.203705917513449
0.130842797369994
0.0222355050806934
0.0442319187089062
0.0194859533771668
0.206455469216976
0.121219366407651
0.206455469216976
0.00298864315600717
0.189958158995816
0.156963538553497
0.536401673640167
0.112970711297071
0.0304841601912732
0.184459055588763
0.0277346084877466
0.198206814106396
0.984578601315003
0.184459055588763
0.0222355050806934
0.0359832635983264
0.00848774656306037
0.214704124327555
0.305439330543933
0.123968918111178
0.187208607292289
0.00573819485953378
0.0387328153018529
0.066228332337119
0.522653915122534
0.167961745367603
0.211954572624029
0.115720263000598
0.159713090257023
0.305439330543933
0.0469814704124328
0.14596533173939
0.000239091452480579
0.0359832635983264
0.02498505678422
0.0717274357441721
0.165212193664077
0.0332337118947998
0.132217573221757
0.0414823670053796
0.00848774656306037
0.176210400478183
0.200956365809922
0.17071129707113
0.173460848774656
0.151464435146444
0.0689778840406455
0.0497310221159594
0.192707710699342
0.0579796772265391
0.236700537955768
0.624387328153018
0.0964734010759115
0.313687985654513
0.148714883442917
0.294441123729827
0.0414823670053796
0.15421398684997
0.349432157800359
0.217453676031082
0.390675433353257
0.16246264196055
0.178959952181709
0.462163777644949
0.121219366407651
0.207142857142857
0.107471607890018
0.112970711297071
0.075851763299462
0.189958158995816
0.011237298266587
0.00573819485953378
0.159713090257023
0.0359832635983264
0.0414823670053796
1.39426180514047
0.132217573221757
0.0744769874476987
0.184459055588763
0.327435744172146
0.275194261805141
0.101972504482965
0.236700537955768
0.17071129707113
0.112970711297071
0.220203227734608
0.130842797369994
0.0304841601912732
0.02498505678422
0.0909742976688584
0.14596533173939
8.8098027495517
0.0332337118947998
0.319187089061566
0.151464435146444
0.0304841601912732
0.478661087866109
0.181709503885236
0.0717274357441721
0.107471607890018
0.0442319187089062
0.110221159593545
0.0538553496712493
0.137716676628811
0.228451882845188
0.173460848774656
0.17071129707113
0.052480573819486
0.0772265391512253
0.0992229527794381
0.0277346084877466
0.187895995218171
0.123968918111178
0.137716676628811
0.247698744769874
0.189958158995816
0.129468021518231
0.423670053795577
0.519904363419008
0.0882247459653317
0.17071129707113
0.137716676628811
0.0772265391512253
0.203705917513449
0.107471607890018
0.0772265391512253
0.052480573819486
0.17071129707113
0.066228332337119
0.251823072325165
0.44566646742379
0.365929468021518
0.115720263000598
0.0937238493723849
0.0139868499701136
0.327435744172146
0.0689778840406455
0.0827256425582785
0.0469814704124328
0.231201434548715
0.0799760908547519
0.173460848774656
0.0964734010759115
0.00573819485953378
0.151464435146444
0.066228332337119
0.327435744172146
0.15421398684997
0.111595935445308
0.066228332337119
0.106440526001195
0.451165570830843
0.206455469216976
3.41105797967723
0.280693365212194
0.187208607292289
1.2732815301853
0.165212193664077
0.000239091452480579
0.0634787806335923
0.17071129707113
0.118469814704124
0.133592349073521
0.324686192468619
0.198206814106396
0.53777644949193
0.0992229527794381
0.167961745367603
0.189958158995816
0.16246264196055
0.497907949790795
0.602390914524806
0.011237298266587
0.0579796772265391
0.390675433353258
0.0854751942618051
0.0799760908547519
0.143215780035864
0.151464435146444
0.220203227734609
0.0937238493723849
