0.286192468619247
0.0744769874476987
0.302689778840406
1.26503287507472
0.67937836222355
0.244949193066348
0.371428571428571
0.0689778840406455
0.000239091452480579
0.0717274357441721
0.14596533173939
0.236700537955768
0.286192468619247
0.198206814106396
0.198206814106396
0.203705917513449
0.137716676628811
1.26503287507472
0.354931261207412
0.286192468619247
0.192707710699342
0.165212193664077
0.000239091452480579
0.16246264196055
0.261446503287507
0.242199641362821
0.770113568439928
0.176210400478183
0.00573819485953378
0.176210400478183
0.176210400478183
0.511655708308428
0.838852361028093
0.17071129707113
0.0469814704124328
0.195457262402869
0.409922295277944
0.294441123729827
0.57489539748954
0.376927674835625
0.220203227734608
0.668380155409444
0.440167364016736
0.066228332337119
0.233950986252241
0.327435744172146
0.478661087866109
0.0717274357441721
0.464913329348476
0.189958158995816
0.682127913927077
0.137716676628811
0.442916915720263
0.500657501494322
0.338433950986252
0.143215780035864
0.0909742976688584
0.159713090257023
0.363179916317992
0.209205020920502
0.132217573221757
0.134967124925284
0.871846981470413
0.294441123729827
0.522653915122534
0.123968918111178
0.211954572624029
0.110221159593545
0.613389121338912
0.0689778840406455
0.253197848176928
0.255947399880454
0.506156604901375
0.118469814704124
0.258696951583981
0.126718469814704
0.118469814704124
0.0414823670053796
0.71237298266587
0.225702331141662
0.231201434548715
0.0882247459653317
0.225702331141662
0.464913329348476
0.470412432755529
0.385176329946204
0.0772265391512253
0.673879258816497
0.038732815301853
0.44566646742379
0.368679019725045
0.453915122534369
0.165212193664077
1.25678421996414
0.29994022713688
0.200956365809922
0.761864913329348
0.115720263000598
0.244949193066348
1.11380753138075
0.341183502689779
0.390675433353258
0.376927674835625
0.137716676628811
0.514405260011955
0.0469814704124328
0.0937238493723849
0.30818888224746
0.426419605499103
0.233950986252241
0.723371189479976
0.129468021518231
0.792109982068141
0.159713090257023
0.382426778242678
0.231201434548715
0.198206814106396
0.393424985056784
0.121219366407651
0.357680812910938
0.0167364016736402
0.0744769874476987
0.192707710699342
0.310938433950986
0.42916915720263
0.181709503885236
0.572145845786013
0.0304841601912732
1.22378959952182
0.239450089659295
0.368679019725045
0.770113568439928
0.470412432755529
0.327435744172146
0.426419605499103
0.335684399282726
0.294441123729827
0.236700537955768
0.236700537955768
0.167961745367603
0.30818888224746
0.616138673042439
0.000239091452480579
0.261446503287507
0.181709503885236
1.14680215182307
0.134967124925284
0.632635983263598
0.258696951583981
0.310938433950986
0.140466228332337
0.327435744172146
0.335684399282726
0.462163777644949
0.434668260609683
0.0992229527794381
1.12205618649133
0.41267184698147
0.42916915720263
0.0854751942618051
0.822355050806934
0.137716676628811
0.310938433950986
0.217453676031082
0.198206814106396
0.123968918111178
0.02498505678422
0.464913329348476
0.334309623430962
0.183084279737
0.0937238493723849
0.104722056186491
0.233950986252241
1.72695756126718
0.385176329946204
0.181709503885236
0.110221159593545
0.0964734010759115
0.286192468619247
0.28344291691572
0.123968918111178
0.563897190675433
0.200956365809922
0.261446503287507
1.30077704722056
0.561147638971907
0.0937238493723849
0.44566646742379
0.203705917513449
0.189958158995816
0.723371189479976
0.409922295277944
0.473161984459056
0.228451882845188
0.42092050209205
0.189958158995816
0.16246264196055
0.29994022713688
0.253197848176928
0.0634787806335923
0.00848774656306037
0.132217573221757
0.253197848176928
0.811356843992827
0.596891811117752
0.594142259414226
0.805857740585774
0.324686192468619
0.676628810520024
0.28344291691572
0.0469814704124328
0.28344291691572
0.214704124327555
0.181709503885236
0.17071129707113
0.132217573221757
0.607890017931859
0.255947399880454
1.3667662881052
0.17071129707113
0.363179916317992
0.0469814704124328
0.459414225941423
0.302689778840406
0.374178123132098
0.225702331141662
0.44566646742379
0.858099222952779
0.195457262402869
0.272444710101614
0.43741781231321
0.797609085475194
0.583144052600119
0.332934847579199
0.387925881649731
0.310938433950986
0.202331141661686
0.159713090257023
0.453915122534369
3.34644351464435
1.05056784219964
0.173460848774656
2.29611476389719
0.349432157800359
0.55839808726838
0.508906156604901
0.434668260609683
0.206455469216976
0.602390914524806
0.500657501494322
0.0469814704124328
0.779736999402273
0.184459055588763
0.319187089061566
0.214704124327555
0.203705917513449
0.107471607890018
0.585893604303646
0.129468021518231
0.360430364614465
0.272444710101614
0.519904363419008
0.698625224148237
0.297190675433353
0.173460848774656
0.401673640167364
0.189958158995816
0.440167364016736
0.066228332337119
0.222952779438135
0.151464435146444
0.0579796772265391
0.503407053197848
0.173460848774656
0.365929468021518
0.352181709503885
1.06431560071727
0.181709503885236
0.495158398087268
0.393424985056784
0.330185295875672
0.500657501494322
0.129468021518231
0.41267184698147
0.305439330543933
0.264196054991034
0.349432157800359
0.176210400478183
0.112970711297071
0.360430364614465
0.14596533173939
0.17071129707113
0.0167364016736402
0.184459055588763
0.382426778242678
0.583144052600119
0.506156604901375
0.992827256425583
0.676628810520024
0.181709503885236
0.0937238493723849
0.302689778840406
0.577644949193066
0.305439330543933
0.178959952181709
0.176210400478183
0.220203227734608
0.288942020322773
0.222952779438135
0.442916915720263
0.115720263000598
0.225702331141662
0.30818888224746
0.0469814704124328
0.211954572624029
0.222952779438135
0.0552301255230126
2.08164973102212
0.547399880454274
0.225702331141662
0.321936640765093
0.217453676031082
0.682127913927077
0.137716676628811
1.11105797967723
0.220203227734608
0.173460848774656
0.272444710101614
0.206455469216976
0.0937238493723849
0.126718469814704
0.2916915720263
0.42916915720263
0.313687985654513
0.16246264196055
0.189958158995816
0.660131500298864
0.118469814704124
0.159713090257023
0.266945606694561
0.255947399880454
0.187208607292289
0.547399880454274
0.272444710101614
0.16246264196055
0.275194261805141
0.368679019725045
0.569396294082486
0.29994022713688
0.0827256425582785
0.547399880454274
0.379677226539151
1.02307232516438
1.501494321578
0.272444710101614
1.99641362821279
0.478661087866109
2.7415421398685
0.486909742976688
0.43741781231321
0.231201434548715
0.173460848774656
0.280693365212194
0.929587567244471
0.415421398684997
0.266945606694561
0.178959952181709
0.118469814704124
0.371428571428571
0.456664674237896
0.198206814106396
0.753616258218769
0.442916915720263
0.225702331141662
0.583144052600119
0.646383741781231
0.198206814106396
0.522653915122534
0.253197848176928
0.382426778242678
1.29527794381351
0.115720263000598
0.495158398087268
0.324686192468619
0.167961745367603
0.0909742976688584
0.632635983263598
0.225702331141662
0.0414823670053796
1.11930663478781
0.250448296473401
0.288942020322773
0.209205020920502
0.159713090257023
0.0744769874476987
0.365929468021518
0.464913329348476
0.56664674237896
0.0772265391512253
0.29994022713688
0.772863120143455
0.0744769874476987
0.475911536162582
0.253197848176928
0.195457262402869
0.101972504482965
0.354931261207412
0.57489539748954
0.349432157800359
0.0634787806335923
9.51918708906157
0.0552301255230126
0.269695158398087
0.357680812910938
0.0469814704124328
0.495158398087268
0.371428571428571
0.627136879856545
0.165212193664077
0.412671846981471
0.236700537955768
0.184459055588763
0.167961745367603
0.434668260609683
0.371428571428571
0.401673640167364
0.772863120143455
0.528153018529588
0.456664674237896
0.15421398684997
0.0689778840406455
0.15421398684997
0.294441123729827
0.266945606694561
0.434668260609683
0.251823072325164
0.195457262402869
0.464913329348476
0.143215780035864
0.203705917513449
1.02032277346085
0.319187089061566
0.253197848176927
0.374178123132098
0.198206814106396
0.15421398684997
0.332934847579199
0.104722056186491
0.0772265391512253
0.195457262402869
0.363179916317992
0.253197848176928
0.30818888224746
0.489659294680215
0.396174536760311
0.316437537358039
0.187208607292289
0.225702331141662
0.67937836222355
0.30818888224746
0.148714883442917
0.555648535564853
0.0552301255230126
0.569396294082486
0.123968918111178
0.365929468021518
0.525403466826061
0.321936640765093
0.253197848176928
0.343933054393305
0.275194261805141
0.500657501494322
0.203705917513449
0.544650328750747
0.269695158398087
0.247698744769874
0.352181709503885
0.0827256425582785
0.426419605499103
0.231201434548715
0.17071129707113
0.126718469814704
0.508906156604901
1.13580394500897
0.189958158995816
0.343933054393305
0.42916915720263
0.726120741183503
0.225702331141662
0.217453676031082
0.473161984459056
3.3931858936043
0.247698744769874
0.332934847579199
0.401673640167364
2.81852958756724
0.434668260609683
0.332934847579199
0.239450089659295
0.0882247459653317
0.277943813508667
0.310938433950986
0.302689778840406
0.132217573221757
0.137716676628811
0.0744769874476987
0.244949193066348
0.066228332337119
0.121219366407651
0.203705917513449
0.176210400478183
0.222952779438135
0.211954572624029
1.52074118350269
0.819605499103407
0.159713090257023
0.137716676628811
0.156963538553497
0.121219366407651
0.371428571428571
1.27053197848177
0.640884638374178
0.321936640765093
0.407172743574417
0.407172743574417
0.497907949790795
0.0552301255230126
0.84160191273162
0.409922295277944
0.503407053197848
0.00573819485953378
0.605140466228332
0.253197848176928
0.198206814106396
0.76598924088464
0.121219366407651
0.30818888224746
0.266945606694561
0.0799760908547519
0.200956365809922
0.0469814704124328
0.660131500298864
1.35576808129109
0.250448296473401
0.786610878661088
0.508906156604901
0.844351464435147
0.324686192468619
0.382426778242678
0.541900777047221
0.385176329946204
2.40609683203825
0.052480573819486
0.0497310221159594
0.16246264196055
0.0634787806335923
0.305439330543933
0.132217573221757
0.385176329946204
1.15780035863718
0.352181709503885
0.115720263000598
0.951583980872684
0.214704124327555
0.431918708906157
0.269695158398087
0.187208607292289
0.052480573819486
0.324686192468619
0.181709503885236
0.605140466228332
0.187208607292289
0.805857740585774
0.151464435146444
0.613389121338912
0.319187089061566
0.632635983263598
0.0414823670053796
0.211954572624029
1.55373580394501
0.313687985654513
0.0827256425582785
0.280693365212194
0.605140466228332
0.407172743574417
0.302689778840406
0.552898983861327
0.297190675433353
0.217453676031082
0.156963538553497
0.181709503885236
0.228451882845188
0.0882247459653317
0.596891811117752
0.286192468619247
0.519904363419008
0.236700537955768
0.255947399880454
0.231201434548715
0.0194859533771668
0.42916915720263
0.250448296473401
0.253197848176928
0.0882247459653317
0.522653915122534
0.140466228332337
0.195457262402869
0.129468021518231
0.327435744172146
0.200956365809922
0.310938433950986
0.407172743574417
0.0359832635983264
0.231201434548715
0.151464435146444
0.0854751942618051
0.42916915720263
0.0992229527794381
0.189958158995816
1.31727435744172
0.0937238493723849
0.066228332337119
1.72695756126718
1.14405260011955
0.165212193664077
0.159713090257023
0.297190675433353
0.250448296473401
0.258696951583981
0.393424985056784
0.297190675433353
0.371428571428571
0.0882247459653317
0.198206814106396
0.195457262402869
0.577644949193066
0.134967124925284
0.261446503287507
0.104722056186491
0.473161984459056
0.423670053795577
0.715122534369396
0.660131500298866
0.200956365809922
0.365929468021518
0.528153018529588
0.552898983861327
0.640884638374178
0.310938433950986
0.327435744172146
0.272444710101614
0.0304841601912732
0.052480573819486
0.382426778242678
0.173460848774656
0.346682606096832
1.57023311416617
0.148714883442917
0.764614465032875
0.143215780035864
0.316437537358039
0.211954572624029
0.57489539748954
0.17071129707113
0.255947399880454
0.0497310221159594
0.332934847579199
0.110221159593545
0.277943813508667
0.261446503287507
0.44566646742379
0.258696951583981
0.412671846981471
0.56664674237896
0.242199641362821
0.0882247459653317
0.132217573221757
0.302689778840406
0.132217573221757
0.379677226539151
0.107471607890018
0.500657501494322
0.29994022713688
0.731619844590556
0.220203227734608
0.288942020322773
0.0442319187089062
0.451165570830843
0.052480573819486
0.137716676628811
0.29994022713688
0.352181709503885
0.321936640765093
1.29527794381351
1.66371787208607
0.442916915720263
0.266945606694561
0.176210400478183
0.203705917513449
0.357680812910938
0.297190675433353
0.261446503287507
0.239450089659295
0.258696951583981
0.115720263000598
0.599641362821279
0.247698744769874
0.118469814704124
0.052480573819486
0.242199641362821
0.30818888224746
0.00573819485953378
0.0882247459653317
0.382426778242678
0.442916915720263
0.577644949193066
0.341183502689779
0.02498505678422
0.140466228332337
0.624387328153018
0.404423191870891
0.261446503287507
0.118469814704124
0.0744769874476987
0.57489539748954
0.0552301255230126
0.0634787806335923
0.29994022713688
0.167961745367603
0.16246264196055
0.14596533173939
0.275194261805141
3.51141661685595
0.396174536760311
0.544650328750747
0.442916915720263
0.052480573819486
0.144590555887627
0.305439330543933
0.156963538553497
0.352181709503885
0.189958158995816
0.893843395098625
0.143215780035864
0.379677226539151
0.357680812910938
0.591392707710699
0.313687985654513
0.187208607292289
0.187208607292289
0.0139868499701136
0.434668260609683
0.261446503287507
0.305439330543933
0.066228332337119
0.742618051404662
0.222952779438135
0.426419605499103
0.434668260609683
0.261446503287507
0.16246264196055
2.19438135086671
1.24028690974298
0.497907949790795
0.555648535564853
0.646383741781231
0.0772265391512253
0.500657501494322
0.0937238493723849
0.126718469814704
0.178959952181709
0.42916915720263
0.635385534967125
0.29994022713688
0.822355050806934
0.981829049611476
0.0304841601912732
0.231201434548715
0.321936640765093
0.332934847579199
0.95433353257621
0.143215780035864
0.0552301255230126
0.011237298266587
0.184459055588763
0.613389121338912
0.0497310221159594
0.184459055588763
0.107471607890018
0.379677226539151
2.7002988643156
0.140466228332337
0.338433950986252
0.486909742976688
0.330185295875672
0.0552301255230126
0.335684399282726
0.0744769874476987
0.398924088463837
0.475911536162582
0.181709503885236
0.863598326359833
0.236700537955768
0.261446503287507
1.0148236700538
0.5501494321578
0.200956365809922
0.28344291691572
0.497907949790795
0.101972504482965
0.236700537955768
0.264196054991034
0.345307830245069
0.189958158995816
0.052480573819486
0.121219366407651
0.156963538553497
0.341183502689779
0.272444710101614
0.247698744769874
2.535325762104
0.8498505678422
0.341183502689779
0.937836222355051
0.239450089659295
0.343933054393305
0.387925881649731
0.591392707710699
0.126718469814704
0.132217573221757
0.178959952181709
0.187208607292289
0.338433950986252
0.0854751942618051
0.313687985654513
11.4081291093843
0.462163777644949
0.258696951583981
0.137716676628811
0.0799760908547519
0.277943813508667
0.404423191870891
0.200956365809922
0.244949193066348
0.244949193066348
0.275194261805141
0.0964734010759115
0.486909742976688
0.346682606096832
0.649133293484758
0.594142259414226
0.15421398684997
0.206455469216976
0.602390914524806
0.199581589958159
0.231201434548715
0.151464435146444
0.324686192468619
0.352181709503885
0.192707710699342
0.720621637776449
0.629886431560072
0.376927674835625
0.2916915720263
0.0167364016736402
1.81494321578004
0.30818888224746
0.00298864315600717
0.236700537955768
1.2842797369994
0.280693365212194
0.349432157800359
0.701374775851763
0.492408846383742
0.0992229527794381
0.665630603705917
0.0442319187089062
0.14596533173939
0.203705917513449
0.371428571428571
0.0222355050806934
0.294441123729827
0.269695158398087
0.42092050209205
0.269695158398087
0.341183502689779
0.288942020322773
0.134967124925284
0.275194261805141
0.492408846383742
0.327435744172146
0.981829049611476
0.335684399282726
0.228451882845188
0.132217573221757
0.363179916317992
0.222952779438135
0.258696951583981
0.0717274357441721
0.28344291691572
0.118469814704124
0.0497310221159594
0.110221159593545
0.242199641362821
0.151464435146444
0.200956365809922
0.426419605499103
0.209205020920502
0.132217573221757
0.247698744769874
0.253197848176928
0.121219366407651
0.052480573819486
0.187208607292289
0.0689778840406455
0.0139868499701136
0.137716676628811
0.143215780035864
0.151464435146444
0.159713090257023
0.140466228332337
0.717872086072923
0.750866706515242
0.214704124327555
0.943335325762104
0.176210400478183
0.222952779438135
0.431918708906157
0.750866706515242
0.129468021518231
0.440167364016736
0.533652121936641
0.83335325762104
0.0772265391512253
0.110221159593545
0.0827256425582785
0.324686192468619
0.143215780035864
0.178959952181709
0.97907949790795
0.231201434548715
1.09181111775254
1.03407053197848
0.363179916317992
0.231201434548715
0.552898983861327
0.231201434548715
0.203705917513449
0.275194261805141
0.192707710699342
0.316437537358039
0.67937836222355
0.165212193664077
0.121219366407651
0.360430364614465
0.313687985654513
0.569396294082486
0.250448296473401
0.151464435146444
0.720621637776449
0.220203227734608
0.508906156604901
0.173460848774656
0.321936640765093
0.203705917513449
0.250448296473401
0.330185295875672
0.398924088463837
0.55839808726838
0.104722056186491
0.306814106395697
0.231201434548715
1.35576808129109
0.0414823670053796
0.629886431560072
0.0359832635983264
0.173460848774656
0.305439330543933
0.115720263000598
0.946084877465631
0.225702331141662
0.066228332337119
0.0497310221159594
0.632635983263598
0.368679019725045
0.591392707710699
0.239450089659295
0.297190675433353
0.264196054991034
0.16246264196055
0.272444710101614
0.239450089659295
0.258696951583981
0.583144052600119
0.764614465032875
1.13030484160191
0.321936640765093
0.0937238493723849
0.134967124925284
0.418170950388524
0.052480573819486
0.698625224148237
1.08356246264196
0.682127913927077
0.16246264196055
0.137716676628811
0.17071129707113
0.539151225343694
0.415421398684997
0.0469814704124328
0.449790794979079
0.660131500298864
10.3028093245666
0.0579796772265391
0.0964734010759115
0.277943813508667
0.261446503287507
0.327435744172146
0.123968918111178
0.178959952181709
0.244949193066348
0.352181709503885
0.327435744172146
0.302689778840406
0.415421398684997
10.3962940824866
0.723371189479976
0.266945606694561
0.280693365212194
0.0827256425582785
0.038732815301853
0.250448296473401
0.253197848176928
0.492408846383742
0.134967124925284
0.83335325762104
0.250448296473401
0.225702331141662
0.533652121936641
0.423670053795577
0.715122534369396
0.357680812910938
0.332934847579199
0.085475194261805
0.000239091452480579
1.26503287507472
0.220203227734608
0.288942020322773
1.15230125523013
0.209205020920502
0.451165570830843
0.533652121936641
0.0882247459653317
0.0964734010759115
1.7901972504483
0.165212193664077
0.313687985654513
0.121219366407651
0.0717274357441721
0.627136879856545
0.324686192468619
0.156963538553497
0.324686192468619
0.266945606694561
1.17979677226539
0.327435744172146
0.338433950986252
0.376927674835625
0.530902570233114
0.181709503885236
0.233950986252241
0.2916915720263
0.387925881649731
1.05331739390317
1.04506873879259
0.319187089061566
0.110221159593545
0.0882247459653317
2.3483562462642
0.41267184698147
5.22713687985654
1.94967124925284
0.335684399282726
0.198206814106396
0.126718469814704
1.31177525403467
0.572145845786013
0.236700537955768
0.242199641362821
0.346682606096832
0.30818888224746
0.184459055588763
0.585893604303646
0.203705917513449
0.0964734010759115
0.280693365212194
0.280693365212194
0.286192468619247
0.115720263000598
0.2916915720263
0.316437537358039
0.140466228332337
0.327435744172146
0.55839808726838
0.352181709503885
0.376927674835625
0.121219366407651
0.038732815301853
0.148714883442917
0.148714883442917
0.0607292289300657
0.28344291691572
0.0277346084877466
0.57489539748954
3.19246861924686
0.456664674237896
0.470412432755529
0.640884638374178
0.0552301255230126
0.225702331141662
0.225702331141662
0.297190675433353
0.189958158995816
0.101972504482965
0.0854751942618051
0.231201434548715
0.16246264196055
0.0469814704124328
0.173460848774656
0.0222355050806934
0.497907949790795
0.266945606694561
0.313687985654513
0.159713090257023
0.297190675433353
0.239450089659295
0.0359832635983264
0.588643156007173
0.167961745367603
0.335684399282726
0.588643156007173
0.209205020920502
0.0717274357441721
0.976329946204423
0.209205020920502
0.214704124327555
0.0304841601912732
0.104722056186491
0.860848774656306
0.129468021518231
0.17071129707113
0.195457262402869
0.107471607890018
0.497907949790795
2.18063359234907
0.214704124327555
0.16246264196055
0.544650328750747
0.354931261207412
0.346682606096832
0.737118947997609
0.159713090257023
0.244949193066348
0.990077704722056
0.301315002988643
0.343933054393305
0.0634787806335923
0.200956365809922
0.266945606694561
0.151464435146444
0.112970711297071
0.43741781231321
0.0992229527794381
0.1418410041841
0.354931261207412
0.335684399282726
0.500657501494322
0.209205020920502
0.629886431560072
0.522653915122534
0.110221159593545
0.239450089659295
0.236700537955768
0.684877465630604
0.772863120143455
0.481410639569635
0.503407053197848
0.225702331141662
0.514405260011955
0.264196054991034
0.107471607890018
0.118469814704124
0.407172743574417
0.165212193664077
0.533652121936641
0.297190675433353
1.08631201434549
0.830603705917513
0.195457262402869
0.206455469216976
0.539151225343694
0.231201434548715
0.209205020920502
0.217453676031082
0.374178123132098
0.200956365809922
0.247698744769874
0.132217573221757
0.16246264196055
0.473161984459056
0.184459055588763
0.717872086072923
0.415421398684997
0.151464435146444
0.877346084877466
0.0882247459653317
0.440167364016736
0.0937238493723849
0.220203227734608
0.682127913927077
0.286192468619247
1.42175732217573
0.15421398684997
0.173460848774656
0.407172743574417
0.349432157800359
0.338433950986252
0.0552301255230126
0.225702331141662
1.02857142857143
0.176210400478183
0.277943813508667
0.275194261805141
0.00573819485953378
0.363179916317992
0.255947399880454
0.349432157800359
0.440167364016736
0.401673640167364
0.156963538553497
0.390675433353258
0.0277346084877466
0.404423191870891
0.29994022713688
0.244949193066348
0.0937238493723849
0.233950986252241
0.495158398087268
0.30818888224746
0.503407053197848
0.258696951583981
0.112970711297071
0.159713090257023
0.275194261805141
0.750866706515242
0.225702331141662
0.918589360430365
0.41267184698147
0.0634787806335923
0.341183502689779
0.481410639569635
0.118469814704124
0.0854751942618051
0.198206814106396
0.239450089659295
0.264196054991034
0.0744769874476987
0.338433950986252
0.2916915720263
0.066228332337119
1.11105797967723
0.0634787806335923
0.473161984459056
0.236700537955768
0.310938433950986
0.222952779438135
0.211954572624029
0.118469814704124
0.341183502689779
0.195457262402869
0.313687985654513
0.42092050209205
1.03407053197848
0.129468021518231
0.0332337118947998
3.63239689181112
0.14596533173939
0.277943813508667
0.319187089061566
0.382426778242678
0.0579796772265391
0.495158398087268
0.327435744172146
0.129468021518231
0.225702331141662
0.242199641362822
0.434668260609683
0.165212193664077
0.228451882845188
0.228451882845188
0.156963538553497
0.0552301255230126
0.459414225941423
0.222952779438135
0.206455469216976
1.09181111775254
0.327435744172146
0.209205020920502
0.341183502689779
0.497907949790795
0.305439330543933
0.459414225941423
0.371428571428571
3.38768679019725
0.396174536760311
0.42916915720263
0.121219366407651
0.211954572624029
0.316437537358039
0.338433950986252
0.165212193664077
0.393424985056784
0.335684399282726
0.616138673042439
0.0497310221159594
1.13580394500897
2.15588762701733
0.239450089659295
0.288942020322773
0.16246264196055
0.613389121338912
0.0717274357441721
0.198206814106396
0.539151225343694
0.935086670651524
0.178959952181709
0.572145845786013
0.107471607890018
0.269695158398087
0.374178123132098
0.15421398684997
0.250448296473401
0.0992229527794381
0.181709503885236
0.272444710101614
0.239450089659295
0.651882845188285
0.29994022713688
0.0689778840406455
0.352181709503885
0.261446503287507
0.781111775254035
0.148714883442917
0.343933054393305
0.486909742976688
0.596891811117752
0.272444710101614
0.363179916317992
0.242199641362821
0.302689778840406
0.0992229527794381
0.313687985654513
0.349432157800359
0.926838015540944
0.126718469814704
0.264196054991034
0.140466228332337
0.272444710101614
0.129468021518231
0.500657501494322
0.0359832635983264
0.321936640765093
0.43741781231321
0.83335325762104
0.456664674237896
0.508906156604901
0.167961745367603
0.28344291691572
0.173460848774656
0.0304841601912732
0.277943813508667
0.143215780035864
0.269695158398087
0.189958158995816
0.5501494321578
1.7077106993425
0.0497310221159594
0.258696951583981
1.76545128511656
0.599641362821279
0.530902570233114
0.181709503885236
0.866347878063359
0.195457262402869
0.352181709503885
2.25212193664077
0.066228332337119
0.288942020322773
0.346682606096832
0.470412432755529
0.178959952181709
0.401673640167364
0.30818888224746
0.640884638374178
0.233950986252241
1.12205618649133
0.316437537358039
55.593544530783
0.310938433950986
0.250448296473401
0.261446503287507
0.0909742976688584
0.0689778840406455
1.86718469814704
0.899342498505678
0.118469814704124
0.860848774656306
0.0332337118947998
0.280693365212194
0.297190675433353
0.390675433353258
0.0744769874476987
0.159713090257023
0.28344291691572
0.508906156604901
0.253197848176928
0.390675433353258
0.319187089061566
0.280693365212194
0.525403466826061
0.511655708308428
0.16246264196055
0.0277346084877466
0.464913329348476
0.200956365809922
0.258696951583981
0.269695158398087
0.539151225343694
0.596891811117752
0.374178123132098
0.360430364614465
0.473161984459056
1.70221159593545
0.110221159593545
0.836102809324567
0.858099222952779
0.313687985654513
0.321936640765093
0.239450089659295
0.0469814704124328
0.0634787806335923
0.453915122534369
0.324686192468619
0.0304841601912732
0.264196054991034
0.0139868499701136
0.0992229527794381
1.00107591153616
0.277943813508667
0.544650328750747
0.390675433353258
0.530902570233114
0.354931261207412
0.302689778840406
0.247698744769874
0.401673640167364
0.264196054991034
0.181709503885236
0.313687985654513
0.244949193066348
0.0992229527794381
0.206455469216976
0.602390914524806
0.423670053795577
0.121219366407651
0.173460848774656
1.12480573819486
0.14596533173939
0.115720263000598
0.338433950986252
0.448416019127316
0.8498505678422
0.132217573221757
0.422295277943813
0.596891811117752
0.200956365809922
0.277943813508667
0.321936640765093
0.363179916317992
0.563897190675433
0.547399880454274
0.0992229527794381
0.200956365809922
0.41267184698147
0.173460848774656
0.407172743574417
0.211954572624029
0.346682606096832
0.137716676628811
0.965331739390317
0.528153018529588
0.330185295875672
1.77919904363419
0.242199641362821
0.385176329946204
0.415421398684997
0.583144052600119
0.585893604303646
0.173460848774656
0.187208607292289
0.0827256425582785
0.0469814704124328
0.522653915122534
0.0359832635983264
0.206455469216976
3.85511057979677
0.629886431560072
0.464913329348476
0.236700537955768
0.195457262402869
0.242199641362821
0.0964734010759115
0.261446503287507
0.547399880454274
0.555648535564853
0.390675433353258
0.360430364614465
0.316437537358039
1.39701135684399
0.156963538553497
0.28344291691572
1.18804542737597
0.264196054991034
0.352181709503885
0.442916915720263
0.288942020322773
0.181709503885236
0.0992229527794381
0.129468021518231
0.379677226539151
0.112970711297071
0.368679019725045
0.14596533173939
0.264196054991034
0.547399880454273
0.0854751942618051
0.943335325762104
0.374178123132098
0.464913329348476
0.418170950388524
0.41267184698147
0.14596533173939
0.646383741781231
0.192707710699342
0.203705917513449
0.349432157800359
0.196832038254632
0.41267184698147
0.178959952181709
0.396174536760311
0.220203227734608
0.434668260609683
0.310938433950986
0.508906156604901
0.332934847579199
0.198206814106396
0.173460848774656
0.264196054991034
0.173460848774656
0.310938433950986
0.17071129707113
0.346682606096832
0.161087866108787
0.338433950986252
0.198206814106396
0.497907949790795
0.794859533771668
0.324686192468619
0.156963538553497
0.371428571428571
0.220203227734608
0.115720263000598
0.464913329348476
0.332934847579199
0.319187089061566
0.17071129707113
0.209205020920502
0.453915122534369
0.250448296473401
0.184459055588763
0.288942020322773
0.229826658696951
1.7599521817095
0.214704124327555
0.651882845188285
0.594142259414226
0.2916915720263
0.247698744769874
0.038732815301853
0.55839808726838
0.148714883442917
0.500657501494322
3.44267782426778
0.277943813508667
0.115720263000598
0.41267184698147
0.374178123132098
0.330185295875672
0.492408846383742
0.423670053795577
0.239450089659295
0.101972504482965
0.231201434548715
0.409922295277944
0.297190675433353
2.29061566049014
0.011237298266587
0.011237298266587
0.261446503287507
0.610639569635385
0.335684399282726
1.27878063359235
0.0909742976688584
0.159713090257023
1.30352659892409
0.297190675433353
0.159713090257023
0.209205020920502
0.332934847579199
0.052480573819486
0.643634190077705
0.066228332337119
0.269695158398087
0.011237298266587
0.038732815301853
0.184459055588763
0.346682606096832
0.280693365212194
0.440167364016736
0.376927674835625
0.195457262402869
0.269695158398087
0.00298864315600717
0.82510460251046
0.126718469814704
0.261446503287507
0.214704124327555
0.236700537955768
0.123968918111178
0.242199641362821
0.341183502689779
0.357680812910938
0.632635983263598
0.70412432755529
0.341183502689779
0.451165570830843
0.121219366407651
0.415421398684997
0.137716676628811
0.44566646742379
0.363179916317992
0.247698744769874
0.541900777047221
0.305439330543933
0.756365809922295
2.29336521219366
0.140466228332337
0.0579796772265391
0.0937238493723849
0.156963538553497
0.159713090257023
0.217453676031082
0.772863120143455
0.126718469814704
0.0882247459653317
0.360430364614465
0.481410639569635
0.189958158995816
0.404423191870891
0.225702331141662
0.42916915720263
0.0579796772265391
0.374178123132098
0.0937238493723849
0.569396294082486
0.709623430962343
0.288942020322773
0.228451882845188
0.43741781231321
0.0772265391512253
0.275194261805141
0.467662881052002
0.330185295875672
0.522653915122534
0.379677226539151
0.253197848176928
0.332934847579199
0.228451882845188
0.0607292289300657
0.360430364614465
0.261446503287507
0.522653915122534
1.49874476987448
0.253197848176928
0.228451882845188
0.28344291691572
0.2916915720263
0.387925881649731
1.9249252839211
0.140466228332337
0.176210400478183
1.16054991034071
0.0992229527794381
0.607890017931859
0.794859533771668
0.14596533173939
0.418170950388524
0.0937238493723849
0.28344291691572
0.484160191273162
0.00848774656306037
0.55839808726838
0.052480573819486
2.79653317393903
0.313687985654513
0.332934847579199
0.123968918111178
0.239450089659295
0.203705917513449
0.29994022713688
0.426419605499103
0.288942020322773
0.134967124925284
1.17979677226539
0.343933054393305
0.192707710699342
0.341183502689779
0.294441123729827
0.459414225941423
0.379677226539151
0.236700537955768
0.123968918111178
0.272444710101614
0.118469814704124
0.506156604901375
0.321936640765093
0.305439330543933
0.297190675433353
0.415421398684997
0.16246264196055
0.159713090257023
0.165212193664077
0.140466228332337
0.110221159593545
0.657381948595338
0.0332337118947998
0.233950986252241
0.0359832635983264
0.871846981470413
0.258696951583981
0.41267184698147
0.148714883442917
0.473161984459056
0.968081291093843
0.316437537358039
0.200956365809922
0.0827256425582785
0.151464435146444
0.195457262402869
0.066228332337119
0.123968918111178
0.44566646742379
0.209205020920502
0.536401673640167
0.627136879856545
0.332934847579199
0.189958158995816
0.385176329946204
1.80944411237298
0.277943813508667
0.682127913927077
0.211954572624029
0.302689778840406
0.286192468619247
0.255947399880454
0.442916915720263
0.544650328750747
1.35576808129109
0.290316796174536
0.407172743574417
0.305439330543933
0.236700537955768
0.473161984459056
0.132217573221757
0.17071129707113
0.544650328750747
0.356306037059175
0.236700537955768
0.277943813508667
0.313687985654513
0.123968918111178
0.363179916317992
0.316437537358039
0.217453676031082
0.393424985056784
0.330185295875672
0.132217573221757
0.288942020322773
0.167961745367603
0.0827256425582785
0.255947399880454
0.118469814704124
0.272444710101614
0.583144052600119
0.233950986252241
0.0799760908547519
0.0497310221159594
0.144590555887627
0.544650328750747
0.0827256425582785
0.59551703526599
0.165212193664077
0.508906156604901
0.398924088463837
0.29994022713688
0.0359832635983264
0.470412432755529
0.731619844590556
0.492408846383742
0.0277346084877466
0.236700537955768
0.385176329946204
0.649133293484758
0.385176329946204
1.00932456664674
0.247698744769874
2.71129707112971
0.352181709503885
0.277943813508667
0.415421398684997
1.25128511655708
0.324686192468619
0.101972504482965
0.478661087866109
0.330185295875672
0.599641362821279
0.123968918111178
0.28344291691572
0.184459055588762
0.269695158398087
0.275194261805141
0.332934847579199
0.368679019725045
0.0607292289300657
0.0332337118947998
0.5501494321578
0.500657501494322
0.376927674835625
0.255947399880454
0.387925881649731
0.0634787806335923
0.222952779438135
0.403048416019128
0.151464435146444
0.470412432755529
0.066228332337119
0.272444710101614
0.011237298266587
0.247698744769874
0.654632396891811
0.107471607890018
0.211954572624029
0.275194261805141
0.0964734010759115
0.02498505678422
0.319187089061566
0.242199641362821
0.442916915720263
0.907591153616258
0.275194261805141
0.486909742976688
0.352181709503885
0.519904363419008
1.19629408248655
0.462163777644949
2.38410041841004
0.222952779438135
0.321936640765093
0.140466228332337
0.253197848176928
0.189958158995816
0.123968918111178
0.0799760908547519
0.621637776449492
0.440167364016736
0.932337118947998
0.41267184698147
0.220203227734608
0.30818888224746
0.811356843992827
0.239450089659295
0.231201434548715
0.0717274357441721
0.239450089659295
0.220203227734608
0.473161984459056
0.198206814106396
0.478661087866109
0.374178123132098
2.40884638374178
0.83335325762104
0.104722056186491
0.258696951583981
0.310938433950986
0.858099222952779
0.209205020920502
0.583144052600119
8.116915720263
0.264196054991034
0.277943813508667
0.0497310221159594
0.242199641362821
0.280693365212194
0.382426778242678
0.181709503885236
0.390675433353258
0.200956365809922
0.0139868499701136
0.200956365809922
1.08081291093843
0.343933054393305
0.258696951583981
0.401673640167364
0.319187089061566
0.844351464435147
0.55839808726838
0.198206814106396
0.214704124327555
0.066228332337119
6.12898983861327
0.563897190675433
0.470412432755529
0.668380155409444
3.62414823670054
0.176210400478183
0.233950986252241
0.28344291691572
0.0497310221159594
5.2738792588165
0.165212193664077
0.56664674237896
0.0222355050806934
0.011237298266587
0.0744769874476987
0.286192468619247
0.104722056186491
0.382426778242678
0.407172743574417
0.192707710699342
0.297190675433353
0.206455469216976
0.233950986252241
0.0992229527794381
0.0469814704124328
0.233950986252241
0.0992229527794381
0.288942020322773
0.475911536162582
0.0552301255230126
0.305439330543933
1.35714285714286
0.236700537955768
0.173460848774656
0.404423191870891
0.508906156604901
0.375552898983862
0.385176329946204
0.277943813508667
0.357680812910938
0.530902570233114
0.935086670651524
0.189958158995816
0.588643156007173
0.649133293484758
0.233950986252241
0.17071129707113
0.613389121338912
0.374178123132098
0.319187089061566
0.132217573221757
0.176210400478183
0.332934847579199
0.110221159593545
0.195457262402869
0.181709503885236
0.258696951583981
0.338433950986252
0.302689778840406
0.0744769874476987
0.255947399880454
0.379677226539151
0.67937836222355
0.17071129707113
0.277943813508667
0.275194261805141
0.352181709503885
0.660131500298864
0.17071129707113
0.536401673640167
0.451165570830843
0.112970711297071
0.121219366407651
0.0909742976688584
0.338433950986252
0.321936640765093
0.134967124925284
1.14680215182307
0.228451882845188
0.646383741781231
0.0827256425582785
0.266945606694561
0.189958158995816
0.327435744172146
0.324686192468619
0.0992229527794381
0.456664674237896
0.038732815301853
0.376927674835625
0.772863120143455
0.904841601912732
0.544650328750747
0.30818888224746
0.594142259414226
0.123968918111178
0.0222355050806934
0.41267184698147
0.195457262402869
0.255947399880454
0.335684399282726
0.15421398684997
0.305439330543933
0.522653915122534
0.294441123729827
0.407172743574417
0.407172743574417
0.134967124925284
0.346682606096832
0.453915122534369
0.528153018529588
0.341183502689779
0.67937836222355
0.489659294680215
0.431918708906157
1.07806335923491
0.258696951583981
0.357680812910938
0.0772265391512253
0.407172743574417
0.357680812910938
0.228451882845188
0.354931261207412
0.167961745367603
0.684877465630604
0.159713090257023
0.0882247459653317
0.244949193066348
0.167961745367603
0.0937238493723849
0.178959952181709
0.948834429169157
0.148714883442917
0.415421398684997
9.12600119545726
0.148714883442917
0.209205020920502
0.484160191273162
0.343933054393305
0.110221159593545
0.0909742976688584
0.745367603108189
0.481410639569635
1.87543335325762
0.126718469814704
0.269695158398087
0.0222355050806934
0.470412432755529
0.266945606694561
0.118469814704124
0.602390914524806
0.401673640167364
0.206455469216976
0.616138673042439
0.354931261207412
0.198206814106396
0.0992229527794381
0.242199641362821
0.0772265391512253
0.338433950986252
0.360430364614465
0.0950986252241485
0.225702331141662
0.176210400478183
0.684877465630604
9.32946802151823
0.038732815301853
0.196832038254633
0.011237298266587
0.222952779438136
0.341183502689779
0.17071129707113
0.159713090257023
0.319187089061566
0.275194261805141
0.209205020920502
0.563897190675433
0.442916915720262
0.184459055588763
0.310938433950986
0.236700537955768
0.297190675433353
0.638135086670651
0.431918708906157
0.0717274357441721
0.29994022713688
0.525403466826061
0.222952779438135
0.0469814704124328
0.255947399880454
0.951583980872684
0.101972504482965
0.261446503287507
0.261446503287507
0.233950986252241
0.511655708308428
0.30818888224746
1.48774656306037
0.407172743574417
0.129468021518231
0.272444710101614
0.258696951583981
0.189958158995816
0.242199641362821
0.382426778242678
0.0799760908547519
0.368679019725045
0.198206814106396
0.198206814106396
2.32910938433951
1.08631201434549
0.29994022713688
0.500657501494322
0.140466228332337
0.264196054991034
0.173460848774656
0.481410639569635
0.277943813508667
0.176210400478183
0.15421398684997
0.228451882845188
0.286192468619247
0.247698744769874
0.225702331141662
0.264196054991034
0.371428571428571
0.137716676628811
0.255947399880454
0.506156604901375
0.396174536760311
0.250448296473401
0.368679019725045
0.250448296473401
0.530902570233114
0.404423191870891
0.349432157800359
0.0139868499701136
0.236700537955768
0.140466228332337
0.00298864315600717
0.14596533173939
0.555648535564853
0.70412432755529
0.0937238493723849
0.0579796772265391
0.104722056186491
0.294441123729827
0.382426778242678
0.198206814106396
0.379677226539151
0.275194261805141
0.265570830842797
0.148714883442917
0.173460848774656
0.0579796772265391
0.261446503287507
0.519904363419008
0.140466228332337
0.42092050209205
0.407172743574417
19.6512851165571
0.624387328153018
0.616138673042439
0.297190675433353
4.91918708906157
0.294441123729827
0.0469814704124328
0.115720263000598
0.360430364614465
0.0222355050806934
0.209205020920502
0.385176329946204
0.561147638971907
0.255947399880454
1.04506873879259
0.253197848176928
0.0827256425582785
0.110221159593545
0.0442319187089062
0.783861326957561
0.220203227734608
0.066228332337119
0.225702331141662
0.319187089061566
0.198206814106396
0.440167364016736
1.03682008368201
0.363179916317992
0.486909742976688
0.132217573221757
0.126718469814704
0.451165570830843
0.0469814704124328
0.55839808726838
0.327435744172146
0.258696951583981
0.514405260011955
0.28344291691572
0.280693365212194
0.324686192468619
0.156963538553497
0.646383741781231
0.178959952181709
0.206455469216976
0.286192468619247
0.132217573221757
0.748117154811715
0.2916915720263
0.222952779438135
0.140466228332337
0.258696951583981
0.280693365212194
0.29994022713688
0.525403466826061
0.143215780035864
0.101972504482965
0.011237298266587
0.165212193664077
0.0414823670053796
0.220203227734608
0.236700537955768
0.495158398087268
0.816855947399881
1.63622235505081
0.385176329946204
0.134967124925284
0.448416019127316
0.371428571428571
0.588643156007173
0.805857740585774
0.0882247459653317
0.200956365809922
0.423670053795577
0.30818888224746
2.13389121338912
0.500657501494322
0.547399880454274
0.305439330543933
0.0854751942618051
0.176210400478183
0.247698744769874
0.297190675433353
0.0799760908547519
0.517154811715481
0.0882247459653317
0.294441123729827
0.242199641362821
0.352181709503885
0.423670053795577
0.398924088463837
0.173460848774656
0.181709503885236
0.588643156007173
0.258696951583981
0.28344291691572
0.0552301255230126
0.14596533173939
4.38027495517035
0.28344291691572
0.184459055588763
0.264196054991034
1.64172145845786
0.286192468619247
0.269695158398087
0.181709503885236
0.052480573819486
0.371428571428571
0.5501494321578
0.440167364016736
0.159713090257023
0.129468021518231
0.349432157800359
0.200956365809922
0.401673640167364
0.222952779438135
0.233950986252241
0.178959952181709
0.390675433353258
0.618888224745965
0.0497310221159594
0.921338912133891
0.0744769874476987
0.14596533173939
0.495158398087268
0.137716676628811
0.222952779438135
0.613389121338912
0.374178123132098
0.434668260609683
1.02032277346085
0.15421398684997
0.935086670651524
0.228451882845188
0.42092050209205
0.181709503885236
0.272444710101614
3.55265989240885
0.492408846383742
1.4904961147639
0.0194859533771668
0.0937238493723849
0.393424985056784
0.294441123729827
0.0854751942618051
0.409922295277944
0.110221159593545
0.200956365809922
0.792109982068141
0.272444710101614
0.244949193066348
0.178959952181709
0.816855947399881
1.38326359832636
0.112970711297071
0.357680812910938
0.500657501494322
0.239450089659295
0.148714883442917
0.231201434548715
0.583144052600119
0.286192468619247
0.310938433950986
0.346682606096832
0.29994022713688
0.0717274357441721
0.101972504482965
0.231201434548715
0.354931261207412
0.390675433353258
0.250448296473401
1.12205618649133
0.376927674835625
0.585893604303646
0.192707710699342
0.266945606694561
0.0359832635983264
0.371428571428571
0.330185295875672
0.156963538553497
0.038732815301853
0.342558278541542
0.297190675433353
0.225702331141662
0.253197848176928
0.228451882845188
0.220203227734608
0.365929468021518
0.885594739988045
0.244949193066348
0.376927674835625
0.112970711297071
0.233950986252241
0.335684399282726
0.442916915720263
0.511655708308428
0.14596533173939
0.277943813508667
0.426419605499103
0.888344291691572
0.038732815301853
0.0222355050806934
0.385176329946204
0.0579796772265391
0.286192468619247
0.173460848774656
0.368679019725045
0.297190675433353
0.148714883442917
0.591392707710699
0.464913329348476
1.97716676628811
0.0937238493723849
0.376927674835625
0.407172743574417
0.211954572624029
0.16246264196055
0.181709503885236
0.15421398684997
0.206455469216976
0.066228332337119
0.253197848176928
0.305439330543933
0.363179916317992
0.0359832635983264
0.379677226539151
0.55839808726838
0.112970711297071
0.159713090257023
0.209205020920502
0.2916915720263
0.269695158398087
0.591392707710699
0.165212193664077
0.104722056186491
0.0497310221159594
0.275194261805141
0.176210400478183
0.0799760908547519
0.409922295277944
0.489659294680215
0.233950986252241
0.156963538553497
0.16246264196055
0.236700537955768
0.0964734010759115
0.148714883442917
0.288942020322773
0.335684399282726
0.0332337118947998
0.011237298266587
0.132217573221757
0.44566646742379
0.393424985056784
0.255947399880454
1.69946204423192
0.84160191273162
0.385176329946204
0.0579796772265391
0.346682606096832
0.335684399282726
0.176210400478183
0.453915122534369
0.398924088463837
0.389300657501494
0.646383741781231
0.382426778242678
0.00298864315600717
0.189958158995816
0.038732815301853
0.280693365212194
0.657381948595338
0.440167364016736
0.563897190675433
0.385176329946204
0.066228332337119
0.211954572624029
0.159713090257023
0.30818888224746
0.511655708308428
0.415421398684997
0.646383741781231
0.198206814106396
0.533652121936641
0.640884638374178
0.0799760908547519
0.924088463837418
0.198206814106396
0.0442319187089062
0.486909742976688
0.459414225941423
0.451165570830843
0.165212193664077
0.236700537955768
0.14596533173939
0.0222355050806934
0.264196054991034
0.217453676031082
0.467662881052002
0.261446503287507
0.335684399282726
0.123968918111178
0.110221159593545
0.382426778242678
0.456664674237896
0.066228332337119
0.140466228332337
0.28344291691572
0.178959952181709
0.346682606096832
0.709623430962343
0.0497310221159594
0.286192468619247
0.0854751942618051
0.684877465630604
0.277943813508667
0.321936640765093
0.552898983861327
0.319187089061566
0.178959952181709
0.15421398684997
0.981829049611476
0.066228332337119
0.462163777644949
0.467662881052002
0.374178123132098
0.440167364016736
0.379677226539151
0.475911536162582
0.822355050806934
0.0992229527794381
0.101972504482965
0.376927674835625
0.893843395098625
0.676628810520024
0.288942020322773
0.409922295277944
0.349432157800359
0.247698744769874
0.220203227734608
0.222952779438135
0.107471607890018
0.134967124925284
0.195457262402869
0.56664674237896
0.126718469814704
0.640884638374178
0.335684399282726
0.492408846383742
0.621637776449492
0.30818888224746
0.335684399282726
0.374178123132098
0.459414225941423
1.12755528989839
0.126718469814704
0.129468021518231
0.277943813508667
0.181709503885236
0.434668260609683
0.14596533173939
0.346682606096832
0.101972504482965
0.123968918111178
0.0634787806335923
0.363179916317992
0.580394500896593
0.0827256425582785
0.15421398684997
1.48224745965332
0.0799760908547519
0.371428571428571
0.0414823670053796
0.218828451882845
0.286192468619247
0.536401673640167
0.761864913329348
0.110221159593545
0.151464435146444
0.726120741183503
0.15421398684997
0.316437537358039
0.379677226539151
0.401673640167364
0.236700537955768
0.052480573819486
0.354931261207412
0.346682606096832
0.305439330543933
0.17071129707113
0.926838015540944
0.915839808726838
0.209205020920502
0.195457262402869
0.165212193664077
0.415421398684997
0.360430364614465
0.297190675433353
0.640884638374178
0.126718469814704
0.467662881052002
0.181709503885236
0.200956365809922
0.233950986252241
0.390675433353258
0.178959952181709
1.81769276748356
0.275194261805141
0.44566646742379
0.484160191273162
0.132217573221757
0.374178123132098
0.211954572624029
0.475911536162582
0.310938433950986
0.723371189479976
0.456664674237896
0.0332337118947998
0.506156604901375
1.9249252839211
0.613389121338912
0.68762701733413
0.398924088463837
0.206455469216976
0.343933054393305
0.646383741781231
0.363179916317992
0.310938433950986
0.44566646742379
0.148714883442917
0.588643156007173
0.110221159593545
0.0799760908547519
0.357680812910938
0.599641362821279
0.222952779438135
0.624387328153018
0.0469814704124328
0.0854751942618051
1.76270173341303
0.0414823670053796
0.17071129707113
0.0277346084877466
1.16329946204423
0.332934847579199
0.305439330543933
0.233950986252241
0.338433950986252
0.514405260011955
0.181709503885236
0.277943813508667
0.2916915720263
0.178959952181709
0.745367603108189
0.346682606096832
0.038732815301853
0.451165570830843
0.236700537955768
0.148714883442917
0.583144052600119
0.236700537955768
0.156963538553497
0.277943813508667
0.0992229527794381
0.214704124327555
0.305439330543933
0.434668260609683
0.195457262402869
0.104722056186491
0.176210400478183
0.478661087866109
0.107471607890018
2.73329348475792
0.272444710101614
0.173460848774656
2.0898983861327
0.110221159593545
0.242199641362821
0.0579796772265391
0.143215780035864
0.646383741781231
0.426419605499103
0.407172743574417
0.266945606694561
0.258696951583981
0.14596533173939
0.327435744172146
0.313687985654513
0.352181709503885
0.305439330543933
0.176210400478183
0.467662881052002
0.385176329946204
0.357680812910938
1.12755528989839
0.404423191870891
0.242199641362821
0.596891811117752
0.533652121936641
0.192707710699342
0.319187089061566
0.693126120741183
0.310938433950986
0.233950986252241
0.178959952181709
0.0607292289300657
0.547399880454274
0.266945606694561
0.247698744769874
0.385176329946204
0.459414225941423
0.137716676628811
0.321936640765093
0.434668260609683
0.396174536760311
0.572145845786013
1.16054991034071
8.06192468619247
0.316437537358039
0.217453676031082
0.29994022713688
0.0194859533771668
0.371428571428571
3.981589958159
0.233950986252241
0.222952779438135
0.0882247459653317
0.0909742976688584
0.0827256425582785
0.137716676628811
0.0937238493723849
0.418170950388524
2.46658696951584
0.165212193664077
0.121219366407651
0.101972504482965
0.115720263000598
0.462163777644949
0.415421398684997
0.330185295875672
0.288942020322773
0.250448296473401
0.066228332337119
0.0909742976688584
0.0414823670053796
0.176210400478183
0.335684399282726
0.770113568439928
0.107471607890018
0.231201434548715
0.71237298266587
0.244949193066348
0.313687985654513
0.407172743574417
0.335684399282726
0.280693365212194
0.0579796772265391
0.118469814704124
0.0497310221159594
1.87268380155409
0.2916915720263
0.288942020322773
0.118469814704124
0.165212193664077
0.357680812910938
0.341183502689779
0.00573819485953378
0.360430364614465
0.387925881649731
0.55839808726838
0.643634190077705
0.206455469216976
0.0854751942618051
0.0799760908547519
0.346682606096832
0.137716676628811
0.528153018529588
0.181709503885236
0.148714883442917
0.255947399880454
0.341183502689779
0.0827256425582785
0.220203227734608
0.0689778840406455
0.250448296473401
1.09731022115959
0.137716676628811
1.37501494321578
0.181709503885236
0.0607292289300657
0.189958158995816
0.302689778840406
0.415421398684997
0.484160191273162
1.87543335325762
0.156963538553497
0.233950986252241
0.286192468619247
0.0854751942618051
0.206455469216976
0.200956365809922
0.379677226539151
0.104722056186491
0.346682606096832
0.313687985654513
0.137716676628811
0.143215780035864
0.404423191870891
0.129468021518231
1.29252839210998
0.701374775851763
0.0222355050806934
0.739868499701136
0.324686192468619
0.489659294680215
0.354931261207412
1.88918111177525
0.360430364614465
0.110221159593545
0.313687985654513
0.346682606096832
0.217453676031082
0.222952779438135
0.0882247459653317
0.255947399880454
0.0909742976688584
0.156963538553497
0.316437537358039
0.244949193066348
0.434668260609683
0.467662881052002
0.220203227734608
0.0607292289300657
0.277943813508667
0.869097429766886
0.0414823670053796
0.165212193664077
0.346682606096832
0.371428571428571
0.492408846383742
0.198206814106396
0.165212193664077
0.167961745367603
0.228451882845188
0.321936640765093
0.225702331141662
0.129468021518231
0.503407053197848
0.156963538553497
0.066228332337119
0.16246264196055
1.47949790794979
0.151464435146444
0.332934847579199
0.478661087866109
0.189958158995816
0.143215780035864
1.03956963538554
0.357680812910938
0.255947399880454
0.525403466826061
0.453915122534369
0.0992229527794381
1.43000597728631
0.206455469216976
0.459414225941423
0.132217573221757
0.819605499103407
0.552898983861327
0.360430364614465
0.365929468021518
0.0442319187089062
0.239450089659295
0.310938433950986
0.629886431560072
0.2916915720263
0.346682606096832
0.511655708308428
0.14596533173939
0.0772265391512253
0.228451882845188
0.418170950388524
1.16329946204423
1.03407053197848
2.18888224745965
0.321936640765092
0.288942020322773
0.198206814106396
0.112970711297071
0.231201434548715
0.101972504482965
0.0552301255230126
1.12618051404662
1.24853556485356
0.409922295277944
0.165212193664077
0.297190675433353
0.244949193066348
0.346682606096832
0.126718469814704
0.706873879258816
0.192707710699342
0.184459055588763
0.365929468021518
0.469037656903766
0.580394500896593
0.396174536760311
0.951583980872684
0.126718469814704
0.148714883442917
0.739868499701136
0.0277346084877466
0.198206814106396
0.107471607890018
0.137716676628811
0.541900777047221
0.470412432755529
0.123968918111178
0.401673640167364
0.29994022713688
0.385176329946204
0.214704124327555
0.451165570830843
0.280693365212194
0.434668260609683
0.203705917513449
0.955708308427974
0.0222355050806934
0.00848774656306037
0.533652121936641
0.42092050209205
0.71237298266587
0.211954572624029
0.200956365809922
0.173460848774656
0.365929468021518
0.200956365809922
0.0717274357441721
0.253197848176928
0.0359832635983264
0.217453676031082
0.682127913927077
0.404423191870891
0.363179916317992
0.481410639569635
0.313687985654513
0.690376569037656
0.0277346084877466
0.409922295277944
0.368679019725045
0.297190675433353
0.310938433950986
0.30818888224746
0.038732815301853
1.42450687387926
0.17071129707113
0.717872086072923
0.530902570233114
0.275194261805141
0.231201434548715
0.302689778840406
1.49324566646742
0.0607292289300657
0.126718469814704
0.209205020920502
0.269695158398087
1.35301852958757
0.0799760908547519
0.352181709503885
0.198206814106396
0.41267184698147
0.451165570830843
0.431918708906157
0.126718469814704
0.0992229527794381
0.209205020920502
0.57489539748954
0.214704124327555
0.121219366407651
0.165212193664077
0.451165570830843
1.05606694560669
0.341183502689779
0.0139868499701136
0.233950986252241
0.242199641362821
0.0909742976688584
0.464913329348476
0.41267184698147
0.286192468619247
0.220203227734608
0.332934847579199
0.346682606096832
0.266945606694561
0.17071129707113
0.066228332337119
0.354931261207412
0.880095636580992
0.357680812910938
0.0909742976688584
1.38601315002989
0.132217573221757
0.305439330543933
0.423670053795577
0.0304841601912732
0.123968918111178
0.220203227734608
0.143215780035864
1.22653915122534
1.30352659892409
0.332934847579199
0.15421398684997
0.247698744769874
0.957083084279737
0.0854751942618051
0.209205020920502
0.819605499103407
0.423670053795577
0.495158398087268
0.231201434548715
0.173460848774656
0.753616258218769
0.745367603108189
0.112970711297071
0.632635983263598
0.42092050209205
0.365929468021518
0.277943813508667
0.129468021518231
0.819605499103407
0.418170950388524
0.180334728033473
0.602390914524806
0.379677226539151
0.184459055588763
0.0937238493723849
0.668380155409444
0.15421398684997
0.286192468619247
0.220203227734608
0.326060968320383
0.324686192468619
1.15780035863718
0.442916915720263
0.0909742976688584
0.415421398684997
0.338433950986252
0.98732815301853
0.275194261805141
0.255947399880454
0.396174536760311
0.173460848774656
0.129468021518231
0.239450089659295
0.132217573221757
0.187208607292289
0.222952779438135
0.264196054991034
0.206455469216976
0.00298864315600717
0.536401673640167
0.28344291691572
0.605140466228332
0.0277346084877466
0.453915122534369
0.280693365212194
0.255947399880454
0.0882247459653317
0.352181709503885
0.203705917513449
0.541900777047221
0.396174536760311
0.220203227734608
0.297190675433353
0.266945606694561
0.214704124327555
0.442916915720263
0.374178123132098
0.731619844590556
0.0442319187089062
0.423670053795577
0.159713090257023
0.0552301255230126
0.258696951583981
0.0579796772265391
0.401673640167364
0.272444710101614
0.0992229527794381
2.09264793783622
0.602390914524806
0.0882247459653317
0.368679019725045
0.563897190675433
0.398924088463837
0.71237298266587
0.280693365212194
0.316437537358039
0.0194859533771668
0.176210400478183
0.151464435146444
0.26694560669456
0.0222355050806934
0.272444710101614
0.750866706515242
0.156963538553497
0.244949193066348
0.456664674237896
0.316437537358039
0.198206814106396
1.32002390914525
0.341183502689779
1.64722056186491
0.198206814106396
0.863598326359833
0.203705917513449
0.440167364016736
0.679378362223553
1.29527794381351
0.519904363419008
0.734369396294082
0.192707710699342
0.011237298266587
0.43741781231321
0.258696951583981
0.178959952181709
0.390675433353258
0.352181709503885
0.357680812910938
0.206455469216976
0.302689778840406
0.228451882845188
0.96258218768679
0.206455469216976
0.239450089659295
0.374178123132098
0.398924088463837
0.70412432755529
0.140466228332337
0.184459055588763
0.258696951583981
0.29994022713688
0.541900777047221
0.30818888224746
0.313687985654513
0.115720263000598
0.176210400478183
0.316437537358039
0.288942020322773
0.335684399282726
0.41267184698147
0.682127913927077
0.385176329946204
16.1043634190078
0.28344291691572
1.65546921697549
0.280693365212194
0.203705917513449
0.607890017931859
0.599641362821279
0.882845188284519
0.242199641362821
0.195457262402869
0.220203227734608
0.104722056186491
0.2916915720263
0.255947399880454
0.209205020920502
2.10364614465033
0.0139868499701136
0.101972504482965
0.165212193664077
1.03132098027496
0.316437537358039
0.495158398087268
0.02498505678422
0.236700537955768
0.294441123729827
3.34919306634788
0.231201434548715
0.00848774656306037
0.396174536760311
0.28344291691572
0.286192468619247
0.698625224148237
0.401673640167364
0.343933054393305
0.123968918111178
0.739868499701136
1.26778242677824
0.0414823670053796
0.264196054991034
0.288942020322773
0.0937238493723849
0.277943813508667
0.376927674835625
0.206455469216976
0.522653915122534
0.242199641362821
0.244949193066348
0.132217573221757
0.28344291691572
0.236700537955768
0.233950986252241
0.123968918111178
0.830603705917513
0.176210400478183
0.110221159593545
0.0882247459653317
0.264196054991034
0.453915122534369
0.0167364016736402
0.261446503287507
0.288942020322773
0.877346084877466
0.29994022713688
0.662881052002391
0.42092050209205
0.302689778840406
0.995576808129109
0.772863120143455
0.104722056186491
0.110221159593545
0.335684399282726
0.156963538553497
0.17071129707113
0.352181709503885
0.214704124327555
0.781111775254035
0.440167364016736
0.298565451285116
0.173460848774656
0.404423191870891
0.110221159593545
0.349432157800359
0.115720263000598
0.321936640765093
0.621637776449492
0.17071129707113
0.354931261207412
0.330185295875672
0.198206814106396
0.41267184698147
0.110221159593545
0.250448296473401
0.30818888224746
0.184459055588763
0.247698744769874
0.442916915720263
0.486909742976688
0.038732815301853
0.396174536760311
0.284817692767483
0.209205020920502
0.522653915122534
0.156963538553497
0.709623430962343
0.0442319187089062
0.02498505678422
0.165212193664077
0.137716676628811
0.272444710101614
0.173460848774656
0.973580394500897
0.382426778242678
0.101972504482965
0.140466228332337
0.187208607292289
0.255947399880454
0.55839808726838
0.357680812910938
0.132217573221757
0.349432157800359
0.101972504482965
0.187208607292289
0.0772265391512253
0.387925881649731
0.294441123729827
0.167961745367603
0.187208607292289
0.15421398684997
0.134967124925284
0.176210400478183
0.222952779438135
1.43550508069337
0.497907949790795
0.44566646742379
0.475911536162582
0.0332337118947998
0.0634787806335923
0.137716676628811
0.440167364016736
0.264196054991034
0.533652121936641
1.03682008368201
0.220203227734608
0.629886431560072
0.28344291691572
0.264196054991034
0.503407053197848
0.286192468619247
0.343933054393305
0.360430364614465
0.481410639569635
0.464913329348476
1.00932456664674
1.28977884040646
0.30818888224746
0.286192468619247
0.110221159593545
0.409922295277944
0.775612671846982
0.715122534369396
0.220203227734608
0.244949193066348
0.869097429766886
0.56664674237896
0.690376569037657
1.3255230125523
0.423670053795577
0.129468021518231
0.110221159593545
0.426419605499103
0.68762701733413
0.137716676628811
11.4163777644949
0.250448296473401
0.250448296473401
0.327435744172146
0.209205020920502
0.321936640765093
0.264196054991034
0.97907949790795
0.0414823670053796
0.404423191870891
0.104722056186491
0.286192468619247
0.17071129707113
0.203705917513449
0.0937238493723849
0.453915122534369
0.134967124925284
0.239450089659295
0.0469814704124328
0.0634787806335923
0.286192468619247
0.310938433950986
0.28344291691572
0.0744769874476987
0.211954572624029
0.407172743574417
0.343933054393305
0.217453676031082
0.44566646742379
0.409922295277944
0.316437537358039
0.354931261207412
0.346682606096832
0.422295277943813
0.357680812910938
0.0607292289300657
0.503407053197848
0.495158398087268
0.242199641362821
0.0964734010759115
0.638135086670651
0.583144052600119
0.316437537358039
0.0222355050806934
0.401673640167364
0.426419605499103
0.264196054991034
0.277943813508667
0.104722056186491
0.280693365212194
0.15421398684997
0.272444710101614
0.225702331141662
0.0497310221159594
0.134967124925284
0.0634787806335923
0.200956365809922
0.338433950986252
0.385176329946204
0.341183502689779
0.121219366407651
0.126718469814704
0.269695158398087
0.767364016736402
0.101972504482965
0.200956365809922
0.233950986252241
0.0442319187089062
0.134967124925284
0.277943813508667
0.134967124925284
0.129468021518231
0.275194261805141
0.181709503885236
0.539151225343694
0.222952779438135
0.294441123729827
0.255947399880454
0.385176329946204
0.272444710101614
0.258696951583981
0.266945606694561
0.0827256425582785
0.192707710699342
0.231201434548715
0.396174536760311
0.341183502689779
0.959832635983264
0.393424985056784
3.31069934249851
0.203705917513449
0.167961745367603
0.297190675433353
0.236700537955768
0.181709503885236
0.28344291691572
0.734369396294082
0.214704124327555
0.341183502689779
1.45612671846982
0.569396294082486
0.385176329946204
0.460789001793186
0.335684399282726
0.360430364614465
0.203705917513449
0.118469814704124
0.231201434548715
0.332934847579199
0.706873879258816
0.338433950986252
0.251823072325164
0.297190675433353
0.236700537955768
0.200956365809922
0.107471607890018
0.0827256425582785
0.176210400478183
0.0634787806335923
0.189958158995816
0.0909742976688584
0.247698744769874
0.42916915720263
0.690376569037657
0.132217573221757
0.275194261805141
0.995576808129109
0.379677226539151
0.00848774656306037
0.244949193066348
0.189958158995816
0.195457262402869
0.205768081291094
0.255947399880454
0.365929468021518
0.189958158995816
0.211954572624029
0.239450089659295
0.706873879258816
0.239450089659295
0.192707710699342
0.121219366407651
0.555648535564853
0.217453676031082
0.126718469814704
0.242199641362821
0.066228332337119
0.225702331141662
0.239450089659295
0.0772265391512253
0.16246264196055
0.407172743574417
0.228451882845188
0.134967124925284
0.0304841601912732
0.206455469216976
0.266945606694561
0.555648535564853
0.910340705319785
0.02498505678422
0.43741781231321
0.217453676031082
0.000239091452480579
0.250448296473401
0.514405260011955
0.159713090257024
0.539151225343694
0.02498505678422
0.178959952181709
0.189958158995816
0.926838015540944
0.673879258816497
0.121219366407651
0.14596533173939
0.173460848774656
18.1445307830245
0.418170950388524
0.753616258218769
0.552898983861327
0.500657501494322
0.709623430962343
0.266945606694561
0.440167364016736
0.706873879258816
0.365929468021518
0.00573819485953378
0.140466228332337
0.286192468619247
0.396174536760311
0.684877465630604
0.431918708906157
6.39844590555888
0.225702331141662
0.107471607890018
0.200956365809922
0.423670053795577
0.698625224148237
0.231201434548715
0.332934847579199
0.544650328750747
0.0497310221159594
0.272444710101614
0.992827256425583
0.478661087866109
0.187208607292289
0.0552301255230126
0.643634190077705
0.470412432755529
0.189958158995816
1.06156604901375
0.313687985654513
1.56473401075912
0.536401673640167
0.797609085475194
0.195457262402869
0.233950986252241
0.29994022713688
2.70854751942618
0.319187089061566
0.129468021518231
0.376927674835625
0.203705917513449
0.297190675433353
0.115720263000598
0.173460848774656
0.0964734010759115
0.134967124925284
0.822355050806934
0.233950986252241
0.231201434548715
0.302689778840406
0.610639569635385
0.066228332337119
0.0607292289300657
0.137716676628811
0.478661087866109
0.126718469814704
0.343933054393305
0.17071129707113
0.231201434548715
0.217453676031082
0.665630603705917
0.0854751942618051
0.112970711297071
0.371428571428571
0.470412432755529
0.16246264196055
4.65248057381948
0.42916915720263
1.03407053197848
0.233950986252241
0.206455469216976
0.250448296473401
0.0992229527794381
0.132217573221757
0.891093843395099
0.0909742976688584
0.0167364016736402
0.192707710699342
0.734369396294082
0.409922295277944
0.16246264196055
0.442916915720263
0.539151225343694
0.365929468021518
0.110221159593545
0.943335325762104
0.0634787806335923
0.165212193664077
0.569396294082486
0.206455469216976
0.0469814704124328
0.165212193664077
0.187208607292289
0.214704124327555
0.42916915720263
0.464913329348476
0.112970711297071
0.129468021518231
1.16329946204423
1.62797369994023
0.594142259414226
0.357680812910938
0.217453676031082
0.440167364016736
0.203705917513449
0.352181709503885
0.0497310221159594
0.627136879856545
0.357680812910938
0.0964734010759115
1.07531380753138
0.371428571428571
0.302689778840406
0.15421398684997
0.343933054393305
1.30352659892409
0.280693365212194
0.525403466826061
0.484160191273162
0.294441123729827
0.211954572624029
0.690376569037657
1.20729228930066
0.0442319187089062
0.41267184698147
0.464913329348476
0.44566646742379
0.217453676031082
0.261446503287507
1.12480573819486
0.511655708308428
0.266945606694561
0.57489539748954
0.822355050806934
0.486909742976688
0.332934847579199
0.126718469814704
0.310938433950986
0.118469814704124
0.123968918111178
0.368679019725045
0.533652121936641
0.486909742976688
0.151464435146444
0.206455469216976
0.255947399880454
0.272444710101614
0.247698744769874
0.217453676031082
0.0909742976688584
0.266945606694561
0.272444710101614
1.71595935445308
0.180334728033473
0.178959952181709
0.156963538553497
0.541900777047221
0.398924088463837
0.214704124327555
0.42092050209205
0.8498505678422
0.159713090257023
0.459414225941423
0.376927674835625
0.572145845786013
0.30818888224746
0.772863120143455
1.55098625224148
0.349432157800359
0.308188882247459
0.261446503287507
0.0744769874476987
0.517154811715481
0.0992229527794381
0.352181709503885
0.794859533771668
0.577644949193066
0.0744769874476987
0.371428571428571
0.327435744172146
0.264196054991034
0.242199641362821
0.151464435146444
0.489659294680215
0.327435744172146
0.225702331141662
0.327435744172146
0.195457262402869
0.0772265391512253
0.195457262402869
0.0139868499701136
0.0167364016736402
0.0717274357441721
0.506156604901375
0.184459055588763
0.57489539748954
0.294441123729827
0.115720263000598
0.442916915720263
0.211954572624029
0.646383741781231
0.0964734010759115
0.266945606694561
0.404423191870891
0.475911536162582
0.15421398684997
0.203705917513449
0.17071129707113
0.948834429169157
0.261446503287507
0.294441123729827
0.209205020920502
0.011237298266587
0.739868499701136
0.203705917513449
0.0882247459653317
0.530902570233114
0.167961745367603
1.36126718469815
0.506156604901375
0.101972504482965
0.530902570233114
0.159713090257023
0.214704124327555
0.475911536162582
0.0799760908547519
0.140466228332337
0.277943813508667
0.195457262402869
0.561147638971907
0.43741781231321
0.253197848176928
0.233950986252241
0.200956365809922
0.167961745367603
0.200956365809922
0.214704124327555
0.244949193066348
0.137716676628811
1.5839808726838
1.46300059772863
2.23287507471608
0.280693365212194
0.244949193066348
0.97907949790795
0.187208607292289
0.165212193664077
0.272444710101614
0.173460848774656
0.30818888224746
0.176210400478183
0.528153018529588
0.255947399880454
0.514405260011955
0.264196054991034
0.134967124925284
0.198206814106396
0.107471607890018
0.167961745367603
0.506156604901375
0.877346084877466
1.68296473401076
0.192707710699342
0.385176329946204
0.503407053197848
0.203705917513449
0.349432157800359
0.104722056186491
0.352181709503885
0.816855947399881
0.222952779438135
0.266945606694561
0.257322175732217
0.409922295277944
0.569396294082486
6.15923490735206
0.137716676628811
0.313687985654513
0.354931261207412
0.30818888224746
0.222952779438135
0.302689778840406
0.385176329946204
0.115720263000598
0.143215780035864
0.184459055588763
0.0992229527794381
0.302689778840406
8.17053197848178
0.225702331141662
0.723371189479976
0.129468021518231
0.14596533173939
0.255947399880454
0.247698744769874
0.176210400478183
1.96341900777047
0.497907949790795
0.0827256425582785
0.41267184698147
0.247698744769874
0.42916915720263
0.324686192468619
0.335684399282726
0.112970711297071
0.02498505678422
0.288942020322773
0.187208607292289
0.363179916317992
0.382426778242678
0.0359832635983264
0.189958158995816
0.864973102211598
0.0964734010759115
0.16246264196055
0.167961745367603
0.294441123729827
2.5655708308428
0.346682606096832
0.228451882845188
0.15421398684997
0.368679019725045
0.261446503287507
0.0414823670053796
0.156963538553497
0.189958158995816
0.261446503287507
0.649133293484758
0.266945606694561
0.184459055588763
0.272444710101614
0.203705917513449
0.470412432755529
0.858099222952779
0.148714883442917
0.385176329946204
0.365929468021518
0.357680812910938
0.368679019725045
0.115720263000598
