0.104722056186491
0.899342498505678
0.775612671846982
1.08906156604901
1.04506873879259
1.27053197848177
0.750866706515242
1.69946204423192
1.10555887627017
0.759115361625822
0.97083084279737
0.503407053197848
1.16879856545129
1.58947997609085
1.60597728631201
1.56473401075912
1.8836820083682
1.21829049611476
1.15230125523013
0.855349671249253
0.665630603705917
0.932337118947998
1.32827256425583
0.915839808726838
0.684877465630604
1.95517035265989
0.852600119545726
1.94417214584579
2.21637776449492
1.2732815301853
1.00107591153616
1.12205618649133
1.30352659892409
1.32277346084877
0.973580394500897
1.23478780633592
0.984578601315003
1.33652121936641
0.95433353257621
0.973580394500897
1.82869097429767
0.0937238493723849
2.49408248655111
1.67746563060371
0.492408846383742
1.31177525403467
0.858099222952779
0.624387328153018
1.43825463239689
1.96891811117753
1.8836820083682
0.577644949193066
1.06431560071727
0.959832635983264
0.98732815301853
0.728870292887029
1.61147638971907
2.28511655708308
0.594142259414226
1.32002390914525
0.932337118947998
1.87543335325762
1.32827256425583
1.95242080095637
1.32002390914525
0.98732815301853
0.805857740585774
1.73245666467424
1.60872683801554
1.65271966527197
1.55373580394501
0.753616258218769
1.11655708308428
1.41625821876868
1.0148236700538
1.10280932456665
0.662881052002391
0.775612671846982
0.673879258816497
1.59222952779438
1.59497907949791
0.778362223550508
1.40526001195457
1.05331739390317
1.57023311416617
1.48774656306037
1.52624028690974
0.533652121936641
2.483084279737
1.21004184100418
1.14680215182307
1.10005977286312
1.0148236700538
0.731619844590556
0.585893604303646
0.918589360430365
0.783861326957561
1.29527794381351
3.05224148236701
1.22928870292887
0.937836222355051
1.35301852958757
0.918589360430365
0.880095636580992
1.22653915122534
2.12564255827854
0.880095636580992
3.68738792588165
1.0148236700538
1.03682008368201
0.759115361625822
0.440167364016736
0.748117154811715
2.07340107591154
1.32277346084877
0.552898983861327
1.39701135684399
1.81769276748356
0.976329946204423
0.646383741781231
1.03407053197848
1.86718469814704
0.995576808129109
1.97166766288105
1.30627615062762
2.09264793783622
1.08356246264196
1.18529587567244
1.06156604901375
0.585893604303646
1.43275552898984
0.561147638971907
1.86168559473999
1.43550508069337
1.22104004781829
1.79294680215182
2.04315600717274
1.86718469814704
1.20729228930066
1.39701135684399
0.440167364016736
1.25678421996414
1.30077704722056
0.995576808129109
1.89468021518231
1.27603108188882
1.13580394500897
1.03956963538554
1.61972504482965
1.966168559474
1.48499701135684
0.67937836222355
2.76078900179319
1.06431560071727
1.0258218768679
0.517154811715481
1.83419007770472
0.902092050209205
1.30077704722056
1.72145845786013
1.59772863120143
0.514405260011955
2.17238493723849
0.891093843395099
1.25403466826061
0.69587567244471
1.06981470412433
0.563897190675433
0.530902570233114
1.54548714883443
1.13855349671249
0.616138673042439
1.61972504482965
0.800358637178721
1.04506873879259
1.18804542737597
0.781111775254035
1.83419007770472
0.860848774656306
0.860848774656306
1.89193066347878
0.665630603705917
1.82319187089062
1.11655708308428
1.13030484160191
1.11655708308428
1.41900777047221
0.662881052002391
0.786610878661088
0.693126120741183
0.904841601912732
1.15780035863718
0.915839808726838
1.16054991034071
1.94417214584579
0.924088463837418
3.62964734010759
1.11105797967723
1.56473401075912
0.814106395696354
2.37585176329946
4.52325164375374
0.921338912133891
0.913090257023311
0.959832635983264
1.04231918708906
1.53448894202032
2.6590555887627
1.22928870292887
1.09731022115959
0.96258218768679
3.88535564853556
4.13006575014943
0.921338912133891
1.37776449491931
0.96258218768679
0.98732815301853
0.990077704722056
1.26778242677824
1.7489539748954
1.8424387328153
0.984578601315003
0.866347878063359
1.12480573819486
0.70412432755529
1.08631201434549
2.63156007172744
1.51249252839211
0.946084877465631
1.13855349671249
1.79294680215182
1.47399880454274
0.852600119545726
1.15780035863718
1.2842797369994
1.3255230125523
1.49599521817095
0.907591153616258
0.968081291093843
0.937836222355051
1.44100418410042
1.37776449491931
2.00191273161984
1.31727435744172
1.4904961147639
0.973580394500897
1.90017931858936
0.84160191273162
1.55648535564854
0.83335325762104
0.720621637776449
1.90017931858936
1.15230125523013
1.35026897788404
1.94967124925284
1.74345487148834
1.51799163179916
1.29252839210998
1.39151225343694
1.14405260011955
1.14130304841602
1.0148236700538
1.38876270173341
1.49874476987448
0.995576808129109
2.29336521219366
0.772863120143455
1.5839808726838
0.761864913329348
3.0934847579199
1.26503287507472
1.00932456664674
1.32827256425583
1.18804542737597
2.03765690376569
0.937836222355051
1.39151225343694
0.775612671846982
2.05140466228332
1.25128511655708
0.748117154811715
0.84160191273162
0.786610878661088
2.84877465630604
0.525403466826061
1.46849970113568
1.2842797369994
0.943335325762104
0.794859533771668
2.12289300657502
1.80944411237298
1.21279139270771
1.12755528989839
0.882845188284519
0.822355050806934
1.15780035863718
1.01207411835027
1.30902570233114
2.22737597130903
0.885594739988045
0.594142259414226
1.45750149432158
1.2732815301853
4.7157202630006
1.84793783622236
1.26503287507472
1.97716676628811
1.06981470412433
1.50699342498506
1.48499701135684
0.156963538553497
0.756365809922295
1.76545128511656
0.921338912133891
1.00382546323969
0.852600119545726
0.442916915720263
0.503407053197848
0.544650328750747
1.2017931858936
4.97967722653915
0.398924088463837
1.35851763299462
0.871846981470413
1.11105797967723
0.775612671846982
1.07531380753138
0.673879258816497
1.27053197848177
2.31536162582188
2.65080693365212
1.69946204423192
0.896592946802152
1.16054991034071
0.607890017931859
1.24853556485356
1.81219366407651
1.68021518230723
2.21087866108787
1.77644949193066
0.891093843395099
0.767364016736402
1.05331739390317
0.646383741781231
1.69671249252839
1.52624028690974
0.321936640765093
0.800358637178721
1.2320382546324
0.528153018529588
1.20729228930066
0.552898983861327
1.21829049611476
0.514405260011955
1.91942618051405
2.06240286909743
0.84160191273162
1.44650328750747
1.31452480573819
0.56664674237896
0.926838015540944
0.808607292289301
2.19163179916318
0.838852361028093
1.43825463239689
0.877346084877466
1.03682008368201
1.65821876867902
1.10005977286312
1.81769276748356
1.449252839211
1.06981470412433
1.501494321578
0.67937836222355
0.937836222355051
1.32277346084877
1.55373580394501
1.36401673640167
0.95433353257621
1.62797369994023
1.58123132098028
0.756365809922295
0.959832635983264
0.97083084279737
0.775612671846982
1.43000597728631
1.87818290496115
0.992827256425583
3.13197848176928
0.742618051404662
1.93867304243873
1.17979677226539
0.899342498505678
0.715122534369396
0.847101016138673
0.453915122534369
1.11105797967723
1.42725642558279
1.16879856545129
0.797609085475194
2.10914524805738
1.80669456066946
2.57381948595338
1.71046025104603
1.91667662881052
1.17704722056186
0.764614465032875
0.940585774058577
2.33460848774656
0.816855947399881
1.07806335923491
1.06431560071727
0.968081291093843
0.783861326957561
1.03682008368201
1.08356246264196
1.94967124925284
1.39976090854752
1.16329946204423
1.33102211595935
2.21912731619845
0.940585774058577
0.96258218768679
0.816855947399881
1.0258218768679
1.39426180514047
1.11655708308428
1.50424387328153
0.759115361625822
0.682127913927077
1.48774656306037
1.10280932456665
1.10555887627017
1.31452480573819
1.08631201434549
1.37776449491931
3.41793185893604
1.30902570233114
1.24853556485356
1.3255230125523
0.555648535564853
1.35851763299462
0.693126120741183
1.04506873879259
1.57023311416617
0.668380155409444
0.863598326359833
0.891093843395099
1.00107591153616
0.814106395696354
0.649133293484758
0.731619844590556
1.26778242677824
1.22928870292887
1.78469814704124
1.2732815301853
0.968081291093843
1.22653915122534
1.29252839210998
0.676628810520024
2.41984459055589
0.555648535564853
1.29802749551704
0.891093843395099
0.819605499103407
0.822355050806934
1.35851763299462
0.756365809922295
1.55373580394501
1.25403466826061
0.715122534369396
1.45750149432158
2.29336521219366
2.13389121338912
0.605140466228332
2.02115959354453
1.99916317991632
1.07256425582785
1.40251046025105
1.13580394500897
3.10448296473401
2.8350268977884
1.03132098027496
0.720621637776449
1.06981470412433
0.778362223550508
0.585893604303646
2.78553496712493
1.05606694560669
4.45176329946204
0.517154811715481
0.572145845786013
1.52898983861327
0.866347878063359
0.464913329348476
1.40526001195457
0.673879258816497
1.60047818290496
1.43275552898984
1.57848176927675
1.5729826658697
1.33927077106993
1.11105797967723
1.05881649731022
0.866347878063359
1.08906156604901
1.44375373580394
0.665630603705917
1.41625821876868
1.21554094441124
0.992827256425583
0.847101016138673
0.869097429766886
0.973580394500897
1.57848176927675
2.18063359234907
1.63622235505081
1.01207411835027
3.21996413628213
2.21637776449492
0.921338912133891
0.946084877465631
0.583144052600119
1.71320980274955
0.847101016138673
0.673879258816497
1.3667662881052
1.05881649731022
1.19354453078302
2.08439928272564
1.41075911536163
1.05056784219964
1.52624028690974
0.374178123132098
1.76545128511656
0.951583980872684
0.789360430364614
1.1083084279737
1.00107591153616
1.36126718469815
1.84518828451883
2.30161386730424
1.13030484160191
1.02307232516438
1.37501494321578
1.04781829049611
0.563897190675433
0.902092050209205
1.63347280334728
1.49324566646742
1.54548714883443
1.86443514644351
2.31536162582188
1.11380753138075
1.10005977286312
1.82319187089062
0.907591153616258
1.71595935445308
1.00382546323969
0.778362223550508
1.13855349671249
2.43359234907352
1.21279139270771
1.48499701135684
0.654632396891811
1.14405260011955
1.11655708308428
0.910340705319787
1.35301852958757
1.07806335923491
1.52074118350269
1.24028690974298
1.0148236700538
1.15230125523013
1.26778242677824
0.759115361625822
1.68846383741781
0.514405260011955
1.52624028690974
1.16054991034071
1.0670651524208
1.10280932456665
1.12755528989839
0.800358637178721
0.97907949790795
1.47399880454274
0.635385534967125
1.56198445905559
0.690376569037657
0.610639569635385
1.03407053197848
3.01099820681411
1.27053197848177
1.62247459653317
4.23454871488344
1.1495517035266
0.877346084877466
2.1833831440526
3.68738792588165
2.27961745367603
1.33652121936641
0.937836222355051
1.03956963538554
1.45750149432158
1.58947997609085
0.910340705319785
0.772863120143455
0.98732815301853
1.2732815301853
1.63622235505081
1.33102211595935
0.981829049611476
0.902092050209205
4.13556485355648
0.97083084279737
1.04506873879259
1.13580394500897
0.852600119545726
1.14680215182307
0.783861326957561
0.750866706515242
0.602390914524806
1.13030484160191
0.786610878661088
0.943335325762104
1.97441721458458
1.02307232516438
0.924088463837418
1.67746563060371
2.39784817692767
2.68105200239091
1.72145845786013
1.21279139270771
0.665630603705917
0.869097429766886
1.28977884040646
0.880095636580992
0.646383741781231
1.08081291093843
0.965331739390317
1.16329946204423
2.11189479976091
0.613389121338912
1.70496114763897
1.2320382546324
0.852600119545726
1.55098625224148
1.57023311416617
1.10280932456665
1.25403466826061
0.98732815301853
1.16604901374776
1.85893604303646
0.97083084279737
1.94417214584579
7.06933652121937
0.541900777047221
0.910340705319785
0.888344291691572
0.951583980872684
1.16329946204423
2.42259414225941
0.756365809922295
2.02665869695158
0.68762701733413
1.08081291093843
1.26778242677824
0.888344291691572
1.5839808726838
1.00107591153616
2.20537955768081
1.59497907949791
1.31177525403467
3.49216975493126
2.3593544530783
1.57573221757322
0.594142259414226
3.06323968918111
2.60956365809922
1.10555887627017
1.89193066347878
0.852600119545726
0.95433353257621
1.24578601315003
1.28702928870293
1.6252241482367
1.0258218768679
0.822355050806934
1.56198445905559
0.880095636580992
0.789360430364614
0.866347878063359
0.569396294082486
1.91942618051405
0.97083084279737
0.855349671249253
1.05331739390317
1.71595935445308
1.36951583980873
0.423670053795577
1.63072325164375
0.83335325762104
0.794859533771668
2.51607890017932
0.882845188284519
2.02940824865511
0.836102809324567
0.756365809922295
0.95433353257621
1.00107591153616
0.907591153616258
1.11380753138075
0.899342498505678
3.59115361625822
1.68296473401076
0.717872086072923
2.93401075911536
1.32827256425583
1.21829049611476
1.29527794381351
0.940585774058577
1.15505080693365
1.01207411835027
1.71046025104603
1.10280932456665
0.728870292887029
2.10914524805738
1.02032277346085
0.627136879856545
0.632635983263598
0.957083084279737
2.31536162582188
0.745367603108189
0.555648535564853
1.47124925283921
0.643634190077705
1.33652121936641
2.33185893604304
1.17979677226539
1.44375373580394
0.852600119545726
0.968081291093843
0.874596533173939
0.921338912133891
1.38326359832636
2.54907352062164
1.52624028690974
0.951583980872684
1.45475194261805
0.778362223550508
1.17154811715481
1.13580394500897
2.2768679019725
1.21829049611476
1.36126718469815
0.852600119545726
1.4080095636581
1.0670651524208
0.530902570233114
2.09264793783622
1.29252839210998
1.17979677226539
1.49874476987448
1.20454273759713
0.935086670651524
1.6252241482367
1.64997011356844
0.896592946802152
1.55648535564854
1.25128511655708
1.25953377166766
0.998326359832636
1.06156604901375
0.995576808129109
0.97907949790795
1.47949790794979
6.0602510460251
4.03933054393305
0.973580394500897
0.69587567244471
0.858099222952779
1.11930663478781
1.38326359832636
1.42175732217573
0.893843395098625
0.838852361028093
1.20729228930066
1.80669456066946
0.693126120741183
1.11105797967723
1.7077106993425
0.844351464435147
0.690376569037657
0.500657501494322
1.63072325164375
2.89826658696952
1.68571428571429
0.67937836222355
2.08164973102212
1.55373580394501
1.24028690974298
2.00466228332337
0.973580394500897
1.07256425582785
0.943335325762104
1.19629408248655
0.789360430364614
3.36843992827256
0.794859533771668
1.5729826658697
1.38051404662283
1.56198445905559
3.44267782426778
0.816855947399881
0.330185295875672
1.2320382546324
0.126718469814704
2.13114166168559
1.39976090854752
1.21004184100418
1.01207411835027
0.511655708308428
1.09181111775254
0.563897190675433
1.41900777047221
1.44650328750747
0.97083084279737
1.61697549312612
1.21004184100418
1.00657501494322
1.09456066945607
1.0258218768679
0.464913329348476
0.880095636580992
0.753616258218769
0.627136879856545
0.860848774656306
2.31536162582188
1.26228332337119
1.65271966527197
0.96258218768679
0.770113568439928
1.93317393903168
1.63072325164375
0.275194261805141
1.03132098027496
0.836102809324567
0.43741781231321
1.72970711297071
1.47124925283921
1.00107591153616
0.761864913329348
0.866347878063359
1.11105797967723
0.8498505678422
1.15230125523013
0.877346084877466
0.440167364016736
1.55648535564854
3.12922893006575
1.17704722056186
1.12755528989839
0.836102809324567
1.81494321578004
1.73795576808129
0.990077704722056
1.17429766885834
0.899342498505678
0.910340705319785
2.22187686790197
1.78744769874477
0.382426778242678
1.05881649731022
1.40526001195457
0.827854154213987
1.30627615062762
1.7077106993425
2.27136879856545
1.15505080693365
0.946084877465631
1.0148236700538
1.48224745965332
0.602390914524806
0.97907949790795
1.89193066347878
1.06431560071727
2.5765690376569
1.66371787208607
1.1083084279737
0.935086670651524
1.07256425582785
0.98732815301853
0.888344291691572
1.92767483562463
1.06431560071727
5.13915122534369
0.731619844590556
1.02032277346085
0.756365809922295
1.07531380753138
1.49874476987448
1.9249252839211
1.21004184100418
0.616138673042439
0.671129707112971
1.22378959952182
0.668380155409444
0.924088463837418
1.38326359832636
0.8498505678422
6.25821876867902
0.525403466826061
0.981829049611476
0.783861326957561
1.29252839210998
1.00107591153616
2.36760310818888
0.0744769874476987
5.39210998206814
0.775612671846982
0.684877465630604
1.93317393903168
0.888344291691572
1.05331739390317
0.838852361028093
1.13580394500897
1.19629408248655
0.902092050209205
1.81769276748356
1.64722056186491
2.01566049013748
0.877346084877466
1.72145845786013
0.789360430364614
1.28977884040646
1.41900777047221
0.506156604901375
3.90185295875672
1.24028690974298
0.731619844590556
0.786610878661088
1.25128511655708
1.24028690974298
1.28977884040646
1.55648535564854
0.84160191273162
2.67280334728033
1.02032277346085
1.39701135684399
1.30352659892409
0.778362223550508
1.17154811715481
0.786610878661088
1.48774656306037
1.35576808129109
1.24578601315003
1.12480573819486
1.83419007770472
0.481410639569635
0.478661087866109
1.32277346084877
0.629886431560072
1.87543335325762
1.25678421996414
1.15780035863718
1.14405260011955
2.16138673042439
1.7599521817095
1.09456066945607
1.36951583980873
0.484160191273162
1.04506873879259
0.698625224148237
6.11249252839211
0.803108188882247
1.26228332337119
1.50974297668858
2.11189479976091
0.844351464435147
1.67196652719665
0.965331739390317
0.910340705319785
0.860848774656306
1.8314405260012
1.35576808129109
0.767364016736402
0.891093843395099
1.12480573819486
1.13580394500897
0.888344291691572
1.90292887029289
1.21004184100418
0.959832635983264
1.29252839210998
0.794859533771668
1.3255230125523
1.94142259414226
0.902092050209205
0.885594739988045
0.97907949790795
1.15780035863718
0.973580394500897
1.64447101016139
0.640884638374178
0.203705917513449
1.22378959952182
1.46849970113568
1.41625821876868
0.629886431560072
1.48499701135684
1.08356246264196
1.22653915122534
1.88093245666467
0.709623430962343
1.10280932456665
1.16054991034071
1.11930663478781
0.585893604303646
0.951583980872684
0.946084877465631
2.38410041841004
1.75445307830245
1.35576808129109
1.76820083682008
1.12755528989839
0.434668260609683
0.98732815301853
1.6664674237896
1.05056784219964
0.981829049611476
1.26228332337119
0.646383741781231
1.73245666467424
1.97166766288105
2.55457262402869
1.32002390914525
1.13305439330544
0.891093843395099
2.12289300657502
0.871846981470413
0.902092050209205
1.56198445905559
1.04506873879259
1.17704722056186
1.25678421996414
0.528153018529588
1.41075911536163
0.858099222952779
1.82594142259414
0.97083084279737
0.891093843395099
0.915839808726838
1.84793783622236
0.627136879856545
1.43275552898984
0.937836222355051
1.13305439330544
1.59497907949791
1.33652121936641
2.99450089659295
1.08631201434549
1.7077106993425
0.957083084279737
1.66371787208607
0.822355050806934
1.21829049611476
1.65546921697549
1.86168559473999
1.31177525403467
0.662881052002391
0.83335325762104
0.880095636580992
1.24028690974298
1.46300059772863
1.449252839211
2.45008965929468
1.2320382546324
1.31177525403467
1.05606694560669
0.57489539748954
1.50974297668858
1.35026897788404
0.794859533771668
2.46658696951584
1.90292887029289
1.4602510460251
1.40251046025105
1.86718469814704
1.58123132098028
1.36126718469815
1.38051404662283
2.27136879856545
1.52898983861327
2.62881052002391
1.25953377166766
0.913090257023311
1.28153018529588
0.786610878661088
1.14680215182307
0.907591153616258
1.33102211595935
1.03956963538554
4.96043036461446
2.99175134488942
1.68846383741781
0.778362223550508
0.98732815301853
1.94417214584579
1.19629408248655
1.36401673640167
0.827854154213987
0.948834429169157
1.73245666467424
1.06431560071727
1.11930663478781
1.05606694560669
0.673879258816497
1.08356246264196
1.47674835624626
1.41350866706515
1.12480573819486
0.838852361028093
1.42450687387926
1.94417214584579
4.12181709503885
2.05415421398685
0.629886431560072
1.59497907949791
1.19904363419008
1.57573221757322
0.822355050806934
1.33927077106993
0.497907949790795
0.69587567244471
0.0442319187089062
0.98732815301853
1.88643156007173
0.734369396294082
0.8498505678422
2.05140466228332
1.2430364614465
0.495158398087268
0.869097429766886
1.09731022115959
0.781111775254035
1.11380753138075
0.698625224148237
1.1495517035266
2.03765690376569
0.775612671846982
1.10555887627017
0.827854154213987
0.893843395098625
1.05331739390317
0.814106395696354
0.899342498505678
2.47758517632995
0.896592946802152
2.28236700537956
1.35851763299462
1.62797369994023
2.02115959354453
0.863598326359833
1.25678421996414
0.748117154811715
1.62247459653317
1.1495517035266
0.805857740585774
1.4904961147639
1.36126718469815
1.24578601315003
0.500657501494322
0.924088463837418
0.379677226539151
2.14763897190675
1.33652121936641
1.13580394500897
0.629886431560072
0.453915122534369
1.36401673640167
2.0486551105798
0.673879258816497
0.764614465032875
0.902092050209205
0.555648535564853
0.709623430962343
0.918589360430365
1.06156604901375
1.32002390914525
1.27053197848177
1.49324566646742
0.764614465032875
1.11380753138075
0.937836222355051
1.12205618649133
1.47399880454274
1.12205618649133
0.654632396891811
1.27053197848177
1.80394500896593
1.81769276748356
2.49958158995816
1.12755528989839
0.539151225343694
0.904841601912732
1.71046025104603
1.38601315002989
1.69946204423192
0.748117154811715
0.935086670651524
0.871846981470413
0.940585774058577
2.42809324566647
1.66371787208607
1.30902570233114
1.05881649731022
1.77919904363419
0.682127913927077
1.65821876867902
0.759115361625822
0.767364016736402
0.990077704722056
1.28153018529588
0.434668260609683
1.60597728631201
1.13855349671249
1.36401673640167
1.06981470412433
2.29061566049014
1.61422594142259
2.8240286909743
0.646383741781231
1.22653915122534
1.15230125523013
1.69671249252839
1.08906156604901
0.701374775851763
0.607890017931859
0.800358637178721
0.951583980872684
0.742618051404662
2.535325762104
0.547399880454274
1.06431560071727
0.915839808726838
0.618888224745965
1.07531380753138
0.871846981470413
1.0258218768679
0.492408846383742
0.731619844590556
0.8498505678422
2.48583383144053
1.33652121936641
2.91476389719068
2.30436341900777
0.750866706515242
1.33377166766288
0.924088463837418
1.05606694560669
1.18254632396892
2.04040645546922
1.51799163179916
0.97907949790795
1.8836820083682
1.22653915122534
1.41900777047221
1.26503287507472
0.95433353257621
1.86168559473999
2.29886431560072
2.76353855349671
1.20729228930066
1.36126718469815
0.814106395696354
1.38876270173341
1.17154811715481
1.40526001195457
1.07256425582785
0.580394500896593
1.32277346084877
1.16329946204423
2.71954572624029
2.29886431560072
2.25762104004782
0.910340705319785
0.827854154213987
1.37226539151225
1.5839808726838
0.855349671249253
1.13305439330544
1.73245666467424
1.52898983861327
1.28153018529588
1.34202032277346
2.22737597130903
0.651882845188285
1.61697549312612
0.756365809922295
0.57489539748954
0.668380155409444
1.28153018529588
0.772863120143455
1.16329946204423
0.880095636580992
1.46575014943216
1.4080095636581
1.5839808726838
0.877346084877466
0.720621637776449
4.33078302450687
0.932337118947998
2.13664076509265
2.09814704124328
1.13305439330544
0.789360430364614
1.48774656306037
1.75445307830245
1.37776449491931
1.47949790794979
0.726120741183503
0.998326359832636
1.01207411835027
1.97716676628811
1.34751942618051
0.803108188882247
0.539151225343694
1.11105797967723
1.52349073520622
1.22104004781829
1.33652121936641
0.830603705917513
1.7489539748954
2.39509862522415
0.969456066945606
1.42725642558279
0.555648535564853
1.27053197848177
1.15505080693365
0.899342498505678
0.607890017931859
0.847101016138673
0.918589360430365
0.990077704722056
1.17154811715481
1.69396294082487
0.753616258218769
1.94142259414226
2.23012552301255
0.860848774656306
2.19438135086671
1.62797369994023
0.946084877465631
1.05606694560669
2.65080693365212
1.00657501494322
1.39151225343694
1.02857142857143
3.14572624028691
1.09456066945607
1.96341900777047
0.720621637776449
8.41936640765092
1.2430364614465
0.855349671249253
0.871846981470413
1.12480573819486
0.731619844590556
2.13939031679617
1.11655708308428
0.794859533771668
1.09181111775254
4.05032875074716
0.891093843395099
0.357680812910938
0.926838015540944
0.84160191273162
1.72695756126718
1.23478780633592
0.338433950986252
1.38876270173341
2.35385534967125
1.01757322175732
1.48499701135684
0.418170950388524
0.0909742976688584
1.48499701135684
1.33377166766288
1.22104004781829
0.880095636580992
1.21554094441124
1.79844590555888
1.30077704722056
0.70412432755529
1.80944411237298
1.17429766885834
1.63622235505081
0.915839808726838
0.863598326359833
1.29527794381351
2.35385534967125
1.66921697549313
1.17429766885834
1.42725642558279
0.921338912133891
1.04506873879259
1.05606694560669
0.723371189479976
1.18529587567244
0.990077704722056
1.00932456664674
2.13664076509265
1.6252241482367
0.968081291093843
0.880095636580992
0.55839808726838
1.57573221757322
1.25403466826061
1.28702928870293
1.47949790794979
0.860848774656306
0.759115361625822
1.1495517035266
0.555648535564853
1.17429766885834
1.72970711297071
0.921338912133891
0.968081291093843
0.880095636580992
0.508906156604901
1.97441721458458
0.528153018529588
1.05606694560669
1.60047818290496
0.528153018529588
0.486909742976688
1.15092647937836
1.35851763299462
1.60322773460849
1.7489539748954
2.16688583383144
0.797609085475194
1.62797369994023
0.882845188284519
1.03132098027496
1.15780035863718
1.18254632396892
1.24853556485356
2.22737597130903
0.924088463837418
0.401673640167364
1.43550508069337
1.19354453078302
0.715122534369396
1.6664674237896
0.863598326359833
1.46849970113568
1.34202032277346
0.836102809324567
1.59772863120143
1.46575014943216
0.715122534369396
1.13030484160191
2.21087866108787
1.38601315002989
1.10555887627017
1.14405260011955
0.693126120741183
0.998326359832636
1.07806335923491
0.891093843395099
0.618888224745965
1.01757322175732
12.2604901374776
2.16688583383144
0.646383741781231
2.15588762701733
1.54548714883443
1.27603108188882
1.03132098027496
2.62056186491333
0.56664674237896
1.34751942618051
1.16054991034071
0.723371189479976
1.98266586969516
3.86610878661088
1.76820083682008
4.81745367603108
0.913090257023311
2.34010759115362
1.02857142857143
1.13580394500897
0.640884638374178
0.671129707112971
1.20454273759713
0.808607292289301
0.860848774656306
0.717872086072923
1.2017931858936
1.02032277346085
1.13305439330544
0.288942020322773
1.63347280334728
1.19629408248655
1.41900777047221
1.69671249252839
0.742618051404662
2.90101613867304
0.165212193664077
1.24578601315003
0.770113568439928
5.23538553496712
0.805857740585774
0.44566646742379
0.739868499701136
1.97716676628811
0.778362223550508
0.643634190077705
1.15505080693365
0.753616258218769
1.20454273759713
1.94692169754931
1.24028690974298
1.61697549312612
1.51524208009564
1.39976090854752
0.629886431560072
0.401673640167364
0.621637776449492
1.16604901374776
1.68846383741781
0.118469814704124
2.60131500298864
1.67746563060371
0.69587567244471
1.30627615062762
2.67005379557681
0.95433353257621
1.25403466826061
0.731619844590556
0.95433353257621
1.57573221757322
1.19904363419008
4.40227136879856
0.585893604303646
0.717872086072923
1.1495517035266
1.19354453078302
2.0074118350269
1.21279139270771
1.02307232516438
0.830603705917513
0.819605499103407
1.24578601315003
1.65546921697549
0.756365809922295
1.04781829049611
1.8836820083682
4.65797967722654
1.3255230125523
1.30352659892409
1.30077704722056
0.83335325762104
0.561147638971907
3.50591751344889
0.921338912133891
0.517154811715481
1.61697549312612
2.84602510460251
0.665630603705917
0.805857740585774
1.47124925283921
2.28511655708308
0.750866706515242
0.816855947399881
0.965331739390317
1.60597728631201
1.0148236700538
1.50974297668858
0.748117154811715
2.00191273161984
1.6664674237896
1.2732815301853
1.86993424985057
2.23012552301255
0.965331739390317
1.21279139270771
0.981829049611476
1.85068738792588
1.61147638971907
1.69121338912134
1.48774656306037
1.25678421996414
1.45750149432158
1.43550508069337
1.78469814704124
1.50699342498506
1.35576808129109
0.874596533173939
0.715122534369396
1.47399880454274
2.16688583383144
0.847101016138673
0.720621637776449
0.343933054393305
0.990077704722056
1.0670651524208
1.3255230125523
2.99725044829647
2.43359234907352
1.02307232516438
3.55540944411237
1.63072325164375
1.89742976688583
1.0670651524208
1.19354453078302
1.03407053197848
0.863598326359833
2.08164973102212
0.294441123729827
2.018410041841
0.990077704722056
1.14680215182307
0.324686192468619
0.858099222952779
1.08906156604901
1.43000597728631
0.957083084279737
1.38326359832636
0.547399880454274
1.30352659892409
1.17979677226539
1.38876270173341
0.918589360430365
2.38959952181709
0.462163777644949
0.82510460251046
1.50974297668858
0.852600119545726
1.09731022115959
1.99916317991632
1.73520621637776
1.43550508069337
1.47949790794979
1.72695756126718
0.781111775254035
0.767364016736402
0.899342498505678
1.1495517035266
2.49133293484758
1.21829049611476
1.449252839211
1.3255230125523
0.871846981470413
0.646383741781231
1.11105797967723
1.33377166766288
1.7077106993425
1.88643156007173
0.893843395098625
1.03956963538554
0.814106395696354
1.01207411835027
0.836102809324567
0.96258218768679
1.41075911536163
1.24028690974298
0.935086670651524
1.16879856545129
0.816855947399881
0.690376569037657
0.904841601912732
2.07890017931859
1.03132098027496
1.14130304841602
0.844351464435147
1.51249252839211
3.06323968918111
1.25403466826061
1.6252241482367
0.753616258218769
1.96891811117753
1.16054991034071
0.827854154213987
1.41900777047221
1.65546921697549
1.10280932456665
0.767364016736402
1.39976090854752
1.46849970113568
0.968081291093843
0.767364016736402
0.805857740585774
1.88643156007173
1.11105797967723
0.71237298266587
1.10280932456665
1.42725642558279
1.36126718469815
1.00657501494322
1.17429766885834
2.94225941422594
1.13030484160191
0.613389121338912
1.18804542737597
0.951583980872684
1.08081291093843
1.2430364614465
1.05056784219964
0.684877465630604
1.01207411835027
0.473161984459056
1.90842797369994
2.1421398684997
0.759115361625822
0.932337118947998
0.643634190077705
1.79569635385535
1.28153018529588
1.48499701135684
0.992827256425583
1.02307232516438
0.957083084279737
0.874596533173939
1.62797369994023
0.816855947399881
1.06981470412433
0.948834429169157
0.706873879258816
1.08081291093843
0.748117154811715
1.85893604303646
1.08631201434549
1.31177525403467
1.32277346084877
1.09181111775254
1.449252839211
0.97907949790795
0.97083084279737
0.82510460251046
2.95600717274357
1.2842797369994
0.874596533173939
1.18529587567244
0.827854154213987
0.693126120741183
1.81494321578004
0.943335325762104
0.932337118947998
1.58673042438733
2.23012552301255
2.12289300657502
0.959832635983264
1.05056784219964
0.926838015540944
1.79844590555888
0.662881052002391
0.904841601912732
0.82510460251046
0.915839808726838
0.8498505678422
0.918589360430365
0.706873879258816
0.97907949790795
1.05606694560669
1.37501494321578
0.84160191273162
1.64722056186491
0.926838015540944
1.93867304243873
1.60047818290496
0.770113568439928
1.48499701135684
1.22928870292887
0.684877465630604
2.13664076509265
1.21004184100418
1.38876270173341
1.26228332337119
2.59856545128512
1.05606694560669
0.753616258218769
0.706873879258816
1.17154811715481
1.10280932456665
2.37585176329946
0.918589360430365
1.10280932456665
1.15780035863718
1.6252241482367
1.81494321578004
1.03682008368201
1.00382546323969
1.47949790794979
1.40251046025105
2.37860131500299
0.767364016736402
0.84160191273162
1.15780035863718
1.0670651524208
1.59497907949791
1.05331739390317
1.16604901374776
0.643634190077705
1.08081291093843
1.39426180514047
2.31261207411835
1.10280932456665
0.668380155409444
0.98732815301853
1.29527794381351
0.596891811117752
1.501494321578
0.660131500298864
0.805857740585774
1.27603108188882
0.530902570233114
1.22378959952182
1.03132098027496
0.891093843395099
1.28977884040646
1.20454273759713
1.33377166766288
1.43275552898984
1.15780035863718
3.48392109982068
1.31452480573819
0.844351464435147
0.613389121338912
0.926838015540944
1.23478780633592
1.37501494321578
1.68021518230723
2.46933652121937
1.25403466826061
0.759115361625822
1.35851763299462
2.31261207411835
1.93592349073521
1.11655708308428
1.08356246264196
2.3483562462642
0.618888224745965
0.742618051404662
0.97083084279737
1.2732815301853
1.52898983861327
1.05606694560669
1.69396294082487
0.836102809324567
0.866347878063359
1.24578601315003
0.742618051404662
1.00107591153616
0.71237298266587
0.594142259414226
0.946084877465631
3.96784219964136
0.943335325762104
1.79569635385535
1.48224745965332
1.05606694560669
1.08081291093843
0.858099222952779
0.995576808129109
2.01566049013748
0.676628810520024
0.756365809922295
1.57023311416617
1.73520621637776
1.79844590555888
1.36951583980873
0.489659294680215
0.739868499701136
0.536401673640167
0.789360430364614
1.3255230125523
2.0596533173939
0.97083084279737
1.17979677226539
1.00932456664674
1.55648535564854
1.56198445905559
0.781111775254035
1.70496114763897
1.31452480573819
1.21554094441124
0.693126120741183
0.904841601912732
1.48499701135684
3.58565451285117
2.11189479976091
1.06431560071727
0.759115361625822
1.50974297668858
1.42450687387926
1.11655708308428
1.07806335923491
0.910340705319785
1.13305439330544
1.34476987447699
0.948834429169157
0.946084877465631
1.13305439330544
1.13305439330544
1.07531380753138
1.10005977286312
1.62247459653317
3.46467423789599
1.61422594142259
1.13030484160191
1.52074118350269
0.734369396294082
1.05606694560669
1.13305439330544
1.33102211595935
1.4080095636581
0.481410639569635
1.29527794381351
1.25403466826061
10.2093245666467
1.6252241482367
1.18529587567244
1.02032277346085
1.10005977286312
0.882845188284519
1.68296473401076
1.35576808129109
1.35301852958757
2.46383741781231
1.06981470412433
1.03407053197848
1.31177525403467
1.94417214584579
2.92851165570831
1.2842797369994
1.37776449491931
0.863598326359833
0.734369396294082
1.51524208009564
1.1495517035266
2.34010759115362
1.1495517035266
0.83335325762104
2.23837417812313
1.84793783622236
1.501494321578
0.726120741183503
1.19904363419008
0.759115361625822
0.594142259414226
0.992827256425583
7.85570830842797
0.750866706515242
1.02032277346085
0.431918708906157
0.720621637776449
0.992827256425583
0.82510460251046
1.2430364614465
0.946084877465631
1.78744769874477
0.632635983263598
1.07531380753138
1.13855349671249
1.34476987447699
0.759115361625822
1.46575014943216
0.82510460251046
0.836102809324567
1.4080095636581
1.43825463239689
0.297190675433353
0.789360430364614
2.13939031679617
0.794859533771668
2.32910938433951
1.6252241482367
0.506156604901375
1.68296473401076
0.665630603705917
0.907591153616258
0.973580394500897
1.98541542139868
2.01566049013748
0.011237298266587
1.33102211595935
0.786610878661088
0.995576808129109
0.885594739988045
0.5501494321578
0.97083084279737
0.71237298266587
1.01207411835027
1.08356246264196
0.904841601912732
0.943335325762104
2.71954572624029
1.05881649731022
0.693126120741183
0.882845188284519
1.4080095636581
0.860848774656306
1.48499701135684
0.671129707112971
1.42450687387926
0.98732815301853
1.2732815301853
1.11380753138075
1.13580394500897
0.863598326359833
1.59222952779438
1.29252839210998
1.5729826658697
0.96258218768679
1.41350866706515
0.863598326359833
1.78194859533772
0.858099222952779
1.87543335325762
1.42450687387926
2.37310221159594
0.764614465032875
1.18529587567244
0.618888224745965
0.508906156604901
1.3667662881052
0.915839808726838
1.72970711297071
1.41900777047221
1.05881649731022
1.88093245666467
0.0992229527794381
1.84518828451883
1.61972504482965
0.96258218768679
2.65080693365212
1.2320382546324
1.22928870292887
0.957083084279737
2.43909145248057
0.976329946204423
1.1495517035266
0.753616258218769
1.03682008368201
1.63897190675433
1.25128511655708
1.55648535564854
1.19904363419008
2.65080693365212
1.07256425582785
1.29527794381351
0.67937836222355
2.0486551105798
0.662881052002391
1.24578601315003
1.23478780633592
1.75445307830245
1.44375373580394
2.56832038254632
1.36951583980873
2.47758517632995
1.10555887627017
0.668380155409444
1.2017931858936
1.22104004781829
1.02857142857143
1.16054991034071
0.869097429766886
2.24387328153019
0.654632396891811
1.30352659892409
0.792109982068141
1.36126718469815
1.25128511655708
2.81578003586372
1.17429766885834
2.14488942020323
1.41625821876868
0.940585774058577
1.02307232516438
2.81852958756724
1.74620442319187
1.70221159593545
1.5729826658697
2.10639569635386
0.814106395696354
1.25128511655708
1.03682008368201
1.01757322175732
2.96975493126121
1.10005977286312
1.87543335325762
1.00932456664674
2.96975493126121
0.893843395098625
0.451165570830843
1.03682008368201
1.32827256425583
0.968081291093843
1.30902570233114
0.638135086670651
0.816855947399881
2.57931858936043
1.58947997609085
1.53998804542738
1.95791990436342
1.1495517035266
1.00107591153616
1.97166766288105
1.5427375971309
1.36951583980873
1.09181111775254
1.29252839210998
1.06156604901375
1.69946204423192
2.72779438135087
1.06981470412433
1.11105797967723
1.33652121936641
1.15780035863718
0.98732815301853
1.11930663478781
1.45475194261805
1.1495517035266
1.38876270173341
0.995576808129109
1.25403466826061
3.0412432755529
1.0670651524208
1.36951583980873
0.940585774058577
1.00932456664674
1.14680215182307
1.60322773460849
1.16054991034071
0.937836222355051
1.33927077106993
1.31727435744172
1.11655708308428
0.95433353257621
0.690376569037657
0.83335325762104
2.10639569635386
1.51799163179916
5.69181111775254
0.442916915720263
1.18529587567244
0.624387328153018
2.25487148834429
1.16879856545129
0.671129707112971
0.739868499701136
1.5427375971309
1.23478780633592
0.657381948595338
1.55098625224148
1.13305439330544
0.594142259414226
1.00382546323969
2.68105200239091
1.53723849372385
1.25128511655708
0.797609085475194
0.860848774656306
1.09181111775254
0.67937836222355
1.25678421996414
1.21829049611476
2.2246264196055
1.58947997609085
0.926838015540944
1.02857142857143
1.22653915122534
1.03956963538554
1.46849970113568
0.467662881052002
1.41625821876868
0.926838015540944
1.3255230125523
1.23753735803945
0.946084877465631
1.47124925283921
1.06981470412433
2.59856545128512
0.97907949790795
0.995576808129109
2.24112372982666
0.69587567244471
0.981829049611476
0.775612671846982
0.682127913927077
0.789360430364614
1.1083084279737
1.19354453078302
1.12755528989839
0.937836222355051
1.93042438732815
0.863598326359833
0.525403466826061
1.13305439330544
1.18529587567244
1.21554094441124
1.93042438732815
0.968081291093843
1.72420800956366
0.737118947997609
0.651882845188285
0.800358637178721
0.926838015540944
0.816855947399881
1.38601315002989
0.495158398087268
0.591392707710699
1.52624028690974
1.62797369994023
0.902092050209205
1.17154811715481
1.08356246264196
1.32827256425583
1.90292887029289
0.885594739988045
1.02857142857143
0.973580394500897
1.70221159593545
0.830603705917513
1.59772863120143
0.995576808129109
1.2430364614465
0.871846981470413
1.57023311416617
0.764614465032875
1.66921697549313
1.05331739390317
1.15780035863718
0.544650328750747
0.783861326957561
0.877346084877466
2.1833831440526
0.918589360430365
1.11105797967723
0.814106395696354
1.07256425582785
1.15230125523013
1.50974297668858
1.18254632396892
2.45283921099821
1.85618649133293
0.775612671846982
1.70496114763897
1.32277346084877
0.803108188882247
1.14680215182307
0.855349671249253
1.60047818290496
0.981829049611476
1.16329946204423
1.34202032277346
1.41075911536163
2.0486551105798
0.959832635983264
1.4080095636581
1.11105797967723
1.13580394500897
0.753616258218769
1.66921697549313
1.15780035863718
0.618888224745965
1.19904363419008
0.981829049611476
0.880095636580992
2.33185893604304
1.38051404662283
1.22928870292887
0.783861326957561
1.03132098027496
1.69671249252839
1.06981470412433
2.01016138673042
1.07806335923491
11.6748356246264
1.44100418410042
0.893843395098625
1.22104004781829
1.34751942618051
0.929587567244471
1.29527794381351
0.698625224148237
0.390675433353258
0.588643156007173
1.08081291093843
1.65821876867902
1.07256425582785
0.646383741781231
0.68762701733413
0.781111775254035
0.778362223550508
1.95517035265989
0.794859533771668
0.877346084877466
1.59222952779438
0.396174536760311
0.965331739390317
2.17513448894202
0.907591153616258
1.09731022115959
1.25678421996414
0.940585774058577
1.0258218768679
1.03956963538554
0.830603705917513
1.66096832038255
2.49133293484758
4.00083682008368
0.995576808129109
0.838852361028093
0.723371189479976
0.874596533173939
7.36628810520024
1.12205618649133
1.06156604901375
0.759115361625822
1.57573221757322
0.97083084279737
1.22378959952182
0.42092050209205
0.797609085475194
1.21554094441124
0.690376569037657
1.2430364614465
0.803108188882247
1.39976090854752
0.888344291691572
1.03407053197848
1.42175732217573
1.2842797369994
0.759115361625822
0.951583980872684
2.44734010759115
0.775612671846982
0.720621637776449
1.17704722056186
1.39426180514047
1.36951583980873
1.44650328750747
1.47949790794979
1.17979677226539
1.2017931858936
0.981829049611476
1.2017931858936
0.860848774656306
1.90292887029289
1.10005977286312
1.79569635385535
1.86993424985057
0.902092050209205
2.41434548714883
0.607890017931859
0.715122534369396
1.90842797369994
0.97083084279737
0.805857740585774
1.57573221757322
2.77178720860729
1.16604901374776
0.858099222952779
0.811356843992827
0.8498505678422
1.6252241482367
1.19354453078302
0.756365809922295
2.29061566049014
1.15230125523013
0.781111775254035
3.79462044231919
1.52624028690974
1.51524208009564
0.753616258218769
0.904841601912732
1.80944411237298
1.88643156007173
1.2732815301853
2.04315600717274
0.877346084877466
1.26503287507472
1.77919904363419
1.41625821876868
3.02474596533174
2.63156007172744
1.37226539151225
0.616138673042439
0.915839808726838
1.40251046025105
1.08631201434549
0.379677226539151
1.08631201434549
1.19629408248655
2.17788404064555
0.860848774656306
2.89551703526599
1.11380753138075
0.794859533771668
1.10005977286312
1.65271966527197
1.47124925283921
1.17979677226539
1.41625821876868
1.17154811715481
0.29994022713688
0.563897190675433
1.38326359832636
0.442916915720263
1.10005977286312
0.95433353257621
0.613389121338912
2.19163179916318
0.486909742976688
0.569396294082486
0.68762701733413
0.759115361625822
0.8498505678422
0.82510460251046
1.24028690974298
1.30627615062762
1.24028690974298
0.528153018529588
1.91392707710699
1.07256425582785
0.786610878661088
0.475911536162582
1.78469814704124
1.32827256425583
1.24853556485356
1.86993424985057
0.965331739390317
0.726120741183503
0.8498505678422
0.71237298266587
1.01207411835027
1.41075911536163
1.34751942618051
0.772863120143455
2.05140466228332
1.28153018529588
0.984578601315003
1.03956963538554
1.40526001195457
1.00657501494322
0.96258218768679
1.12205618649133
0.580394500896593
1.13580394500897
0.693126120741183
2.61506276150628
0.627136879856545
0.902092050209205
1.34476987447699
1.77644949193066
1.80669456066946
1.2430364614465
1.35301852958757
1.00932456664674
1.59497907949791
1.98266586969516
1.30902570233114
0.701374775851763
0.808607292289301
1.25678421996414
2.10364614465033
1.52624028690974
0.69587567244471
1.03132098027496
1.82319187089062
1.5317393903168
1.39701135684399
1.27878063359235
0.871846981470413
0.984578601315003
1.39701135684399
1.449252839211
1.73245666467424
1.03407053197848
0.596891811117752
1.97716676628811
1.61972504482965
0.921338912133891
0.761864913329348
0.871846981470413
3.01649731022116
0.907591153616258
1.18804542737597
0.750866706515242
0.965331739390317
0.82510460251046
1.30902570233114
1.1495517035266
1.26228332337119
0.844351464435147
1.1907949790795
1.34476987447699
0.83335325762104
1.56748356246264
1.84793783622236
0.70412432755529
0.374178123132098
1.11655708308428
1.21279139270771
0.596891811117752
1.24028690974298
0.8498505678422
1.92217573221757
0.654632396891811
1.75720263000598
1.90567842199641
0.635385534967125
1.501494321578
1.14405260011955
2.16413628212791
0.379677226539151
3.1347280334728
0.990077704722056
1.3667662881052
0.863598326359833
1.18254632396892
0.929587567244471
1.08631201434549
1.78744769874477
0.97907949790795
0.745367603108189
1.22104004781829
0.726120741183503
0.651882845188285
1.18529587567244
1.02857142857143
1.24578601315003
1.09731022115959
0.643634190077705
0.814106395696354
1.7599521817095
1.03956963538554
1.19904363419008
1.27053197848177
0.602390914524806
2.0596533173939
1.82319187089062
1.97441721458458
1.16604901374776
1.00657501494322
0.998326359832636
1.09731022115959
1.30352659892409
1.15505080693365
2.12289300657502
1.28702928870293
1.99641362821279
1.49324566646742
1.61422594142259
1.35026897788404
1.49324566646742
1.38326359832636
1.5729826658697
0.728870292887029
1.449252839211
1.60597728631201
1.4602510460251
1.8836820083682
0.588643156007173
0.97907949790795
1.85618649133293
2.34560669456067
1.28977884040646
1.16879856545129
3.72588164973102
1.0148236700538
1.47124925283921
1.35576808129109
1.18529587567244
0.748117154811715
1.13030484160191
1.68846383741781
0.470412432755529
1.45200239091452
0.882845188284519
0.904841601912732
1.66921697549313
0.759115361625822
1.29802749551704
0.698625224148237
1.11380753138075
2.07890017931859
0.981829049611476
1.5427375971309
0.305439330543933
1.21554094441124
0.965331739390317
1.45750149432158
0.805857740585774
1.02032277346085
0.638135086670651
1.13580394500897
1.09181111775254
0.673879258816497
0.484160191273162
0.778362223550508
1.47124925283921
1.449252839211
0.907591153616258
0.68762701733413
1.53448894202032
1.43550508069337
0.888344291691572
0.8498505678422
1.1907949790795
1.35851763299462
1.24028690974298
0.800358637178721
0.921338912133891
0.811356843992827
1.59772863120143
0.70412432755529
1.06431560071727
0.764614465032875
1.17704722056186
0.511655708308428
1.39426180514047
1.35851763299462
1.03682008368201
0.885594739988045
1.00932456664674
1.06431560071727
0.844351464435147
1.43275552898984
0.96258218768679
1.48499701135684
0.748117154811715
1.34202032277346
1.65546921697549
0.503407053197848
0.338433950986252
0.800358637178721
0.866347878063359
0.684877465630604
1.14405260011955
1.11655708308428
1.31727435744172
0.682127913927077
2.4418410041841
1.28977884040646
3.72588164973102
1.43825463239689
0.98732815301853
1.74620442319187
0.742618051404662
1.16604901374776
1.22104004781829
0.71237298266587
0.759115361625822
1.39426180514047
0.313687985654513
1.22104004781829
0.671129707112971
0.924088463837418
3.52791392707711
1.58673042438733
1.48224745965332
0.836102809324567
4.45176329946204
1.23478780633592
1.08081291093843
1.14405260011955
1.02307232516438
1.20454273759713
1.02857142857143
0.536401673640167
1.64172145845786
0.690376569037657
1.38601315002989
1.17154811715481
2.41709503885236
0.877346084877466
1.47124925283921
0.874596533173939
1.68846383741781
1.83693962940825
0.459414225941423
3.11823072325164
1.27053197848177
0.313687985654513
1.25403466826061
1.27053197848177
0.932337118947998
1.18254632396892
0.539151225343694
0.844351464435147
0.561147638971907
1.4080095636581
1.82869097429767
1.13855349671249
0.627136879856545
0.882845188284519
1.14130304841602
0.70412432755529
0.610639569635385
1.36951583980873
1.48499701135684
0.893843395098625
1.10005977286312
1.20454273759713
1.2017931858936
1.20729228930066
1.52624028690974
0.924088463837418
1.02857142857143
1.02032277346085
0.882845188284519
1.66096832038255
1.00382546323969
1.16879856545129
1.60872683801554
0.594142259414226
0.8498505678422
0.792109982068141
1.43550508069337
1.37776449491931
1.1907949790795
0.913090257023311
0.363179916317992
1.58947997609085
1.0258218768679
1.35301852958757
1.13855349671249
0.805857740585774
1.07531380753138
1.72420800956366
1.16054991034071
0.976329946204423
1.26503287507472
0.519904363419008
0.836102809324567
1.51249252839211
4.26479378362224
1.02307232516438
0.907591153616258
0.95433353257621
0.965331739390317
0.756365809922295
1.66921697549313
0.885594739988045
1.60047818290496
0.572145845786013
1.06156604901375
1.36401673640167
1.02032277346085
0.764614465032875
2.90101613867304
1.60322773460849
1.39701135684399
1.60322773460849
3.26395696353855
1.18529587567244
2.27961745367603
1.63622235505081
1.61147638971907
1.07806335923491
0.56664674237896
0.943335325762104
0.742618051404662
2.8652719665272
0.816855947399881
1.56748356246264
1.45750149432158
0.844351464435147
0.880095636580992
2.15863717872086
1.38601315002989
1.05881649731022
1.09456066945607
0.789360430364614
1.40526001195457
1.72695756126718
0.737118947997609
0.874596533173939
1.42725642558279
2.63980872683802
1.38051404662283
1.449252839211
0.860848774656306
1.37776449491931
1.17704722056186
0.596891811117752
1.53448894202032
2.06790197250448
1.16879856545129
0.690376569037657
2.08714883442917
0.907591153616258
1.67471607890018
1.27878063359235
1.36401673640167
1.10280932456665
0.816855947399881
1.40251046025105
1.61697549312612
1.38876270173341
0.855349671249253
1.23478780633592
0.761864913329348
1.17704722056186
0.882845188284519
0.753616258218769
1.19904363419008
1.1495517035266
1.28153018529588
0.646383741781231
1.79569635385535
1.2320382546324
1.15780035863718
1.15505080693365
1.41625821876868
0.745367603108189
6.5771667662881
1.08631201434549
5.53508667065152
1.04781829049611
0.888344291691572
1.0670651524208
0.635385534967125
0.836102809324567
1.0148236700538
4.67997609085475
1.25953377166766
1.4602510460251
0.800358637178721
0.786610878661088
1.74070531978482
2.22187686790197
1.26228332337119
0.354931261207412
0.948834429169157
2.02115959354453
0.83335325762104
1.61972504482965
0.819605499103407
1.17979677226539
0.764614465032875
1.16054991034071
1.1495517035266
2.80478182904961
3.23371189479976
1.45750149432158
1.29802749551704
1.55373580394501
1.5839808726838
0.528153018529588
2.39784817692767
1.03407053197848
0.783861326957561
0.803108188882247
1.501494321578
1.12205618649133
2.72504482964734
1.2842797369994
1.38051404662283
0.797609085475194
0.426419605499103
1.02032277346085
2.12289300657502
1.45750149432158
1.12755528989839
2.45008965929468
0.668380155409444
1.58673042438733
1.09456066945607
1.60597728631201
0.866347878063359
0.97907949790795
1.63072325164375
1.11105797967723
1.24853556485356
1.44375373580394
0.451165570830843
1.22104004781829
1.37501494321578
16.1071129707113
0.775612671846982
1.25128511655708
0.995576808129109
0.583144052600119
0.426419605499103
0.764614465032875
0.618888224745965
0.481410639569635
1.18254632396892
1.71320980274955
0.827854154213987
0.98732815301853
1.0148236700538
0.893843395098625
1.30627615062762
1.39701135684399
1.37226539151225
1.15230125523013
1.43000597728631
1.08356246264196
0.728870292887029
0.530902570233114
1.24028690974298
0.481410639569635
1.55098625224148
1.38601315002989
1.43000597728631
1.2017931858936
1.14680215182307
1.0670651524208
1.59772863120143
1.51249252839211
1.93592349073521
0.657381948595338
1.82594142259414
1.01207411835027
1.2017931858936
1.75445307830245
1.33927077106993
1.16329946204423
1.02307232516438
0.775612671846982
1.30077704722056
1.16604901374776
0.847101016138673
0.426419605499103
1.64997011356844
1.05881649731022
1.11105797967723
1.37776449491931
1.06981470412433
1.79844590555888
1.79844590555888
0.720621637776449
0.877346084877466
1.06431560071727
0.83335325762104
1.04231918708906
1.33652121936641
1.68296473401076
0.836102809324567
0.943335325762104
1.01207411835027
0.907591153616258
1.16879856545129
2.38135086670652
0.783861326957561
0.855349671249253
0.629886431560072
0.792109982068141
1.19629408248655
1.34751942618051
0.951583980872684
0.690376569037657
0.8498505678422
1.20454273759713
1.45750149432158
0.726120741183503
0.56664674237896
1.34476987447699
1.24578601315003
1.09731022115959
1.30352659892409
0.71237298266587
0.902092050209205
0.649133293484758
1.02032277346085
0.874596533173939
1.11655708308428
1.93317393903168
0.797609085475194
0.981829049611476
1.93042438732815
0.737118947997609
1.501494321578
1.52898983861327
1.0670651524208
1.86718469814704
1.34202032277346
1.42175732217573
5.83478780633592
1.71320980274955
0.924088463837418
0.995576808129109
1.56473401075912
1.51524208009564
0.748117154811715
1.23478780633592
1.49324566646742
1.15230125523013
0.805857740585774
0.618888224745965
1.02307232516438
1.00107591153616
0.55839808726838
1.68846383741781
2.10364614465033
1.57573221757322
1.38876270173341
0.904841601912732
1.27603108188882
0.676628810520024
1.63897190675433
0.885594739988045
1.39151225343694
1.99091452480574
1.43275552898984
0.723371189479976
1.36401673640167
0.0937238493723849
0.67937836222355
1.70221159593545
1.17154811715481
5.93102211595935
0.368679019725045
0.668380155409444
2.76903765690377
0.800358637178721
1.29527794381351
3.67638971906754
1.28702928870293
2.56007172743574
0.778362223550508
0.951583980872684
1.10005977286312
1.01757322175732
0.827854154213987
0.638135086670651
2.2658696951584
0.830603705917513
1.05331739390317
1.82319187089062
1.07531380753138
1.11930663478781
0.893843395098625
1.43825463239689
1.06431560071727
1.50699342498506
0.404423191870891
1.16879856545129
0.816855947399881
0.726120741183503
0.772863120143455
1.89468021518231
0.759115361625822
1.25678421996414
0.957083084279737
1.45475194261805
1.65271966527197
1.58673042438733
0.770113568439928
1.46300059772863
1.30352659892409
0.723371189479976
1.24578601315003
0.739868499701136
1.91392707710699
1.00657501494322
0.921338912133891
0.745367603108189
1.79844590555888
0.596891811117752
1.05606694560669
0.569396294082486
1.54823670053796
2.58756724447101
1.08081291093843
1.10555887627017
2.52157800358637
1.83419007770472
1.09731022115959
1.12755528989839
1.13580394500897
0.816855947399881
1.0148236700538
1.39976090854752
0.874596533173939
1.41350866706515
1.08906156604901
0.605140466228332
0.5501494321578
1.1907949790795
2.50508069336521
1.34202032277346
0.764614465032875
0.5501494321578
1.34202032277346
2.28511655708308
1.07531380753138
2.2658696951584
1.15230125523013
1.08906156604901
0.530902570233114
1.18254632396892
1.3667662881052
0.976329946204423
0.866347878063359
1.48224745965332
0.442916915720263
0.772863120143455
0.701374775851763
0.893843395098625
1.20454273759713
0.907591153616258
0.976329946204423
1.30352659892409
1.10005977286312
1.94967124925284
2.17513448894202
1.04506873879259
1.63072325164375
0.844351464435147
0.827854154213987
1.2842797369994
0.616138673042439
0.8498505678422
0.874596533173939
0.720621637776449
1.15230125523013
1.02307232516438
0.781111775254035
1.39426180514047
0.838852361028093
1.55923490735206
0.858099222952779
1.51249252839211
1.54823670053796
1.07531380753138
0.709623430962343
0.800358637178721
0.913090257023311
0.775612671846982
1.44100418410042
0.976329946204423
1.32277346084877
1.55373580394501
1.4602510460251
1.00107591153616
2.34010759115362
0.745367603108189
0.44566646742379
0.959832635983264
0.55839808726838
1.17154811715481
0.690376569037657
1.966168559474
0.891093843395099
0.750866706515242
1.43000597728631
2.11464435146444
0.932337118947998
0.764614465032875
0.98732815301853
0.286192468619247
1.03407053197848
1.71595935445308
1.42725642558279
1.2017931858936
0.764614465032875
2.15863717872086
0.904841601912732
1.48774656306037
0.811356843992827
0.84160191273162
1.29802749551704
1.75445307830245
2.70304841601913
1.77369994022714
0.943335325762104
1.73520621637776
1.2842797369994
1.39151225343694
0.684877465630604
0.69587567244471
1.13305439330544
0.8498505678422
0.924088463837418
0.893843395098625
0.844351464435147
1.2430364614465
1.93867304243873
1.60872683801554
0.990077704722056
1.04506873879259
1.59772863120143
0.880095636580992
0.467662881052002
1.36126718469815
1.4080095636581
1.08356246264196
1.1083084279737
0.874596533173939
0.753616258218769
1.50974297668858
0.605140466228332
1.44650328750747
0.621637776449492
1.03956963538554
1.49599521817095
1.50424387328153
0.511655708308428
0.407172743574417
1.05606694560669
1.00382546323969
1.966168559474
1.04781829049611
4.13831440526001
1.88643156007173
0.742618051404662
1.60872683801554
0.84160191273162
1.57848176927675
1.13305439330544
0.915839808726838
2.62056186491333
0.830603705917513
0.486909742976688
1.24578601315003
0.690376569037657
1.51799163179916
0.792109982068141
1.2017931858936
0.959832635983264
2.15038852361028
0.761864913329348
2.88451882845188
1.41350866706515
1.6664674237896
0.924088463837418
0.981829049611476
1.19354453078302
1.10005977286312
1.03956963538554
1.7077106993425
0.627136879856545
1.30077704722056
1.19629408248655
1.11380753138075
1.01207411835027
0.519904363419008
0.778362223550508
0.882845188284519
0.440167364016736
0.676628810520024
1.501494321578
0.990077704722056
2.16138673042439
1.37226539151225
1.8314405260012
0.066228332337119
1.32002390914525
1.40526001195457
1.13305439330544
0.918589360430365
1.14680215182307
1.2320382546324
1.68571428571429
0.742618051404662
1.03956963538554
1.24028690974298
1.00657501494322
1.53723849372385
1.60597728631201
1.77919904363419
1.74345487148834
1.07256425582785
0.998326359832636
1.01757322175732
1.45475194261805
0.401673640167364
0.772863120143455
1.69671249252839
4.46551105797968
2.25762104004782
0.888344291691572
1.08081291093843
1.16329946204423
0.871846981470413
0.946084877465631
0.767364016736402
1.04231918708906
2.21362821279139
1.15780035863718
1.01757322175732
1.41625821876868
0.649133293484758
1.5317393903168
0.880095636580992
1.51524208009564
1.73520621637776
4.8916915720263
0.759115361625822
1.46849970113568
1.04781829049611
0.473161984459056
1.04781829049611
0.761864913329348
0.992827256425583
1.87818290496115
0.745367603108189
1.11655708308428
1.11105797967723
0.959832635983264
1.84793783622236
1.06156604901375
1.34751942618051
1.08356246264196
0.638135086670651
1.70496114763897
1.02857142857143
1.20454273759713
0.973580394500897
0.750866706515242
1.64722056186491
1.81769276748356
1.42450687387926
1.39151225343694
1.49599521817095
1.21829049611476
1.51249252839211
1.55648535564854
1.33377166766288
2.41984459055589
1.06156604901375
1.26503287507472
0.918589360430365
0.921338912133891
1.39151225343694
1.21279139270771
1.48224745965332
1.11380753138075
2.11189479976091
1.11655708308428
1.14680215182307
0.775612671846982
1.6252241482367
1.33102211595935
0.643634190077705
1.21829049611476
1.05881649731022
8.70531978481769
1.39151225343694
0.497907949790795
1.00107591153616
1.13030484160191
0.671129707112971
1.1495517035266
1.97991631799163
1.08906156604901
0.800358637178721
1.1083084279737
1.00382546323969
0.778362223550508
0.918589360430365
1.27603108188882
0.902092050209205
0.541900777047221
1.13855349671249
0.569396294082486
1.5729826658697
1.04781829049611
1.05606694560669
1.73245666467424
0.753616258218769
1.14680215182307
1.16879856545129
2.11739390316796
0.943335325762104
1.06981470412433
1.46575014943216
0.803108188882247
1.43550508069337
1.00107591153616
5.99701135684399
0.819605499103407
1.4904961147639
0.8498505678422
0.508906156604901
1.07806335923491
1.43550508069337
1.05056784219964
0.514405260011955
0.70412432755529
1.99091452480574
0.803108188882247
1.41075911536163
0.882845188284519
0.624387328153018
0.899342498505678
0.70412432755529
1.66096832038255
1.45475194261805
1.03682008368201
1.07256425582785
1.10005977286312
1.10555887627017
0.621637776449492
1.07531380753138
1.67334130304841
2.13389121338912
0.563897190675433
0.753616258218769
1.2017931858936
1.04231918708906
1.11105797967723
1.00657501494322
1.04781829049611
0.8498505678422
0.940585774058577
1.10005977286312
1.61147638971907
0.723371189479976
0.767364016736402
1.25403466826061
1.11380753138075
1.27053197848177
1.32827256425583
0.926838015540944
1.54823670053796
1.55923490735206
0.8498505678422
0.781111775254035
0.668380155409444
0.800358637178721
0.98732815301853
1.02307232516438
1.41900777047221
1.47949790794979
0.888344291691572
9.09575612671847
0.632635983263598
0.882845188284519
1.13305439330544
0.805857740585774
0.374178123132098
1.13855349671249
0.616138673042439
1.11655708308428
1.60047818290496
1.21554094441124
0.932337118947998
1.0258218768679
0.57489539748954
1.13305439330544
0.539151225343694
1.14405260011955
1.84518828451883
1.38326359832636
0.588643156007173
2.28786610878661
0.84160191273162
1.60597728631201
0.462163777644949
0.959832635983264
1.95517035265989
1.38326359832636
0.946084877465631
1.75170352659892
1.86443514644351
0.943335325762104
0.717872086072923
1.16604901374776
1.25403466826061
1.15230125523013
1.01757322175732
1.3255230125523
0.990077704722056
1.58123132098028
1.13580394500897
1.13855349671249
1.10280932456665
1.20729228930066
0.624387328153018
0.976329946204423
1.8424387328153
3.37393903167962
1.55923490735206
1.7901972504483
0.940585774058577
0.522653915122534
2.018410041841
1.81219366407651
1.49874476987448
1.77644949193066
0.852600119545726
0.407172743574417
1.17979677226539
0.847101016138673
1.93867304243873
1.3667662881052
1.15780035863718
1.27053197848177
1.42175732217573
1.86443514644351
1.49324566646742
3.74512851165571
1.68571428571429
0.737118947997609
0.506156604901375
1.33377166766288
1.43825463239689
2.24937238493724
0.805857740585774
2.37860131500299
1.51249252839211
1.31040047818291
2.06240286909743
0.745367603108189
1.53723849372385
0.717872086072923
1.46300059772863
0.627136879856545
1.78194859533772
1.59497907949791
1.59222952779438
0.676628810520024
1.42725642558279
1.1495517035266
1.05606694560669
2.3071129707113
0.819605499103407
1.70496114763897
4.51775254034668
1.39976090854752
1.48774656306037
1.60047818290496
0.976329946204423
1.18804542737597
1.93042438732815
0.778362223550508
0.992827256425582
1.01207411835027
1.02032277346085
1.25953377166766
1.77369994022714
0.794859533771668
0.836102809324567
1.09181111775254
2.18888224745965
1.08356246264196
0.808607292289301
1.22378959952182
1.29252839210998
1.17704722056186
0.67937836222355
0.918589360430365
1.52624028690974
1.73795576808129
1.00932456664674
0.946084877465631
1.32002390914525
1.53723849372385
2.07065152420801
1.89193066347878
1.13855349671249
5.81004184100418
1.69396294082487
0.665630603705917
0.789360430364614
0.918589360430365
1.27603108188882
1.02857142857143
0.866347878063359
0.805857740585774
1.13855349671249
0.918589360430365
1.1907949790795
0.981829049611476
1.16879856545129
1.05056784219964
1.63347280334728
0.98732815301853
1.61147638971907
2.47483562462642
2.11464435146444
0.896592946802152
1.17979677226539
1.55373580394501
1.17704722056186
1.22653915122534
1.30352659892409
1.74345487148834
0.814106395696354
2.16688583383144
1.36951583980873
1.75170352659892
1.01207411835027
0.563897190675433
1.69121338912134
0.803108188882247
1.3255230125523
1.14680215182307
0.753616258218769
2.40334728033473
0.82510460251046
0.555648535564853
1.38876270173341
0.871846981470413
1.40251046025105
0.866347878063359
3.04949193066348
12.8956365809922
0.660131500298864
1.82319187089062
1.2842797369994
0.379677226539151
1.16604901374776
1.35851763299462
0.896592946802152
0.924088463837418
1.19629408248655
1.11655708308428
1.12755528989839
0.67937836222355
1.32002390914525
0.932337118947998
1.04781829049611
1.05881649731022
0.627136879856545
0.701374775851763
1.05881649731022
1.46575014943216
2.85152420800956
1.24853556485356
1.15505080693365
1.37226539151225
1.38876270173341
1.72695756126718
2.54082486551106
0.882845188284519
0.67937836222355
1.59772863120143
1.09456066945607
1.61697549312612
0.926838015540944
0.544650328750747
1.03956963538554
1.28702928870293
1.42175732217573
0.959832635983264
1.21279139270771
1.32277346084877
1.96891811117753
1.49874476987448
1.39426180514047
0.926838015540944
0.819605499103407
0.528153018529588
0.83335325762104
0.69587567244471
0.940585774058577
0.929587567244471
0.816855947399881
0.805857740585774
1.37501494321578
1.0258218768679
1.25678421996414
2.38135086670652
2.62331141661686
1.14405260011955
5.22438732815302
0.921338912133891
2.03215780035864
1.35301852958757
1.41900777047221
0.811356843992827
1.91392707710699
1.72695756126718
1.65271966527197
0.583144052600119
1.32277346084877
0.893843395098625
1.38876270173341
0.860848774656306
1.38601315002989
0.981829049611476
1.62247459653317
0.671129707112971
1.1495517035266
1.71595935445308
2.06515242080096
1.15780035863718
0.638135086670651
1.07256425582785
1.56473401075912
1.65821876867902
1.63897190675433
1.28977884040646
1.25403466826061
1.34751942618051
1.20454273759713
2.53257621040048
1.22378959952182
2.26037059175134
0.690376569037657
0.95433353257621
0.918589360430365
0.756365809922295
0.481410639569635
0.706873879258816
1.73795576808129
1.52349073520622
1.67746563060371
0.789360430364614
2.16138673042439
1.26503287507472
0.690376569037657
1.70221159593545
0.97907949790795
1.06431560071727
0.959832635983264
1.2320382546324
1.02307232516438
0.797609085475194
1.43275552898984
1.13580394500897
1.92767483562463
1.17154811715481
1.21279139270771
1.17979677226539
1.73795576808129
1.7187089061566
3.12922893006575
1.16879856545129
1.38051404662283
2.98625224148237
2.33185893604304
1.88918111177525
0.456664674237896
0.0964734010759115
1.05331739390317
0.220203227734608
1.7077106993425
0.882845188284519
1.41075911536163
1.11930663478781
1.20729228930066
1.22928870292887
1.03956963538554
0.640884638374178
2.6178123132098
0.616138673042439
1.60322773460849
1.03682008368201
1.12755528989839
0.968081291093843
1.56748356246264
0.646383741781231
0.726120741183503
1.28153018529588
1.07806335923491
1.3667662881052
0.940585774058577
1.25678421996414
1.00657501494322
1.04781829049611
1.08356246264196
0.602390914524806
0.657381948595338
1.41625821876868
3.55265989240885
0.830603705917513
0.973580394500897
1.99366407650926
1.26778242677824
0.96258218768679
0.737118947997609
1.47949790794979
0.792109982068141
1.19354453078302
1.04506873879259
2.21912731619845
0.514405260011955
1.97441721458458
2.71954572624029
2.81303048416019
1.53998804542738
1.14405260011955
3.42068141063957
1.17154811715481
0.783861326957561
1.43550508069337
0.932337118947998
1.00382546323969
0.684877465630604
0.70412432755529
1.43275552898984
0.596891811117752
1.28702928870293
0.924088463837418
1.03682008368201
2.40884638374178
0.82510460251046
0.84160191273162
0.761864913329348
0.869097429766886
2.40334728033473
1.92767483562463
0.968081291093843
1.83693962940825
1.75445307830245
2.6178123132098
1.21004184100418
1.53723849372385
1.55923490735206
1.20729228930066
1.4080095636581
0.728870292887029
0.0607292289300657
1.1907949790795
1.30902570233114
1.21279139270771
0.808607292289301
1.89468021518231
0.888344291691572
0.990077704722056
1.05881649731022
0.959832635983264
1.23753735803945
2.69754931261207
0.349432157800359
1.7901972504483
1.5839808726838
3.10173341303048
0.990077704722056
0.844351464435147
0.973580394500897
1.44100418410042
0.492408846383742
0.599641362821279
1.99641362821279
0.70412432755529
5.3261207411835
0.899342498505678
0.866347878063359
1.55373580394501
0.899342498505678
1.4904961147639
0.863598326359833
1.21004184100418
0.811356843992827
0.698625224148237
1.00657501494322
1.25953377166766
0.965331739390317
1.36126718469815
0.959832635983264
2.4005977286312
0.926838015540944
1.58673042438733
0.827854154213987
0.946084877465631
0.948834429169157
1.08356246264196
0.998326359832636
0.869097429766886
1.22928870292887
1.44375373580394
1.43825463239689
1.48774656306037
1.53448894202032
1.84793783622236
1.6664674237896
0.918589360430365
0.783861326957561
0.770113568439928
1.32827256425583
1.70496114763897
0.761864913329348
0.924088463837418
0.385176329946204
1.10555887627017
0.514405260011955
1.5839808726838
1.5427375971309
0.918589360430365
0.866347878063359
1.80944411237298
0.374178123132098
1.98541542139868
1.46849970113568
1.39426180514047
1.51799163179916
0.745367603108189
1.2017931858936
0.882845188284519
2.80753138075314
0.684877465630604
1.41625821876868
0.778362223550508
0.852600119545726
1.30627615062762
0.539151225343694
0.682127913927077
2.1833831440526
0.904841601912732
0.896592946802152
0.992827256425583
2.38410041841004
1.73795576808129
0.594142259414226
1.10280932456665
0.544650328750747
1.78469814704124
1.06981470412433
1.51799163179916
1.36401673640167
1.80944411237298
1.05606694560669
0.734369396294082
1.60047818290496
0.800358637178721
1.40251046025105
0.638135086670651
2.03765690376569
0.797609085475194
1.38326359832636
1.32277346084877
1.53998804542738
0.981829049611476
0.737118947997609
1.25678421996414
1.16604901374776
1.4602510460251
0.431918708906157
1.34751942618051
1.10280932456665
0.577644949193066
1.7599521817095
1.10005977286312
2.29061566049014
1.30902570233114
0.409922295277944
0.921338912133891
0.794859533771668
0.924088463837418
1.46300059772863
1.17154811715481
1.41900777047221
1.38601315002989
2.2246264196055
0.888344291691572
0.811356843992827
0.737118947997609
1.36401673640167
0.918589360430365
0.852600119545726
0.750866706515242
1.10280932456665
0.803108188882247
1.66371787208607
0.772863120143455
1.26503287507472
1.25678421996414
0.852600119545726
1.60047818290496
2.11464435146444
1.09181111775254
1.77095038852361
1.29527794381351
1.1495517035266
0.723371189479976
1.17429766885834
1.27603108188882
0.816855947399881
1.42175732217573
0.654632396891811
0.940585774058577
0.772863120143455
1.00382546323969
1.2430364614465
0.717872086072923
1.13030484160191
1.15505080693365
0.602390914524806
0.990077704722056
1.71595935445308
0.720621637776449
0.808607292289301
0.844351464435147
1.28977884040646
1.05056784219964
0.877346084877466
1.8424387328153
0.434668260609683
1.59222952779438
0.803108188882247
1.02307232516438
0.671129707112971
0.924088463837418
0.948834429169157
1.13855349671249
0.569396294082486
1.64997011356844
0.789360430364614
1.25128511655708
1.08631201434549
2.93676031081889
2.42809324566647
0.97083084279737
1.21279139270771
1.02857142857143
0.959832635983264
0.605140466228332
0.728870292887029
2.45833831440526
2.02665869695158
1.55098625224148
1.16054991034071
1.18254632396892
1.8836820083682
0.272444710101614
1.5427375971309
1.33652121936641
2.30986252241482
2.05415421398685
1.69396294082487
2.38959952181709
0.701374775851763
1.82869097429767
0.852600119545726
4.13831440526001
0.951583980872684
0.470412432755529
1.01757322175732
0.984578601315003
1.67471607890018
0.794859533771668
0.41267184698147
1.57023311416617
1.48224745965332
1.23478780633592
2.00466228332337
0.896592946802152
1.0670651524208
1.77095038852361
1.12755528989839
1.77919904363419
0.84160191273162
1.24578601315003
1.18529587567244
0.717872086072923
1.83693962940825
1.35301852958757
1.03407053197848
0.742618051404662
2.17513448894202
1.72420800956366
0.913090257023311
1.95791990436342
0.921338912133891
0.860848774656306
1.49324566646742
1.03956963538554
1.0148236700538
0.475911536162582
0.794859533771668
1.12205618649133
0.97907949790795
3.58840406455469
2.08714883442917
0.984578601315003
1.28702928870293
1.03132098027496
0.797609085475194
1.02307232516438
1.51799163179916
1.07806335923491
1.0258218768679
1.30902570233114
0.921338912133891
0.797609085475194
1.06431560071727
0.742618051404662
0.866347878063359
0.998326359832636
2.08164973102212
1.4080095636581
1.08356246264196
0.772863120143455
4.13281530185296
1.17704722056186
0.588643156007173
1.60047818290496
1.46849970113568
1.58123132098028
0.415421398684997
1.2320382546324
1.19629408248655
1.25403466826061
1.13305439330544
0.910340705319785
1.54548714883443
0.863598326359833
0.338433950986252
0.811356843992827
1.21554094441124
1.1083084279737
0.500657501494322
0.984578601315003
1.69946204423192
1.07531380753138
0.599641362821279
1.4080095636581
1.99366407650926
0.97083084279737
1.41350866706515
2.27136879856545
0.783861326957561
0.855349671249253
1.00657501494322
0.508906156604901
1.02032277346085
0.98732815301853
0.67937836222355
0.442916915720263
1.16329946204423
1.30627615062762
2.12564255827854
1.9249252839211
1.44650328750747
1.15780035863718
5.08416019127316
1.77095038852361
1.11380753138075
2.08164973102212
0.555648535564853
2.07890017931859
0.583144052600119
1.6664674237896
1.10005977286312
0.748117154811715
0.654632396891811
0.739868499701136
0.803108188882247
1.05606694560669
0.789360430364614
1.7901972504483
1.38876270173341
2.78003586371787
1.05881649731022
2.36485355648536
1.59222952779438
1.49874476987448
2.41709503885236
1.20454273759713
1.19904363419008
0.852600119545726
0.877346084877466
1.29252839210998
0.935086670651524
1.08631201434549
0.393424985056784
0.654632396891811
0.836102809324567
0.902092050209205
1.50424387328153
1.68021518230723
1.27053197848177
0.629886431560072
0.522653915122534
0.803108188882247
0.855349671249253
0.814106395696354
2.30986252241482
1.00657501494322
1.43550508069337
0.525403466826061
0.981829049611476
1.30352659892409
1.29527794381351
0.836102809324567
1.24853556485356
1.77095038852361
1.24853556485356
0.519904363419008
1.61147638971907
0.957083084279737
2.24937238493724
1.04231918708906
3.42893006575015
1.04506873879259
0.819605499103407
0.84160191273162
1.35576808129109
0.976329946204423
1.2430364614465
1.14405260011955
1.34751942618051
1.52624028690974
0.932337118947998
1.44100418410042
0.734369396294082
0.613389121338912
2.9065152420801
1.3255230125523
1.0258218768679
0.880095636580992
1.28977884040646
1.14680215182307
0.489659294680215
1.03407053197848
2.32086072922893
1.28977884040646
1.29252839210998
1.55373580394501
1.61147638971907
0.473161984459056
0.552898983861327
0.838852361028093
2.16963538553497
0.706873879258816
1.45200239091452
0.698625224148237
0.814106395696354
1.35301852958757
3.32169754931261
1.38051404662283
1.13855349671249
0.808607292289301
1.03132098027496
1.4080095636581
1.64447101016139
1.37776449491931
0.690376569037657
0.907591153616258
1.50424387328153
1.8424387328153
0.959832635983264
0.959832635983264
0.517154811715481
1.63347280334728
1.06981470412433
0.731619844590556
1.28153018529588
1.02307232516438
1.44100418410042
1.51524208009564
1.05606694560669
1.22653915122534
8.7988045427376
1.77369994022714
0.822355050806934
1.67471607890018
0.907591153616258
1.03407053197848
0.764614465032875
1.29802749551704
1.1083084279737
0.800358637178721
2.40334728033473
1.69396294082487
1.08906156604901
2.08714883442917
0.811356843992827
1.45475194261805
1.18254632396892
0.852600119545726
0.572145845786013
1.4904961147639
1.35851763299462
1.12480573819486
1.03956963538554
1.30077704722056
0.926838015540944
0.98732815301853
1.32827256425583
2.1833831440526
0.726120741183503
1.27053197848177
1.33377166766288
1.16054991034071
1.04506873879259
1.18529587567244
1.04781829049611
0.613389121338912
1.53448894202032
1.67746563060371
1.69121338912134
1.11105797967723
1.35026897788404
1.26503287507472
1.02857142857143
0.731619844590556
0.874596533173939
1.05881649731022
1.50699342498506
1.30077704722056
0.753616258218769
0.951583980872684
1.20454273759713
0.734369396294082
1.46849970113568
1.42450687387926
1.82594142259414
0.640884638374178
0.852600119545726
1.19629408248655
1.35026897788404
0.737118947997609
1.33377166766288
2.02940824865511
0.530902570233114
0.822355050806934
2.02115959354453
1.20454273759713
1.31177525403467
1.48774656306037
1.72420800956366
1.22653915122534
0.981829049611476
1.96066945606695
1.74620442319187
1.1907949790795
1.32827256425583
2.31261207411835
2.46933652121937
0.786610878661088
0.910340705319785
2.25487148834429
1.72695756126718
1.08631201434549
1.11655708308428
0.594142259414226
0.728870292887029
1.44650328750747
1.20729228930066
0.915839808726838
2.21087866108787
1.60597728631201
1.42450687387926
1.26228332337119
1.13305439330544
0.67937836222355
0.767364016736402
6.42594142259414
1.06981470412433
2.4005977286312
0.981829049611476
0.929587567244471
1.43000597728631
1.27603108188882
0.715122534369396
1.22653915122534
0.522653915122534
0.96258218768679
1.39701135684399
1.40251046025105
0.858099222952779
1.97441721458458
2.23287507471608
1.96891811117753
2.66180514046623
0.816855947399881
1.29252839210998
1.04781829049611
0.874596533173939
0.811356843992827
2.21637776449492
0.640884638374178
1.48774656306037
1.82594142259414
1.50974297668858
0.673879258816497
1.02307232516438
0.646383741781231
0.484160191273162
1.7489539748954
1.06981470412433
2.52707710699343
1.98266586969516
3.5581589958159
1.63622235505081
0.984578601315003
1.4904961147639
0.866347878063359
2.1833831440526
0.830603705917513
0.761864913329348
0.948834429169157
0.552898983861327
1.29527794381351
1.47674835624626
0.781111775254035
0.860848774656306
0.84160191273162
0.904841601912732
1.74070531978482
1.37226539151225
0.561147638971907
1.6252241482367
0.899342498505678
1.40251046025105
1.43825463239689
0.877346084877466
1.78469814704124
0.97083084279737
1.11655708308428
0.70412432755529
0.882845188284519
0.893843395098625
2.13114166168559
1.04231918708906
1.80394500896593
1.02307232516438
0.943335325762104
1.08081291093843
1.06156604901375
0.726120741183503
0.896592946802152
1.47674835624626
1.45750149432158
2.37585176329946
1.14130304841602
1.04781829049611
2.65080693365212
1.08631201434549
1.30902570233114
0.858099222952779
1.33102211595935
1.28977884040646
0.926838015540944
0.882845188284519
0.643634190077705
1.33652121936641
1.83968918111178
1.53723849372385
1.19904363419008
1.52624028690974
0.816855947399881
1.83693962940825
1.0670651524208
1.35301852958757
1.0258218768679
0.572145845786013
1.74620442319187
1.26228332337119
2.97525403466826
1.13580394500897
0.891093843395099
2.50508069336521
1.63897190675433
2.56007172743574
2.14763897190675
0.959832635983264
0.613389121338912
2.65080693365212
2.73329348475792
1.69946204423192
0.753616258218769
1.49874476987448
0.880095636580992
1.24853556485356
0.577644949193066
1.63347280334728
1.27878063359235
2.02940824865511
1.11105797967723
0.668380155409444
1.18254632396892
1.06431560071727
1.52624028690974
2.35110579796772
1.62247459653317
0.858099222952779
1.27053197848177
2.75803945008966
1.20454273759713
1.89468021518231
1.4602510460251
2.07340107591154
1.77095038852361
0.910340705319785
0.959832635983264
1.71320980274955
1.82869097429767
3.68463837417812
1.99366407650926
0.668380155409444
1.29527794381351
0.893843395098625
1.02307232516438
0.992827256425583
1.15505080693365
1.08081291093843
3.71213389121339
0.789360430364614
0.984578601315003
0.662881052002391
1.38051404662283
0.2916915720263
1.46575014943216
2.09539748953975
4.08882247459653
0.880095636580992
3.30794979079498
0.69587567244471
0.98732815301853
0.797609085475194
1.46575014943216
0.981829049611476
1.08081291093843
1.02857142857143
1.12480573819486
1.09456066945607
1.48774656306037
0.555648535564853
1.21004184100418
1.3255230125523
2.48033472803347
1.78744769874477
0.822355050806934
1.61422594142259
1.11655708308428
0.932337118947998
2.03765690376569
0.294441123729827
1.02307232516438
0.995576808129109
1.06569037656904
0.720621637776449
0.935086670651524
1.11105797967723
1.66096832038255
1.13030484160191
1.15505080693365
1.23753735803945
0.321936640765093
3.9925881649731
2.77178720860729
0.932337118947998
1.30627615062762
0.748117154811715
0.896592946802152
1.38051404662283
1.44375373580394
0.514405260011955
0.838852361028093
0.585893604303646
1.18804542737597
1.28702928870293
1.14130304841602
1.62247459653317
1.10005977286312
2.84327555289898
1.15780035863718
1.16604901374776
1.59222952779438
1.25403466826061
0.42092050209205
1.91392707710699
0.973580394500897
1.76820083682008
0.819605499103407
0.739868499701136
1.05606694560669
1.88918111177525
0.613389121338912
1.10555887627017
2.0596533173939
0.563897190675433
1.28153018529588
0.948834429169157
1.02032277346085
1.0258218768679
0.726120741183503
0.882845188284519
1.43275552898984
1.44650328750747
0.998326359832636
1.19354453078302
0.965331739390317
1.51524208009564
1.20454273759713
1.4080095636581
1.48224745965332
0.871846981470413
1.29252839210998
0.899342498505678
1.34202032277346
1.39976090854752
1.38876270173341
1.04506873879259
1.13030484160191
1.25953377166766
0.935086670651524
0.896592946802152
1.10555887627017
0.907591153616258
1.43000597728631
0.943335325762104
6.08774656306037
0.525403466826061
1.43550508069337
0.984578601315003
1.09731022115959
0.811356843992827
0.97907949790795
1.55923490735206
0.921338912133891
1.42175732217573
0.638135086670651
0.995576808129109
1.56748356246264
0.943335325762104
0.500657501494322
1.09181111775254
1.36951583980873
1.63622235505081
1.12755528989839
1.00107591153616
1.04781829049611
0.910340705319785
0.874596533173939
0.995576808129109
0.896592946802152
1.51524208009564
1.67746563060371
0.676628810520024
0.863598326359833
0.899342498505678
1.10555887627017
1.44100418410042
0.770113568439928
1.11105797967723
1.1083084279737
1.90017931858936
1.45750149432158
1.35301852958757
2.09264793783622
0.943335325762104
1.3255230125523
1.60597728631201
1.16604901374776
1.22378959952182
4.27579199043634
0.82510460251046
1.23753735803945
1.20729228930066
1.7187089061566
2.11739390316796
2.28786610878661
1.47124925283921
1.0670651524208
5.8732815301853
0.838852361028093
1.00382546323969
0.877346084877466
1.19904363419008
1.27603108188882
1.40251046025105
1.36401673640167
1.49324566646742
0.70412432755529
1.92217573221757
1.13305439330544
0.830603705917513
0.863598326359833
1.12205618649133
0.965331739390317
1.50424387328153
0.459414225941423
1.47949790794979
0.764614465032875
1.18254632396892
1.0258218768679
0.668380155409444
2.90926479378362
1.24028690974298
1.06431560071727
1.2842797369994
0.717872086072923
0.701374775851763
4.11356843992827
1.04781829049611
0.764614465032875
1.03956963538554
0.893843395098625
1.56198445905559
1.15230125523013
0.627136879856545
0.811356843992827
2.85977286312014
1.70496114763897
1.66371787208607
1.14130304841602
1.4602510460251
0.742618051404662
0.563897190675433
1.48774656306037
1.82869097429767
0.781111775254035
0.995576808129109
0.580394500896593
