3.04399282725643
0.181709503885236
1.76820083682008
2.3593544530783
2.28511655708308
3.07423789599522
2.70579796772265
3.1759713090257
3.25020920502092
2.27961745367603
1.97991631799163
2.96700537955768
4.67997609085475
1.19904363419008
1.83419007770472
2.1833831440526
1.62797369994023
1.75720263000598
1.53998804542738
1.38601315002989
2.62881052002391
3.47842199641363
1.96066945606695
1.2842797369994
6.90986252241482
3.78087268380155
2.56282127913927
2.02940824865511
2.02940824865511
1.99366407650926
2.08439928272564
2.06790197250448
2.31536162582188
2.72229527794381
2.3071129707113
1.55923490735206
1.19629408248655
1.30077704722056
1.91667662881052
1.34751942618051
1.42725642558279
2.63156007172744
2.67280334728033
1.72970711297071
2.1833831440526
1.8314405260012
2.9065152420801
1.35301852958757
1.82319187089062
1.93042438732815
1.28977884040646
1.99916317991632
1.3255230125523
2.09814704124328
1.85893604303646
1.48224745965332
4.94668260609683
4.74046622833234
0.869097429766886
1.72970711297071
1.38876270173341
1.88643156007173
1.55648535564854
2.12014345487149
2.98625224148237
2.50783024506874
1.39151225343694
2.9587567244471
1.71320980274955
1.55373580394501
1.63897190675433
3.44542737597131
0.915839808726838
1.60047818290496
5.85403466826061
2.79103407053198
2.018410041841
1.34476987447699
1.07531380753138
1.72420800956366
1.69396294082487
1.59497907949791
1.6252241482367
1.69396294082487
1.35576808129109
6.97310221159593
1.86168559473999
1.95242080095637
2.66730424387328
1.42450687387926
2.84052600119546
1.13855349671249
2.02940824865511
2.85702331141662
2.50233114166169
1.40251046025105
1.40251046025105
2.3071129707113
6.01075911536162
1.30077704722056
1.69946204423192
1.91667662881052
1.39701135684399
3.11548117154812
2.31536162582188
0.8498505678422
2.63430962343096
2.483084279737
2.31261207411835
1.47124925283921
2.78828451882845
2.29061566049014
1.06981470412433
1.87543335325762
3.42618051404662
1.4602510460251
1.81494321578004
2.65080693365212
1.69671249252839
2.21912731619845
0.946084877465631
1.03956963538554
1.60322773460849
3.14847579199044
2.21637776449492
1.53723849372385
2.37310221159594
2.14763897190675
1.71595935445308
1.79569635385535
1.58673042438733
1.93317393903168
1.77644949193066
3.57465630603706
1.32277346084877
1.2017931858936
1.29802749551704
1.91392707710699
2.01016138673042
2.37860131500299
1.13305439330544
1.43000597728631
2.49683203825463
1.31452480573819
2.30161386730424
1.38051404662283
2.02940824865511
1.62247459653317
2.32910938433951
2.11464435146444
3.73687985654513
3.97334130304842
2.08714883442917
1.77095038852361
2.03215780035864
2.24387328153019
2.44459055588763
2.38959952181709
2.06240286909743
3.3931858936043
1.67196652719665
2.13939031679617
1.2017931858936
1.43825463239689
2.26312014345487
1.82319187089062
1.48224745965332
1.93592349073521
1.44375373580394
2.03765690376569
3.0824865511058
3.27495517035266
1.75445307830245
2.65630603705918
1.90017931858936
3.74237895995218
1.5427375971309
2.40334728033473
1.95517035265989
2.78553496712493
2.35660490137478
1.71595935445308
2.33185893604304
2.49958158995816
1.80394500896593
1.26778242677824
2.56282127913927
3.93484757919904
1.77644949193066
1.47124925283921
3.06049013747759
2.23287507471608
1.06156604901375
1.35576808129109
1.76545128511656
2.97250448296473
3.03024506873879
1.33927077106993
2.19163179916318
4.24554692169755
2.11739390316796
3.84411237298267
0.0167364016736402
1.74070531978482
1.90292887029289
1.15505080693365
1.38601315002989
1.85343693962941
1.70496114763897
2.38959952181709
11.1551703526599
1.58123132098028
1.71320980274955
2.09539748953975
1.72970711297071
1.46849970113568
1.43000597728631
2.08714883442917
2.0486551105798
2.98350268977884
1.50699342498506
2.44734010759115
1.69121338912134
1.61422594142259
1.35026897788404
1.69396294082487
1.72970711297071
1.32002390914525
1.31727435744172
1.82869097429767
0.0442319187089062
2.72504482964734
2.2246264196055
1.75720263000598
2.45008965929468
2.93401075911536
1.61972504482965
2.08164973102212
3.17872086072923
0.984578601315003
1.51249252839211
2.06515242080096
2.47483562462642
2.30986252241482
1.05331739390317
2.13939031679617
2.13114166168559
1.35576808129109
2.34560669456067
2.76078900179319
6.11799163179916
5.10615660490137
1.91667662881052
1.00657501494322
1.14405260011955
1.97991631799163
2.0898983861327
2.29886431560072
1.41075911536163
3.23646144650329
1.91942618051405
1.33102211595935
0.937836222355051
1.26778242677824
1.72695756126718
2.07340107591154
0.891093843395099
6.41494321578004
0.981829049611476
2.25487148834429
1.91942618051405
2.23287507471608
2.018410041841
2.21087866108787
2.57381948595338
1.50424387328153
2.15863717872086
1.8011954572624
4.12731619844591
4.47101016138673
3.08523610280932
1.75170352659892
2.54357441721458
2.45008965929468
1.94692169754931
1.43000597728631
2.65630603705918
1.7187089061566
1.74345487148834
2.00191273161984
1.76820083682008
2.09814704124328
4.53424985056784
2.94225941422594
2.6480573819486
2.12839210998207
2.75803945008966
4.04208009563658
1.42450687387926
2.09539748953975
1.69121338912134
1.08906156604901
1.85343693962941
1.82319187089062
2.56007172743574
1.60597728631201
2.02665869695158
1.42450687387926
1.70221159593545
1.43550508069337
2.01566049013748
2.2246264196055
4.2510460251046
4.3335325762104
3.6406455469217
3.01649731022116
1.23478780633592
2.57106993424985
1.39976090854752
1.90842797369994
2.99450089659295
2.19163179916318
1.57848176927675
2.3593544530783
1.79844590555888
1.75720263000598
0.811356843992827
1.68571428571429
1.39426180514047
2.34285714285714
1.49874476987448
1.95791990436342
2.7002988643156
2.11464435146444
1.68296473401076
1.6664674237896
1.96341900777047
1.94692169754931
1.60047818290496
22.9754931261207
1.77369994022714
1.449252839211
8.40011954572624
7.05283921099821
0.995576808129109
2.51607890017932
1.68846383741781
1.93317393903168
1.90567842199641
2.47208607292289
1.74620442319187
2.01016138673042
2.3071129707113
2.24112372982666
1.58673042438733
1.34476987447699
2.31261207411835
0.16246264196055
1.17979677226539
1.27603108188882
2.59306634787806
2.43909145248057
2.2658696951584
1.43825463239689
1.70221159593545
1.61697549312612
2.48033472803347
1.85068738792588
1.60872683801554
1.67196652719665
5.30687387925882
4.1988045427376
3.41243275552899
2.32361028093246
2.40334728033473
2.49408248655111
3.60490137477585
1.73795576808129
2.06790197250448
2.38410041841004
1.74345487148834
2.483084279737
1.36951583980873
1.40251046025105
2.11464435146444
3.07423789599522
1.18254632396892
1.91667662881052
1.13305439330544
1.51249252839211
1.966168559474
1.34202032277346
1.09181111775254
1.32277346084877
2.52707710699343
1.66921697549313
2.40334728033473
1.57573221757322
3.81111775254035
3.32994620442319
1.91667662881052
1.36401673640167
2.70304841601913
1.59497907949791
2.36760310818888
3.17047220561865
2.57381948595338
1.88918111177525
1.16329946204423
1.94142259414226
1.99091452480574
1.34202032277346
2.38410041841004
2.08714883442917
1.57023311416617
1.53448894202032
1.52349073520622
1.93867304243873
1.29802749551704
1.39701135684399
1.49874476987448
4.90818888224746
1.97166766288105
1.63897190675433
1.66371787208607
2.20263000597729
2.21087866108787
2.73329348475792
2.67555289898386
1.83693962940825
2.47208607292289
1.4080095636581
1.79844590555888
1.83419007770472
2.49133293484758
2.33735803945009
2.79928272564256
0.316437537358039
2.68105200239091
2.95325762104005
2.06790197250448
2.0486551105798
4.34728033472803
2.2768679019725
1.65271966527197
1.29527794381351
1.36126718469815
2.36210400478183
1.55373580394501
2.89551703526599
1.67196652719665
2.483084279737
2.29611476389719
1.94142259414226
3.0412432755529
3.62139868499701
1.40251046025105
2.4418410041841
9.47794381350867
2.52707710699343
2.3071129707113
2.59856545128512
2.73329348475792
3.66814106395696
2.23287507471608
2.12014345487149
2.4418410041841
1.78469814704124
2.65630603705918
1.85343693962941
2.81028093245666
3.53341303048416
4.05582785415421
2.25487148834429
1.51524208009564
2.13939031679617
1.60872683801554
2.24937238493724
2.33735803945009
1.68846383741781
1.44375373580394
8.61733413030484
1.62247459653317
2.44459055588763
1.33102211595935
1.45200239091452
2.33460848774656
1.60322773460849
1.97991631799163
2.17513448894202
1.86443514644351
3.44817692767484
3.37118947997609
2.57381948595338
2.00466228332337
5.84028690974298
2.86802151823072
1.59772863120143
2.10639569635386
3.87160789001793
2.38959952181709
2.65080693365212
1.67746563060371
1.21829049611476
2.71679617453676
2.27961745367603
5.35636580992229
3.66539151225344
2.16963538553497
1.86443514644351
11.7848176927675
1.64997011356844
2.15313807531381
1.12755528989839
2.01566049013748
2.38959952181709
1.36401673640167
2.535325762104
1.92217573221757
1.21554094441124
2.02665869695158
1.71046025104603
4.13006575014943
1.77919904363419
1.33377166766288
1.48224745965332
1.89193066347878
0.115720263000598
1.61697549312612
0.869097429766886
1.38326359832636
2.76078900179319
2.28786610878661
1.04506873879259
0.827854154213987
1.38051404662283
1.97166766288105
3.57190675433353
2.05140466228332
2.0074118350269
1.77095038852361
2.49958158995816
1.64997011356844
1.73795576808129
1.48774656306037
2.65355648535565
2.10639569635386
3.06873879258816
2.15863717872086
1.21829049611476
1.46987447698745
3.22821279139271
1.91392707710699
1.71320980274955
2.46108786610879
1.66096832038255
1.8011954572624
1.94142259414226
1.80394500896593
1.74345487148834
3.87985654512851
2.06240286909743
1.02857142857143
1.94142259414226
1.72695756126718
1.80394500896593
1.67746563060371
2.03765690376569
1.61697549312612
2.34560669456067
1.90567842199641
3.20896592946802
1.32827256425583
1.19354453078302
1.23478780633592
1.48774656306037
1.31727435744172
5.61757322175732
5.43335325762104
1.20729228930066
1.17429766885834
1.10280932456665
1.09456066945607
1.48774656306037
1.83419007770472
1.59497907949791
5.24088463837418
2.27961745367603
1.56473401075912
1.66921697549313
1.7187089061566
3.56640765092648
1.77644949193066
0.860848774656306
2.18613269575613
3.14847579199044
2.33460848774656
9.8848774656306
1.7077106993425
1.97441721458458
1.48774656306037
2.54632396891811
1.79569635385535
1.6664674237896
2.67555289898386
2.02115959354453
2.45558876270173
2.0074118350269
4.41052002390914
3.00824865511058
1.52074118350269
2.09539748953975
3.08523610280932
1.41625821876868
1.49324566646742
2.18613269575613
1.64997011356844
1.81219366407651
2.24662283323371
3.29145248057382
2.14763897190675
1.77644949193066
2.71404662283323
1.31727435744172
1.82319187089062
2.56282127913927
1.42588164973102
1.72970711297071
2.07340107591154
1.46300059772863
1.72420800956366
4.01183502689779
3.99808726838015
1.48499701135684
1.59772863120143
9.21948595337716
1.8011954572624
1.5317393903168
1.70496114763897
1.37226539151225
19.8272564255828
2.61506276150628
3.47017334130305
2.57381948595338
0.97907949790795
2.49683203825463
2.30986252241482
2.50233114166169
1.35301852958757
3.01924686192469
1.66096832038255
1.04781829049611
2.09814704124328
3.35469216975493
1.19629408248655
1.64447101016139
1.32002390914525
2.79928272564256
2.04040645546922
1.93042438732815
1.26228332337119
1.78744769874477
2.72504482964734
1.65271966527197
3.3931858936043
1.41900777047221
2.61506276150628
2.73879258816497
3.62964734010759
2.67280334728033
1.68021518230723
1.26778242677824
1.55098625224148
1.24578601315003
5.88702928870293
2.6178123132098
5.2023909145248
1.42725642558279
1.68021518230723
2.10364614465033
2.64530783024507
1.76820083682008
1.76820083682008
2.21362821279139
2.64530783024507
1.20454273759713
4.34178123132098
1.30077704722056
1.76270173341303
2.46108786610879
3.11823072325164
1.25403466826061
1.26778242677824
2.09264793783622
2.71679617453676
2.02115959354453
2.4418410041841
1.83419007770472
2.25762104004782
1.4602510460251
1.51524208009564
2.70854751942618
1.22653915122534
1.75445307830245
1.34202032277346
1.86718469814704
1.88643156007173
2.32086072922893
2.41159593544531
2.87901972504483
1.47949790794979
2.43634190077705
1.8011954572624
1.09731022115959
1.65821876867902
2.24387328153019
1.77919904363419
1.64722056186491
1.28977884040646
1.53723849372385
2.17788404064555
0.852600119545726
2.17788404064555
1.64997011356844
1.9249252839211
1.73520621637776
1.05056784219964
1.50974297668858
1.11105797967723
1.93317393903168
1.05881649731022
6.92635983263598
1.3255230125523
2.48033472803347
1.22653915122534
1.52624028690974
1.57573221757322
1.30902570233114
1.53448894202032
1.37501494321578
0.211954572624029
2.76903765690377
1.66371787208607
2.41984459055589
1.8424387328153
1.55098625224148
2.70579796772265
4.80370591751345
2.018410041841
1.0258218768679
1.86443514644351
1.52349073520622
2.1008965929468
3.49216975493126
2.02115959354453
2.25762104004782
1.31452480573819
1.34202032277346
1.33377166766288
2.03490735206216
2.63430962343096
2.98625224148237
1.99916317991632
3.00549910340705
0.797609085475194
2.33185893604304
0.968081291093843
2.37035265989241
1.77919904363419
1.83968918111178
2.4005977286312
1.94967124925284
2.58206814106396
2.26861924686192
2.3181111775254
2.46658696951584
2.63705917513449
2.13114166168559
2.21362821279139
1.91942618051405
2.40334728033473
1.8314405260012
1.25953377166766
2.54907352062164
1.63622235505081
1.20729228930066
2.11464435146444
1.15780035863718
1.64997011356844
3.40968320382546
2.40884638374178
2.63980872683802
2.66455469216975
1.46849970113568
1.77369994022714
1.99916317991632
3.3519426180514
1.38326359832636
1.81219366407651
3.23646144650329
2.09814704124328
1.89193066347878
2.12839210998207
1.85068738792588
2.29061566049014
3.33269575612672
2.64530783024507
3.09073520621638
2.13389121338912
1.34202032277346
2.63705917513449
2.70579796772265
2.14763897190675
1.2732815301853
1.02032277346085
3.22271368798565
1.65546921697549
1.67471607890018
2.84602510460251
2.32361028093246
2.01291093843395
1.60597728631201
1.79844590555888
2.11464435146444
2.1421398684997
2.3071129707113
1.99091452480574
2.99175134488942
1.84793783622236
1.85343693962941
3.06049013747759
2.5243275552899
1.83693962940825
2.97525403466826
2.31536162582188
1.82319187089062
2.38959952181709
2.26312014345487
2.15038852361028
1.78469814704124
1.99366407650926
1.65271966527197
2.23562462641961
1.6252241482367
1.55098625224148
2.5655708308428
1.35026897788404
1.61697549312612
1.71595935445308
2.28511655708308
1.97166766288105
0.896592946802152
3.13197848176928
2.56832038254632
2.86802151823072
1.71320980274955
1.50699342498506
1.58673042438733
1.84518828451883
2.84877465630604
1.68571428571429
1.5839808726838
2.51332934847579
1.60047818290496
1.49599521817095
1.50699342498506
1.93867304243873
2.79653317393903
6.73389121338912
2.10639569635386
2.23287507471608
2.52982665869695
1.04231918708906
1.35026897788404
3.08523610280932
2.15588762701733
4.19055588762702
2.12289300657502
2.21637776449492
1.4080095636581
1.41900777047221
1.33377166766288
1.60047818290496
1.72420800956366
1.60047818290496
1.71320980274955
1.34202032277346
1.38601315002989
2.4005977286312
2.3593544530783
2.18063359234907
2.81578003586372
3.05499103407053
2.40609683203825
2.41434548714883
0.0992229527794381
1.91667662881052
2.46933652121937
1.91117752540347
1.91667662881052
2.29611476389719
3.30520023909145
2.49133293484758
2.37585176329946
2.27961745367603
1.99916317991632
1.61422594142259
2.39234907352062
1.60322773460849
2.21912731619845
4.02008368200837
1.34476987447699
4.97692767483562
2.20812910938434
2.37585176329946
2.53807531380753
1.40251046025105
1.91117752540347
4.11081888822475
2.23012552301255
1.36951583980873
2.56282127913927
1.95517035265989
1.54548714883443
2.50783024506874
2.21637776449492
1.66096832038255
1.35576808129109
1.93867304243873
1.35026897788404
1.23478780633592
1.54823670053796
1.54823670053796
1.17429766885834
1.21279139270771
0.294441123729827
1.54548714883443
2.13114166168559
3.29420203227735
2.65630603705918
2.38135086670652
2.51332934847579
1.25953377166766
1.41900777047221
1.91392707710699
4.17405857740586
2.46383741781231
2.32910938433951
1.50974297668858
1.94692169754931
1.90292887029289
2.28511655708308
1.37226539151225
1.78194859533772
1.15505080693365
1.21004184100418
2.35660490137478
2.0596533173939
3.06323968918111
1.59497907949791
2.0596533173939
1.64447101016139
2.2768679019725
2.50233114166169
0.968081291093843
2.23562462641961
1.81219366407651
1.64172145845786
1.89193066347878
2.34560669456067
2.76353855349671
2.18613269575613
0.891093843395099
1.966168559474
1.92217573221757
2.31536162582188
1.501494321578
1.501494321578
0.82510460251046
2.00191273161984
1.48224745965332
2.17513448894202
2.56282127913927
2.04040645546922
1.47124925283921
1.38326359832636
3.40693365212194
1.5317393903168
1.21554094441124
2.15863717872086
1.84518828451883
2.54082486551106
1.82594142259414
0.211954572624029
2.85152420800956
2.38410041841004
4.88344291691572
1.19354453078302
2.88726838015541
3.15947399880454
2.02940824865511
2.95600717274357
4.86419605499103
2.0596533173939
1.68571428571429
1.71595935445308
2.16688583383144
1.19629408248655
1.94142259414226
2.7827854154214
2.483084279737
1.25128511655708
1.47124925283921
1.81494321578004
1.8314405260012
1.73520621637776
2.07890017931859
1.71046025104603
2.06240286909743
6.72289300657501
1.53998804542738
1.72420800956366
1.53448894202032
1.10555887627017
1.77919904363419
4.23729826658697
1.06156604901375
1.2017931858936
2.22187686790197
1.79569635385535
2.52707710699343
1.76820083682008
2.018410041841
1.8424387328153
1.89193066347878
2.47758517632995
6.84662283323371
1.90842797369994
2.92851165570831
1.08631201434549
1.99641362821279
2.83227734608488
1.03682008368201
1.57573221757322
2.42534369396294
2.0486551105798
1.2430364614465
1.88643156007173
1.48774656306037
1.46575014943216
1.80394500896593
1.48224745965332
2.25487148834429
0.899342498505678
2.02115959354453
3.38493723849372
1.61422594142259
2.69754931261207
2.08714883442917
1.83693962940825
2.87077106993425
2.14763897190675
0.96258218768679
1.93317393903168
2.0074118350269
1.0258218768679
2.14488942020323
1.78469814704124
2.57931858936043
1.46849970113568
2.39784817692767
1.18254632396892
1.88093245666467
2.38410041841004
3.8578601315003
1.59772863120143
2.99725044829647
2.93401075911536
1.62247459653317
1.81769276748356
1.02307232516438
2.83227734608488
1.35576808129109
3.11823072325164
2.16688583383144
1.12755528989839
1.51524208009564
2.50508069336521
1.56198445905559
1.93867304243873
2.07890017931859
2.21912731619845
2.39234907352062
4.08882247459653
3.21996413628213
1.66921697549313
1.45200239091452
1.09731022115959
1.64722056186491
2.66730424387328
1.88093245666467
1.97441721458458
2.2768679019725
1.88918111177525
1.30627615062762
2.13114166168559
3.77812313209803
2.58756724447101
1.7187089061566
2.52157800358637
3.05499103407053
1.39701135684399
2.21362821279139
2.48033472803347
1.37226539151225
1.67471607890018
11.0121936640765
5.08141063956964
1.76820083682008
1.86993424985057
1.76545128511656
4.8614465032875
4.30603705917513
1.19354453078302
1.93867304243873
1.63622235505081
1.91667662881052
2.59306634787806
2.44734010759115
1.00382546323969
3.10173341303048
2.01291093843395
2.08164973102212
2.04315600717274
2.54632396891811
1.90842797369994
7.43777644949193
3.00274955170353
0.68762701733413
5.63956963538553
2.87352062163778
2.13939031679617
1.38876270173341
2.37860131500299
1.24028690974298
1.04231918708906
2.37035265989241
2.63156007172744
2.89276748356246
2.88726838015541
3.20071727435744
1.73520621637776
2.56007172743574
1.0258218768679
1.37501494321578
1.05331739390317
2.37310221159594
1.47949790794979
0.0332337118947998
2.8240286909743
5.02092050209205
3.39043634190078
1.12480573819486
2.71954572624029
1.37226539151225
2.483084279737
1.38051404662283
1.35851763299462
1.90017931858936
1.5729826658697
2.07340107591154
2.51332934847579
2.13939031679617
2.23837417812313
1.63622235505081
1.62247459653317
3.2172145845786
2.16688583383144
2.43359234907352
1.40251046025105
2.16138673042439
3.76987447698745
1.27878063359235
4.21255230125523
1.26778242677824
1.26778242677824
0.935086670651524
1.50699342498506
2.20537955768081
0.800358637178721
1.85618649133293
1.57848176927675
2.61506276150628
2.46108786610879
1.69671249252839
1.7077106993425
5.4498505678422
2.92576210400478
5.59832635983263
1.88093245666467
2.65080693365212
1.18804542737597
1.96341900777047
1.22378959952182
2.10364614465033
2.23837417812313
1.97991631799163
2.26037059175134
1.29802749551704
1.87268380155409
0.0717274357441721
2.5655708308428
2.69205020920502
1.6252241482367
3.01374775851763
1.39701135684399
1.22104004781829
1.52074118350269
2.06240286909743
2.43909145248057
2.33460848774656
3.01099820681411
1.18529587567244
2.0486551105798
2.43084279736999
3.00549910340705
1.77644949193066
1.93042438732815
3.95684399282726
3.31894799760909
1.77369994022714
2.68380155409444
1.33102211595935
1.23478780633592
1.18254632396892
3.1759713090257
4.68547519426181
1.83419007770472
1.55923490735206
2.27411835026898
1.32002390914525
1.91942618051405
2.64255827854154
2.51882845188285
1.80669456066946
1.52898983861327
4.78995815899582
2.0596533173939
2.39234907352062
2.0074118350269
2.93950986252241
1.44375373580394
1.35576808129109
1.5317393903168
2.49958158995816
2.24387328153019
1.30627615062762
1.99641362821279
2.01291093843395
2.69479976090855
0.811356843992827
2.91476389719068
1.2842797369994
2.14763897190675
1.50424387328153
2.29336521219366
2.56282127913927
2.81578003586372
1.78194859533772
2.15863717872086
1.64997011356844
2.21912731619845
1.66371787208607
1.39976090854752
1.5729826658697
2.03215780035864
2.49958158995816
2.48583383144053
2.29611476389719
1.46300059772863
2.15588762701733
0.984578601315003
2.12014345487149
1.68571428571429
2.84327555289898
6.65415421398685
1.78469814704124
2.14488942020323
1.62247459653317
1.78744769874477
2.81028093245666
3.21171548117155
2.0486551105798
3.49491930663479
1.51799163179916
1.72145845786013
1.81769276748356
2.87077106993425
1.41350866706515
2.0074118350269
1.81494321578004
2.09539748953975
2.08439928272564
1.71320980274955
1.35576808129109
1.32002390914525
1.99366407650926
16.0053795576808
1.45475194261805
1.64722056186491
2.27136879856545
1.23753735803945
5.99701135684399
2.02665869695158
1.21004184100418
1.78194859533772
1.8836820083682
1.81219366407651
2.32910938433951
3.94859533771668
1.30077704722056
2.58756724447101
1.63072325164375
1.61422594142259
2.51607890017932
1.66921697549313
1.4602510460251
1.7489539748954
2.20537955768081
1.65271966527197
3
1.68021518230723
3.63514644351464
2.48583383144053
2.66455469216975
2.81578003586372
2.93401075911536
2.0486551105798
2.21362821279139
1.52898983861327
0.0222355050806934
2.75254034668261
2.28236700537956
1.66371787208607
2.74979079497908
2.06240286909743
1.31452480573819
2.21637776449492
1.71595935445308
3.10723251643754
2.60406455469217
1.62797369994023
1.39151225343694
3.28320382546324
2.1421398684997
1.72145845786013
2.33735803945009
1.55648535564854
2.36210400478183
2.03490735206216
2.83227734608488
4.95768081291094
1.86718469814704
4.20155409444112
2.31261207411835
1.17154811715481
1.65546921697549
2.49683203825463
1.88643156007173
1.27053197848177
2.29611476389719
4.30053795576808
1.55373580394501
2.67555289898386
1.49324566646742
2.26312014345487
2.49408248655111
1.93867304243873
2.59856545128512
17.729348475792
2.37585176329946
2.08714883442917
4.86144650328751
2.4005977286312
1.98266586969516
4.37202630005977
1.88918111177525
2.59306634787806
2.89826658696952
1.17429766885834
2.6068141063957
5.14465032875075
2.73604303646145
6.9181111775254
3.36294082486551
1.7077106993425
1.24028690974298
1.54823670053796
2.51057979677227
3.04674237895995
1.91117752540347
1.52074118350269
2.66730424387328
1.05881649731022
1.81494321578004
2.91201434548715
2.93950986252241
1.93042438732815
2.50783024506874
3.36843992827256
3.92934847579199
1.52349073520622
1.64172145845786
2.4005977286312
1.60047818290496
2.96975493126121
5.59832635983263
2.06515242080096
2.42259414225941
2.51882845188285
4.90543933054393
1.68571428571429
1.89468021518231
2.018410041841
1.60597728631201
2.99450089659295
4.56999402271369
2.49133293484758
2.02665869695158
2.32910938433951
1.5427375971309
0.959832635983264
0.827854154213987
1.91392707710699
2.36760310818888
1.42175732217573
2.41984459055589
2.45558876270173
1.25953377166766
2.32086072922893
1.99366407650926
1.93867304243873
1.98266586969516
1.32277346084877
2.09264793783622
1.61422594142259
1.8836820083682
3.2997011356844
3.26395696353855
2.41984459055589
3.17872086072923
2.33460848774656
1.91667662881052
2.5655708308428
2.49133293484758
0.984578601315003
2.55732217573222
2.14763897190675
1.57848176927675
1.55098625224148
1.13305439330544
3.15397489539749
2.74704124327555
1.87268380155409
3.45642558278542
1.92767483562463
2.02665869695158
4.1575612671847
1.75445307830245
3.56915720263001
2.67555289898386
1.62797369994023
2.23837417812313
1.77644949193066
1.20454273759713
2.11739390316796
1.16879856545129
2.20263000597729
1.51249252839211
2.30436341900777
1.97441721458458
2.12014345487149
1.45750149432158
1.98541542139868
2.10364614465033
1.5839808726838
1.97991631799163
2.54632396891811
5.2738792588165
2.82677824267782
2.41709503885236
2.40884638374178
1.59497907949791
1.07806335923491
2.93401075911536
2.49683203825463
2.58481769276748
2.51882845188285
2.63430962343096
2.12289300657502
1.6664674237896
1.75720263000598
3.28870292887029
4.09707112970711
1.75720263000598
2.05140466228332
1.5427375971309
2.0898983861327
2.78828451882845
2.77178720860729
2.38410041841004
1.75720263000598
16.747758517633
2.59306634787806
1.73795576808129
2.07065152420801
2.71129707112971
1.58673042438733
1.53723849372385
1.90292887029289
1.58123132098028
1.37226539151225
2.77728631201435
1.26228332337119
0.959832635983264
1.83693962940825
1.21004184100418
0.200956365809922
3.04674237895995
1.41350866706515
1.95242080095637
2.86802151823072
2.7415421398685
2.35110579796772
2.36760310818888
1.10555887627017
2.08164973102212
0.937836222355051
1.68846383741781
1.74070531978482
0.756365809922295
2.10639569635386
2.37035265989241
1.7077106993425
2.84327555289898
1.5729826658697
1.449252839211
2.00466228332337
2.43634190077705
1.35026897788404
1.59772863120143
1.76820083682008
1.21554094441124
2.67280334728033
0.772863120143455
1.31452480573819
1.15230125523013
3.09623430962343
2.07890017931859
0.976329946204423
1.57023311416617
1.95791990436342
3.23921099820681
1.34202032277346
1.74345487148834
1.53998804542738
1.94692169754931
2.26037059175134
2.11464435146444
1.69671249252839
1.75445307830245
3.37393903167962
1.99641362821279
2.09814704124328
2.16138673042439
1.31177525403467
1.5317393903168
1.64997011356844
2.5765690376569
2.92851165570831
1.25403466826061
2.15313807531381
3.36843992827256
1.84793783622236
1.04506873879259
2.07065152420801
0.189958158995816
3.80286909742977
5.24913329348476
1.83693962940825
2.13939031679617
2.73054393305439
1.30352659892409
2.0074118350269
1.95517035265989
2.535325762104
1.97441721458458
3.11548117154812
1.30352659892409
4.19055588762702
1.41900777047221
1.86993424985057
1.59772863120143
1.64172145845786
1.55648535564854
4.44076509264794
1.86718469814704
1.27878063359235
1.42175732217573
3.98433950986252
4.03933054393305
2.34560669456067
3.87710699342498
1.83419007770472
1.71046025104603
1.57023311416617
9.66216377764495
1.3667662881052
6.3187089061566
1.44100418410042
1.95517035265989
1.42175732217573
0.244949193066348
2.483084279737
10.0745965331739
3.62414823670054
1.64172145845786
1.2430364614465
1.64722056186491
1.47674835624626
1.60322773460849
1.49874476987448
2.59581589958159
1.60872683801554
1.95791990436342
2.41159593544531
2.89826658696952
1.93042438732815
2.35385534967125
1.62797369994023
1.69671249252839
1.04506873879259
1.94142259414226
1.43275552898984
1.59222952779438
1.78744769874477
7.20956365809922
2.01566049013748
4.59748953974895
2.62331141661686
1.97716676628811
2.42259414225941
1.64447101016139
2.4005977286312
2.02115959354453
2.27961745367603
1.04506873879259
1.15780035863718
1.07256425582785
1.55923490735206
1.97441721458458
2.6068141063957
1.07806335923491
3.91285116557083
1.45200239091452
1.24578601315003
2.57931858936043
2.01566049013748
1.449252839211
1.69396294082487
1.88643156007173
1.93592349073521
1.83419007770472
2.02390914524806
1.71320980274955
6.09599521817095
1.65271966527197
1.39426180514047
1.98541542139868
1.55648535564854
1.02857142857143
2.43909145248057
1.85068738792588
1.86443514644351
1.42450687387926
1.88093245666467
1.56748356246264
2.10364614465033
1.88918111177525
2.24662283323371
2.02665869695158
1.36126718469815
1.52349073520622
1.50699342498506
2.16963538553497
1.90842797369994
1.24028690974298
1.84793783622236
2.39234907352062
2.91201434548715
1.99916317991632
1.46575014943216
2.27136879856545
1.45475194261805
2.75528989838613
2.46658696951584
2.0486551105798
1.95242080095637
2.03490735206216
1.53448894202032
2.40884638374178
1.01757322175732
1.20454273759713
1.53723849372385
2.30986252241482
3.00549910340705
2.54632396891811
2.59306634787806
1.87268380155409
2.18063359234907
1.52349073520622
2.24387328153019
1.59772863120143
1.25678421996414
1.95517035265989
1.93867304243873
3.26945606694561
1.7599521817095
6.13448894202032
1.73245666467424
1.78469814704124
1.60597728631201
2.96700537955768
3.37393903167962
1.89468021518231
1.52624028690974
2.62056186491333
2.10364614465033
1.92217573221757
2.66455469216975
3.8578601315003
1.99641362821279
1.92767483562463
2.95325762104005
1.8836820083682
2.23287507471608
1.59497907949791
2.10914524805738
1.5427375971309
1.77369994022714
1.02307232516438
1.69671249252839
1.53723849372385
1.56473401075912
1.38326359832636
2.05140466228332
4.90543933054393
1.39426180514047
4.63873281530185
1.26778242677824
1.04231918708906
2.82677824267782
1.96341900777047
2.20537955768081
2.17238493723849
2.99175134488942
1.27053197848177
3.02749551703527
2.21912731619845
1.99091452480574
1.4904961147639
1.66096832038255
1.13855349671249
1.89468021518231
1.6252241482367
3.97884040645547
1.62247459653317
2.97250448296473
1.36126718469815
1.67196652719665
2.93401075911536
2.47483562462642
1.52624028690974
2.11464435146444
2.42809324566647
2.50233114166169
2.97525403466826
3.62139868499701
2.62606096832038
2.05140466228332
1.60322773460849
1.99366407650926
2.24662283323371
1.47399880454274
2.2246264196055
1.64722056186491
1.89468021518231
1.66371787208607
1.84518828451883
1.51524208009564
2.80478182904961
2.25762104004782
2.87901972504483
3.54166168559474
1.11655708308428
1.17154811715481
1.48774656306037
1.82869097429767
1.80669456066946
1.78469814704124
1.45750149432158
1.52349073520622
4.02558278541542
2.83777644949193
1.33927077106993
2.24937238493724
3.44542737597131
2.7002988643156
12.5986849970114
1.45200239091452
1.56748356246264
1.62247459653317
1.51249252839211
1.43000597728631
3.51416616855947
3.9513448894202
1.42175732217573
1.49874476987448
1.46300059772863
3.20346682606097
2.37585176329946
2.60956365809922
5.067662881052
2.05140466228332
2.66180514046623
1.96066945606695
1.72145845786013
3.48392109982068
3.20071727435744
0.893843395098625
1.46300059772863
1.43275552898984
3.10723251643754
2.73054393305439
2.17788404064555
2.37860131500299
2.1421398684997
1.84793783622236
3.15947399880454
3.08523610280932
2.37310221159594
1.83419007770472
2.81852958756724
1.80669456066946
1.71046025104603
1.96341900777047
2.63705917513449
1.96754333532576
1.01207411835027
2.43359234907352
2.79103407053198
1.46849970113568
1.29802749551704
3.48942020322773
1.84793783622236
2.41984459055589
2.56007172743574
1.97166766288105
2.8652719665272
1.88643156007173
1.64447101016139
2.47758517632995
2.27961745367603
2.4418410041841
1.79569635385535
1.28977884040646
2.3483562462642
0.95433353257621
1.58673042438733
2.16688583383144
3.00549910340705
2.42534369396294
2.67280334728033
2.07340107591154
2.4005977286312
1.73795576808129
2.45558876270173
3.14572624028691
1.44650328750747
1.23753735803945
2.11739390316796
1.83968918111178
2.88726838015541
1.79569635385535
1.87268380155409
1.93867304243873
1.71320980274955
1.06431560071727
1.61972504482965
1.83968918111178
5.73855349671249
1.86718469814704
2.60956365809922
1.54548714883443
5.59007770472205
1.45200239091452
4.51225343693963
2.0486551105798
2.13389121338912
1.86443514644351
2.60956365809922
1.49874476987448
1.61972504482965
2.02390914524806
1.93867304243873
1.51799163179916
1.80944411237298
1.72695756126718
2.12014345487149
1.60597728631201
2.17788404064555
1.94417214584579
1.37501494321578
4.54799760908548
6.36545128511656
1.47949790794979
1.78194859533772
2.3071129707113
1.2017931858936
2.12564255827854
1.95791990436342
1.26503287507472
1.8011954572624
1.68571428571429
3.23371189479976
1.97166766288105
2.89001793185894
1.11930663478781
2.6480573819486
2.1421398684997
1.89193066347878
1.96891811117753
1.43550508069337
2.06515242080096
2.07615062761506
1.41900777047221
2.71954572624029
1.39976090854752
1.97716676628811
2.8652719665272
1.73795576808129
1.60872683801554
1.38876270173341
1.11380753138075
2.91476389719068
2.81303048416019
1.8314405260012
3.70113568439928
2.01291093843395
1.76270173341303
1.86718469814704
1.00107591153616
1.61147638971907
1.33102211595935
3.10173341303048
1.63347280334728
2.1421398684997
1.36401673640167
1.57573221757322
3.77812313209803
1.65821876867902
1.80669456066946
2.94500896592947
2.11464435146444
4.42976688583383
3.76437537358039
1.15505080693365
1.34476987447699
2.93126120741183
1.76545128511656
1.35301852958757
2.39509862522415
2.52982665869695
1.7901972504483
1.52074118350269
1.47124925283921
1.65271966527197
3.02199641362821
5.46359832635983
1.36126718469815
2.05415421398685
1.56748356246264
4.45176329946204
3.15672444710102
1.37226539151225
1.69671249252839
1.51799163179916
2.09814704124328
2.05690376569038
1.87818290496115
2.9587567244471
1.08081291093843
1.48499701135684
2.2246264196055
2.61231320980275
1.72970711297071
1.44100418410042
2.52707710699343
1.02307232516438
2.20537955768081
5.38661087866109
2.32361028093246
9.97561267184698
1.84518828451883
2.17238493723849
1.72695756126718
2.20537955768081
1.66096832038255
1.77369994022714
2.61506276150628
2.07340107591154
1.27053197848177
1.80394500896593
8.68882247459653
1.60872683801554
1.43000597728631
1.87543335325762
2.55457262402869
1.45200239091452
2.39234907352062
1.66096832038255
2.39784817692767
1.3255230125523
1.74070531978482
1.45475194261805
8.00418410041841
3.15947399880454
2.01566049013748
1.39151225343694
2.63980872683802
1.60322773460849
1.85893604303646
1.68021518230723
10.1983263598326
1.63347280334728
3.21446503287507
1.04231918708906
0.948834429169157
1.73245666467424
1.93867304243873
2.17788404064555
2.16688583383144
1.62797369994023
1.14130304841602
1.39976090854752
1.61972504482965
1.41900777047221
4.17680812910938
1.20454273759713
1.47399880454274
1.64447101016139
3.34644351464435
1.47949790794979
13.4180514046623
1.8314405260012
2.07615062761506
2.59306634787806
2.94775851763299
1.79294680215182
2.57381948595338
1.38876270173341
1.38326359832636
1.96066945606695
1.11930663478781
1.88918111177525
1.86168559473999
1.72145845786013
1.60047818290496
2.44734010759115
1.05331739390317
1.37226539151225
2.72504482964734
2.95600717274357
1.84518828451883
1.61422594142259
1.21279139270771
1.94142259414226
2.17238493723849
1.88918111177525
1.7599521817095
2.41984459055589
2.0486551105798
2.4005977286312
1.77644949193066
1.59222952779438
3.92659892408846
1.09731022115959
1.6252241482367
1.24853556485356
2.535325762104
2.018410041841
1.96341900777047
1.61697549312612
2.52982665869695
1.47674835624626
1.501494321578
2.66180514046623
1.34202032277346
1.41900777047221
1.89468021518231
1.63897190675433
4.31428571428571
1.23478780633592
1.2732815301853
2.13114166168559
1.09181111775254
1.72695756126718
7.86120741183503
1.85068738792588
2.07340107591154
1.4602510460251
1.98266586969516
1.66371787208607
3.11548117154812
6.20047818290496
1.57573221757322
2.20812910938434
1.77369994022714
2.70854751942618
2.68930065750149
2.44734010759115
2.87352062163778
1.30352659892409
2.90376569037657
1.67471607890018
2.18888224745965
1.64172145845786
2.67830245068739
1.48224745965332
1.2320382546324
1.31727435744172
1.56748356246264
4.498505678422
1.99366407650926
2.2246264196055
2.27411835026898
2.12014345487149
1.25403466826061
2.59581589958159
3.03024506873879
1.99916317991632
2.9065152420801
1.48499701135684
0.805857740585774
1.48499701135684
1.92217573221757
3.82761506276151
1.83968918111178
5.10340705319785
2.58206814106396
1.90567842199641
2.21912731619845
2.21912731619845
2.16688583383144
2.46108786610879
1.30902570233114
2.08714883442917
0.984578601315003
1.53998804542738
2.23837417812313
1.25953377166766
1.44650328750747
1.76820083682008
2.8652719665272
2.58481769276748
2.74979079497908
2.15038852361028
2.46383741781231
2.0486551105798
2.38959952181709
1.66096832038255
1.80944411237298
1.60322773460849
2.07890017931859
2.08439928272564
2.34285714285714
1.79844590555888
2.02390914524806
0.992827256425583
3.05224148236701
3.42618051404662
2.41159593544531
2.7827854154214
2.68105200239091
1.81769276748356
2.0074118350269
2.67830245068739
2.91476389719068
2.8350268977884
2.09264793783622
2.26861924686192
1.6664674237896
2.05690376569038
1.19354453078302
1.60047818290496
1.78469814704124
3.1759713090257
1.58123132098028
1.99641362821279
1.82869097429767
2.47483562462642
1.86718469814704
1.69671249252839
3.06873879258816
2.15588762701733
2.13664076509265
3.62139868499701
2.96700537955768
1.95791990436342
1.41900777047221
2.10914524805738
1.27878063359235
2.23562462641961
1.50424387328153
1.16879856545129
1.68846383741781
2.06790197250448
2.44734010759115
0.134967124925284
4.03108188882247
2.35385534967125
1.56198445905559
1.69396294082487
4.90818888224746
2.31536162582188
2.17238493723849
3.03024506873879
2.19163179916318
1.64997011356844
2.74429169157203
1.28153018529588
1.73245666467424
2.70854751942618
1.56198445905559
1.1907949790795
1.85343693962941
1.30902570233114
1.63897190675433
1.35026897788404
1.59497907949791
1.76270173341303
1.29802749551704
1.52624028690974
1.59222952779438
2.41434548714883
2.47483562462642
1.82594142259414
1.86718469814704
1.50699342498506
1.65546921697549
2.51607890017932
4.13556485355648
2.79928272564256
3.10173341303048
2.10639569635386
1.40251046025105
2.01016138673042
1.33927077106993
2.62606096832038
2.49683203825463
1.85618649133293
1.24853556485356
1.92217573221757
1.50699342498506
1.85618649133293
1.88918111177525
1.72695756126718
1.68571428571429
4.68547519426181
2.52157800358637
1.68296473401076
1.76270173341303
2.07890017931859
1.78469814704124
1.57848176927675
1.20729228930066
2.14763897190675
2.93401075911536
1.93867304243873
1.40526001195457
1.50699342498506
3.58840406455469
1.42725642558279
1.88918111177525
2.2658696951584
2.00466228332337
2.26037059175134
2.69479976090855
1.29802749551704
1.63072325164375
3.37393903167962
2.18613269575613
2.03215780035864
1.52349073520622
2.77178720860729
10.3605499103407
1.89742976688583
2.66180514046623
2.30436341900777
3.0824865511058
3.92659892408846
1.71320980274955
0.96258218768679
2.2768679019725
1.50974297668858
2.13389121338912
2.3181111775254
3.0824865511058
1.99366407650926
1.91942618051405
1.88643156007173
1.95791990436342
2.54632396891811
2.10914524805738
2.76078900179319
2.3181111775254
2.60406455469217
1.52349073520622
2.70579796772265
2.50233114166169
3.21996413628213
2.9587567244471
3.7341303048416
0.107471607890018
2.63156007172744
1.47399880454274
2.67280334728033
2.01566049013748
1.50974297668858
1.90292887029289
1.90017931858936
1.91117752540347
2.13114166168559
1.64447101016139
1.09731022115959
3.31894799760909
1.52898983861327
2.50783024506874
4.49575612671847
1.29252839210998
1.77644949193066
1.11655708308428
1.66371787208607
1.68571428571429
1.38051404662283
1.97991631799163
1.85618649133293
2.44459055588763
1.36951583980873
0.805857740585774
1.44100418410042
1.74345487148834
1.48499701135684
2.25212193664077
1.86443514644351
2.26861924686192
1.8314405260012
2.12014345487149
1.05331739390317
5.21063956963539
1.53448894202032
0.324686192468619
2.37585176329946
2.61231320980275
1.83968918111178
2.10364614465033
1.83693962940825
2.2768679019725
1.03407053197848
3.95684399282726
2.85427375971309
3.17047220561865
1.91667662881052
2.24662283323371
4.27854154213987
1.80394500896593
2.32635983263598
1.64997011356844
0.929587567244471
1.57848176927675
2.02940824865511
2.02940824865511
1.24028690974298
2.15038852361028
1.72695756126718
3.86060968320383
1.2320382546324
2.54082486551106
1.93317393903168
3.07973699940227
1.2732815301853
3.06323968918111
2.09539748953975
1.53723849372385
1.39426180514047
1.27878063359235
1.76545128511656
2.11189479976091
1.74620442319187
2.4005977286312
4.09432157800359
2.45833831440526
3.96509264793784
1.35301852958757
1.62797369994023
2.45283921099821
2.08714883442917
2.18613269575613
1.05606694560669
1.1907949790795
1.35851763299462
1.43825463239689
3.32444710101614
1.72970711297071
2.62056186491333
1.83968918111178
2.39234907352062
1.39151225343694
1.67471607890018
3.3409444112373
2.48858338314405
2.69754931261207
1.31177525403467
3.95959354453078
4.17955768081291
1.76270173341303
1.91667662881052
2.48033472803347
2.39509862522415
2.20812910938434
2.82127913927077
1.86718469814704
1.99641362821279
2.21912731619845
2.018410041841
5.98601315002989
2.25487148834429
2.4005977286312
2.25762104004782
3.42893006575015
1.73520621637776
2.68380155409444
1.58947997609085
2.23837417812313
2.42809324566647
1.5729826658697
1.38876270173341
1.88093245666467
1.966168559474
2.54082486551106
2.12014345487149
1.49324566646742
5.51583980872684
1.87268380155409
6.09324566646742
3.97059175134489
2.18613269575613
1.20729228930066
2.39234907352062
1.45750149432158
2.38959952181709
1.8836820083682
2.83227734608488
4.08057381948595
1.24028690974298
2.23012552301255
2.42809324566647
1.4080095636581
1.40251046025105
1.37776449491931
1.64722056186491
1.60597728631201
2.43634190077705
4.11081888822475
3.19796772265391
2.28786610878661
1.41625821876868
1.65546921697549
2.60131500298864
2.21637776449492
1.83968918111178
1.46849970113568
2.37035265989241
1.84518828451883
3.35744172145846
1.90842797369994
1.56748356246264
1.45200239091452
2.56282127913927
1.22104004781829
1.61422594142259
1.20729228930066
2.46383741781231
1.59497907949791
1.41350866706515
1.80944411237298
1.3667662881052
1.49874476987448
8.13066347878063
1.37226539151225
1.67471607890018
3.40143454871488
1.17704722056186
2.56282127913927
1.22378959952182
1.22653915122534
6.86312014345487
1.55648535564854
4.58649133293485
1.33377166766288
0.343933054393305
1.62797369994023
1.59497907949791
2.11189479976091
2.23287507471608
1.16054991034071
1.45750149432158
1.42175732217573
2.54907352062164
2.56832038254632
0.97907949790795
0.946084877465631
1.10280932456665
1.26503287507472
2.70854751942618
1.59772863120143
3.99808726838015
1.59772863120143
1.68021518230723
1.7599521817095
1.06981470412433
1.91117752540347
3.49491930663479
1.59772863120143
2.16688583383144
2.5765690376569
3.60215182307232
2.91201434548715
1.62797369994023
0.676628810520024
3.7753735803945
2.02940824865511
1.82044231918709
2.07340107591154
2.46108786610879
1.82319187089062
2.6178123132098
1.62797369994023
3.0412432755529
2.28511655708308
2.5765690376569
2.07340107591154
1.73520621637776
0.8498505678422
2.10364614465033
1.91117752540347
3.60490137477585
2.19988045427376
1.93592349073521
1.84518828451883
1.80944411237298
1.42450687387926
1.85618649133293
2.66180514046623
1.64447101016139
2.2246264196055
2.32361028093246
1.93867304243873
2.54907352062164
1.82594142259414
2.52707710699343
3.32719665271966
1.75445307830245
1.71595935445308
1.62247459653317
2.10639569635386
1.41625821876868
2.36760310818888
2.62881052002391
1.86993424985057
2.29611476389719
2.0074118350269
1.61422594142259
1.7489539748954
1.71595935445308
2.15038852361028
1.23478780633592
4.31703526598924
1.43275552898984
12.612432755529
1.2430364614465
2.90376569037657
1.25678421996414
1.40526001195457
2.00466228332337
2.01291093843395
1.9249252839211
2.46658696951584
1.96891811117753
1.56198445905559
1.42175732217573
1.25678421996414
2.05140466228332
2.62881052002391
2.1421398684997
1.51524208009564
1.73520621637776
1.53723849372385
1.91392707710699
2.07890017931859
1.90842797369994
1.1083084279737
1.66921697549313
1.81219366407651
2.0596533173939
1.67471607890018
1.87818290496115
1.83693962940825
1.69396294082487
1.28153018529588
2.54082486551106
2.63980872683802
2.54632396891811
2.07065152420801
2.40884638374178
1.5317393903168
4.60023909145248
1.65546921697549
1.69946204423192
2.03490735206216
2.74704124327555
1.33377166766288
6.59916317991632
2.93676031081889
1.87818290496115
1.27053197848177
2.0074118350269
2.04315600717274
2.91201434548715
3.65989240884638
1.30902570233114
1.89742976688583
2.08164973102212
2.74979079497908
1.91667662881052
1.40526001195457
1.39426180514047
1.5729826658697
3.35744172145846
2.51882845188285
1.77095038852361
0.940585774058577
2.67830245068739
1.32827256425583
1.86718469814704
2.19163179916318
2.71954572624029
1.35851763299462
1.71046025104603
3.3821876867902
2.56832038254632
1.32002390914525
1.74620442319187
3.34781829049612
2.535325762104
2.12289300657502
2.29336521219366
1.74620442319187
1.60322773460849
2.84602510460251
1.7077106993425
1.67196652719665
1.85893604303646
2.00191273161984
3.03849372384937
3.29145248057382
1.19354453078302
0.893843395098625
0.990077704722056
1.23753735803945
1.02857142857143
3.3519426180514
3.28870292887029
2.38135086670652
2.55182307232516
2.36760310818888
2.12014345487149
2.27136879856545
1.60047818290496
2.04040645546922
1.46849970113568
3.28320382546324
1.17154811715481
2.69205020920502
1.88918111177525
2.16688583383144
1.92217573221757
2.08164973102212
1.43275552898984
2.45558876270173
1.19354453078302
1.94692169754931
1.74620442319187
1.26228332337119
1.92217573221757
1.58673042438733
1.52074118350269
2.37035265989241
3.31344889420203
4.23729826658697
1.62247459653317
1.94692169754931
2.08439928272564
1.39151225343694
4.76521219366408
2.83777644949193
1.67746563060371
2.98900179318589
1.72420800956366
2.34010759115362
1.7489539748954
1.24853556485356
1.03682008368201
2.24937238493724
7.50926479378362
2.13939031679617
2.51057979677227
2.45558876270173
1.39426180514047
1.34751942618051
3.06323968918111
2.37310221159594
2.32635983263598
1.55373580394501
2.94500896592947
1.02307232516438
1.41900777047221
2.06515242080096
1.86443514644351
1.95242080095637
2.13664076509265
1.43550508069337
2.79103407053198
1.28702928870293
1.1907949790795
1.81769276748356
1.69671249252839
2.28236700537956
2.1008965929468
1.56198445905559
2.34285714285714
2.96425582785415
1.76270173341303
1.95242080095637
1.92217573221757
1.68021518230723
1.34476987447699
1.86993424985057
2.3593544530783
1.32277346084877
2.56832038254632
1.25128511655708
2.31536162582188
2.27411835026898
1.98266586969516
2.67280334728033
2.38959952181709
2.07890017931859
1.56748356246264
2.55732217573222
2.31261207411835
1.00657501494322
1.58947997609085
2.10364614465033
2.04315600717274
1.69946204423192
2.65630603705918
2.49408248655111
1.46575014943216
1.96341900777047
1.38876270173341
2.38410041841004
2.09264793783622
2.39234907352062
2.18063359234907
1.45475194261805
1.7599521817095
4.83120143454871
1.1907949790795
3.01924686192469
1.75170352659892
2.85152420800956
2.44734010759115
1.0670651524208
1.82319187089062
1.72420800956366
1.35576808129109
1.51249252839211
1.87543335325762
1.87543335325762
2.018410041841
1.57573221757322
1.72970711297071
3.32444710101614
2.02940824865511
2.48858338314405
1.66921697549313
2.15863717872086
1.00107591153616
1.56748356246264
3.98983861326958
2.72504482964734
2.27136879856545
1.79294680215182
1.86993424985057
3.73138075313808
2.74704124327555
3.61315002988643
2.10914524805738
2.21087866108787
3.19521817095039
1.57573221757322
1.66921697549313
1.55923490735206
2.2246264196055
0.118469814704124
3.26670651524208
1.2732815301853
1.77369994022714
3.52241482367005
3.30794979079498
1.99091452480574
2.96975493126121
2.29336521219366
2.51332934847579
1.22378959952182
1.90017931858936
1.82594142259414
1.31177525403467
1.35576808129109
2.29886431560072
3.52791392707711
1.07531380753138
2.32361028093246
1.50974297668858
2.20537955768081
0.753616258218769
1.76545128511656
1.30902570233114
2.02115959354453
1.90292887029289
1.96341900777047
1.94692169754931
1.41625821876868
2.03215780035864
2.15313807531381
2.23837417812313
1.24853556485356
2.78553496712493
1.77644949193066
1.3255230125523
2.21637776449492
1.30352659892409
2.21362821279139
1.37226539151225
1.33927077106993
2.73604303646145
2.92576210400478
1.64172145845786
1.29802749551704
1.29252839210998
1.3255230125523
1.50974297668858
1.36401673640167
2.84877465630604
1.55373580394501
1.37776449491931
1.41350866706515
1.32827256425583
1.43825463239689
2.25762104004782
1.92767483562463
3.43992827256426
1.60597728631201
1.00932456664674
1.68571428571429
1.73245666467424
3.47292289300657
1.82319187089062
2.33460848774656
1.77369994022714
1.97441721458458
2.56282127913927
1.14680215182307
2.15863717872086
4.46276150627615
1.52074118350269
3.23646144650329
1.29527794381351
1.42725642558279
1.18254632396892
2.78828451882845
2.18063359234907
3.3821876867902
2.14488942020323
0.778362223550508
2.30161386730424
2.43634190077705
1.64722056186491
2.04315600717274
2.8240286909743
1.55923490735206
1.60872683801554
1.63072325164375
1.9249252839211
2.48583383144053
1.63622235505081
3.63789599521817
1.82594142259414
1.08081291093843
1.0258218768679
2.48858338314405
1.31177525403467
1.78469814704124
1.86168559473999
2.47208607292289
2.38959952181709
2.94500896592947
1.83693962940825
2.4418410041841
1.33927077106993
1.56473401075912
1.11930663478781
1.63072325164375
2.35660490137478
1.5427375971309
2.47208607292289
2.02665869695158
1.94692169754931
1.69946204423192
1.14680215182307
1.25403466826061
2.92301255230126
1.56473401075912
1.5427375971309
1.79844590555888
1.33652121936641
1.23753735803945
2.32086072922893
1.56748356246264
1.59772863120143
2.03490735206216
1.55098625224148
1.61422594142259
1.5729826658697
1.38876270173341
2.15863717872086
1.65271966527197
2.23012552301255
1.73795576808129
3.14297668858338
3.03024506873879
1.23478780633592
3.40693365212194
1.8836820083682
2.80478182904961
1.24853556485356
4.30878661087866
1.37226539151225
1.11380753138075
1.52074118350269
1.69396294082487
4.15206216377764
2.27136879856545
1.42725642558279
3.6928870292887
1.39426180514047
8.95002988643156
1.501494321578
2.01291093843395
1.38051404662283
1.37226539151225
2.16688583383144
2.50233114166169
2.51332934847579
1.72970711297071
3.72588164973102
2.22187686790197
1.75720263000598
6.19772863120143
1.88643156007173
1.36401673640167
6.00526001195457
1.39701135684399
1.17979677226539
1.5729826658697
1.75720263000598
3.55540944411237
2.85977286312014
1.33652121936641
2.43909145248057
3.54441123729827
1.67471607890018
3.5581589958159
2.1833831440526
1.53448894202032
2.92301255230126
2.62331141661686
2.58756724447101
1.36126718469815
5.32337118947998
2.04040645546922
2.22187686790197
1.50424387328153
1.94417214584579
0.959832635983264
1.60872683801554
2.92576210400478
5.79629408248655
1.66371787208607
2.99725044829647
3.47017334130305
1.56473401075912
1.42450687387926
2.20263000597729
1.67196652719665
2.63980872683802
4.88894202032277
1.65271966527197
2.34010759115362
1.56198445905559
1.87268380155409
2.17788404064555
2.87077106993425
1.38601315002989
2.25762104004782
4.24554692169755
1.20729228930066
1.97441721458458
7.03634190077705
1.29802749551704
1.62247459653317
1.77644949193066
3.61315002988643
1.50699342498506
3.21446503287507
1.75720263000598
2.99725044829647
1.34476987447699
3.27770472205619
1.89468021518231
1.43000597728631
1.34751942618051
3.58290496114764
2.23837417812313
1.34202032277346
2.52707710699343
2.80753138075314
1.74620442319187
2.17788404064555
1.89193066347878
2.03765690376569
1.18529587567244
1.0258218768679
1.69396294082487
3.36019127316198
1.35026897788404
3.21996413628213
1.11380753138075
2.97250448296473
2.43634190077705
0.943335325762104
1.69671249252839
2.78003586371787
1.84518828451883
2.7827854154214
1.68846383741781
1.86718469814704
1.54823670053796
1.47124925283921
1.54548714883443
1.83419007770472
2.1833831440526
2.08714883442917
2.12289300657502
1.76545128511656
1.52349073520622
1.96891811117753
1.37776449491931
2.6480573819486
2.66455469216975
1.75170352659892
2.92576210400478
2.4005977286312
3.2172145845786
2.02665869695158
2.47208607292289
1.99091452480574
1.50424387328153
2.76628810520024
2.38684997011357
2.47208607292289
2.22187686790197
2.54357441721458
1.87543335325762
2.13939031679617
7.22331141661686
1.44650328750747
1.62247459653317
1.28702928870293
1.62797369994023
2.07065152420801
1.5427375971309
1.39976090854752
3.16222355050807
7.93269575612672
2.63705917513449
2.82952779438135
1.11105797967723
2.12839210998207
2.23287507471608
1.70221159593545
1.90842797369994
2.81852958756724
2.09264793783622
1.61697549312612
4.09432157800359
1.15230125523013
2.05690376569038
4.09432157800359
1.86993424985057
1.23753735803945
1.84793783622236
2.01291093843395
2.09814704124328
2.07615062761506
1.72970711297071
1.18529587567244
1.73795576808129
3.67638971906754
1.88093245666467
2.62606096832038
1.42725642558279
3.63789599521817
1.43825463239689
3.40693365212194
1.84793783622236
3.25020920502092
4.57549312612074
0.95433353257621
3.87435744172146
1.81494321578004
3.10998206814106
1.90567842199641
2.59031679617454
2.16138673042439
2.69479976090855
2.97800358637179
1.11105797967723
4.34178123132098
1.64722056186491
1.50974297668858
1.44375373580394
2.79653317393903
1.81494321578004
6.39569635385535
1.90842797369994
2.02115959354453
2.45558876270173
2.5655708308428
3.23646144650329
3.6928870292887
1.91942618051405
1.20729228930066
1.67196652719665
1.95791990436342
1.88093245666467
2.00466228332337
15.3729826658697
3.16222355050807
1.55098625224148
1.72145845786013
1.80944411237298
2.11464435146444
1.86443514644351
1.64722056186491
1.83419007770472
1.85068738792588
2.24662283323371
1.53448894202032
4.26754333532576
2.08164973102212
1.94142259414226
1.90842797369994
4.47650926479378
2.46658696951584
1.75170352659892
1.72145845786013
1.96891811117753
3.17047220561865
3.03299462044232
1.56748356246264
1.82044231918709
1.40526001195457
1.93042438732815
6.01625821876868
1.66921697549313
1.79844590555888
2.45008965929468
3.10998206814106
3.21996413628213
1.69946204423192
1.57848176927675
1.34202032277346
1.71046025104603
1.38326359832636
2.55182307232516
1.57848176927675
3.39593544530783
2.15863717872086
1.71595935445308
2.07340107591154
2.018410041841
9.58242677824268
2.81578003586372
1.38601315002989
3.74237895995218
1.98266586969516
2.2768679019725
1.6664674237896
2.37310221159594
2.20263000597729
1.83419007770472
1.40526001195457
1.76820083682008
1.24028690974298
0.973580394500897
1.69671249252839
3.90460251046025
1.23753735803945
2.83227734608488
1.82044231918709
2.58481769276748
0.929587567244471
2.62881052002391
1.95517035265989
2.7002988643156
2.43084279736999
1.78744769874477
1.30627615062762
1.42450687387926
2.0596533173939
2.34560669456067
2.83777644949193
2.43634190077705
1.7489539748954
0.885594739988045
1.48499701135684
1.34202032277346
5.67256425582785
1.32827256425583
2.08714883442917
2.80753138075314
1.18529587567244
0.965331739390317
1.45750149432158
1.43000597728631
1.48774656306037
1.71046025104603
1.63622235505081
1.18804542737597
2.21912731619845
2.22187686790197
2.38684997011357
2.33185893604304
1.25403466826061
1.60047818290496
2.15588762701733
2.08164973102212
4.56174536760311
2.26312014345487
2.98900179318589
1.67746563060371
2.26312014345487
2.25212193664077
1.1495517035266
1.53998804542738
1.93317393903168
2.50508069336521
1.79844590555888
1.21829049611476
1.73520621637776
2.20263000597729
2.14763897190675
2.63980872683802
1.57023311416617
1.21829049611476
2.08164973102212
1.7187089061566
3.94859533771668
1.61422594142259
2.77178720860729
1.96341900777047
1.93317393903168
21.0645546921698
2.20263000597729
2.65630603705918
1.96891811117753
1.46300059772863
2.91201434548715
2.16413628212791
5.53508667065152
5.95026897788404
2.43634190077705
2.84602510460251
1.98816497310221
2.31536162582188
2.2658696951584
1.78194859533772
1.22653915122534
6.40944411237298
2.78828451882845
2.0074118350269
3.66539151225344
2.0596533173939
2.57931858936043
2.96975493126121
1.41350866706515
4.39402271368799
2.32361028093246
1.66921697549313
1.50424387328153
1.85343693962941
2.13939031679617
1.7489539748954
1.77919904363419
2.01566049013748
2.95600717274357
1.08356246264196
1.50699342498506
1.99641362821279
2.40884638374178
3.2172145845786
2.27136879856545
3.04949193066348
15.4389719067543
2.07340107591154
1.0258218768679
1.99366407650926
3.32169754931261
1.91942618051405
2.85702331141662
2.06515242080096
2.32910938433951
2.32910938433951
3.02474596533174
1.22928870292887
1.52898983861327
2.19713090257023
1.20454273759713
2.09264793783622
4.63873281530185
2.26312014345487
2.60131500298864
1.88643156007173
2.07615062761506
1.52349073520622
1.501494321578
3.43717872086073
2.4005977286312
2.04040645546922
1.61697549312612
1.48774656306037
1.7901972504483
1.42175732217573
2.60956365809922
2.18063359234907
1.84518828451883
1.71595935445308
2.10364614465033
2.68105200239091
2.33185893604304
1.7489539748954
4.70472205618649
3.51416616855947
1.98816497310221
1.12755528989839
1.65271966527197
1.59222952779438
2.21087866108787
2.12564255827854
1.72145845786013
2.12014345487149
3.26395696353855
2.95050806933652
4.39402271368799
2.01016138673042
2.00191273161984
1.64447101016138
1.67196652719665
1.83968918111178
1.62797369994023
1.52074118350269
2.2658696951584
2.29336521219366
1.97441721458458
1.96341900777047
1.57023311416617
1.54548714883443
1.5317393903168
2.98625224148237
2.12014345487149
1.85343693962941
1.30077704722056
1.60322773460849
2.6068141063957
2.63705917513449
1.12205618649133
1.75445307830245
1.90842797369994
1.35026897788404
2.08439928272564
1.2732815301853
2.04040645546922
1.61697549312612
4.82295277943813
2.4418410041841
1.69671249252839
0.929587567244471
1.81769276748356
1.93042438732815
2.22737597130903
1.449252839211
2.0486551105798
1.48499701135684
1.95517035265989
1.89742976688583
2.26861924686192
1.35026897788404
1.19904363419008
1.75720263000598
2.75254034668261
0.95433353257621
2.14763897190675
2.51607890017932
2.89826658696952
7.78421996413628
1.47949790794979
1.38326359832636
1.49874476987448
2.57931858936043
1.07256425582785
1.82869097429767
3.0412432755529
2.29336521219366
1.96066945606695
1.83419007770472
1.64997011356844
0.893843395098625
1.2430364614465
2.36210400478183
4.53150029886431
8.16090854751942
1.93042438732815
1.7489539748954
2.62881052002391
2.47483562462642
2.72229527794381
2.55182307232516
1.00932456664674
2.35660490137478
1.54548714883443
2.53807531380753
1.70496114763897
1.76545128511656
2.73054393305439
1.43825463239689
2.20263000597729
2.90926479378362
2.69754931261207
1.65271966527197
2.37310221159594
4.14381350866706
2.44459055588763
2.00191273161984
1.55648535564854
3.26395696353855
1.66921697549313
1.35576808129109
1.58123132098028
1.69946204423192
2.08439928272564
1.61422594142259
1.43550508069337
1.98816497310221
2.018410041841
1.22653915122534
2.46108786610879
1.8836820083682
2.26312014345487
2.19713090257023
2.0486551105798
2.24387328153019
2.99450089659295
1.5317393903168
1.34476987447699
2.4418410041841
1.60872683801554
17.1052002390915
1.45750149432158
2.96425582785415
1.57848176927675
1.88643156007173
1.43550508069337
1.501494321578
3.36294082486551
1.65546921697549
1.87818290496115
4.82845188284519
2.81303048416019
1.72695756126718
2.28236700537956
1.53723849372385
2.02940824865511
2.29886431560072
2.86252241482367
2.35660490137478
1.64722056186491
2.07890017931859
1.16604901374776
1.88918111177525
0.0167364016736402
2.10914524805738
2.0486551105798
3.01649731022116
1.68571428571429
2.01566049013748
1.41350866706515
1.93592349073521
3.45642558278542
1.05331739390317
1.50424387328153
2.24937238493724
1.29802749551704
2.39509862522415
2.31261207411835
1.16604901374776
1.43000597728631
1.5839808726838
2.28786610878661
2.65080693365212
2.04315600717274
2.49958158995816
1.81494321578004
2.04315600717274
1.05881649731022
1.94142259414226
2.12289300657502
1.23478780633592
1.10280932456665
1.79844590555888
1.66371787208607
2.55457262402869
0.869097429766886
1.17154811715481
2.51057979677227
1.84793783622236
3.46192468619247
5.32887029288703
1.38326359832636
2.12014345487149
2.23837417812313
2.80478182904961
2.85977286312014
2.68655110579797
2.42809324566647
1.94692169754931
1.73520621637776
1.92767483562463
1.58673042438733
1.2842797369994
1.41625821876868
2.33185893604304
3.51141661685595
2.09814704124328
1.8011954572624
2.28511655708308
3.70663478780634
2.93950986252241
2.0596533173939
3.02749551703527
1.97166766288105
1.5427375971309
1.72145845786013
3.45092647937836
1.5317393903168
1.98816497310221
8.92803347280335
2.7827854154214
5.50484160191273
1.76270173341303
2.18613269575613
2.1008965929468
1.98816497310221
3.70663478780634
1.41350866706515
3.03574417214585
1.66371787208607
1.91942618051405
4.64148236700538
1.51799163179916
2.65630603705918
2.15313807531381
4.60023909145248
3.48117154811715
1.3255230125523
1.96891811117753
3.37668858338314
1.61422594142259
1.93042438732815
2.24937238493724
2.71129707112971
1.69121338912134
1.35851763299462
3.66264196054991
1.25403466826061
1.11655708308428
2.10364614465033
2.94500896592947
1.4904961147639
1.25128511655708
1.90567842199641
3.01099820681411
1.25678421996414
2.29061566049014
2.55457262402869
2.47208607292289
2.73879258816497
1.33377166766288
1.43275552898984
2.04040645546922
3.05224148236701
2.3071129707113
1.2017931858936
2.62056186491333
1.14680215182307
0.0442319187089062
2.81028093245666
2.24662283323371
1.36126718469815
2.97800358637179
3.17047220561865
3.23646144650329
2.29886431560072
2.38959952181709
3.33269575612672
2.0486551105798
2.23562462641961
2.13389121338912
2.42809324566647
1.501494321578
2.73329348475792
3.49216975493126
1.06156604901375
3.05224148236701
3.09073520621638
1.93867304243873
2.87352062163778
1.53998804542738
1.8836820083682
3.46742378959952
2.65355648535565
1.2842797369994
2.08714883442917
1.46300059772863
2.52982665869695
2.03215780035864
1.66096832038255
2.06240286909743
1.35301852958757
1.21004184100418
1.82869097429767
2.15313807531381
1.54548714883443
1.92217573221757
2.62606096832038
2.47208607292289
1.84793783622236
1.78194859533772
1.71320980274955
6.52767483562463
1.79844590555888
1.46575014943216
1.94692169754931
2.49958158995816
1.47124925283921
1.501494321578
1.53723849372385
1.31452480573819
2.84877465630604
1.30352659892409
2.68655110579797
2.6480573819486
1.5317393903168
2.67830245068739
2.13114166168559
1.38876270173341
1.96341900777047
1.54823670053796
3.63514644351464
1.93867304243873
2.07065152420801
4.05307830245069
1.52898983861327
1.97441721458458
10.0828451882845
3.97059175134489
2.18063359234907
1.8011954572624
2.34010759115362
1.81494321578004
1.11655708308428
1.50424387328153
1.44375373580394
2.4418410041841
1.63347280334728
1.38876270173341
1.84518828451883
1.93317393903168
1.62247459653317
1.69946204423192
2.57381948595338
1.3667662881052
1.61147638971907
3.56090854751943
1.19904363419008
1.41900777047221
1.56473401075912
1.72970711297071
1.33102211595935
5.05391512253437
1.74345487148834
1.77644949193066
0.759115361625822
1.16604901374776
1.47124925283921
1.65821876867902
2.40609683203825
2.6068141063957
3.59390316796175
1.7599521817095
1.63622235505081
3.95959354453078
3.51966527196653
1.73795576808129
2.27961745367603
2.00191273161984
2.68105200239091
1.25678421996414
1.48774656306037
1.29252839210998
1.76545128511656
1.18529587567244
2.85427375971309
1.68846383741781
1.60322773460849
2.46383741781231
1.50974297668858
1.47124925283921
2.45833831440526
2.04590555887627
1.48774656306037
5.34811715481171
2.07065152420801
1.90017931858936
3.0934847579199
1.449252839211
1.92767483562463
1.61697549312612
2.20263000597729
2.09264793783622
1.98816497310221
1.67196652719665
1.90292887029289
2.31536162582188
1.32002390914525
1.22928870292887
0.948834429169157
1.33377166766288
2.85702331141662
2.35110579796772
2.30161386730424
1.12755528989839
1.6252241482367
1.55923490735206
2.19163179916318
2.39509862522415
2.65080693365212
1.38051404662283
1.72145845786013
1.26503287507472
2.67005379557681
1.6664674237896
1.2320382546324
1.94142259414226
1.63897190675433
1.66921697549313
2.23562462641961
3.04674237895995
5.36186491332935
2.42259414225941
3.00824865511058
1.11655708308428
2.35660490137478
1.71320980274955
2.75803945008966
1.75445307830245
1.91392707710699
4.69647340107591
3.26670651524208
1.33377166766288
3.27770472205619
2.56282127913927
1.69396294082487
1.67471607890018
1.03132098027496
3.03299462044232
6.50017931858936
1.70221159593545
1.55923490735206
1.2430364614465
1.41350866706515
2.00191273161984
1.99641362821279
2.63156007172744
1.5839808726838
2.79928272564256
1.61972504482965
2.03490735206216
1.52624028690974
2.80753138075314
1.36126718469815
1.11930663478781
2.12289300657502
2.16413628212791
1.5839808726838
3.20896592946802
3.00274955170353
1.81494321578004
1.82594142259414
1.96066945606695
1.80669456066946
2.36210400478183
2.15038852361028
6.61566049013748
1.35576808129109
2.3071129707113
2.97525403466826
2.25487148834429
7.41578003586372
1.99916317991632
1.8011954572624
1.22653915122534
1.00657501494322
1.38326359832636
2.04590555887627
2.24112372982666
1.32277346084877
1.8836820083682
2.41159593544531
1.1907949790795
1.46575014943216
2.0596533173939
1.95791990436342
2.21637776449492
2.00466228332337
3.6406455469217
3.07698744769874
2.07065152420801
1.76545128511656
1.87543335325762
1.94692169754931
1.76820083682008
2.11464435146444
3.0934847579199
2.58756724447101
1.81494321578004
2.70304841601913
5.68081291093843
3.70388523610281
3.58565451285117
1.56748356246264
2.23287507471608
2.90376569037657
2.41434548714883
2.04590555887627
1.98266586969516
2.63430962343096
1.35851763299462
2.6480573819486
2.76903765690377
1.17429766885834
1.63622235505081
2.38135086670652
1.35851763299462
6.97585176329946
1.78469814704124
1.37226539151225
4.31428571428571
1.13580394500897
6.85487148834429
4.41052002390914
2.10639569635386
1.56198445905559
2.06790197250448
1.41075911536163
1.58947997609085
3.44542737597131
1.33102211595935
2.22187686790197
1.24853556485356
3.23646144650329
2.27411835026898
1.71046025104603
1.40526001195457
1.4904961147639
1.20454273759713
1.6252241482367
9.85738194859534
5.93927077106993
3.57190675433353
2.32361028093246
2.09814704124328
2.40884638374178
1.21554094441124
1.30902570233114
3.98708906156605
2.37860131500299
1.31452480573819
1.09731022115959
1.72420800956366
1.61422594142259
3.03299462044232
1.91942618051405
1.95517035265989
1.50424387328153
1.6664674237896
2.05140466228332
1.27053197848177
2.11739390316796
1.23753735803945
2.13939031679617
2.45558876270173
2.33735803945009
2.44734010759115
1.83693962940825
1.38601315002989
2.59306634787806
1.46300059772863
2.37310221159594
1.8011954572624
1.53998804542738
1.23753735803945
2.03490735206216
2.04040645546922
1.41075911536163
2.85977286312014
2.36347878063359
1.52349073520622
3.60765092647938
1.45200239091452
2.9175134488942
4.05307830245069
1.8314405260012
1.8836820083682
1.85343693962941
3.70938433950986
2.54082486551106
1.90567842199641
1.30077704722056
2.51057979677227
2.20263000597729
1.48499701135684
2.08439928272564
1.77095038852361
2.61506276150628
1.4904961147639
1.11930663478781
1.77919904363419
3.18971906754334
1.49599521817095
2.00466228332337
9.81338912133891
3.49766885833831
1.49324566646742
2.36210400478183
2.56282127913927
2.98075313807531
0.816855947399881
3.21446503287507
2.71404662283323
1.7187089061566
3.37118947997609
1.30352659892409
3.71488344291692
0.97907949790795
2.03765690376569
3.93759713090257
1.09456066945607
2.34560669456067
0.943335325762104
2.84052600119546
2.13664076509265
1.14680215182307
1.89193066347878
1.72695756126718
1.6252241482367
1.59772863120143
1.97166766288105
2.36760310818888
1.49874476987448
1.89193066347878
3.04399282725643
4.38302450687388
1.99366407650926
1.56473401075912
2.5243275552899
2.72504482964734
2.64255827854154
1.08631201434549
2.66730424387328
1.77369994022714
4.46001195457262
1.72695756126718
1.27878063359235
2.51057979677227
2.48583383144053
1.90292887029289
1.12205618649133
2.09814704124328
1.68571428571429
3.4756724447101
1.50424387328153
1.42450687387926
2.47483562462642
1.29527794381351
2.32635983263598
3.36843992827256
1.24578601315003
2.97800358637179
1.25128511655708
2.06240286909743
0.976329946204423
7.77047220561865
1.47949790794979
2.2246264196055
1.32277346084877
1.74070531978482
1.1907949790795
2.10639569635386
2.91201434548715
1.82044231918709
1.70221159593545
2.33460848774656
1.61972504482965
1.92217573221757
1.8314405260012
1.7187089061566
2.31536162582188
2.46658696951584
1.25403466826061
2.12014345487149
1.60322773460849
6.65690376569038
1.38876270173341
1.67746563060371
3.78362223550508
1.96066945606695
1.32827256425583
1.81219366407651
1.59772863120143
1.63347280334728
2.8762701733413
1.28977884040646
2.98350268977884
2.24937238493724
6.79438135086671
2.35385534967125
1.22653915122534
1.89742976688583
3.49216975493126
3.01374775851763
1.56748356246264
3.43717872086073
1.41075911536163
1.40251046025105
1.91942618051405
1.45475194261805
1.6664674237896
3.51416616855947
1.89742976688583
1.26503287507472
2.8240286909743
3.3519426180514
1.15505080693365
2.5243275552899
1.46300059772863
1.94142259414226
3.2997011356844
1.14680215182307
2.05415421398685
1.8836820083682
1.29252839210998
1.57848176927675
1.68021518230723
7.89695158398087
2.38410041841004
2.95325762104005
1.51799163179916
2.42259414225941
2.7415421398685
1.13305439330544
3.48392109982068
1.67746563060371
1.55373580394501
2.17238493723849
1.5427375971309
2.3181111775254
2.29061566049014
1.74070531978482
3.62964734010759
6.62115959354453
1.13580394500897
1.5839808726838
1.68571428571429
2.05415421398685
2.15038852361028
2.51332934847579
2.77728631201435
1.52074118350269
2.34010759115362
3.30520023909145
3.23096234309623
1.31452480573819
2.67005379557681
2.12014345487149
1.99916317991632
1.27878063359235
3.71213389121339
1.45200239091452
1.67471607890018
1.31452480573819
1.74620442319187
2.02940824865511
1.09731022115959
2.51332934847579
2.1833831440526
1.48499701135684
1.63072325164375
3.0412432755529
2.6480573819486
10.1515839808727
1.77095038852361
1.52898983861327
1.25128511655708
2.8652719665272
1.49874476987448
2.37035265989241
1.96341900777047
3.16772265391512
3.31344889420203
2.23287507471608
1.90842797369994
2.30161386730424
0.929587567244471
1.92217573221757
1.89193066347878
4.3335325762104
1.63347280334728
1.82594142259414
1.52074118350269
1.83968918111178
1.77095038852361
1.20729228930066
1.13855349671249
2.2768679019725
1.44100418410042
3.26945606694561
1.27603108188882
2.6068141063957
2.25212193664077
2.44459055588763
3.18147041243276
1.53723849372385
2.47208607292289
3.26395696353855
1.57848176927675
2.03490735206216
1.97716676628811
1.57573221757322
2.19713090257023
1.31177525403467
1.54823670053796
1.6252241482367
2.42809324566647
1.46849970113568
1.75720263000598
1.46849970113568
2.03765690376569
1.68571428571429
2.32910938433951
9.54668260609683
2.05690376569038
2.15313807531381
2.25487148834429
1.59222952779438
2.1008965929468
1.99091452480574
1.81219366407651
3.19521817095039
1.52624028690974
2.60131500298864
1.2842797369994
2.5655708308428
1.97441721458458
1.26778242677824
1.62247459653317
1.46849970113568
1.51249252839211
7.37178720860729
1.73245666467424
1.79569635385535
1.44375373580394
1.35851763299462
2.12014345487149
2.46658696951584
4.19055588762702
2.54907352062164
1.75170352659892
4.00633592349073
1.88918111177525
1.63622235505081
2.95600717274357
1.41900777047221
2.10914524805738
1.09456066945607
4.54249850567842
2.2658696951584
2.84602510460251
1.89468021518231
4.80095636580992
2.81303048416019
2.96700537955768
2.45558876270173
1.1495517035266
2.17788404064555
1.99366407650926
4.61398684997011
2.79378362223551
2.68105200239091
1.25953377166766
1.06981470412433
2.21637776449492
1.12480573819486
1.57573221757322
1.36951583980873
2.27136879856545
1.90292887029289
3.06323968918111
1.7187089061566
3.13747758517633
1.03407053197848
2.46658696951584
3.60490137477585
2.52157800358637
1.05331739390317
1.03407053197848
2.0074118350269
2.36760310818888
3.37668858338314
4.57274357441721
3.20346682606097
1.54548714883443
1.79569635385535
5.03741781231321
3.93759713090257
2.62331141661686
1.14680215182307
2.81303048416019
1.50699342498506
1.08906156604901
1.25678421996414
1.98816497310221
1.72420800956366
2.0486551105798
3.65989240884638
2.07890017931859
1.02307232516438
10.2285714285714
1.49324566646742
2.87901972504483
3.64339509862522
2.90376569037657
1.25403466826061
2.7415421398685
2.1833831440526
2.018410041841
1.35301852958757
1.42450687387926
1.91667662881052
2.56832038254632
0.97083084279737
2.27961745367603
2.55457262402869
1.61147638971907
1.3255230125523
3.51966527196653
2.41159593544531
2.53257621040048
1.45475194261805
1.449252839211
2.72229527794381
1.37226539151225
1.66096832038255
1.55923490735206
1.49874476987448
2.43634190077705
1.92217573221757
1.66371787208607
4.04482964734011
1.83968918111178
2.21912731619845
3.3821876867902
2.07615062761506
3.15947399880454
1.77644949193066
4.08057381948595
1.57023311416617
1.75445307830245
3.2172145845786
3.60765092647938
2.46383741781231
2.29611476389719
1.53448894202032
2.45833831440526
2.27411835026898
1.90017931858936
2.2768679019725
1.3255230125523
4.3747758517633
1.69396294082487
0.885594739988045
2.23562462641961
3.39868499701136
2.43634190077705
1.23478780633592
1.37501494321578
1.53448894202032
3.83861326957561
2.0596533173939
1.77919904363419
1.41900777047221
2.54907352062164
3.63789599521817
1.57573221757322
2.90926479378362
1.9249252839211
2.23562462641961
2.12014345487149
2.15038852361028
2.20812910938434
1.29527794381351
1.93867304243873
1.76545128511656
2.35110579796772
1.98266586969516
4.00633592349073
1.46575014943216
1.98816497310221
1.8011954572624
1.78744769874477
2.51882845188285
2.07340107591154
2.75803945008966
2.23837417812313
1.81494321578004
4.4682606096832
2.62331141661686
1.5729826658697
1.08631201434549
3.57465630603706
5.29037656903766
1.44650328750747
1.50424387328153
3.76712492528392
2.21637776449492
1.53723849372385
1.91392707710699
1.61697549312612
2.04315600717274
2.87077106993425
1.09181111775254
1.72970711297071
4.07782426778243
1.66921697549313
1.61697549312612
1.79844590555888
2.75254034668261
1.67746563060371
3.11548117154812
2.63430962343096
4.1575612671847
2.23562462641961
2.018410041841
1.34751942618051
3.59665271966527
1.44375373580394
1.81494321578004
1.21554094441124
1.91667662881052
2.13664076509265
1.6252241482367
1.29802749551704
1.52349073520622
1.47399880454274
1.24578601315003
2.98625224148237
2.36760310818888
2.06240286909743
2.08164973102212
1.77369994022714
2.62331141661686
1.76820083682008
2.30436341900777
1.28153018529588
3.27770472205619
3.0824865511058
1.32827256425583
2.19438135086671
1.98541542139868
1.53998804542738
1.36126718469815
2.86252241482367
3.6516437537358
1.43000597728631
12.8818888224746
2.30986252241482
2.04315600717274
6.17023311416617
9.65116557083084
2.23837417812313
2.4418410041841
1.1495517035266
1.27603108188882
2.76353855349671
1.95791990436342
1.63897190675433
0.95433353257621
5.91727435744172
2.71679617453676
2.30986252241482
3.0824865511058
1.58947997609085
1.52624028690974
1.74070531978482
1.35301852958757
1.38051404662283
1.58123132098028
1.32277346084877
2.04590555887627
1.33102211595935
2.43909145248057
1.94142259414226
5.57632994620442
1.82594142259414
1.40526001195457
1.38326359832636
2.66180514046623
2.31536162582188
1.35851763299462
1.42450687387926
2.1421398684997
3.32994620442319
1.86443514644351
1.27603108188882
2.75254034668261
2.67555289898386
1.67746563060371
2.35110579796772
1.77369994022714
1.86993424985057
2.73879258816497
2.47483562462642
1.71320980274955
10.4182904961148
1.65271966527197
2.3593544530783
1.26228332337119
2.03765690376569
1.39701135684399
1.58947997609085
1.67471607890018
2.13939031679617
3.55540944411237
2.25212193664077
1.04781829049611
1.2320382546324
3.28595337716677
4.52050209205021
1.501494321578
2.85977286312014
1.40526001195457
1.91117752540347
1.43825463239689
1.93042438732815
1.87268380155409
2.65630603705918
1.55648535564854
1.87268380155409
2.76353855349671
1.68571428571429
1.71320980274955
5.14190077704722
3.39043634190078
1.71595935445308
1.60872683801554
1.35851763299462
2.09539748953975
1.84793783622236
1.53448894202032
1.1083084279737
2.54632396891811
2.45283921099821
2.89001793185894
1.14405260011955
1.70496114763897
1.93317393903168
2.05140466228332
3.53616258218769
2.27136879856545
1.19629408248655
1.96891811117753
2.70579796772265
1.77644949193066
1.38601315002989
1.28977884040646
1.70496114763897
2.03215780035864
2.25762104004782
1.39151225343694
2.30161386730424
1.59497907949791
2.44459055588763
2.2246264196055
2.40609683203825
2.63156007172744
1.81219366407651
2.19713090257023
2.5655708308428
7.28380155409444
1.11930663478781
