0.038732815301853
0.038732815301853
0.0634787806335923
0.038732815301853
0.038732815301853
0.0689778840406455
0.066228332337119
0.02498505678422
0.0304841601912732
0.0359832635983264
0.0456066945606695
0.0222355050806934
0.0414823670053796
0.0414823670053796
0.0380454273759714
0.0194859533771668
0.165212193664077
0.0194859533771668
0.000239091452480579
0.0414823670053796
0.02498505678422
0.0882247459653317
0.17071129707113
0.011237298266587
0.02498505678422
0.225702331141662
0.0167364016736402
0.038732815301853
0.0772265391512253
0.0456066945606695
0.0538553496712493
0.0332337118947998
0.0304841601912732
0.0497310221159594
0.0236102809324567
0.02498505678422
0.0799760908547519
0.151464435146444
0.00848774656306037
0.0332337118947998
0.107471607890018
0.222952779438135
0.0772265391512253
0.0552301255230126
0.0167364016736402
0.038732815301853
0.321936640765093
0.0318589360430365
0.00848774656306037
0.205080693365212
0.0744769874476987
0.0194859533771668
0.0352958756724448
0.0139868499701136
0.0263598326359833
0.0352958756724448
0.0277346084877466
0.0318589360430365
0.346682606096832
0.0462940824865511
0.236700537955768
0.129468021518231
0.115720263000598
0.0332337118947998
0.0689778840406455
0.052480573819486
0.0538553496712492
0.0717274357441721
0.0414823670053796
0.0445756126718471
0.0167364016736402
0.0497310221159594
0.0579796772265391
0.0332337118947998
0.0332337118947998
0.0634787806335923
0.129468021518231
0.0359832635983264
0.0786013150029887
0.00573819485953378
0.0263598326359833
0.011237298266587
0.115720263000598
0.0559175134488943
0.0304841601912732
0.0552301255230126
0.0497310221159594
0.134967124925284
0.0139868499701136
0.0277346084877466
0.066228332337119
0.0992229527794383
0.133592349073521
0.0291093843395099
0.0937238493723849
0.0469814704124328
0.0854751942618051
0.0772265391512253
0.0689778840406455
0.0758517632994621
0.0497310221159594
0.0744769874476988
0.0194859533771668
0.110221159593545
0.052480573819486
0.02498505678422
0.0263598326359833
0.139778840406455
0.0332337118947998
0.101972504482965
0.129468021518231
0.00573819485953378
0.107471607890018
0.0579796772265391
0.188583383144053
0.159713090257023
0.0552301255230126
0.0827256425582785
0.0194859533771668
0.0284219964136283
0.0600418410041842
0.206455469216976
0.02498505678422
0.250448296473401
0.0992229527794381
0.152151823072325
0.0414823670053796
0.0394202032277346
0.115720263000598
0.101972504482965
0.0414823670053796
0.0414823670053796
0.02498505678422
0.0414823670053796
0.0689778840406455
0.052480573819486
0.341183502689779
0.046637776449492
0.0744769874476989
0.0854751942618054
0.0854751942618051
0.0665720263000598
0.222952779438135
0.0854751942618051
0.0208607292289301
0.0167364016736402
0.110221159593545
0.13771667662881
0.0428571428571428
0.199581589958159
0.156963538553497
0.0139868499701136
0.0937238493723849
0.0579796772265391
0.0277346084877466
0.0744769874476987
0.066228332337119
0.0339210998206814
0.0538553496712493
0.000239091452480579
0.0277346084877466
0.0634787806335923
0.156963538553497
0.225702331141662
0.0717274357441723
0.00298864315600717
0.112970711297071
0.011237298266587
0.0854751942618051
0.0677749551703526
0.0414823670053796
0.0566049013747759
0.0579796772265391
0.0462940824865512
0.0277346084877466
0.128093245666468
0.0236102809324567
0.0964734010759117
0.00848774656306037
0.0717274357441721
0.101972504482965
0.231201434548715
0.0456066945606695
0.200956365809922
0.0634787806335923
0.038732815301853
0.0373580394500896
0.0827256425582785
0.0634787806335923
0.011237298266587
0.220203227734608
0.0569485953377167
0.0167364016736402
0.0462940824865511
0.0414823670053796
0.117782426778243
0.0194859533771668
0.0607292289300657
0.00298864315600717
0.064166168559474
0.0373580394500897
0.181709503885236
0.0744769874476987
0.0119246861924686
0.0538553496712493
0.100597728631202
0.0270472205618649
0.200956365809922
0.0304841601912732
0.144590555887627
0.0634787806335923
0.0772265391512253
0.066228332337119
0.0222355050806934
0.123968918111178
0.0579796772265391
0.0359832635983264
0.0579796772265391
0.0586670651524208
0.0909742976688584
0.129468021518231
0.0139868499701136
0.0572922893006575
0.0414823670053796
0.00298864315600717
0.0469814704124328
0.179991034070532
0.0634787806335923
0.0772265391512253
0.0356395696353856
0.115032875074716
0.0473251643753736
0.038732815301853
0.0827256425582785
0.0531679617453676
0.0304841601912732
0.0772265391512253
0.0579796772265391
0.144590555887627
0.0538553496712492
0.00298864315600717
0.0548864315600717
0.0414823670053796
0.0772265391512253
0.121734907352062
0.200956365809922
0.0411386730424387
0.0717274357441723
0.0229228930065751
0.143215780035864
0.0552301255230126
0.0469814704124328
0.066228332337119
0.0937238493723849
0.101972504482965
0.0717274357441721
0.0531679617453676
0.0469814704124328
0.0194859533771668
0.027047220561865
0.0538553496712492
0.137716676628811
0.0744769874476987
0.0689778840406455
0.0607292289300657
0.058752988643156
0.17071129707113
0.23145920502092
0.0359832635983264
0.00298864315600717
0.0882247459653319
0.203705917513449
0.137716676628811
0.0304841601912732
0.0854751942618052
0.0263598326359833
0.0380454273759714
0.0304841601912732
0.0676031081888824
0.0366706515242081
0.107471607890018
0.192707710699342
0.0731022115959355
0.0497310221159594
0.066228332337119
0.0744769874476987
0.0184548714883443
0.103347280334728
0.00573819485953378
0.0744769874476987
0.0868499701135685
0.156276150627615
0.0373580394500896
0.0442319187089062
0.104722056186491
0.0222355050806934
0.02498505678422
0.112283323371189
0.132217573221757
0.0593544530783024
0.187895995218171
0.121906754333533
0.00573819485953379
0.173460848774656
0.0222355050806934
0.275194261805141
0.02498505678422
0.0332337118947998
0.0607292289300657
0.121219366407651
0.167961745367603
0.0459503885236103
0.0744769874476987
0.00298864315600717
0.0304841601912732
0.0538553496712493
0.00436341900777048
0.0579796772265391
0.0600418410041841
0.0261879856545129
0.0359832635983264
0.0854751942618051
0.0414823670053796
0.167961745367603
0.0414823670053796
0.176210400478183
0.00298864315600717
0.126718469814704
0.508906156604901
0.0359832635983264
0.02498505678422
0.143215780035864
0.0930364614465032
0.139435146443514
0.00298864315600717
0.0607292289300657
0.0806634787806338
0.0414823670053796
0.152968096234309
0.0827256425582785
0.163837417812313
0.0277346084877466
0.156963538553497
0.0270472205618649
0.00573819485953378
0.052480573819486
0.101972504482965
0.277943813508667
0.0359832635983264
0.0277346084877466
0.200956365809922
0.0923490735206217
0.052480573819486
0.0442319187089062
0.0624476987447699
0.14596533173939
0.104722056186491
0.173460848774656
0.129811715481171
0.0222355050806934
0.0964734010759114
0.198206814106396
0.13359234907352
0.129811715481171
0.0428571428571429
0.123968918111178
0.0511057979677227
0.0717274357441721
0.0373580394500897
0.165212193664077
0.02498505678422
0.0992229527794381
0.000239091452480579
0.214704124327555
0.0607292289300657
0.126718469814704
0.00573819485953378
0.0469814704124328
0.104722056186491
0.123968918111178
0.00573819485953378
0.123968918111177
0.114345487148835
0.0167364016736402
0.0167364016736402
0.0717274357441723
0.038732815301853
0.011237298266587
0.101972504482965
0.0717274357441721
0.104722056186491
0.0139868499701136
0.0772265391512253
0.038732815301853
0.0531679617453676
0.203705917513449
0.0607292289300657
0.15421398684997
0.159713090257023
0.310938433950986
0.0469814704124328
0.02498505678422
0.115720263000598
0.0394202032277347
0.0194859533771668
0.00298864315600717
0.0411386730424388
0.04165421398685
0.000239091452480579
0.0854751942618051
0.0469814704124327
0.0950986252241481
0.0222355050806934
0.0456066945606694
0.104722056186491
0.0511057979677226
0.275194261805141
0.140466228332337
0.132561267184698
0.099222952779438
0.066228332337119
0.0882247459653318
0.0734459055588763
0.038732815301853
0.135654512851166
0.137716676628811
0.00298864315600717
0.0827256425582785
0.0844441123729829
0.038732815301853
0.0277346084877466
0.140466228332337
0.0717274357441723
0.156963538553497
0.0772265391512253
0.000239091452480579
0.0167364016736402
0.143215780035864
0.0786013150029887
0.107471607890018
0.110221159593545
0.103003586371787
0.137716676628811
0.0854751942618051
0.052480573819486
0.0772265391512253
0.434668260609683
0.0466377764494919
0.0442319187089062
0.0194859533771668
0.0132994620442319
0.0442319187089062
0.121219366407651
0.0222355050806934
0.0648535564853556
0.126718469814704
0.0767109982068138
0.0816086371787208
0.0827256425582785
0.115720263000598
0.0263598326359833
0.100769575612672
0.00848774656306037
0.126718469814704
0.112970711297071
0.135096010161387
0.253197848176928
0.0882247459653317
0.137716676628811
0.000239091452480579
0.0500747160789003
0.0208607292289301
0.0442319187089062
0.107471607890018
0.140466228332337
0.00573819485953378
0.0360691870890616
0.0273909145248058
0.110221159593545
0.0717274357441721
0.0552301255230126
0.0614166168559474
0.151464435146444
0.0827256425582785
0.0497310221159594
0.15421398684997
0.134967124925284
0.0964734010759115
0.176210400478183
0.115720263000598
0.052480573819486
0.225702331141662
0.0772265391512253
0.00848774656306037
0.0964734010759115
0.0304841601912732
0.0359832635983264
0.0346084877465631
0.0744769874476987
0.0789450089659296
0.02498505678422
0.159713090257023
0.0497310221159594
0.0607292289300657
0.111939629408249
0.0827256425582785
0.0194859533771668
0.0986644500896594
0.066228332337119
0.0952704722056184
0.0366706515242081
0.0371861924686193
0.0854751942618051
0.0992229527794381
0.0332337118947998
0.0607292289300657
0.101285116557083
0.156963538553497
0.112970711297071
0.0198296473401076
0.0854751942618051
0.0634787806335923
0.0689778840406455
0.123968918111178
0.0194859533771668
0.178959952181709
0.0744769874476987
0.107471607890018
0.0483562462641961
0.0167364016736402
0.134687873580395
0.0167364016736402
0.0297967722653916
0.0964734010759115
0.607890017931859
0.0631350866706515
0.0332337118947997
0.129468021518231
0.0139868499701136
0.011237298266587
0.173460848774656
0.011237298266587
0.0689778840406455
0.180334728033473
0.0346084877465631
0.101972504482965
0.0621040047818291
0.170711297071129
0.115720263000598
0.0194859533771668
0.0414823670053796
0.0940675433353258
0.0552301255230125
0.02498505678422
0.0718992827256426
0.0566049013747759
0.0332337118947998
0.0464659294680215
0.105924985056784
0.0435445307830245
0.038732815301853
0.0799760908547519
0.0827256425582785
0.0497310221159594
0.123968918111178
0.137716676628811
0.011237298266587
0.0497310221159594
0.112970711297071
0.0744769874476987
0.0256724447101016
0.107471607890018
0.110221159593545
0.203705917513449
0.101671772265392
0.0559175134488943
0.187208607292289
0.0892558278541541
0.163837417812313
0.0705245068738792
0.0428571428571428
0.134967124925284
0.0511057979677226
0.155245068738792
0.0717274357441721
0.0799760908547519
0.0555738194859535
0.0607292289300657
0.0167364016736402
0.0401075911536162
0.15421398684997
0.0531679617453676
0.0676031081888825
0.0277346084877466
0.0442319187089062
0.1418410041841
0.0371861924686193
0.152839210998207
0.0469814704124328
0.101972504482965
0.0634787806335923
0.049129557680813
0.211954572624029
0.129468021518231
0.0194859533771668
0.0531679617453675
0.0676675508069338
0.0414823670053796
0.137716676628811
0.0469814704124328
0.0882247459653317
0.043716377764495
0.0766250747160789
0.187208607292289
0.0373580394500897
0.0497310221159594
0.0634787806335923
0.0332337118947998
0.165212193664076
0.188067842199641
0.0892558278541543
0.286192468619247
0.0614166168559474
0.0979341004184103
0.354931261207412
0.0303123132098028
0.0923490735206219
0.0263598326359833
0.0222355050806934
0.0786013150029888
0.011237298266587
0.0426852958756724
0.0834130304841603
0.00848774656306037
0.0442319187089062
0.272444710101614
0.000239091452480579
0.0992229527794381
0.17071129707113
0.0521368798565452
0.107471607890018
0.17071129707113
0.0787731619844593
0.101972504482965
0.0277346084877466
0.0194859533771668
0.0409668260609684
1.25128511655708
0.114517334130305
0.038732815301853
0.0856470412432755
0.052480573819486
0.0549723550508069
0.0373580394500896
0.0992229527794381
0.0985355648535567
0.0731022115959355
0.038732815301853
0.052480573819486
0.0541990436341901
0.16246264196055
0.118469814704124
0.143215780035864
0.0456066945606695
0.0777420800956368
0.0370143454871489
0.110221159593545
0.0552301255230126
0.0428571428571429
0.0607292289300657
0.0806634787806337
0.148714883442917
0.052480573819486
0.107471607890018
0.107471607890018
0.104722056186491
0.0414823670053796
0.0607292289300657
0.0923490735206217
0.189958158995816
0.0469814704124328
0.0882247459653317
0.16658696951584
0.0359832635983264
0.0456066945606695
0.052480573819486
0.0442319187089062
0.011237298266587
0.134967124925284
0.0139868499701136
0.0497310221159594
0.0722429766885835
0.0421697549312612
0.0579796772265391
0.0497310221159594
0.0731022115959356
0.195457262402869
0.239450089659295
0.0442319187089062
0.0761954572624031
0.225702331141662
0.0799760908547521
0.0711259713090258
0.0304841601912732
0.0277346084877466
0.103519127316198
0.0167364016736402
0.129468021518231
0.0442319187089062
0.0535116557083085
0.0390765092647938
0.195457262402869
0.0604177562761507
0.0552301255230125
0.0758517632994621
0.00573819485953378
0.066228332337119
0.0968170950388523
0.046637776449492
0.111595935445308
0.0868499701135686
0.0621040047818291
0.052480573819486
0.0332337118947998
0.217453676031082
0.00848774656306037
0.140466228332337
0.0847878063359235
0.0469814704124328
0.165212193664077
0.165212193664077
0.115720263000598
0.0799760908547519
0.00573819485953378
0.0139868499701136
0.0703526598924089
0.110221159593545
0.121219366407651
0.137716676628811
0.0542420053795577
0.0304841601912732
0.247698744769874
0.115720263000598
0.209205020920502
0.0992229527794381
0.0328900179318589
0.104722056186491
0.783861326957561
0.032890017931859
0.0648535564853556
0.011237298266587
0.0469814704124328
0.0841004184100418
0.129532464136282
0.189958158995816
0.0744769874476987
0.0964734010759115
0.0528242677824267
0.0579796772265391
0.0497310221159594
0.14596533173939
0.123968918111178
0.0497310221159594
0.101972504482965
0.0950986252241482
0.0304841601912732
0.0772265391512255
0.0352958756724447
0.0689778840406455
0.0700089659294681
0.0304841601912732
0.0332337118947998
0.107471607890018
0.118469814704124
0.0256724447101017
0.02498505678422
0.000239091452480579
0.0579796772265391
0.0414823670053796
0.0909742976688584
0.0794605499103408
0.0689778840406455
0.0827256425582788
0.0442319187089062
0.17071129707113
0.0442319187089062
0.052480573819486
0.231201434548715
0.000239091452480579
0.0717274357441721
0.02498505678422
0.0854751942618051
0.0167364016736402
0.02498505678422
0.151464435146444
0.0493873281530186
0.0883965929468023
0.0297967722653916
0.176210400478183
0.0579796772265391
0.052480573819486
0.123968918111178
0.0304841601912732
0.0607292289300657
0.0414823670053796
0.0964734010759115
0.084100418410042
0.148714883442917
0.00573819485953378
0.0232665869695159
0.280693365212194
0.0717274357441721
0.153182904961148
0.0703526598924089
0.222952779438135
0.0359832635983264
0.132217573221757
0.310938433950986
0.067860878661088
0.0772265391512253
0.217453676031082
0.011237298266587
0.0359832635983264
0.0139868499701136
0.02498505678422
0.118469814704124
0.0621040047818291
0.0476688583383144
0.0414823670053796
0.011237298266587
0.00573819485953378
0.067946802151823
0.134967124925284
0.038732815301853
0.096645248057382
0.126718469814704
0.0909742976688584
0.0236102809324567
0.0139868499701136
0.102659892408846
0.106096832038255
0.0222355050806934
0.167961745367603
0.0801479378362226
0.0277346084877466
0.159713090257023
0.00848774656306037
0.02498505678422
0.0964734010759115
0.134967124925284
0.0703526598924088
0.0909742976688584
0.0394202032277346
0.02498505678422
0.00573819485953378
0.0662283323371189
0.0607292289300657
0.0659490809922296
0.0194859533771668
0.0854751942618051
0.0414823670053796
0.0827256425582785
0.107471607890018
0.2916915720263
0.0359832635983264
0.163837417812313
0.0744769874476987
0.0964734010759115
0.0167364016736402
0.0442319187089062
0.14596533173939
0.0827256425582785
0.0552301255230126
0.038732815301853
1.35576808129109
0.0497310221159594
0.00848774656306037
0.0586670651524208
0.189958158995816
0.143215780035864
0.0909742976688585
0.107471607890018
0.0875373580394498
0.123968918111178
0.126718469814704
0.448416019127316
0.0744769874476987
0.0552301255230126
0.0497310221159594
0.695875672444708
0.0717596570531978
0.184459055588763
0.0634787806335923
0.0497310221159594
0.112970711297071
0.011237298266587
0.0222355050806934
0.0964734010759114
0.0841004184100421
0.0194859533771668
0.0634787806335923
0.0595263000597729
0.225702331141662
0.011237298266587
0.0579796772265391
0.0786013150029885
0.156963538553497
0.0483562462641961
0.011237298266587
0.0579796772265391
0.00298864315600717
0.00573819485953378
0.0359832635983264
0.052480573819486
0.0772265391512253
0.011237298266587
0.231201434548715
0.0634787806335923
0.00298864315600717
0.0882247459653317
0.0139868499701136
0.0497310221159594
0.129468021518231
0.0868499701135687
0.104722056186491
0.0895995218170952
0.101972504482965
0.121219366407651
0.140466228332337
0.101972504482965
0.0139868499701136
0.0497310221159594
0.0717274357441721
0.0607292289300657
0.159713090257023
0.132217573221757
0.112970711297071
0.0772265391512254
0.0469814704124328
0.0304841601912732
0.0167364016736402
0.00848774656306037
0.0607292289300657
0.0834130304841603
0.038732815301853
0.0375298864315601
0.0731022115959355
0.275194261805141
0.0414823670053796
0.0236102809324567
0.146652719665272
0.0964734010759113
0.0552301255230126
0.0497310221159594
0.0634787806335924
0.107471607890018
0.0992229527794384
0.038732815301853
0.0634787806335922
0.0194859533771668
0.15421398684997
0.0552301255230127
0.189958158995816
0.0882247459653317
0.135482665869695
0.0469814704124328
0.125343693962941
0.195457262402869
0.070524506873879
0.0758517632994623
0.0992229527794381
0.0401075911536163
0.0167364016736402
0.137716676628811
0.00848774656306039
0.151464435146444
0.0359832635983264
0.139091452480574
0.00848774656306037
0.129468021518231
0.0414823670053796
0.0497310221159594
0.0811790197250449
0.0418260609683204
0.09991034070532
0.0222355050806934
0.0359832635983264
0.00814405260011953
0.143215780035864
0.151464435146444
0.0957860131500301
0.0621040047818291
0.16246264196055
0.236700537955768
0.011237298266587
0.0662283323371189
0.066228332337119
0.0772265391512253
0.0717274357441721
0.0937238493723849
0.114345487148835
0.0627913927077107
0.0607292289300657
0.038732815301853
0.108846383741781
0.0854751942618052
0.00848774656306037
0.0332337118947998
0.0304841601912732
0.00573819485953378
0.0964734010759115
0.0827256425582785
0.0799760908547519
0.00848774656306037
0.165212193664077
0.0456066945606695
0.140466228332337
0.0304841601912732
0.236700537955768
0.0469814704124328
0.0992229527794381
0.121219366407651
0.0332337118947998
0.00848774656306037
0.0717274357441723
0.0297967722653915
0.0469814704124328
0.000239091452480579
0.0277346084877466
0.123968918111178
0.0579796772265391
0.125343693962941
0.00573819485953378
0.0627913927077107
0.15421398684997
0.203705917513449
0.02498505678422
0.0920913030484159
0.0717274357441721
0.140466228332337
0.0497310221159594
0.0827256425582785
0.0277346084877466
0.011237298266587
0.0277346084877466
0.0304841601912732
0.0854751942618051
0.064166168559474
0.114173640167364
0.0737895995218171
0.0772265391512253
0.0950986252241485
0.0689778840406457
0.110221159593545
0.052480573819486
0.105753138075314
0.038732815301853
0.126718469814704
0.0194859533771668
0.052480573819486
0.0332337118947998
0.0373580394500897
0.0827256425582785
0.0868499701135686
0.0167364016736402
0.0497310221159594
0.0757013971906757
0.112798864315601
0.187208607292289
0.0421697549312613
0.0882247459653317
0.0860122160789004
0.0634787806335923
0.132217573221757
0.173460848774656
0.0607292289300657
0.011237298266587
0.038732815301853
0.0552301255230126
0.0497310221159594
0.0937238493723849
0.144622777196653
0.0469814704124328
0.0456066945606695
0.038732815301853
0.0618247534369397
0.0181111775254035
0.23738792588165
0.00298864315600717
0.0277346084877466
0.195457262402869
0.0689778840406455
0.0469814704124328
0.0442319187089062
0.132217573221757
0.0348662582187687
0.107471607890018
0.161087866108787
0.058752988643156
0.00848774656306037
0.0909742976688584
0.159713090257023
0.140466228332337
0.0528242677824268
0.011237298266587
0.022063658099223
0.0552301255230126
0.0909742976688584
0.0139868499701136
0.0909742976688585
0.284817692767483
0.034608487746563
0.118469814704124
0.0414823670053796
0.0882247459653317
0.0332337118947998
0.165212193664077
0.0641661685594743
0.0744769874476987
0.0469814704124328
0.0511057979677226
0.143215780035864
0.0689778840406455
0.15421398684997
0.074476987447699
0.151464435146444
0.0744769874476987
0.0469814704124328
0.0827256425582785
0.0167364016736402
0.0579796772265392
0.038732815301853
0.10595720636581
0.222952779438135
0.0999103407053199
0.0689778840406454
0.00298864315600717
0.0847878063359233
0.15833831440526
0.155588762701733
0.0359832635983264
0.052480573819486
0.0469814704124328
0.67937836222355
0.0731022115959354
0.140466228332337
0.0744769874476987
0.115806186491333
0.0181111775254035
0.066228332337119
0.110221159593545
0.396174536760311
0.0909742976688584
0.0194859533771668
0.011237298266587
0.101972504482965
0.346682606096832
0.111595935445308
0.000239091452480579
0.112970711297071
0.118469814704124
0.0167364016736402
0.00848774656306037
0.0139868499701136
0.0689778840406455
0.0139868499701136
0.000239091452480579
0.066228332337119
0.0277346084877466
0.0263598326359833
0.0786013150029886
0.132561267184699
0.0964734010759115
0.066228332337119
0.0717274357441721
0.0194859533771668
0.134967124925284
0.0682904961147638
0.00711297071129709
0.0882247459653317
0.0689778840406455
0.0865062761506277
0.0332337118947998
0.0923490735206219
0.0483562462641961
0.0679468021518228
0.0909742976688584
0.0744769874476987
0.0676031081888822
0.0689778840406455
0.0730162881052005
0.247698744769874
0.0359832635983264
0.0167364016736402
0.000239091452480579
0.0689778840406455
0.0277346084877466
0.0909742976688584
0.0634787806335923
0.066228332337119
0.0650254034668262
0.132217573221757
0.143215780035864
0.0909742976688584
0.0552301255230126
0.147340107591154
0.0772265391512253
0.0710400478182907
0.0669157202630005
0.134967124925284
0.0552301255230126
0.0827256425582785
0.0655409444112376
0.0359832635983264
0.0531679617453676
0.00573819485953378
0.0717274357441721
0.0940675433353257
0.0827256425582785
0.123968918111178
0.0703526598924089
0.110221159593545
0.052480573819486
0.189958158995816
0.038732815301853
0.0494302898983862
0.0932297893006574
0.0799760908547519
0.0696652719665272
0.0552301255230126
0.0964734010759115
0.0483723569187089
0.0418260609683205
0.0639083980872684
0.0421697549312612
0.0757228780633592
0.0359832635983264
0.048356246264196
0.0607292289300657
0.136341900777047
0.114345487148835
0.0469814704124328
0.250448296473401
0.066228332337119
0.044575612671847
0.0799760908547519
0.118469814704124
0.0566049013747759
0.0717274357441721
0.0421697549312613
0.0478407053197848
0.0483562462641961
0.0964734010759115
0.0304841601912732
0.143215780035863
0.16246264196055
0.0662283323371189
0.083112298266587
0.137716676628811
0.130842797369994
0.0581515242080095
0.0359832635983264
0.0442319187089062
0.0552301255230126
0.111595935445308
0.0139868499701136
0.107471607890018
0.0968170950388523
0.0634787806335924
0.0772265391512254
0.052480573819486
0.131530185295876
0.0882247459653317
0.00848774656306037
0.0442319187089062
0.0277346084877466
0.181709503885236
0.137716676628811
0.0359832635983264
0.110221159593545
0.0752502988643156
0.662881052002391
0.228451882845188
0.0748206814106396
0.176210400478183
0.00298864315600717
0.16246264196055
0.0882247459653317
0.0342647937836223
0.0538553496712492
0.0277346084877466
0.0764532277346087
0.106096832038255
0.0600418410041841
0.183084279736999
0.0552301255230126
0.140466228332337
0.0889121338912132
0.0167364016736402
0.228451882845188
0.189958158995816
0.17071129707113
0.298565451285117
0.02498505678422
0.0552301255230126
0.0854751942618051
0.110908547519426
0.030827854154214
0.100769575612672
0.0859048117154813
0.00573819485953378
0.0717274357441724
0.0629632396891813
0.0813508667065151
0.0626195457262403
0.0511057979677226
0.0827256425582785
0.00848774656306037
0.011237298266587
0.0469814704124328
0.0861625821876867
0.123968918111178
0.066228332337119
0.0414823670053796
0.00848774656306037
0.0634787806335923
0.066228332337119
0.0562612074118351
0.00298864315600718
0.0717274357441721
0.0594403765690376
0.0799760908547521
0.0772265391512256
0.165212193664077
0.000239091452480579
0.15421398684997
0.0497310221159594
0.0497310221159594
0.0607292289300657
0.0895995218170949
0.242199641362821
0.14596533173939
0.118469814704124
0.179647340107591
0.101972504482965
0.0277346084877466
0.0607292289300657
0.177757023311417
0.0882247459653317
0.052480573819486
0.149402271368799
0.206455469216976
0.0435445307830244
0.121219366407651
0.108244919306635
0.123968918111178
0.0167364016736402
0.0579796772265391
0.115913590854752
0.0332337118947998
0.470412432755529
0.0827256425582788
0.0552301255230126
0.646383741781231
0.0772265391512253
0.0524805738194861
0.250448296473401
0.211954572624029
0.119844590555888
0.0823819485953377
0.038732815301853
0.0277346084877466
0.16246264196055
0.286192468619247
0.0414823670053796
0.0509339509862523
0.129468021518231
0.0683764196054992
0.093723849372385
0.0717274357441721
0.0579796772265391
0.0552301255230126
0.115720263000598
0.0359832635983264
0.0552301255230126
0.0430289898386133
0.0854751942618051
0.0772265391512253
0.132904961147639
0.0401075911536163
0.122422295277944
0.000239091452480579
0.0382172743574418
0.0552301255230126
0.0326322474596534
0.0813508667065152
0.0789450089659293
0.0418260609683204
0.183084279736999
0.156963538553497
0.0332337118947998
0.129468021518231
0.134967124925284
0.0552301255230126
0.0999103407053198
0.0470244321578004
0.101972504482965
1.84793783622236
0.15008965929468
0.0882247459653317
0.00573819485953378
0.066228332337119
0.011237298266587
0.148714883442917
0.163837417812313
0.161087866108787
0.0222355050806934
0.084100418410042
0.0167364016736402
0.052480573819486
0.038732815301853
0.0676031081888822
0.0359832635983264
0.0773124626419606
0.0304841601912732
0.038732815301853
0.0689778840406455
0.000239091452480579
0.0462940824865511
0.038732815301853
0.0373580394500897
0.132217573221757
0.0426852958756724
0.118469814704124
0.0827256425582785
0.0497310221159594
0.0937238493723849
0.187208607292289
0.107471607890018
0.0586670651524208
0.0835848774656308
0.0937238493723849
0.0744769874476987
0.0167364016736402
0.0827256425582785
0.125429617453676
0.114345487148834
0.0765391512253437
0.0648535564853556
0.00573819485953378
0.136341900777047
0.140466228332337
0.00848774656306037
0.0916616855947402
0.0194859533771668
0.148714883442917
0.123968918111177
0.176210400478183
0.0359832635983264
0.0827256425582785
0.0402794381350867
0.0469814704124328
0.0304841601912732
0.0542420053795578
0.137716676628811
0.0615884638374178
0.00298864315600717
0.0359832635983264
0.14596533173939
0.123968918111177
0.0607292289300657
0.171183876270173
0.011237298266587
0.0181111775254035
0.0366706515242081
0.125343693962941
0.169336521219366
0.0194859533771668
0.17071129707113
0.107471607890018
0.0865062761506279
0.0277346084877466
0.0414823670053796
0.0909742976688584
0.217453676031082
0.0799760908547519
0.172086072922893
0.0799760908547519
0.038732815301853
0.0105499103407053
0.0442319187089062
0.0167364016736402
0.0567767483562462
0.0222355050806934
0.203705917513449
0.228451882845188
0.02498505678422
0.052480573819486
0.073789599521817
0.687627017334128
0.0497310221159594
0.0428571428571429
0.123968918111178
0.338433950986252
0.0517931858936043
0.0352958756724448
0.0475829348475792
0.0167364016736402
0.0838426479378361
0.148714883442917
0.0799760908547519
0.074476987447699
0.101972504482965
0.038732815301853
0.30818888224746
0.0902869097429768
0.0414823670053796
0.814106395696354
0.00298864315600717
0.167961745367603
0.0847878063359236
0.0645098625224149
0.0194859533771668
0.0167364016736402
0.110221159593545
0.112970711297071
0.02498505678422
0.17895995218171
0.0813508667065152
0.107471607890018
0.0593544530783023
0.0442319187089062
0.0859048117154809
0.00298864315600717
0.0304841601912732
0.0725866706515242
0.089599521817095
0.0978481769276751
0.0751643753735804
0.0167364016736402
0.123968918111178
0.0359832635983264
0.0521368798565452
0.0744769874476987
0.0401075911536162
0.192707710699342
0.0291093843395099
0.0469814704124328
0.0332337118947997
0.110221159593545
0.0827256425582785
0.0717274357441721
0.0579796772265391
0.0469814704124328
0.0167364016736402
0.0717274357441721
0.378302450687387
0.134967124925284
0.0937238493723848
0.0277346084877466
0.233950986252241
0.0194859533771668
0.0992229527794381
0.123968918111178
0.0627913927077109
0.0559175134488941
0.13342050209205
0.095098625224148
0.0304841601912732
0.0414823670053796
0.0710481031455469
0.0194859533771668
0.0167364016736402
0.0277346084877466
0.169336521219366
0.0880851202928873
0.0559175134488943
0.105581291093843
0.0442319187089062
0.0634787806335923
0.123968918111177
0.0744769874476989
0.034608487746563
0.117095038852361
0.0772265391512253
0.038732815301853
0.111939629408249
0.0552301255230126
0.174148236700538
0.0743051404662285
0.134967124925284
0.0167364016736402
0.209205020920502
0.0964734010759115
0.0469814704124328
0.0429001046025105
0.0332337118947998
0.0167364016736402
0.115720263000598
0.000239091452480579
0.209205020920502
0.101972504482965
0.0497310221159594
0.0971607890017933
0.0222355050806934
0.0483562462641961
0.0868499701135685
0.0277346084877466
0.118469814704124
0.0139868499701136
0.189958158995816
0.0676890316796176
0.220203227734608
0.167961745367603
0.0497310221159594
0.000239091452480579
0.140466228332337
0.16246264196055
0.0442319187089062
0.0469814704124328
0.0634787806335923
0.0686341900777048
0.0552301255230126
0.297190675433353
0.00298864315600717
0.126718469814704
0.0394202032277346
0.148027495517035
0.0428571428571429
0.00848774656306037
0.0208607292289301
0.132217573221757
0.123968918111178
0.0636506276150628
0.0607292289300657
0.0222355050806934
0.165212193664077
0.0222355050806934
0.151464435146444
0.0462940824865512
0.0964734010759115
0.102659892408847
0.0854751942618051
0.0607292289300657
0.0304841601912732
0.0772265391512253
0.10833084279737
0.0765821129707114
0.00848774656306037
0.0359832635983264
0.0875373580394504
0.0798472056186491
0.02498505678422
0.067087567244471
0.0923490735206217
0.151464435146444
0.0304841601912731
0.0648535564853557
0.0540271966527196
0.0167364016736402
0.0744769874476987
0.104722056186491
0.0744769874476987
0.123281530185296
0.0139868499701136
0.165212193664077
1.22653915122534
0.110221159593545
0.0772265391512253
0.0442319187089062
0.192707710699342
0.0744769874476987
0.0304841601912732
0.0607292289300657
0.123453377166766
0.143215780035864
0.00573819485953378
0.0359832635983264
0.0541990436341902
0.052480573819486
0.144590555887627
0.104722056186491
0.0689778840406457
0.0222355050806934
0.0552301255230125
0.123968918111178
0.0744769874476987
0.103347280334728
0.00848774656306037
0.187208607292289
0.0964734010759115
0.0837567244471011
0.14596533173939
0.0194859533771668
0.110221159593545
0.0755939928272565
0.0414823670053796
0.167961745367603
0.085475194261805
0.14596533173939
0.222952779438135
0.0167364016736402
0.00848774656306037
0.0581515242080096
0.000239091452480579
0.0359832635983264
0.28344291691572
0.0607292289300657
0.0538553496712493
0.134967124925284
0.0222355050806934
0.129468021518231
0.0841004184100421
0.140466228332337
0.0222355050806934
0.0465518529587568
0.0414823670053796
0.143559473998804
0.0937238493723849
0.0373580394500897
0.081350866706515
0.0359832635983264
0.0304841601912732
0.0992229527794381
0.0819523311416617
0.0579796772265391
0.111595935445308
0.0442319187089062
0.0548434698147042
0.0593544530783026
0.272444710101614
0.0222355050806934
0.111295203227735
0.0773124626419606
0.0194859533771668
0.0332337118947998
0.118469814704124
0.0569485953377167
0.00573819485953378
0.00298864315600717
0.0607292289300658
0.0799760908547519
0.121219366407651
0.0971607890017933
0.0765391512253438
0.0304841601912732
0.0851315002988642
0.0579796772265391
0.0576359832635983
0.0332337118947998
0.0768828451882845
0.0827256425582785
0.0791168559473999
0.0937238493723851
0.0909742976688584
0.104722056186491
0.02498505678422
0.02498505678422
0.0304841601912732
0.0634089677973702
0.000239091452480579
0.426419605499103
0.742618051404662
0.0359832635983264
0.0662283323371189
0.0772265391512255
0.0634787806335923
0.104722056186491
0.236700537955768
0.0167364016736402
0.121219366407651
0.129468021518231
0.0414823670053795
0.0882247459653317
0.0937238493723852
0.151034817692767
0.132776075911536
0.0332337118947998
0.0510708915496116
0.0953993574417211
0.0442319187089062
0.121219366407651
0.0676031081888824
0.0882247459653317
0.0717274357441721
0.140466228332337
0.143215780035864
0.0414823670053796
0.0717918783622237
0.189958158995816
0.0139868499701136
0.0380454273759713
0.011237298266587
0.176210400478183
0.000239091452480579
0.123968918111178
0.0772265391512253
0.125343693962941
0.000239091452480579
0.0905446802151824
0.052480573819486
0.038732815301853
0.000239091452480579
0.0579796772265391
0.0208607292289301
0.129468021518231
0.0377017334130305
0.0167364016736402
0.0634787806335922
0.107471607890018
0.0519865137477585
0.0772265391512253
0.00298864315600717
0.16246264196055
0.011237298266587
0.038732815301853
0.0442319187089062
0.035811416616856
0.0387328153018529
0.236700537955768
0.117095038852361
0.121219366407651
0.0786013150029887
0.011237298266587
0.101628810520024
0.123968918111178
0.0593544530783024
0.104722056186491
0.0593544530783024
0.0634787806335923
0.10403466826061
0.195457262402869
0.0552301255230126
0.0139868499701136
0.00848774656306037
0.052480573819486
0.112970711297071
0.0277346084877466
0.231201434548715
0.00573819485953378
0.16246264196055
0.0497310221159594
0.187208607292289
0.0346944112372983
0.0717274357441721
0.121219366407651
0.02498505678422
0.0992229527794381
0.052480573819486
0.0634787806335923
0.0277346084877466
0.0611588463837419
0.0139868499701136
0.0693215780035865
0.052480573819486
0.28344291691572
0.0775702331141663
0.110221159593545
0.134967124925284
0.00298864315600717
0.148714883442917
0.116235803945009
0.0215481171548118
0.181709503885236
0.129811715481172
0.14596533173939
0.0139868499701136
0.066228332337119
0.0194859533771668
0.0146742378959952
0.011237298266587
0.211954572624029
0.038732815301853
0.0854751942618051
0.00298864315600717
0.121219366407651
0.0676031081888823
0.143215780035864
0.10833084279737
0.0937238493723849
0.643634190077703
0.0497310221159593
0.0786013150029884
0.02498505678422
0.42916915720263
0.134967124925284
0.0236102809324567
0.0689778840406455
0.0304841601912732
0.066228332337119
0.0854751942618051
0.0263598326359833
0.0648535564853557
0.0839285714285713
0.0964734010759115
0.143215780035864
0.0490436341900777
0.0717274357441721
0.0442319187089062
0.255947399880454
0.0497310221159594
0.0937238493723849
0.129468021518231
0.0552301255230126
0.17071129707113
0.363179916317992
0.098020023909145
0.176210400478183
0.189958158995816
0.0626195457262403
0.221578003586372
0.0167364016736402
0.0339210998206814
0.187208607292289
0.0634787806335923
0.0304841601912732
0.0167364016736402
0.1081589958159
0.107471607890018
0.0659276001195458
0.0394202032277347
0.0181111775254035
0.0139868499701136
0.115720263000598
0.189958158995816
0.184459055588763
0.0277346084877466
0.181709503885236
0.0772265391512253
0.137716676628811
0.123968918111178
0.137716676628811
0.00848774656306037
0.0248132098027496
0.211954572624029
0.0772265391512253
0.0426638150029887
0.0194859533771668
0.0304841601912732
0.0964734010759115
0.109533771667663
0.0648535564853555
0.104722056186491
0.129468021518231
0.121219366407651
0.0194859533771668
0.0992229527794381
0.110221159593545
0.0593544530783024
0.0373580394500896
0.277943813508667
0.121219366407651
0.0511057979677227
0.0909742976688584
0.0538553496712494
0.0304841601912732
0.0603855349671249
0.0394202032277347
0.220203227734608
0.0579796772265391
0.02498505678422
0.00298864315600717
0.0304841601912732
0.134967124925284
0.052480573819486
0.17071129707113
0.0789450089659294
0.0456066945606695
0.0572922893006577
0.011237298266587
0.00848774656306039
0.0638224745965332
0.0414823670053796
0.0731022115959356
0.131530185295876
0.189958158995816
0.0414823670053796
0.0978481769276748
0.125343693962941
0.110221159593545
0.00298864315600717
0.0552301255230126
0.101285116557083
0.110221159593545
0.00298864315600717
0.0222355050806934
0.0909742976688584
0.0325463239689181
0.0664001793185891
0.137716676628811
0.0882247459653317
0.0414823670053796
0.198206814106396
0.0428571428571428
0.0167364016736402
0.275194261805141
0.0277346084877466
0.0552301255230127
0.0497310221159594
0.0538553496712492
0.118469814704124
0.17895995218171
0.0401075911536162
0.0937238493723849
0.0139868499701136
0.0517931858936043
0.165212193664077
0.261446503287507
0.000239091452480579
0.192707710699342
0.0369284219964136
0.101972504482965
0.118469814704124
0.0277346084877466
0.0497310221159594
0.126718469814704
0.066228332337119
0.0194859533771668
0.084959653317394
0.107471607890018
0.0153616258218769
0.121219366407651
0.173460848774656
0.0717274357441721
0.110221159593545
0.17071129707113
0.126718469814704
0.113658099222953
0.0717274357441721
0.0222355050806934
0.00573819485953378
0.000239091452480579
0.148714883442917
0.0689778840406455
0.0136431560071728
0.066228332337119
0.0607292289300657
0.134967124925284
0.343933054393305
0.066228332337119
0.00298864315600717
0.0497310221159594
0.0462940824865511
0.134967124925284
0.0440600717274357
0.128093245666467
0.0332337118947998
0.0332337118947998
0.0483562462641961
0.0689778840406455
0.701374775851763
0.0194859533771668
0.0497310221159594
0.0277346084877466
0.143215780035864
0.038732815301853
0.00848774656306037
0.02498505678422
0.0414823670053796
0.0859907352062161
0.213329348475792
0.0937238493723849
0.400298864315601
0.0407949790794979
0.0882247459653316
0.142184698147041
0.0626195457262403
0.0442319187089062
0.0744769874476987
0.200956365809923
0.0605788628212794
0.0854751942618051
0.0607292289300657
0.0648535564853557
0.011237298266587
0.0442319187089062
0.16246264196055
0.000239091452480579
0.143215780035864
0.0359832635983264
0.0753362223550508
0.203705917513449
0.0744769874476987
0.110221159593545
0.088568439928273
0.0882247459653317
0.0139868499701136
0.0442319187089061
0.112970711297071
0.00848774656306039
0.00711297071129707
0.0167364016736402
0.000239091452480579
0.0552301255230126
0.0833056261207412
0.0139868499701136
0.0992229527794381
0.0469814704124328
0.0774198670053796
0.00848774656306037
0.000239091452480579
0.0662283323371189
0.0435445307830246
0.257322175732217
0.0909742976688584
0.115720263000598
0.0442319187089062
0.066228332337119
0.211954572624029
0.163150029886432
0.0581515242080096
0.0304841601912732
0.0964734010759115
0.470412432755529
0.118469814704125
0.0517931858936043
0.14596533173939
0.0590107591153616
0.038732815301853
0.02498505678422
0.126718469814704
0.404423191870891
0.156963538553497
0.115720263000598
0.0827256425582785
0.140466228332337
0.0469814704124328
0.117095038852361
0.011237298266587
0.137115212193664
0.132217573221757
0.0985355648535566
0.0277346084877466
0.0409668260609684
0.0442319187089062
0.0799760908547519
0.000239091452480579
0.137716676628811
0.131530185295876
0.0318589360430365
0.0167364016736402
0.0552301255230126
0.107471607890018
0.0607292289300657
0.148714883442917
0.0552301255230126
0.0744769874476987
0.0841004184100418
0.103862821279139
0.131186491332935
0.179647340107591
0.0359832635983264
0.0916616855947404
0.00848774656306037
0.0579796772265391
0.110027831739391
0.0552301255230126
0.0871936640765095
0.0499028690974297
0.00298864315600717
0.011237298266587
0.075851763299462
0.0655409444112374
0.00298864315600717
0.119672743574417
0.02498505678422
0.0717274357441723
0.052480573819486
0.124656306037059
0.101972504482965
0.13737298266587
0.0937238493723849
0.0992229527794381
0.09686005678422
0.137716676628811
0.123968918111178
0.0552301255230126
0.151464435146444
0.0552301255230126
0.0304841601912732
0.0566049013747759
0.038732815301853
0.0414823670053796
0.126031081888823
0.032460400478183
0.101972504482965
0.0277346084877466
0.0841004184100421
0.0359832635983264
0.0139868499701136
0.0854751942618051
0.335684399282726
0.121219366407651
0.0332337118947998
0.0469814704124328
0.105409444112373
0.118469814704124
0.228451882845188
0.118469814704124
0.194769874476988
0.0414823670053796
0.00573819485953378
0.0277346084877466
0.0194859533771668
0.0469814704124328
0.0689778840406455
0.02498505678422
0.066228332337119
0.133592349073521
0.00848774656306037
0.112970711297071
0.0497310221159594
0.106956066945607
0.038732815301853
0.0772265391512253
0.126718469814704
0.0386468918111178
0.269695158398087
0.0277346084877466
0.066228332337119
0.0772265391512253
0.0875373580394503
0.00298864315600717
0.117438732815302
0.0978481769276747
0.189958158995816
0.118469814704124
0.0205170352659892
0.052480573819486
0.0552301255230126
0.0634787806335925
0.0772265391512253
0.151464435146444
0.511655708308428
0.0194859533771668
0.121563060370592
0.0304841601912732
0.0827256425582785
0.146652719665272
0.17071129707113
0.0579796772265392
0.0813508667065153
0.211954572624029
0.0827256425582785
0.0497310221159594
0.0167364016736402
0.148714883442917
0.052480573819486
0.0682904961147641
0.0579796772265392
0.0744769874476987
0.0510628362223551
0.0854751942618054
0.064166168559474
0.0772265391512253
0.0414823670053796
0.0222355050806934
0.0531679617453677
0.074476987447699
0.0222355050806934
0.000239091452480579
0.0263598326359833
0.0552301255230126
0.0139868499701136
0.0222355050806934
0.02498505678422
0.277943813508667
0.178959952181709
0.0579796772265391
0.0945830842797371
0.0909742976688584
0.0139868499701136
0.0773124626419606
0.038732815301853
0.099222952779438
0.385176329946204
0.0775702331141662
0.140466228332337
0.0359832635983264
0.16246264196055
0.165212193664077
0.0552301255230126
0.0374439629408248
0.0868499701135685
0.0304841601912732
0.0521798416019128
0.0631350866706517
0.0923490735206216
0.115720263000598
0.0607292289300657
0.038732815301853
0.0600418410041841
0.0934231171548117
0.0827256425582785
0.076367304243873
0.0167364016736402
0.0854751942618054
0.0706963538553496
0.0603855349671249
0.0964734010759115
0.0579796772265391
0.15421398684997
0.0486569784817693
0.0696652719665275
0.15833831440526
0.250448296473401
0.104893903167962
0.052480573819486
0.104722056186491
0.061459578601315
0.0861625821876866
0.135998206814107
0.0861786928421998
0.0414823670053796
0.030398236700538
0.0703526598924088
0.151464435146444
0.159713090257023
0.0194859533771668
0.0992229527794381
0.0469814704124328
0.0916616855947402
0.011237298266587
0.0892558278541544
0.0751643753735803
0.0579796772265394
0.0992229527794381
0.0371002689778841
0.0500747160789002
0.0772265391512256
0.00848774656306037
0.123281530185296
0.085475194261805
0.011237298266587
0.0877306858936044
0.0222355050806934
0.0978481769276751
0.0194859533771668
0.0277346084877466
0.0982348326359832
0.0167364016736402
0.187208607292289
0.0552301255230126
0.0304841601912732
0.000239091452480579
0.0415253287507471
0.00573819485953378
0.0964734010759116
0.106096832038255
0.0731022115959355
0.159713090257023
0.0304841601912732
0.0865062761506278
0.00711297071129709
0.101628810520024
0.0599666579497909
0.0153616258218769
0.121219366407651
0.0198296473401076
0.104722056186491
0.1081589958159
0.0806634787806335
0.108846383741781
0.0621040047818291
0.052480573819486
0.151464435146444
0.011237298266587
0.0971393081291096
0.0181111775254035
0.0964734010759115
0.0139868499701136
0.103347280334728
0.042857142857143
0.0909742976688584
0.110221159593545
0.110221159593545
0.00848774656306037
0.198206814106396
0.104722056186491
0.0267035265989241
0.0717274357441721
0.0854751942618051
0.0442319187089062
0.052480573819486
0.0304841601912732
0.118469814704124
0.0157053197848177
0.0662605536461447
0.0689778840406455
0.0139868499701136
0.0882247459653317
0.0717274357441721
0.066228332337119
0.0882247459653317
0.0882247459653317
0.0304841601912732
0.0511057979677227
0.0414823670053796
0.0744769874476987
0.0689778840406457
0.112970711297071
0.0222355050806934
0.123968918111178
0.0830693365212193
0.0799760908547519
0.121219366407651
0.0665720263000599
0.02498505678422
0.088536218619247
0.0689778840406455
0.0772265391512253
0.148714883442917
0.101972504482965
0.038732815301853
0.0277346084877466
0.126718469814704
0.02498505678422
0.0339210998206814
0.00848774656306037
0.0332337118947998
0.0854751942618051
0.0414823670053796
0.00573819485953378
0.0277346084877466
0.011237298266587
0.0854751942618051
0.0992229527794381
0.0937238493723849
0.103347280334728
0.118469814704124
0.102659892408846
0.17071129707113
0.0703526598924089
0.280693365212194
0.134623430962343
0.126718469814704
0.0167364016736402
0.0442319187089062
0.02498505678422
0.0566049013747758
0.211954572624029
0.0744769874476987
0.00298864315600717
0.112970711297071
0.0854751942618051
0.0222355050806934
0.0414823670053796
0.0304841601912732
0.109533771667663
0.0139868499701136
0.143215780035864
0.0676031081888823
0.210579796772266
0.0937238493723849
0.15421398684997
0.0139868499701136
0.0755080693365213
0.0414823670053796
0.0841004184100417
0.108158995815899
0.121219366407651
0.0167364016736402
0.0332337118947998
0.101972504482965
0.0634787806335923
0.0304841601912732
0.107471607890018
0.0882247459653317
0.00848774656306037
0.0854751942618051
0.0139868499701136
0.123968918111178
0.052480573819486
0.0359832635983264
0.143215780035864
0.0541990436341901
0.00573819485953378
0.137716676628811
0.00848774656306037
0.0621040047818293
0.173460848774657
0.467662881052002
0.0222355050806934
0.0634787806335923
0.110006350866707
0.0222355050806934
0.0218918111177526
0.231201434548715
0.0359832635983264
0.146824566646742
0.136341900777047
0.0394202032277347
0.110221159593545
0.121219366407651
0.0744769874476987
0.14596533173939
0.0256724447101016
0.195457262402869
0.233950986252241
0.0703526598924089
0.0139868499701136
0.0677964360430365
0.0927786909742979
0.0215481171548118
0.0442319187089062
0.214704124327555
0.099222952779438
0.0827256425582788
0.255947399880454
0.0648535564853559
0.066228332337119
0.0772265391512253
0.0744769874476987
0.0937238493723849
0.106784219964136
0.0447796809623432
0.0985355648535566
0.0469814704124328
0.0354677226539152
0.0332337118947997
0.0304841601912732
0.118469814704125
0.121219366407651
0.125343693962941
0.195457262402869
0.0304841601912732
0.0835848774656307
0.052480573819486
0.363179916317992
0.0167364016736402
0.206455469216975
0.00573819485953378
0.0139868499701136
0.0469814704124328
0.0882247459653318
0.0139868499701136
0.123968918111178
0.16461072922893
0.038732815301853
0.0662283323371191
0.0476688583383144
0.184459055588763
0.0841004184100417
0.130155409444113
0.0689778840406455
0.02498505678422
0.0607292289300657
0.134967124925284
0.00573819485953378
0.352181709503885
0.110393006575015
0.0332337118947998
0.0992229527794381
0.0304841601912732
0.159713090257023
0.0882247459653317
0.189958158995816
0.211954572624029
0.0909742976688584
0.192707710699342
0.104378362223551
0.0139868499701136
0.0418260609683204
0.110221159593545
0.111080394500897
0.0607292289300657
0.060057951658697
0.107471607890018
0.121219366407651
0.0469814704124328
0.107471607890018
0.134279736999402
0.011237298266587
0.129468021518231
0.0401075911536162
0.14596533173939
0.15816646742379
0.0194859533771668
0.0277346084877466
0.209205020920502
0.0359832635983264
0.0731022115959355
0.117782426778243
0.0579796772265391
0.0469814704124328
0.189958158995816
0.000239091452480579
0.143215780035864
0.0799760908547519
0.00298864315600717
0.159713090257024
0.121219366407651
0.052480573819486
0.0744769874476987
0.148714883442917
0.124656306037059
0.0909742976688584
0.0469975810669456
0.101972504482965
0.165212193664077
0.101972504482965
0.011237298266587
0.0359832635983264
0.0772265391512253
0.0799760908547519
0.0525664973102213
0.0538553496712492
0.126718469814704
0.0538553496712492
0.0469814704124328
0.121219366407651
0.099222952779438
0.00573819485953378
0.00298864315600717
0.038732815301853
0.0579796772265391
0.115720263000598
0.038732815301853
0.0909742976688584
0.0602136879856545
0.112970711297071
0.0442319187089062
0.0304841601912732
0.0662283323371189
0.0799760908547519
0.210579796772265
0.126718469814704
0.140466228332337
0.0854751942618051
0.0937238493723849
0.00298864315600717
0.088224745965332
0.195457262402869
0.0359832635983264
0.156963538553497
0.110221159593545
0.052480573819486
0.066228332337119
0.0304841601912732
0.280693365212194
0.0607292289300657
0.17483562462642
0.0854751942618051
0.0909742976688583
0.089599521817095
0.0696652719665272
0.0854751942618051
0.0167364016736402
0.0689778840406455
0.0277346084877466
0.075851763299462
0.00848774656306039
0.475911536162582
0.0167364016736402
0.0442319187089062
0.00573819485953378
0.0442319187089062
0.0403653616258219
0.115720263000598
0.02498505678422
0.139435146443515
0.0710400478182908
0.110221159593545
0.0871936640765092
0.713747758517632
0.118469814704124
0.159713090257023
0.0607292289300657
0.0799760908547519
0.120102361028094
0.107471607890018
0.0552301255230126
0.0469814704124328
0.0882247459653317
0.0469814704124328
0.0923490735206219
0.0222355050806934
0.0359832635983264
0.0489577106993424
0.0194859533771668
0.165212193664077
0.0892558278541543
0.101972504482965
0.0215481171548117
0.00573819485953378
0.143215780035864
0.0992229527794381
0.0717274357441721
0.0803197848176929
0.0607292289300658
0.0964734010759115
0.475911536162583
0.0882247459653317
0.115720263000598
0.112970711297071
0.0486999402271369
0.0731022115959353
0.0167364016736402
0.118469814704124
0.00848774656306037
0.0993947997609086
0.00848774656306037
0.0414823670053796
0.134967124925284
0.17895995218171
0.112970711297071
0.0689778840406455
0.0576359832635981
0.0813508667065153
0.113207000896593
0.0772265391512255
0.0194859533771668
0.0634787806335923
0.0414823670053796
0.0683334578601316
0.206455469216976
0.0236102809324567
0.0964734010759117
0.000239091452480579
0.109877465630603
0.1081589958159
0.0483562462641961
0.00298864315600717
0.0294530783024507
0.0596981470412432
0.0469814704124328
0.118469814704124
0.0483562462641961
0.102659892408847
0.0428571428571429
0.112970711297071
0.0222355050806934
0.052480573819486
0.173460848774656
0.0139868499701136
0.176210400478183
0.0717274357441721
0.0332337118947998
0.0964734010759115
0.120188284518829
0.000239091452480579
0.0401075911536163
0.0401075911536162
0.064166168559474
0.113271443514644
0.0799760908547519
0.250448296473401
0.0442319187089062
0.0950986252241483
0.134967124925284
0.242199641362821
0.0854751942618051
0.0339210998206814
0.0469814704124328
0.0689778840406455
0.13359234907352
0.228451882845188
0.0194859533771668
0.0839500523012554
0.143215780035864
0.104722056186491
0.0758517632994621
0.0497310221159594
0.0591826060968321
0.151464435146444
0.00573819485953378
0.343933054393305
0.011237298266587
0.0772265391512253
0.02498505678422
0.0751643753735804
0.0689778840406455
0.0566049013747761
0.269695158398087
0.106096832038255
0.041224596533174
0.112970711297071
0.0607292289300657
0.101972504482965
0.0813508667065153
0.0634787806335923
0.0689778840406455
0.0902869097429768
0.0332337118947998
0.066228332337119
0.357680812910938
0.0489684511356845
0.052480573819486
0.02498505678422
0.0717274357441721
0.0693215780035866
0.0909742976688584
0.0689778840406455
0.0497310221159594
0.0332337118947998
0.0827256425582785
0.128522863120144
0.0277346084877466
0.0579796772265391
0.0497310221159594
0.0139868499701136
0.0634787806335923
0.052480573819486
0.0414823670053796
0.0895995218170949
0.0950986252241481
0.1081589958159
0.0284219964136283
0.0414823670053795
0.121219366407651
0.148714883442917
0.0435445307830245
0.141744340257024
0.0909742976688586
0.0710400478182906
0.0607292289300657
0.108846383741781
0.0806634787806339
0.0415253287507472
0.0799760908547521
0.00573819485953378
0.000239091452480579
0.0208822101016138
0.0957860131500297
0.0459503885236103
0.011237298266587
0.134967124925284
0.0653690974297669
0.0682904961147639
0.0379702443215781
0.0427282576210401
0.0304841601912732
0.0827256425582785
0.107471607890018
0.144590555887627
0.112970711297071
0.0849596533173937
0.0332337118947998
0.0634787806335923
0.101800657501495
0.0882247459653318
0.129468021518231
0.0737895995218171
0.0218918111177526
0.101328078302451
0.140466228332337
0.15421398684997
0.156963538553497
0.0304841601912732
0.0566049013747759
0.0799760908547519
0.0428571428571429
0.0634787806335923
0.0277346084877466
0.214704124327555
0.0167364016736402
0.0277346084877466
0.0222355050806934
0.178959952181709
0.0579796772265391
0.137716676628811
0.061244769874477
0.0304841601912732
0.00298864315600717
0.0703526598924087
0.00848774656306037
0.202331141661686
0.0579796772265391
0.0222355050806934
0.0304841601912732
0.118469814704124
0.15421398684997
0.00298864315600717
0.0511057979677227
0.0689778840406455
0.0304841601912732
0.0992229527794381
0.0806634787806336
0.0937238493723849
0.0806634787806338
0.000239091452480579
0.0304841601912732
0.0566049013747758
0.16246264196055
0.0421697549312612
0.0497310221159594
0.0483562462641961
0.110049312612074
0.134967124925284
0.000239091452480579
0.0194859533771668
0.129468021518231
0.0194859533771668
0.0634787806335923
0.0772265391512253
0.0634787806335924
0.110221159593545
0.0521368798565451
0.0414823670053796
0.0607292289300657
0.0854751942618051
0.110457449193066
0.0621040047818291
0.0167364016736402
0.17071129707113
0.123968918111178
0.00573819485953378
0.0655409444112374
0.034608487746563
0.140466228332337
0.0497310221159594
0.0804057083084279
0.0799760908547519
0.0676031081888824
0.0373580394500897
0.0417830992229529
0.0689778840406455
0.0992229527794381
0.0248132098027496
0.0456066945606695
0.0852657557531381
0.261446503287507
0.0579796772265391
0.0607292289300661
0.0868499701135683
0.011237298266587
0.00298864315600717
0.148714883442917
0.869097429766884
0.105065750149432
0.00298864315600717
0.533652121936641
0.0703526598924089
0.0884932568738794
0.0469814704124328
0.110221159593545
0.0634787806335923
0.00573819485953378
0.0731022115959355
0.0772265391512253
0.0428571428571429
0.0222355050806934
0.0277346084877466
0.0208607292289301
0.313687985654513
0.129468021518231
0.00573819485953378
0.0772265391512255
0.0359832635983264
0.0332337118947998
0.052480573819486
0.0937238493723849
0.0394202032277346
0.129468021518231
0.0717274357441722
0.173460848774656
0.104722056186491
0.0676031081888823
0.0332337118947998
0.0992229527794381
0.0139868499701136
0.0992229527794381
0.0944112372982666
0.28344291691572
0.0139868499701136
0.123968918111177
0.00848774656306037
0.0992229527794381
0.101972504482965
0.116923191870891
0.0414823670053796
0.0524805738194859
0.0923490735206219
0.0469814704124328
0.0359832635983264
0.0414823670053796
0.011237298266587
0.0222355050806934
0.0552301255230126
0.209205020920502
0.0579796772265391
0.104722056186491
0.00848774656306037
0.079976090854752
0.0360047444710102
0.151464435146444
0.112970711297071
0.052480573819486
0.0222355050806934
0.0167364016736402
0.112369246861925
0.0401075911536163
0.00573819485953378
0.107471607890018
0.198206814106396
0.0469814704124328
0.0717274357441721
0.0662283323371192
0.0194859533771668
0.011237298266587
0.112970711297071
0.0414823670053796
0.0139868499701136
0.0401075911536163
0.0689778840406455
0.0194859533771668
0.0717274357441721
0.0854751942618051
0.00298864315600717
0.066228332337119
0.0332337118947998
0.0992229527794381
0.0414823670053796
0.155588762701733
0.107471607890018
0.0937238493723849
0.176210400478183
0.0346084877465631
0.266945606694561
0.13359234907352
0.0634787806335923
0.195457262402869
0.0304841601912732
0.0304841601912732
0.130842797369994
0.0689778840406455
0.000239091452480579
0.159713090257023
0.02498505678422
0.121219366407651
0.0799760908547519
0.0634787806335923
0.0937238493723849
0.365929468021518
0.0401075911536162
0.172086072922893
0.0332337118947998
0.203705917513449
0.0414823670053796
0.134967124925284
0.14596533173939
0.107471607890018
0.112970711297071
0.026703526598924
0.0799760908547519
0.000239091452480579
0.0497310221159594
0.0606433054393309
0.104722056186491
0.17071129707113
0.112970711297071
0.0469814704124328
0.0992229527794381
0.134967124925284
0.0194859533771668
0.0304841601912732
0.189270771069934
0.112970711297071
0.100597728631202
0.0414823670053796
0.0548864315600718
0.0999425620143454
0.107127913927077
0.066228332337119
0.0497310221159594
0.0428571428571429
0.0297967722653915
0.0667438732815303
0.0607292289300657
0.0579796772265391
0.275194261805141
0.0222355050806934
0.0194859533771668
0.0854751942618053
0.123968918111178
0.052480573819486
0.0995827573968919
0.0964734010759115
0.0456066945606695
0.0304841601912732
0.123968918111178
0.0579796772265392
0.0882247459653317
0.104722056186491
0.253197848176928
0.0627913927077108
0.129468021518231
0.0194859533771668
0.0462940824865511
0.128093245666468
0.118469814704124
0.0222355050806934
0.0304841601912732
0.0937238493723849
0.0610729228930066
0.052480573819486
0.0854751942618051
0.0222355050806934
0.120016437537358
0.00573819485953378
0.217453676031082
0.0194859533771668
0.0222355050806934
0.0304841601912732
0.152151823072325
0.00573819485953378
0.0304841601912732
0.0882247459653317
0.106096832038255
0.156963538553497
0.0744769874476987
0.0194859533771668
0.432606096832038
0.13359234907352
0.011237298266587
0.120789748953975
0.0222355050806934
0.0744769874476987
0.118469814704124
0.0854751942618051
0.118469814704124
0.130842797369994
0.275194261805141
0.0304841601912732
0.0854751942618051
0.101972504482965
0.0428571428571428
0.250448296473401
0.389988045427375
0.0297967722653915
0.1188994321578
0.159025702331141
0.0744769874476987
0.02498505678422
0.0964734010759115
0.0277346084877466
0.0882247459653317
0.0717274357441721
0.250448296473401
0.112970711297071
0.066228332337119
0.107471607890018
0.0650683652121938
0.066228332337119
0.0579796772265391
0.15421398684997
0.0469814704124328
0.0676031081888823
0.02498505678422
0.0727585176329946
0.0359832635983264
0.0834130304841602
0.108502689778841
0.0332337118947998
0.00298864315600717
0.0710400478182906
0.137716676628811
0.00573819485953378
0.128093245666467
0.0799760908547519
0.0648535564853557
0.101972504482965
0.0621040047818291
0.110221159593545
0.0786013150029888
0.0950986252241484
0.052480573819486
0.200956365809922
0.0772265391512253
0.0442319187089062
0.0827256425582785
0.123968918111178
0.0387328153018529
0.00573819485953378
0.0978481769276749
0.0813508667065152
0.00298864315600717
0.0139868499701136
0.192707710699342
0.0511057979677227
0.107471607890018
0.0444896891811119
0.103562089061566
0.0772265391512253
0.0854751942618052
0.00848774656306037
0.110221159593545
0.0964734010759115
0.0579796772265391
0.17895995218171
0.093723849372385
0.000239091452480579
0.00573819485953378
0.0638305299237895
0.066228332337119
0.195457262402869
0.038732815301853
0.184459055588763
0.115720263000598
0.107471607890018
0.0669157202630006
0.0304841601912732
0.134967124925284
0.0863559100418411
0.0497310221159594
0.011237298266587
0.0579796772265391
0.000239091452480579
0.17071129707113
0.159713090257023
0.0744769874476987
0.0820812163777647
0.00298864315600717
0.139091452480574
0.0359832635983264
0.0167364016736402
0.0469814704124328
0.112970711297071
0.209205020920502
0.0889121338912134
0.0621040047818291
0.0636935893604304
0.109190077704722
0.0854751942618054
0.0868499701135683
0.0552301255230126
0.066228332337119
0.0579796772265391
0.0937238493723849
0.066228332337119
0.217453676031082
0.0882247459653317
0.0717274357441721
0.0401075911536163
0.0909742976688584
0.105323520621637
0.181709503885236
0.0772265391512253
0.0332337118947998
0.94883442916916
0.134967124925284
0.112970711297071
0.0909742976688584
0.0442319187089062
0.178959952181709
0.02498505678422
0.0827256425582785
0.0707822773460851
0.0947549312612074
0.0875373580394502
0.203705917513449
0.0964734010759115
0.115720263000598
0.0442319187089062
0.0930364614465033
0.0909742976688584
0.0717274357441721
0.052480573819486
0.0497310221159594
0.066228332337119
0.0772265391512253
0.0717274357441721
0.104722056186491
0.050418410041841
0.13771667662881
0.0634787806335923
0.115569896891811
0.121906754333532
0.129468021518231
0.140466228332337
0.078257621040048
0.0139868499701136
0.101972504482965
0.0731022115959355
0.00848774656306037
0.0579796772265392
0.0497310221159594
0.176210400478183
0.0497310221159594
0.0479266288105199
0.0552301255230126
0.101972504482965
0.0827256425582785
0.16246264196055
0.0882247459653317
0.0485280932456666
0.0552301255230126
0.233950986252241
0.0883751120741181
0.0579796772265391
0.00573819485953378
0.151464435146444
0.02498505678422
0.0167364016736402
0.0497310221159594
0.2916915720263
0.121219366407651
0.00573819485953378
0.0827256425582785
0.0390765092647938
0.228451882845188
0.0689778840406455
0.1081589958159
0.0689778840406455
0.156963538553497
0.217453676031082
0.107471607890018
0.214704124327555
0.0353388374178123
0.0978481769276751
0.0442319187089062
0.115720263000598
0.0882247459653317
0.0469814704124328
0.0442319187089062
0.151464435146444
0.0731022115959354
0.0414823670053796
0.0964734010759114
0.110221159593545
0.112970711297071
0.0593544530783026
0.0744769874476987
0.0689778840406455
0.0359832635983264
0.0971607890017933
0.0739614465032875
0.126718469814704
0.0634787806335923
0.011237298266587
0.0490436341900777
0.0909742976688584
0.0579796772265391
0.011237298266587
0.058667065152421
0.0717274357441721
0.0497310221159593
0.00573819485953378
0.129468021518231
0.0261879856545129
0.0469814704124328
0.0497310221159594
0.117095038852361
0.129468021518231
0.143215780035864
0.0222355050806934
0.0579796772265391
0.0442319187089062
0.137716676628811
0.0579796772265391
0.167961745367603
0.0401075911536163
0.109533771667663
0.0854751942618051
0.220203227734608
0.132389420203227
0.0895995218170949
0.954333532576213
0.0703526598924089
0.0670701140354154
0.236700537955768
0.211954572624029
0.132217573221757
0.0256724447101016
0.0366706515242081
0.126718469814704
0.0572922893006575
0.0579796772265391
0.151464435146444
0.0841004184100421
0.247698744769874
0.349432157800359
0.0191422594142259
0.011237298266587
0.247698744769874
0.0696652719665271
0.148714883442917
0.0964734010759115
0.0579796772265391
0.0964734010759115
0.0483562462641961
0.00298864315600717
0.119543858338314
0.0744769874476987
0.00298864315600717
0.00573819485953378
0.052480573819486
0.203705917513449
0.0717274357441721
0.0607292289300657
0.0978481769276749
0.0577326471906754
0.0541346010161387
0.0346084877465631
0.0442319187089062
0.0882247459653317
0.118813508667065
0.0332337118947998
0.125687387925882
0.121219366407651
0.107471607890018
0.122765989240884
0.156963538553497
0.0827256425582785
0.228451882845188
0.0607292289300657
0.0717274357441721
0.0799760908547518
0.126718469814704
0.0194859533771668
0.000239091452480579
0.0827256425582785
0.0937238493723849
0.0304841601912732
0.132217573221757
0.0772265391512253
0.011237298266587
0.0627913927077107
0.066228332337119
0.0655409444112373
0.269695158398087
0.101972504482965
0.0659168596832039
0.0689778840406455
0.242199641362821
0.053447213090257
0.052480573819486
0.000239091452480579
0.0964734010759118
0.0772265391512256
0.0594833383144054
0.0469814704124328
0.187208607292289
0.136513747758518
0.0607292289300657
0.0516213389121339
0.0387328153018529
0.052480573819486
0.0638224745965332
0.0139868499701136
0.0689778840406455
0.0703526598924089
0.066228332337119
0.0414823670053796
0.207314704124328
0.0373580394500896
0.0222355050806934
0.155588762701734
0.122422295277944
0.15421398684997
0.0497310221159594
0.0304841601912731
0.0497310221159594
0.0772265391512253
0.011237298266587
0.0614166168559474
0.0579796772265391
0.0304841601912732
0.110221159593545
0.0435445307830245
0.0332337118947998
0.02498505678422
0.0614166168559475
0.126031081888822
0.0779998505678424
0.0272190675433353
0.0658846383741783
0.104722056186491
0.112970711297071
0.129468021518231
0.0964734010759115
0.044575612671847
0.118469814704125
0.00298864315600717
0.038732815301853
0.0799760908547518
0.0744769874476987
0.0557456664674238
0.00573819485953378
0.0428571428571429
0.0277346084877466
0.0304841601912732
0.0882247459653316
0.0139868499701136
0.0483562462641961
0.00573819485953378
0.0621040047818289
0.0930364614465033
0.0359832635983264
0.00573819485953378
0.0689778840406456
0.167961745367603
0.134967124925284
0.0731022115959354
0.0579796772265391
0.0304841601912732
0.0579796772265392
0.0414823670053796
0.0471533173939032
0.104722056186491
0.0847878063359236
0.101972504482965
0.048699940227137
0.066228332337119
0.0648535564853556
0.0497310221159594
0.119329049611477
0.121219366407651
0.0669157202630006
0.00848774656306037
0.119329049611476
0.0923490735206215
0.136341900777047
0.143215780035864
0.0945830842797369
0.138404064554692
0.15008965929468
0.0449193066347878
0.0717274357441721
0.115032875074716
0.176210400478183
0.000239091452480579
0.02498505678422
0.0744769874476987
0.0194859533771668
0.011237298266587
0.011237298266587
0.341183502689779
0.165899581589958
0.052480573819486
0.0271331440526001
0.0359832635983264
0.115720263000598
0.137716676628811
0.0511057979677226
0.211954572624029
0.0799760908547519
0.0799760908547519
0.0744769874476987
0.121219366407651
0.232576210400478
0.0442319187089062
0.0414823670053796
0.0194859533771668
0.163837417812313
0.149402271368798
0.02498505678422
0.052480573819486
0.00298864315600717
0.0304841601912732
0.0634787806335924
0.0304841601912732
0.0236102809324567
0.0442319187089062
0.118469814704124
0.0669157202630006
0.0607292289300657
0.0318589360430364
0.0621040047818291
0.148714883442917
0.0277346084877466
0.195457262402869
0.128351016138673
0.0682904961147639
0.110221159593545
0.052480573819486
0.137716676628811
0.118641661685594
0.129468021518231
0.139778840406455
0.0414823670053796
0.0566049013747758
0.0593544530783024
0.0469814704124328
0.0277346084877466
0.126718469814704
0.148714883442917
0.0689778840406456
0.0854751942618052
0.0442319187089062
0.0414823670053796
0.15008965929468
0.14596533173939
0.258696951583981
0.0304841601912731
0.0813508667065154
0.126718469814704
0.0847878063359236
0.0607292289300657
0.0854751942618051
0.16246264196055
0.203705917513449
0.011237298266587
0.0813508667065151
0.203705917513449
0.00436341900777047
0.0992229527794381
0.066228332337119
0.0902869097429767
0.052695382546324
0.0456066945606694
0.0277346084877466
0.104722056186491
0.104722056186491
0.0906306037059179
0.107471607890018
0.102316198445905
0.181709503885236
0.195457262402869
0.092864614465033
0.0655409444112373
0.0882247459653317
0.106096832038255
0.379677226539151
0.0590107591153616
0.0838426479378361
0.17071129707113
0.0318589360430365
0.0971607890017933
0.119329049611477
0.00848774656306037
0.0772265391512253
0.101972504482965
0.0552301255230126
0.0483562462641961
0.11228332337119
0.195457262402869
0.121219366407651
0.0661424088463837
0.588643156007173
0.0711689330543934
0.0758517632994621
0.0676031081888825
0.0497310221159594
0.112970711297071
0.110221159593545
0.0937238493723849
0.00298864315600717
0.0139868499701136
0.250448296473401
0.0607292289300657
0.0717274357441721
0.0689778840406455
0.060041841004184
0.0744769874476987
0.152839210998207
0.211954572624029
0.00848774656306037
0.0442319187089062
0.173117154811715
0.0332337118947998
0.165212193664077
0.129468021518231
0.156963538553497
0.118469814704124
0.0428571428571429
0.0588389121338912
0.0497310221159594
0.0630921249252839
0.115720263000598
0.0854751942618051
0.0882247459653317
0.02498505678422
0.00573819485953378
0.0717274357441721
0.066228332337119
0.0950986252241481
0.110221159593545
0.0414823670053796
0.0552301255230126
0.0689778840406455
0.136341900777047
0.159713090257023
0.0497310221159594
0.414046622833234
0.0469814704124328
0.159713090257023
0.0924349970113568
0.0645098625224149
0.0607292289300657
0.112970711297071
0.0359832635983264
0.0497310221159594
0.180452872833233
0.0579796772265391
0.181022115959355
0.0732740585774058
0.0469814704124328
0.0854751942618051
0.052480573819486
0.0593544530783025
0.0153616258218769
0.0799760908547519
0.0882247459653317
0.0937238493723849
0.129468021518231
0.0277346084877466
0.178959952181709
0.134967124925284
0.0717274357441721
0.123625224148237
0.052480573819486
0.148714883442917
0.173460848774656
0.0277346084877466
0.052480573819486
0.0717274357441722
0.278631201434549
0.052480573819486
0.184459055588763
0.0883965929468024
0.0841004184100418
0.02498505678422
0.0332337118947998
0.0546286610878661
0.0771406156604905
0.047067393903168
0.000239091452480579
0.10437836222355
0.052480573819486
0.15421398684997
0.261446503287507
0.00298864315600717
0.0139868499701136
0.0772265391512252
0.02498505678422
0.011237298266587
0.0139868499701136
0.0347803347280334
0.106784219964136
0.071727435744172
0.0533398087268381
0.0539412731619845
0.0813508667065152
0.0277346084877466
0.0469814704124328
0.101972504482965
0.101972504482965
0.118469814704124
0.0552301255230126
0.144590555887627
0.140466228332337
0.0449193066347879
0.00573819485953378
0.112970711297071
0.0607292289300657
0.0304841601912732
0.02498505678422
0.15421398684997
0.00573819485953378
0.0854751942618051
0.165212193664077
0.0985355648535567
0.145707561267185
0.0733170203227735
0.0401075911536162
0.068290496114764
0.0277346084877466
0.101972504482965
0.0758517632994622
0.038732815301853
0.02498505678422
0.0579796772265391
0.104722056186491
0.0497310221159594
0.0964734010759115
0.0433726838015541
0.0799760908547519
0.0634787806335923
0.137716676628811
0.00298864315600717
0.0497310221159594
0.0387328153018529
0.210579796772265
0.161087866108787
0.052480573819486
0.0552301255230126
0.0923490735206216
0.0636935893604304
0.111595935445308
0.011237298266587
0.0139868499701136
0.0139868499701136
0.163837417812314
0.0383891213389121
0.112970711297071
0.173460848774656
0.000239091452480579
0.079976090854752
0.068290496114764
0.107471607890018
0.0359832635983264
0.0442319187089062
0.00298864315600717
0.052587978182905
0.0377017334130305
0.0744769874476987
0.0167364016736402
0.0442319187089062
0.0304841601912732
0.0256724447101016
0.000239091452480579
0.159713090257023
0.151464435146444
0.17071129707113
0.17071129707113
0.121219366407651
0.0442319187089062
0.118469814704124
0.0607292289300657
0.0418260609683204
0.100597728631202
0.151464435146444
0.225702331141662
0.000239091452480579
0.066228332337119
0.126718469814704
0.0497310221159594
0.050418410041841
0.0572922893006575
0.0538553496712492
0.0696652719665272
0.0909742976688584
0.0965808054393307
0.0497310221159595
0.025844291691572
0.10403466826061
0.0909742976688584
0.0749925283921103
0.0490436341900777
0.0194859533771668
0.189958158995816
0.0779139270771071
0.0538553496712493
0.156963538553497
0.0529101912731618
0.27106993424985
0.108416766288105
0.0538553496712492
0.0909742976688584
0.0579796772265391
0.0854751942618054
0.097160789001793
0.107471607890018
0.115720263000598
0.0731022115959356
0.00573819485953378
0.104722056186491
0.14596533173939
0.100597728631202
0.0401075911536163
0.00298864315600717
0.137716676628811
0.0775702331141661
0.0579796772265393
0.02498505678422
0.0854751942618051
0.011237298266587
0.00298864315600717
0.533652121936641
0.0868499701135686
0.0538553496712493
0.118469814704124
0.121219366407651
0.129086736028093
0.0627913927077107
0.0882247459653317
0.0579796772265391
0.000239091452480579
0.0950986252241485
0.02498505678422
0.107471607890018
0.0194859533771668
0.0634787806335925
0.038732815301853
0.0992229527794381
0.0689778840406454
0.0694075014943217
0.0552301255230126
0.0373580394500896
0.0605573819485953
0.0468955469216975
0.052480573819486
0.173460848774656
0.0710400478182905
0.0607292289300657
0.0502465630603706
0.0748636431560072
0.0428571428571429
0.129468021518231
0.0332337118947998
0.0678608786610878
0.143215780035864
0.139778840406455
0.0181111775254035
0.0277346084877466
0.204736999402271
0.000239091452480579
0.101972504482965
0.150948894202033
0.104722056186491
0.0911461446503287
0.0497310221159594
0.0882247459653317
0.0492154811715481
0.134967124925284
0.118469814704124
0.117095038852361
0.0373580394500897
0.0476688583383145
0.000239091452480579
0.0304841601912732
0.101972504482965
0.0715555887627017
0.137716676628811
0.0439097056186492
0.106096832038255
0.0649609608487747
0.236700537955768
0.134967124925284
0.0882247459653317
0.02498505678422
0.180334728033473
0.0978481769276747
0.000239091452480579
0.17071129707113
0.0686341900777048
0.0964734010759115
0.0579796772265391
0.0414823670053796
0.123968918111178
0.0992229527794381
0.122594142259415
0.0796323968918111
0.110221159593545
0.0680971682606098
0.214704124327555
0.0689778840406455
0.0359832635983263
0.0497310221159594
0.134967124925284
0.0304841601912732
0.17071129707113
0.0573352510460251
0.104722056186491
0.0469814704124328
0.17071129707113
0.0579796772265391
0.0359832635983264
0.0909742976688584
0.16246264196055
0.0607292289300657
0.126718469814704
0.112970711297071
0.107471607890018
0.0710400478182907
0.140466228332337
0.00230125523012553
0.0401075911536162
0.02498505678422
0.0992229527794381
1.40251046025105
0.126718469814704
0.0327396518230724
0.0744769874476987
0.0653690974297669
0.108846383741781
0.0923490735206217
0.0263598326359833
0.0380454273759713
0.124656306037059
0.0332337118947998
0.0717274357441721
0.038732815301853
0.112970711297071
0.0414823670053795
0.0414823670053796
0.0139868499701136
0.0442319187089062
0.0469814704124328
0.0442319187089062
0.121219366407651
0.0717274357441721
0.0607292289300657
0.295128511655709
0.101972504482965
0.0992229527794381
0.0325463239689181
0.000239091452480579
0.167961745367603
0.0634787806335923
0.104722056186491
0.0827256425582785
0.0685482665869696
0.0744769874476987
0.0607292289300659
0.129468021518231
0.00298864315600717
0.103776897788404
0.0799760908547519
0.140466228332337
0.0686341900777047
0.0717274357441721
0.0497310221159594
0.0469814704124328
0.034608487746563
0.079009451583981
0.0469814704124327
0.0469814704124328
0.0579796772265391
0.0854751942618051
0.693126120741183
0.0579796772265391
0.0332337118947998
0.0882247459653317
0.0854751942618051
0.132217573221758
0.0552301255230126
0.011237298266587
0.0882247459653317
0.0167364016736402
0.195457262402869
0.0931009040645544
0.0454348475791991
0.0222355050806934
0.0373580394500897
0.142184698147041
0.0627913927077108
0.052480573819486
0.108932307232516
0.195457262402869
0.0596981470412432
0.478661087866109
0.0978481769276748
0.066228332337119
0.0538553496712492
0.167961745367603
0.066228332337119
0.156963538553497
0.0909742976688584
0.129468021518231
0.0999103407053199
0.0552301255230126
0.0359832635983264
0.066228332337119
0.134967124925284
0.0964734010759115
0.0703526598924089
0.00298864315600717
0.0497310221159594
0.0500317543335328
0.0304841601912732
0.0552301255230126
0.011237298266587
0.220203227734608
0.0647031903765693
0.0909742976688584
0.211954572624029
0.0909742976688584
0.00573819485953378
0.224456440526001
0.143215780035864
0.011237298266587
0.121219366407651
0.0325463239689181
0.0414823670053796
0.0865062761506277
0.134967124925284
0.0607292289300657
0.0153616258218769
0.0414823670053796
0.126718469814704
0.41267184698147
0.151464435146444
0.061244769874477
0.0930364614465031
0.132217573221757
0.052480573819486
0.159713090257023
0.140466228332337
0.038732815301853
0.114345487148835
0.12087567244471
0.0504184100418411
0.103347280334728
0.110221159593545
0.181709503885236
0.0263598326359833
0.0813508667065151
0.266945606694561
0.0358973401075912
0.107471607890018
0.0194859533771668
0.0772265391512253
0.0904587567244471
0.0139868499701136
0.0607292289300657
0.0469814704124328
0.0497310221159594
0.0497310221159594
0.0469814704124328
0.0731022115959355
0.0330618649133294
0.0689778840406455
0.132904961147639
0.112970711297071
0.0950986252241484
0.0607292289300657
0.00573819485953378
0.000239091452480579
0.0215481171548118
0.0772265391512253
0.0500747160789002
0.220203227734608
0.277943813508667
0.019142259414226
0.066228332337119
0.0194859533771668
0.0332337118947998
0.0717274357441721
0.0469814704124328
0.0892558278541541
0.0277346084877466
0.16246264196055
0.0662283323371189
0.0469814704124328
0.038732815301853
0.0689778840406455
0.151464435146444
0.0497310221159594
0.0181111775254035
0.104722056186491
0.117095038852361
0.0304841601912732
0.0277346084877466
0.0222355050806934
0.0414823670053796
0.0772265391512253
0.0741762552301257
0.137716676628811
0.0442319187089062
0.0717274357441723
0.0555738194859534
0.000239091452480579
0.0799760908547519
0.00848774656306037
0.00848774656306037
0.0546394015242081
0.0474970113568441
0.0426852958756725
0.0744769874476987
0.0194859533771668
0.0277346084877466
0.00848774656306037
0.111767782426778
0.0689778840406455
0.038732815301853
0.126718469814704
0.101972504482965
0.0474218283024509
0.0277346084877466
0.104636132695756
0.128093245666468
0.165212193664077
0.0689778840406455
0.0520509563658098
0.0744769874476987
0.0978266960549907
0.0277346084877466
0.132217573221757
0.0167364016736402
0.101972504482965
0.0717274357441721
0.143903167961745
0.066228332337119
0.111595935445308
0.0744769874476987
0.0827256425582785
0.0799760908547519
0.115720263000598
0.104722056186491
0.0938956963538556
0.0548864315600717
0.0667009115361627
0.0882247459653317
0.0139868499701136
0.0304841601912732
0.0747347579199043
0.02498505678422
0.104722056186491
0.15421398684997
0.0435445307830246
0.0689778840406455
0.011237298266587
0.00298864315600717
0.00298864315600717
0.0394202032277347
0.038732815301853
0.0194859533771668
0.123968918111178
0.066228332337119
0.148757845188285
0.0799760908547519
0.024125821876868
0.101972504482965
0.0483562462641961
0.121219366407651
0.107471607890018
0.0497310221159594
0.00573819485953378
0.0689778840406455
0.052480573819486
0.37555289898386
0.107471607890018
0.126718469814704
0.112970711297071
0.0552301255230126
0.132217573221757
0.0414823670053796
0.00573819485953378
0.0579796772265391
0.0854751942618051
0.00298864315600717
0.0407949790794979
0.066228332337119
0.108846383741781
0.123968918111178
0.0332337118947998
0.173460848774656
0.0621040047818291
0.0462940824865512
0.0332337118947998
0.0634787806335923
0.0850026150627616
0.115720263000598
0.128093245666468
0.0304841601912732
0.0535975791990436
0.0765391512253439
0.0703526598924087
0.0414823670053796
0.0882247459653317
0.156963538553497
0.02498505678422
0.0139868499701136
0.108545651524208
0.0277346084877466
0.0324604004781829
0.134967124925284
0.0442319187089062
0.038732815301853
0.0442319187089062
0.0511057979677227
0.0634787806335923
0.066228332337119
0.0425134488942021
0.0882247459653317
0.00848774656306037
0.0497310221159594
0.0882247459653317
0.128093245666467
0.00573819485953378
0.0689778840406455
0.0167364016736402
0.148027495517035
0.286192468619247
0.258696951583981
0.0579796772265391
0.0497310221159594
0.011237298266587
0.0215481171548118
0.167961745367603
0.000239091452480579
0.0579796772265391
0.159713090257023
0.165212193664077
0.151464435146444
0.0280783024506874
0.0744769874476987
0.0569526230013448
0.104722056186491
0.178959952181709
0.064703190376569
0.0579796772265391
0.0717274357441721
0.0767150258704423
0.100597728631202
0.0662283323371189
0.0304841601912732
0.126718469814704
0.054542737597131
0.125343693962941
0.156963538553497
0.130842797369994
0.090458756724447
0.052480573819486
0.0277346084877466
0.0304841601912732
0.0579796772265391
0.102659892408847
0.101972504482965
0.00848774656306037
0.231201434548715
0.0456066945606695
0.101285116557083
0.0882247459653317
0.0359832635983264
0.13342050209205
0.0689778840406455
0.0839285714285715
0.0332337118947998
0.0930364614465034
0.112970711297071
0.0222355050806934
0.0332337118947998
0.0748206814106397
0.0782576210400481
0.125343693962941
0.0698371189479977
0.137716676628811
0.0277346084877466
0.0621040047818289
0.0469814704124328
0.0579796772265391
0.0964734010759115
0.0815656754333532
0.115720263000598
0.0139868499701136
0.0139868499701136
0.056604901374776
0.214704124327555
0.0799760908547519
0.107471607890018
0.0899432157800359
0.0827256425582788
0.0359832635983264
0.109533771667663
0.038732815301853
0.134279736999402
0.0799760908547519
0.108846383741781
0.0799760908547519
0.178959952181709
0.121219366407651
0.176210400478183
0.159713090257023
0.0401075911536163
0.101822138374178
0.125343693962941
0.00573819485953378
0.0277346084877466
0.0761202742080096
0.0812273516885832
0.0414823670053796
0.0277346084877466
0.0882247459653317
0.0332337118947998
0.0689778840406455
0.0442319187089062
0.0277346084877466
0.0552301255230126
0.136127092050209
0.173460848774656
0.0359832635983264
0.126718469814704
0.0689778840406455
0.0476688583383144
0.0854751942618051
0.119243126120741
0.0304841601912732
0.192707710699342
0.118469814704124
0.120188284518829
0.0277346084877466
0.151808129109384
0.0456818776150626
0.0139868499701136
0.0222355050806934
0.0524805738194859
0.00298864315600717
0.0194859533771668
0.0405372086072923
0.0731022115959355
0.189958158995816
0.0552301255230126
0.000239091452480579
0.0799760908547519
0.0552301255230126
0.123968918111178
0.0579796772265394
0.0483562462641961
0.231201434548715
0.0909742976688584
0.122594142259415
0.0304841601912732
0.0607292289300657
0.0322885534967125
0.0490436341900777
0.0222355050806934
0.156963538553497
0.0375298864315601
0.143215780035864
0.000239091452480579
0.220203227734608
0.00573819485953378
0.0442319187089062
0.123968918111178
0.112970711297071
0.0601277644949193
0.0359832635983263
0.0167364016736402
0.107471607890018
0.0689778840406455
0.0139868499701136
0.264196054991034
0.0772265391512251
0.0798901673640168
0.038732815301853
0.00573819485953378
0.0909742976688585
0.110221159593544
0.0827256425582785
0.0882247459653317
0.0772265391512253
0.101585848774656
0.126718469814704
0.1540421398685
0.0497310221159594
0.0414823670053796
0.0621040047818291
0.0547897676329947
0.000239091452480579
0.123968918111178
0.00848774656306037
0.101972504482965
0.038732815301853
0.0813508667065153
0.129468021518231
0.0992229527794382
0.0304841601912732
0.140466228332337
0.121219366407651
0.104722056186491
0.115720263000598
0.0992229527794383
0.02498505678422
0.0882247459653317
0.0801479378362223
0.0469814704124328
0.16246264196055
0.0772265391512253
0.038732815301853
0.0798203545277944
0.066228332337119
0.114345487148834
0.0909742976688584
0.100597728631201
0.0827256425582785
0.0332337118947998
0.265570830842797
0.0352958756724448
0.0717274357441721
0.0236102809324567
0.0841004184100419
0.0634787806335923
0.107471607890018
0.0662283323371189
0.0566049013747759
0.176210400478183
0.319187089061566
0.0882247459653317
0.0717274357441721
0.0456066945606695
0.159713090257023
0.236700537955768
0.0272190675433353
0.0937238493723849
0.118469814704124
0.104722056186491
0.0834130304841602
0.181709503885236
0.222952779438135
0.159713090257023
0.0139868499701136
0.00986252241482369
0.00848774656306037
0.12714808726838
0.121219366407651
0.0167364016736402
0.0428571428571428
0.0607829311117754
0.00848774656306037
0.0882247459653317
0.0689778840406458
0.255947399880454
0.011237298266587
0.110221159593545
0.157650926479378
0.0467236999402272
0.0521368798565451
0.0167364016736402
0.0689778840406455
0.0442319187089062
0.0139868499701136
0.0772265391512253
0.29994022713688
0.0903513523610282
0.118469814704124
0.0579796772265391
0.0222355050806934
0.0964734010759115
0.066228332337119
0.00848774656306037
0.0370787881052003
0.0139868499701136
0.00573819485953378
0.0402794381350867
0.0703526598924089
0.0648535564853557
0.0167364016736402
0.000239091452480579
0.0744769874476987
0.121219366407651
0.101972504482965
0.0508265466228333
0.0634787806335923
0.0964734010759115
0.0970748655110575
0.0772265391512253
0.101972504482965
0.0442319187089062
0.0256724447101017
0.143215780035864
0.101972504482965
0.0304841601912732
0.066228332337119
0.0992229527794381
0.0497310221159594
0.00573819485953378
0.0428571428571429
0.134967124925284
0.0689778840406455
0.052480573819486
0.0497310221159594
0.0861625821876869
0.173460848774656
0.0483562462641961
0.0332337118947998
0.167961745367603
0.0761954572624027
0.0490436341900777
0.0641661685594738
0.178959952181709
0.140466228332337
0.0703526598924089
0.153698445905559
0.105753138075314
0.0772265391512253
0.16246264196055
0.102659892408847
0.0862485056784217
0.104722056186491
0.0486999402271368
0.184459055588763
0.0964734010759114
0.294441123729827
0.038732815301853
0.0456066945606695
0.0670875672444712
0.0909742976688584
0.0902869097429765
0.00298864315600717
0.110908547519427
0.140208457860131
0.011237298266587
0.0332337118947998
0.0682904961147639
0.138575911536162
0.126718469814704
0.0552301255230125
0.0937238493723849
0.365929468021518
0.0634787806335923
0.192707710699342
0.0442319187089062
0.10330431858936
0.0717274357441721
0.0222355050806934
0.02498505678422
0.0552301255230126
0.0696652719665272
0.0696652719665271
0.0277346084877466
0.0689778840406455
0.0497310221159594
0.0579796772265394
0.0442319187089062
0.126718469814704
0.0414823670053796
0.0167364016736402
0.0684945644052601
0.211954572624029
0.0421697549312612
0.0964734010759115
0.0469814704124328
0.0442319187089062
0.0727585176329947
0.0672594142259415
0.011237298266587
0.0669157202630005
0.0992229527794381
0.0607292289300657
0.0607292289300657
0.0359832635983264
0.0937238493723849
0.129468021518231
0.0634787806335923
0.00298864315600717
0.141153616258219
0.011237298266587
0.121219366407651
0.346682606096832
0.052480573819486
0.071555588762702
0.0304841601912732
0.0854751942618051
0.00573819485953378
0.0167364016736402
0.0491295576808129
0.0469814704124328
0.038732815301853
0.052480573819486
0.118813508667065
0.121219366407651
0.231201434548715
0.0634787806335923
0.0703526598924087
0.0277346084877466
0.0526524208009565
0.0810071727435746
0.0964734010759115
0.00848774656306037
0.14596533173939
0.0765391512253436
0.0139868499701136
0.101972504482965
0.144590555887627
0.0167364016736402
0.0689778840406455
0.0271331440526001
0.0552301255230126
0.148714883442917
0.123968918111178
0.084100418410042
1.74345487148834
0.104722056186491
0.117095038852361
0.0703526598924089
0.02498505678422
0.0689778840406455
0.126718469814704
0.173460848774656
0.011237298266587
0.02498505678422
0.0847878063359236
0.0194859533771668
0.0552301255230126
0.0483562462641961
0.0256724447101016
0.011237298266587
0.0833351623206814
0.137716676628811
0.0607292289300657
0.211954572624029
0.0373580394500896
0.192707710699342
0.187208607292289
0.0627913927077106
0.066228332337119
0.0713837417812313
0.129468021518231
0.0304841601912732
0.0882247459653317
0.0167364016736402
0.203018529587567
0.0194859533771668
0.0827256425582785
0.140466228332337
0.192707710699342
0.189958158995816
0.143215780035864
0.0923490735206216
0.140466228332337
0.0579796772265391
0.112712940824865
0.0937238493723849
0.0964734010759115
0.200956365809922
0.121219366407651
0.0977246619097432
0.0964734010759115
0.129468021518231
0.0139868499701136
0.0772265391512256
0.0469814704124328
0.0462940824865511
0.0799116482367005
0.401673640167364
0.0359832635983264
0.181709503885236
0.0545427375971309
0.132217573221757
0.192707710699342
0.00573819485953378
0.00573819485953378
0.0689778840406456
0.0331477884040646
0.0167364016736402
0.115720263000598
0.126718469814704
0.100597728631201
0.0799760908547519
0.0634787806335923
0.00298864315600717
0.0725866706515241
0.165212193664077
0.132217573221758
0.0799760908547519
0.100296996413629
0.133592349073521
0.101972504482965
0.541900777047221
0.0638224745965332
0.00573819485953378
0.02498505678422
0.038732815301853
0.0332337118947998
0.0899861775254037
0.0744769874476987
0.112970711297071
0.128608786610878
0.0277346084877466
0.0793746264196054
0.112970711297071
0.0950986252241481
0.107278280035864
0.214704124327555
0.134967124925284
0.0469814704124328
0.011237298266587
0.0837996861924686
0.117095038852361
0.00573819485953378
0.136341900777047
0.140466228332337
0.0562612074118351
0.0799760908547519
0.0497310221159594
0.047497011356844
0.038732815301853
0.0383891213389121
0.0167364016736402
0.228451882845188
0.052480573819486
0.0909742976688584
0.0854751942618051
0.00298864315600717
0.0940675433353259
0.0469814704124328
0.052480573819486
0.0882247459653317
0.137716676628811
0.0689778840406455
0.0167364016736402
0.0744769874476987
0.0352958756724447
0.0868499701135684
0.0621040047818291
0.115720263000598
0.000239091452480579
0.0126120741183503
0.118469814704124
0.109018230723251
0.0621040047818291
0.104722056186491
0.0937238493723849
0.0194859533771668
0.0954423191870893
0.101972504482965
0.0937238493723849
0.0318589360430365
0.109533771667663
0.0359832635983264
0.214704124327555
0.107471607890018
0.0428571428571428
0.0557671473401077
0.0993088762701736
0.011237298266587
0.125
0.0297967722653915
0.181709503885236
0.0717274357441721
0.00298864315600717
0.0717274357441721
0.00848774656306037
0.184459055588763
0.0442319187089062
0.02498505678422
0.0913179916317992
0.00298864315600717
0.0383515298117156
0.0442319187089062
0.0277346084877466
0.104722056186491
0.0992229527794381
0.00573819485953378
0.0469814704124328
0.239450089659295
0.00298864315600717
0.000239091452480579
0.038732815301853
0.203705917513449
0.0827256425582785
0.16246264196055
0.121219366407651
0.116151894286088
0.0414823670053796
0.02498505678422
0.0855611177525403
0.0854751942618051
0.011237298266587
0.134967124925284
0.159713090257023
0.0194859533771668
0.0786013150029885
0.0799760908547519
0.011237298266587
0.184459055588763
0.0731022115959354
0.176210400478183
0.122594142259414
0.0222355050806934
0.0428571428571428
0.125343693962941
0.0731022115959354
0.138404064554692
0.066228332337119
0.17071129707113
0.066228332337119
0.0479266288105201
0.151464435146444
0.121906754333533
0.0772265391512253
0.121219366407651
0.0579796772265391
0.152839210998207
0.000239091452480579
0.139091452480574
0.121219366407651
0.0332337118947998
0.0332337118947998
0.203705917513449
0.0868499701135684
0.0827256425582785
0.110221159593545
0.0937238493723849
0.0985355648535566
0.0834130304841605
0.066228332337119
0.0579796772265391
0.0964734010759115
0.134967124925284
0.0332337118947998
0.0964734010759115
0.0469814704124328
0.159713090257023
0.338433950986253
0.0694934249850569
0.156963538553497
0.038732815301853
0.017080095636581
0.0469814704124328
0.129468021518231
0.187208607292289
0.052480573819486
0.261446503287507
0.123968918111178
0.00298864315600717
0.0442319187089062
0.0332337118947998
0.102659892408847
0.0634787806335923
0.0923490735206217
0.0277346084877466
0.0827256425582785
0.0951845487148835
0.0499028690974299
0.103003586371787
0.0786013150029887
0.0744769874476987
0.415936939629408
0.0332337118947998
0.134967124925284
0.14596533173939
0.374178123132097
0.127405857740586
0.118126120741183
0.186521219366408
0.0201733413030485
0.0772265391512253
0.187208607292289
0.0964734010759115
0.0615508723102212
0.02498505678422
0.0964734010759115
0.0249420950388524
0.0469814704124328
0.0222355050806934
0.0824678720860729
0.0930364614465033
0.0662283323371189
0.105409444112373
0.0764961894799761
0.000239091452480579
0.187208607292289
0.0222355050806934
0.0469814704124328
0.000239091452480579
0.159713090257023
0.0985355648535565
0.052480573819486
0.0442319187089062
0.178959952181709
0.178959952181709
0.0607292289300657
0.16246264196055
0.0772265391512253
0.05205095636581
0.0167364016736402
0.0782576210400478
0.0731022115959354
0.115720263000597
0.104722056186491
0.0538553496712492
0.0153616258218769
0.0966882098027494
0.217453676031082
0.000239091452480579
0.140466228332337
0.0552301255230126
0.0194859533771668
0.0363269575612672
0.0772265391512254
0.0208607292289301
0.0521798416019127
0.0414823670053796
0.052480573819486
0.0827256425582785
0.359055588762701
0.121219366407651
0.17071129707113
0.00298864315600718
0.104722056186492
0.123968918111178
0.02498505678422
0.0856470412432755
0.101972504482965
0.0139868499701136
0.0451341153616259
0.125343693962941
0.143215780035864
0.0576359832635985
0.079976090854752
0.0454348475791991
0.0277346084877466
0.1081589958159
0.0813508667065153
0.0194859533771668
0.126718469814704
0.0497310221159594
0.0277346084877466
0.136151258031979
0.148714883442917
0.126718469814704
