0.5501494321578
0.189958158995816
0.522653915122534
0.470412432755529
0.222952779438135
0.198206814106396
0.497907949790795
0.184459055588763
0.225702331141662
0.178959952181709
0.255947399880454
1.08356246264196
0.415421398684997
0.462163777644949
0.195457262402869
0.272444710101614
0.110221159593545
0.121219366407651
0.360430364614465
0.129468021518231
0.341183502689779
0.294441123729827
0.332934847579199
0.434668260609683
0.277943813508667
0.649133293484758
0.233950986252241
0.132217573221757
0.569396294082486
1.09731022115959
0.206455469216976
1.14130304841602
0.544650328750747
0.253197848176928
0.151464435146444
0.200956365809922
0.354931261207412
0.739868499701136
0.492408846383742
0.250448296473401
0.41267184698147
0.316437537358039
0.16246264196055
0.2916915720263
0.415421398684997
0.635385534967125
0.178959952181709
0.629886431560072
1.15230125523013
0.596891811117752
0.0634787806335923
0.365929468021518
0.327435744172146
0.462163777644949
0.360430364614465
0.536401673640167
0.792109982068141
0.140466228332337
0.156963538553497
0.610639569635385
0.451165570830843
0.327435744172146
0.563897190675433
0.43741781231321
0.41267184698147
0.632635983263598
0.43741781231321
0.613389121338912
0.459414225941423
0.929587567244471
0.0717274357441721
0.30818888224746
0.187208607292289
0.599641362821279
0.764614465032875
0.844351464435147
0.442916915720263
0.737118947997609
0.610639569635385
0.904841601912732
0.602390914524806
0.101972504482965
1.34751942618051
0.42092050209205
0.374178123132098
0.497907949790795
0.165212193664077
0.217453676031082
0.517154811715481
0.341183502689779
0.2916915720263
0.467662881052002
0.409922295277944
0.745367603108189
0.354931261207412
0.319187089061566
0.599641362821279
0.104722056186491
0.28344291691572
0.583144052600119
0.475911536162582
0.231201434548715
0.217453676031082
0.668380155409444
0.448416019127316
1.38876270173341
0.220203227734608
0.858099222952779
0.500657501494322
0.517154811715481
0.874596533173939
0.148714883442917
0.313687985654513
0.132217573221757
0.371428571428571
0.258696951583981
0.473161984459056
0.401673640167364
0.599641362821279
0.698625224148237
0.357680812910938
0.503407053197848
0.616138673042439
0.365929468021518
0.376927674835625
0.319187089061566
0.83335325762104
0.621637776449492
0.310938433950986
0.481410639569635
0.671129707112971
0.29994022713688
1.04231918708906
0.539151225343694
0.352181709503885
0.107471607890018
0.137716676628811
0.310938433950986
0.693126120741183
0.195457262402869
23.1789599521817
0.783861326957561
0.29994022713688
0.673879258816497
0.126718469814704
0.376927674835625
0.247698744769874
0.118469814704124
0.280693365212194
0.30818888224746
0.363179916317992
0.280693365212194
0.178959952181709
0.321936640765093
0.225702331141662
0.255947399880454
1.69671249252839
0.184459055588763
0.44566646742379
0.225702331141662
0.459414225941423
0.684877465630604
0.363179916317992
0.456664674237896
0.544650328750747
0.365929468021518
0.387925881649731
0.305439330543933
0.481410639569635
0.632635983263598
0.533652121936641
0.475911536162582
0.467662881052002
0.444291691572027
0.511655708308428
0.244949193066348
0.43741781231321
0.651882845188285
0.156963538553497
0.29994022713688
0.940585774058577
0.178959952181709
0.640884638374178
0.643634190077705
0.247698744769874
0.508906156604901
0.173460848774656
0.577644949193066
0.250448296473401
0.616138673042439
0.286192468619247
0.250448296473401
0.327435744172146
0.16246264196055
0.352181709503885
0.473161984459056
0.473161984459056
0.14596533173939
0.495158398087268
0.599641362821279
0.310938433950986
0.305439330543933
0.418170950388524
0.613389121338912
0.415421398684997
0.814106395696354
0.30818888224746
0.159713090257023
0.0964734010759115
0.338433950986252
0.319187089061566
0.5501494321578
0.280693365212194
0.233950986252241
0.563897190675433
0.0937238493723849
0.261446503287507
0.319187089061566
0.585893604303646
0.569396294082486
0.478661087866109
0.97907949790795
0.247698744769874
0.28344291691572
0.14596533173939
0.583144052600119
0.547399880454274
0.222952779438135
0.338433950986252
1.43550508069337
0.800358637178721
0.561147638971907
0.660131500298864
0.442916915720263
0.475911536162582
0.167961745367603
0.280693365212194
0.393424985056784
2.018410041841
0.640884638374178
0.382426778242678
0.682127913927077
0.607890017931859
0.2916915720263
0.288942020322773
0.330185295875672
0.918589360430365
0.341183502689779
0.379677226539151
0.264196054991034
0.379677226539151
0.349432157800359
0.522653915122534
0.470412432755529
4.49025702331142
0.899342498505678
0.489659294680215
0.338433950986252
0.635385534967125
0.156963538553497
0.819605499103407
0.855349671249253
0.594142259414226
0.327435744172146
0.643634190077705
1.2842797369994
0.723371189479976
0.390675433353258
0.709623430962343
0.764614465032875
0.453915122534369
0.266945606694561
0.220203227734608
0.737118947997609
0.390675433353258
0.214704124327555
0.627136879856545
0.511655708308428
0.451165570830843
0.506156604901375
0.225702331141662
0.739868499701136
0.371428571428571
0.517154811715481
0.750866706515242
0.497907949790795
0.258696951583981
0.330185295875672
0.478661087866109
0.321936640765093
0.316437537358039
0.484160191273162
0.343933054393305
0.126718469814704
0.572145845786013
0.242199641362821
0.275194261805141
0.0854751942618051
0.396174536760311
0.253197848176928
0.294441123729827
0.431918708906157
0.134967124925284
0.137716676628811
0.192707710699342
0.726120741183503
0.698625224148237
0.676628810520024
0.209205020920502
0.159713090257023
0.379677226539151
0.426419605499103
0.613389121338912
0.129468021518231
0.638135086670651
0.756365809922295
0.407172743574417
1.00382546323969
0.519904363419008
0.261446503287507
0.30818888224746
1.09181111775254
0.0772265391512253
0.319187089061566
1.03956963538554
0.555648535564853
0.580394500896593
0.302689778840406
0.822355050806934
0.176210400478183
0.68762701733413
0.360430364614465
0.385176329946204
0.288942020322773
0.319187089061566
0.992827256425583
0.327435744172146
0.324686192468619
0.42916915720263
0.448416019127316
0.778362223550508
0.349432157800359
0.409922295277944
0.184459055588763
0.530902570233114
0.324686192468619
0.29994022713688
0.0607292289300657
0.0992229527794381
1.10280932456665
1.52349073520622
0.67937836222355
0.42916915720263
0.118469814704124
0.305439330543933
0.489659294680215
1.40251046025105
0.745367603108189
0.374178123132098
0.0497310221159594
0.434668260609683
0.657381948595338
0.151464435146444
0.250448296473401
0.187208607292289
0.536401673640167
0.874596533173939
0.382426778242678
0.759115361625822
0.140466228332337
0.277943813508667
0.82510460251046
0.495158398087268
0.662881052002391
0.409922295277944
0.385176329946204
0.132217573221757
0.376927674835625
1.00107591153616
0.239450089659295
0.258696951583981
0.536401673640167
0.489659294680215
0.913090257023311
0.184459055588763
0.511655708308428
0.44566646742379
0.734369396294082
0.555648535564853
0.448416019127316
0.297190675433353
0.684877465630604
0.442916915720263
1.04781829049611
0.357680812910938
0.519904363419008
0.943335325762104
0.42092050209205
0.302689778840406
0.475911536162582
0.0607292289300657
0.852600119545725
0.41267184698147
0.473161984459056
0.682127913927077
0.132217573221757
1.07531380753138
0.2916915720263
0.16246264196055
0.321936640765093
0.14596533173939
0.379677226539151
0.335684399282726
0.28344291691572
0.192707710699342
0.321936640765093
0.352181709503885
0.352181709503885
0.181709503885236
0.44566646742379
0.398924088463837
0.258696951583981
0.352181709503885
0.239450089659295
0.220203227734608
0.453915122534369
0.327435744172146
0.0937238493723849
0.602390914524806
0.937836222355051
0.673879258816497
0.745367603108189
0.525403466826061
0.440167364016736
0.57489539748954
0.789360430364614
0.321936640765093
0.371428571428571
0.442916915720263
0.330185295875672
0.231201434548715
0.275194261805141
0.56664674237896
0.5501494321578
0.390675433353258
0.112970711297071
0.305439330543933
0.258696951583981
0.0442319187089062
0.16246264196055
0.561147638971907
0.269695158398087
0.313687985654513
0.242199641362821
0.382426778242678
0.588643156007173
0.264196054991034
0.379677226539151
0.398924088463837
0.385176329946204
0.42092050209205
0.15421398684997
0.173460848774656
0.387925881649731
0.530902570233114
0.250448296473401
0.335684399282726
0.0744769874476987
0.715122534369396
0.15421398684997
0.173460848774656
0.583144052600119
0.269695158398087
0.5501494321578
0.390675433353258
0.0359832635983264
0.448416019127316
0.55839808726838
0.123968918111178
0.330185295875672
0.0579796772265391
0.382426778242678
0.220203227734608
0.56664674237896
0.602390914524806
0.280693365212194
0.464913329348476
0.365929468021518
0.431918708906157
0.269695158398087
0.569396294082486
0.56664674237896
0.398924088463837
0.552898983861327
0.332934847579199
0.0937238493723849
0.43741781231321
0.236700537955768
0.503407053197848
0.0717274357441721
0.266945606694561
0.30818888224746
0.330185295875672
0.409922295277944
0.178959952181709
0.448416019127316
0.539151225343694
6.34070531978482
0.800358637178721
0.379677226539151
0.517154811715481
0.297190675433353
0.173460848774656
0.286192468619247
0.313687985654513
0.613389121338912
0.341183502689779
0.349432157800359
0.418170950388524
0.599641362821279
0.346682606096832
0.29994022713688
0.302689778840406
0.115720263000598
0.330185295875672
1.02307232516438
0.511655708308428
0.665630603705917
0.393424985056784
0.239450089659295
0.486909742976689
0.418170950388524
0.530902570233114
1.08631201434549
0.156963538553497
0.217453676031082
0.404423191870891
2.59856545128512
0.236700537955768
0.621637776449492
0.0992229527794381
0.357680812910938
0.321936640765093
0.386551105797967
0.682127913927077
0.781111775254035
0.189958158995816
0.217453676031082
0.275194261805141
0.305439330543933
0.654632396891811
0.937836222355051
0.451165570830843
0.385176329946204
0.011237298266587
0.649133293484758
0.335684399282726
0.533652121936641
0.734369396294082
0.302689778840406
0.261446503287507
0.052480573819486
0.203705917513449
0.30818888224746
0.321936640765092
0.280693365212194
0.409922295277944
0.690376569037657
0.319187089061566
0.396174536760311
0.772863120143455
0.781111775254035
0.343933054393305
0.269695158398087
0.379677226539151
0.657381948595338
0.143215780035864
0.165212193664077
0.935086670651524
0.379677226539151
0.668380155409444
0.473161984459056
0.475911536162582
0.756365809922295
0.0717274357441721
0.577644949193066
0.805857740585774
0.621637776449492
0.888344291691572
0.563897190675433
0.264196054991034
0.173460848774656
0.709623430962343
0.332934847579199
0.242199641362821
1.22104004781829
0.332934847579199
0.264196054991034
0.654632396891811
0.475911536162582
0.926838015540944
0.346682606096832
0.385176329946204
0.489659294680215
0.915839808726838
0.294441123729827
0.401673640167364
0.434668260609683
0.321936640765093
0.44566646742379
0.500657501494322
0.456664674237896
0.616138673042439
0.577644949193066
0.288942020322773
0.451165570830843
0.365929468021518
0.195457262402869
0.932337118947998
0.55839808726838
0.404423191870891
0.541900777047221
0.629886431560072
0.473161984459056
0.635385534967125
0.173460848774656
0.250448296473401
0.486909742976688
0.206455469216976
0.280693365212194
0.261446503287507
0.453915122534369
0.67937836222355
0.814106395696354
0.451165570830843
0.506156604901375
0.797609085475194
0.869097429766886
0.195457262402869
0.269695158398087
0.451165570830843
0.84160191273162
0.363179916317992
0.409922295277944
0.217453676031082
0.280693365212194
0.231201434548715
1.00382546323969
0.156963538553497
0.506156604901375
0.228451882845188
0.651882845188285
0.324686192468619
0.467662881052002
0.453915122534369
0.662881052002391
0.70412432755529
0.371428571428571
0.805857740585774
0.143215780035864
1.32277346084877
0.264196054991034
0.588643156007173
0.247698744769874
0.418170950388524
0.605140466228332
0.624387328153018
0.486909742976688
0.742618051404662
0.280693365212194
0.836102809324567
0.539151225343694
0.580394500896593
0.242199641362821
0.0854751942618051
0.610639569635385
0.284817692767483
0.500657501494322
0.0772265391512253
0.530902570233114
0.41267184698147
0.192707710699342
1.3255230125523
0.715122534369396
0.453915122534369
0.288942020322773
0.440167364016736
0.577644949193066
1.05606694560669
0.275194261805141
0.29994022713688
0.621637776449492
0.15421398684997
0.305439330543933
0.264196054991034
0.167961745367603
0.665630603705917
0.893843395098625
0.217453676031082
2.71954572624029
0.29994022713688
0.385176329946204
0.453915122534369
0.297190675433353
0.522653915122534
0.280693365212194
0.250448296473401
0.533652121936641
0.313687985654513
0.0469814704124328
0.368679019725045
0.365929468021518
0.511655708308428
0.261446503287507
0.470412432755529
0.591392707710699
0.313687985654513
0.518529587567244
0.456664674237896
0.506156604901375
0.585893604303646
0.269695158398087
0.838852361028093
0.200956365809922
1.13580394500897
0.28344291691572
0.68762701733413
0.789360430364614
0.726120741183503
0.522653915122534
0.506156604901375
0.431918708906157
0.187208607292289
0.418170950388524
0.275194261805141
0.404423191870891
0.244949193066348
0.676628810520024
0.937836222355051
0.533652121936641
0.742618051404662
0.536401673640167
1.32002390914525
0.14596533173939
0.173460848774656
0.811356843992827
0.159713090257023
0.379677226539151
0.473161984459056
2.15038852361028
0.43741781231321
0.440167364016736
0.693126120741183
0.797609085475194
0.233950986252241
1.48224745965332
0.374178123132098
0.156963538553497
0.453915122534369
0.148714883442917
0.17071129707113
0.95433353257621
0.442916915720263
0.684877465630604
0.503407053197848
0.616138673042439
0.313687985654513
0.354931261207412
0.580394500896593
0.335684399282726
0.503407053197848
0.415421398684997
0.635385534967125
0.363179916317992
0.0304841601912732
0.181709503885236
0.107471607890018
1.18804542737597
0.137716676628811
0.577644949193066
0.426419605499103
0.209205020920502
0.533652121936641
0.404423191870891
0.478661087866109
0.737118947997609
0.352181709503885
0.473161984459056
0.475911536162582
0.55839808726838
0.43741781231321
0.2916915720263
0.561147638971907
0.800358637178721
0.473161984459056
0.368679019725045
0.0992229527794381
0.0882247459653317
0.151464435146444
0.475911536162582
0.591392707710699
0.233950986252241
0.904841601912732
14.2181709503885
0.676628810520024
0.69587567244471
0.937836222355051
0.55839808726838
0.253197848176928
0.783861326957561
0.42916915720263
0.473161984459056
0.376927674835625
0.70412432755529
0.618888224745965
0.426419605499103
0.112970711297071
0.390675433353258
1.14680215182307
0.0854751942618051
1.38601315002989
0.544650328750747
1.18804542737597
0.247698744769874
0.690376569037657
0.563897190675433
0.803108188882247
0.506156604901375
0.596891811117752
0.288942020322773
0.55839808726838
0.343933054393305
0.519904363419008
1.22104004781829
0.294441123729827
0.239450089659295
0.236700537955768
0.255947399880454
0.470412432755529
0.178959952181709
0.110221159593545
0.352181709503885
0.946084877465631
0.17071129707113
0.341183502689779
0.0222355050806934
0.272444710101614
0.442916915720263
0.211954572624029
0.42092050209205
0.338433950986252
0.456664674237896
1.60597728631201
0.17071129707113
0.288942020322773
0.332934847579199
0.352181709503885
0.69587567244471
0.297190675433353
0.495158398087268
0.624387328153018
0.137716676628811
0.638135086670651
0.239450089659295
0.643634190077705
0.360430364614465
0.621637776449492
0.28344291691572
0.464913329348476
0.5501494321578
0.277943813508667
1.31452480573819
0.811356843992827
0.222952779438135
0.561147638971907
0.470412432755529
0.42916915720263
0.184459055588763
0.484160191273162
0.236700537955768
0.481410639569635
0.253197848176928
0.621637776449492
0.869097429766886
0.547399880454274
0.343933054393305
0.585893604303646
0.536401673640167
0.302689778840406
1.00932456664674
0.41267184698147
0.363179916317992
1.11105797967723
0.231201434548715
0.15421398684997
0.368679019725045
0.239450089659295
0.0827256425582785
0.0827256425582785
0.442916915720263
0.140466228332337
0.253197848176928
1.0148236700538
0.280693365212194
0.442916915720263
2.11189479976091
0.772863120143455
1.00932456664674
0.448416019127316
0.8498505678422
0.467662881052002
0.167961745367603
0.404423191870891
0.148714883442917
0.464913329348476
0.29994022713688
0.280693365212194
0.371428571428571
0.638135086670651
0.745367603108189
0.629886431560072
0.352181709503885
0.632635983263598
0.390675433353258
0.404423191870891
0.167961745367603
0.269695158398087
1.27603108188882
0.401673640167364
0.233950986252241
0.376927674835625
0.632635983263598
0.638135086670651
0.511655708308428
0.426419605499103
0.473161984459056
0.242199641362821
0.649133293484758
0.310938433950986
0.423670053795577
0.198206814106396
0.264196054991034
0.228451882845188
0.0854751942618051
0.288942020322773
0.43741781231321
0.0827256425582785
0.514405260011955
0.379677226539151
0.902092050209205
0.258696951583981
0.352181709503885
0.338433950986252
0.492408846383742
0.382426778242678
0.247698744769874
0.305439330543933
0.552898983861327
0.173460848774656
0.539151225343694
0.459414225941423
0.143215780035864
0.462163777644949
0.354931261207412
0.330185295875672
0.365929468021518
0.552898983861327
0.354931261207412
0.038732815301853
0.651882845188285
0.0827256425582785
0.107471607890018
0.264196054991034
0.759115361625822
0.165212193664077
0.943335325762104
0.335684399282726
0.198206814106396
0.552898983861327
0.481410639569635
0.401673640167364
0.368679019725045
0.503407053197848
0.354931261207412
0.470412432755529
0.464913329348476
0.591392707710699
0.101972504482965
0.297190675433353
0.407172743574417
0.324686192468619
0.44566646742379
0.253197848176928
0.189958158995816
0.038732815301853
1.14405260011955
0.794859533771668
0.57489539748954
0.220203227734608
0.475911536162582
0.286192468619247
0.195457262402869
0.297190675433353
0.294441123729827
0.261446503287507
0.401673640167364
0.404423191870891
0.178959952181709
0.349432157800359
0.426419605499103
0.602390914524806
0.418170950388524
0.453915122534369
0.255947399880454
0.71237298266587
0.255947399880454
0.181709503885236
0.385176329946204
0.305439330543933
0.536401673640167
0.393424985056784
0.827854154213987
0.888344291691572
0.316437537358039
0.585893604303646
0.819605499103407
0.660131500298864
0.189958158995816
0.198206814106396
0.0634787806335923
0.456664674237896
0.855349671249253
0.247698744769874
0.272444710101614
0.0854751942618051
0.88421996413628
0.0909742976688584
0.294441123729827
0.206455469216976
0.585893604303646
0.239450089659295
0.319187089061566
0.330185295875672
0.2916915720263
1.66096832038255
0.288942020322773
1.4602510460251
0.349432157800359
0.242199641362821
0.957083084279737
0.404423191870891
0.41267184698147
0.335684399282726
0.0304841601912732
0.646383741781231
0.321936640765093
0.0772265391512253
0.129468021518231
0.346682606096832
0.277943813508667
0.338433950986252
0.319187089061566
0.280693365212194
0.222952779438135
0.536401673640167
0.203705917513449
0.635385534967125
0.112970711297071
0.84160191273162
0.70412432755529
0.217453676031082
0.407172743574417
0.698625224148237
0.187208607292289
0.423670053795577
0.547399880454274
0.360430364614465
0.184459055588763
0.748117154811715
0.0469814704124328
0.552898983861327
0.214704124327555
0.426419605499103
0.0332337118947998
0.324686192468619
0.448416019127316
0.233950986252241
0.272444710101614
0.467662881052002
0.44566646742379
0.522653915122534
0.261446503287507
0.222952779438135
0.569396294082486
0.69587567244471
0.195457262402869
0.822355050806934
0.225702331141662
0.387925881649731
0.0937238493723849
1.40251046025105
0.2916915720263
0.255947399880454
0.789360430364614
0.552898983861327
0.214704124327555
0.29994022713688
0.29994022713688
0.374178123132098
0.673879258816497
0.594142259414226
0.717872086072923
0.561147638971907
0.357680812910938
0.324686192468619
0.236700537955768
0.453915122534369
0.387925881649731
0.275194261805141
0.434668260609683
0.341183502689779
0.759115361625822
0.346682606096832
0.313687985654513
0.0222355050806934
0.324686192468619
0.645008965929467
0.646383741781231
1.07806335923491
0.792109982068141
0.822355050806934
0.511655708308428
0.390675433353258
0.583144052600119
0.514405260011955
0.621637776449492
0.453915122534369
0.67937836222355
0.585893604303646
0.599641362821279
0.30818888224746
0.341183502689779
0.0882247459653317
0.44566646742379
0.374178123132098
0.585893604303646
0.156963538553497
0.434668260609683
0.294441123729827
0.764614465032875
0.354931261207412
1.42175732217573
0.519904363419008
0.459414225941423
0.313687985654513
0.528153018529588
0.95433353257621
0.107471607890018
0.330185295875672
0.393424985056784
0.580394500896593
1.63897190675433
0.814106395696354
0.792109982068141
0.107471607890018
0.580394500896593
0.305439330543933
0.121219366407651
0.264196054991034
0.228451882845188
0.723371189479976
1.07256425582785
0.404423191870891
0.148714883442917
0.255947399880454
0.324686192468619
0.115720263000598
0.783861326957561
0.902092050209205
0.250448296473401
0.156963538553497
0.327435744172146
0.68762701733413
0.156963538553497
0.767364016736402
0.68762701733413
0.71237298266587
0.327435744172146
0.665630603705917
0.673879258816497
0.585893604303646
0.052480573819486
0.368679019725045
0.156963538553497
0.261446503287507
0.211954572624029
0.396174536760311
0.462163777644949
0.264196054991034
0.0304841601912732
0.506156604901375
0.275194261805141
0.42092050209205
0.525403466826061
0.346682606096832
0.42092050209205
0.451165570830843
0.541900777047221
0.407172743574417
0.41267184698147
0.682127913927077
0.132217573221757
0.30818888224746
0.464913329348476
1.56198445905559
0.522653915122534
0.354931261207412
0.258696951583981
0.390675433353258
0.453915122534369
0.398924088463837
0.00848774656306037
0.569396294082486
0.577644949193066
0.148714883442917
0.409922295277944
0.506156604901375
0.178959952181709
0.297190675433353
0.888344291691572
0.0827256425582785
0.29994022713688
0.547399880454274
0.189958158995816
0.882845188284519
0.14596533173939
0.316437537358039
0.418170950388524
0.253197848176928
0.349432157800359
0.200956365809922
0.819605499103407
0.277943813508667
0.786610878661088
0.115720263000598
0.464913329348476
0.151464435146444
0.14596533173939
0.225702331141662
0.473161984459056
1.00657501494322
0.451165570830843
0.627136879856545
0.0964734010759115
0.387925881649731
0.228451882845188
0.217453676031082
0.247698744769874
0.497907949790795
0.71237298266587
0.385176329946204
0.84160191273162
0.110221159593545
0.247698744769874
0.473161984459056
1.18254632396892
0.247698744769874
0.349432157800359
0.0414823670053796
0.880095636580992
0.233950986252241
0.244949193066348
0.324686192468619
0.272444710101614
0.294441123729827
0.415421398684997
0.30818888224746
0.321936640765093
0.0992229527794381
0.42092050209205
0.28344291691572
0.316437537358039
0.42916915720263
0.866347878063359
0.701374775851763
0.368679019725045
0.618888224745965
1.07256425582785
0.668380155409444
0.409922295277944
0.2916915720263
1.32002390914525
1.08356246264196
0.456664674237896
0.478661087866109
0.15421398684997
0.363179916317992
0.165212193664077
0.385176329946204
0.541900777047221
0.860848774656306
0.29994022713688
0.434668260609683
0.277943813508667
0.599641362821279
0.110221159593545
0.178959952181709
0.151464435146444
0.41267184698147
1.18529587567244
0.228451882845188
1.47399880454274
0.382426778242678
0.552898983861327
0.236700537955768
1.5317393903168
0.132217573221757
0.481410639569635
0.253197848176928
1.31177525403467
0.888344291691572
0.206455469216976
0.618888224745965
0.792109982068141
0.580394500896593
0.693126120741183
0.720621637776449
0.409922295277944
0.607890017931859
0.192707710699342
0.236700537955768
0.728870292887029
0.643634190077705
0.451165570830843
0.222952779438135
0.385176329946204
0.239450089659295
0.607890017931859
0.569396294082486
0.261446503287507
0.305439330543933
0.96258218768679
0.41267184698147
0.544650328750747
0.321936640765093
0.0964734010759115
0.643634190077705
0.698625224148237
0.632635983263598
0.448416019127316
0.660131500298864
0.511655708308428
0.244949193066348
0.374178123132098
0.610639569635385
0.536401673640167
0.385176329946204
0.17071129707113
0.561147638971907
0.618888224745965
0.0964734010759115
0.41267184698147
0.899342498505678
0.137716676628811
0.203705917513449
0.0304841601912732
0.393424985056784
0.338433950986252
0.118469814704124
0.676628810520024
0.514405260011955
0.632635983263598
0.855349671249253
0.217453676031082
0.352181709503885
0.495158398087268
0.387925881649731
0.385176329946204
0.374178123132098
0.536401673640167
0.497907949790795
0.605140466228332
0.506156604901375
0.423670053795577
0.709623430962343
0.434668260609683
0.398924088463837
0.640884638374178
0.280693365212194
0.404423191870891
0.815481171548117
0.140466228332337
0.288942020322773
0.42916915720263
0.335684399282726
0.489659294680215
0.495158398087268
0.473161984459056
0.475911536162582
0.56664674237896
0.0854751942618051
0.814106395696354
0.860848774656306
0.29994022713688
0.2916915720263
0.462163777644949
0.233950986252241
1.10555887627017
0.172086072922893
0.217453676031082
0.198206814106396
0.772863120143455
0.423670053795577
0.599641362821279
0.448416019127316
0.882845188284519
0.918589360430365
0.360430364614465
0.514405260011955
0.547399880454274
0.242199641362821
0.341183502689779
0.343933054393305
0.137716676628811
0.363179916317992
0.118469814704124
0.547399880454274
0.478661087866109
0.605140466228332
0.244949193066348
0.261446503287507
0.288942020322773
0.352181709503885
0.101972504482965
0.470412432755529
1.56748356246264
0.858099222952779
0.140466228332337
0.363179916317992
0.552898983861327
0.382426778242678
0.508906156604901
0.860848774656306
0.038732815301853
2.26037059175134
0.324686192468619
0.492408846383742
0.555648535564853
0.525403466826061
0.409922295277944
0.222952779438135
0.473161984459056
0.0937238493723849
0.393424985056784
0.231201434548715
0.84160191273162
0.387925881649731
0.104722056186491
0.225702331141662
0.632635983263598
0.508906156604901
0.442916915720263
0.539151225343694
0.379677226539151
0.187208607292289
0.275194261805141
0.220203227734608
0.407172743574417
0.357680812910938
0.624387328153018
0.220203227734608
0.225702331141662
0.797609085475194
0.616138673042439
0.902092050209205
2.49683203825463
0.192707710699342
0.577644949193066
0.140466228332337
0.583144052600119
0.365929468021518
1.31452480573819
0.415421398684997
0.67937836222355
0.434668260609683
0.338433950986252
0.275194261805141
0.275194261805141
0.371428571428571
0.775612671846982
0.607890017931859
0.440167364016736
0.407172743574417
0.42092050209205
0.335684399282726
0.275194261805141
0.269695158398087
0.684877465630604
0.349432157800359
0.17071129707113
0.594142259414226
0.225702331141662
1.38876270173341
0.610639569635385
0.0167364016736402
0.385176329946204
0.973580394500897
0.217453676031082
0.484160191273162
0.506156604901375
0.382426778242678
0.066228332337119
0.143215780035864
0.2916915720263
0.28344291691572
0.676628810520024
0.242199641362821
0.68762701733413
0.907591153616258
0.778362223550508
0.310938433950986
0.789360430364614
0.495158398087268
0.343933054393305
0.451165570830843
0.500657501494322
1.0670651524208
0.275194261805141
0.621637776449492
0.269695158398087
0.220203227734608
0.467662881052002
0.434668260609683
0.720621637776449
0.827854154213987
0.613389121338912
0.327435744172146
0.324686192468619
0.126718469814704
0.536401673640167
0.2916915720263
0.200956365809922
0.71237298266587
0.239450089659295
1.04506873879259
0.181709503885236
0.184459055588763
0.676628810520024
0.646383741781231
0.794859533771668
0.926838015540944
0.382426778242678
0.646383741781231
0.398924088463837
0.522653915122534
0.126718469814704
0.140466228332337
0.42092050209205
0.618888224745965
0.341183502689779
0.220203227734608
0.335684399282726
0.503407053197848
0.233950986252241
0.137716676628811
0.0717274357441721
0.280693365212194
0.407172743574417
0.156963538553497
0.217453676031082
1.03956963538554
0.231201434548715
0.42092050209205
0.484160191273162
0.552898983861327
0.709623430962343
0.0552301255230126
0.343933054393305
0.148714883442917
0.508906156604901
0.82510460251046
0.214704124327555
0.330185295875672
0.203705917513449
0.222952779438135
0.693126120741183
0.506156604901375
0.43741781231321
1.16329946204423
0.316437537358039
0.16246264196055
0.324686192468619
0.588643156007173
0.660131500298864
0.896592946802152
0.742618051404662
0.431918708906157
0.649133293484758
0.123968918111178
0.731619844590556
0.5501494321578
0.568021518230723
0.297190675433353
0.426419605499103
0.415421398684997
1.19904363419008
0.602390914524806
0.151464435146444
0.43741781231321
0.222952779438135
0.288942020322773
0.41267184698147
0.497907949790795
1.39701135684399
0.475911536162582
0.346682606096832
0.151464435146444
0.855349671249253
0.734369396294082
0.126718469814704
1.03956963538554
0.17071129707113
0.503407053197848
0.214704124327555
0.00848774656306037
0.349432157800359
0.585893604303646
0.44566646742379
0.294441123729827
0.280693365212194
0.55839808726838
0.943335325762104
0.69587567244471
0.220203227734608
0.610639569635385
0.310938433950986
0.819605499103407
0.899342498505678
0.863598326359833
0.112970711297071
0.0964734010759115
0.316437537358039
0.569396294082486
0.066228332337119
0.349432157800359
0.5501494321578
0.484160191273162
0.313687985654513
0.610639569635385
0.464913329348476
1.75445307830245
0.459414225941423
0.187208607292289
0.192707710699342
0.783861326957561
0.621637776449492
0.503407053197848
0.778362223550508
0.98732815301853
0.363179916317992
0.528153018529588
0.591392707710699
0.401673640167364
0.250448296473401
0.319187089061566
0.68762701733413
0.203705917513449
0.200956365809922
0.28344291691572
0.577644949193066
0.610639569635385
0.0359832635983264
0.302689778840406
0.123968918111178
0.137716676628811
0.577644949193066
0.684877465630604
0.140466228332337
1.06981470412433
0.338433950986252
0.346682606096832
0.376927674835625
0.104722056186491
0.335684399282726
0.792109982068141
0.173460848774656
0.654632396891811
0.41267184698147
0.104722056186491
0.269695158398087
1.16054991034071
0.231201434548715
0.442916915720263
0.588643156007173
0.379677226539151
0.189958158995816
0.904841601912732
0.497907949790795
0.302689778840406
0.187208607292289
0.349432157800359
0.357680812910938
0.118469814704124
1.1495517035266
0.635385534967125
0.346682606096832
0.398924088463837
0.404423191870891
0.371428571428571
0.368679019725045
0.181709503885236
0.365929468021518
0.17071129707113
0.539151225343694
0.44566646742379
0.401673640167364
1.0670651524208
0.376927674835625
0.242199641362821
0.0882247459653317
0.693126120741183
0.448416019127316
0.250448296473401
1.25678421996414
0.764614465032875
0.354931261207412
0.665630603705917
0.506156604901375
0.363179916317992
0.407172743574417
0.624387328153018
0.41267184698147
0.426419605499103
0.0194859533771668
0.536401673640167
0.30818888224746
0.42092050209205
0.701374775851763
0.734369396294082
0.0469814704124328
0.511655708308428
0.0772265391512253
0.71237298266587
0.214704124327555
0.151464435146444
0.203705917513449
0.484160191273162
0.957083084279737
0.365929468021518
0.775612671846982
0.203705917513449
0.255947399880454
0.198206814106396
0.374178123132098
0.374178123132098
0.684877465630604
0.690376569037657
0.508906156604901
0.577644949193066
18.3342498505678
0.371428571428571
0.684877465630604
0.627136879856545
0.739868499701136
0.382426778242678
0.572145845786013
0.69587567244471
1.01757322175732
0.228451882845188
0.066228332337119
0.261446503287507
0.258696951583981
0.528153018529588
0.266945606694561
0.250448296473401
0.67937836222355
0.338433950986252
0.5501494321578
0.5501494321578
0.332934847579199
0.187208607292289
0.253197848176928
1.28702928870293
0.511655708308428
0.657381948595338
0.500657501494322
0.15421398684997
0.899342498505678
0.319187089061566
0.396174536760311
0.0717274357441721
0.134967124925284
0.500657501494322
0.176210400478183
0.310938433950986
0.214704124327555
0.379677226539151
1.13580394500897
0.319187089061566
0.701374775851763
0.654632396891811
0.341183502689779
0.346682606096832
0.690376569037657
0.151464435146444
0.121219366407651
0.228451882845188
0.371428571428571
0.448416019127316
0.2916915720263
0.327435744172146
0.467662881052002
0.2916915720263
0.181709503885236
0.052480573819486
0.448416019127316
0.525403466826061
0.266945606694561
0.431918708906157
0.55839808726838
0.525403466826061
1.00382546323969
0.264196054991034
0.0442319187089062
0.508906156604901
0.451165570830843
0.5501494321578
0.272444710101614
0.503407053197848
0.728870292887029
0.896592946802152
0.343933054393305
0.882845188284519
0.200956365809922
0.360430364614465
0.70412432755529
1.06431560071727
0.492408846383742
0.456664674237896
1.94142259414226
0.803108188882247
0.690376569037657
0.272444710101614
0.29994022713688
0.616138673042439
0.434668260609683
0.250448296473401
0.195457262402869
0.365929468021518
0.217453676031082
0.203705917513449
0.489659294680215
0.228451882845188
0.522653915122534
0.181709503885236
0.376927674835625
0.365929468021518
0.84160191273162
0.610639569635385
0.349432157800359
0.302689778840406
0.803108188882247
0.580394500896593
0.495158398087268
1.22653915122534
0.448416019127316
0.943335325762104
0.29994022713688
0.376927674835625
0.233950986252241
0.206455469216976
0.209205020920502
0.189958158995816
0.624387328153018
0.231201434548715
0.676628810520024
0.294441123729827
0.297190675433353
0.599641362821279
0.379677226539151
0.349432157800359
0.0854751942618051
0.269695158398087
0.467662881052002
0.723371189479976
0.55839808726838
0.404423191870891
0.580394500896593
0.803108188882247
0.288942020322773
0.209205020920502
0.0937238493723849
0.750866706515242
0.187208607292289
0.778362223550508
0.390675433353258
0.638135086670651
0.28344291691572
0.288942020322773
0.874596533173939
0.932337118947998
0.189958158995816
1.19904363419008
3.83311416616856
0.382426778242678
0.198206814106396
0.819605499103407
0.17071129707113
0.43741781231321
0.748117154811715
0.0964734010759115
0.313687985654513
0.101972504482965
0.42916915720263
0.937836222355051
0.0937238493723849
0.503407053197848
0.244949193066348
0.434668260609683
1.29252839210998
0.368679019725045
0.286192468619247
0.305439330543933
0.0827256425582785
0.0854751942618051
0.453915122534369
0.338433950986252
0.671129707112971
0.530902570233114
0.470412432755529
0.44566646742379
0.156963538553497
0.198206814106396
0.643634190077705
0.305439330543933
0.261446503287507
0.896592946802152
0.693126120741183
0.225702331141662
0.42092050209205
0.544650328750747
0.167961745367603
0.187208607292289
0.112970711297071
0.70412432755529
1.34202032277346
0.44566646742379
0.547399880454274
0.231201434548715
0.277943813508667
0.0717274357441721
0.371428571428571
0.596891811117752
0.629886431560072
0.167961745367603
0.0992229527794381
0.272444710101614
0.288942020322773
0.206455469216976
0.2916915720263
0.522653915122534
0.805857740585774
0.211954572624029
0.528153018529588
0.42916915720263
0.118469814704124
0.121219366407651
0.605140466228332
0.594142259414226
0.580394500896593
0.352181709503885
0.371428571428571
0.385176329946204
0.671129707112971
0.225702331141662
0.0882247459653317
0.56664674237896
0.275194261805141
0.376927674835625
0.2916915720263
1.1083084279737
0.228451882845188
6.11799163179916
0.352181709503885
0.478661087866109
0.41267184698147
0.393424985056784
0.214704124327555
0.852600119545726
0.44566646742379
0.29994022713688
0.242199641362821
0.786610878661088
0.423670053795577
2.00191273161984
0.563897190675433
0.431918708906157
0.261446503287507
1.04781829049611
0.415421398684997
0.115720263000598
0.151464435146444
0.382426778242678
0.30818888224746
0.228451882845188
0.500657501494322
0.277943813508667
0.517154811715481
0.478661087866109
0.0497310221159594
1.08631201434549
0.511655708308428
0.492408846383742
0.0634787806335923
0.354931261207412
0.354931261207412
0.0552301255230126
0.5501494321578
0.5501494321578
0.167961745367603
0.225702331141662
0.519904363419008
0.302689778840406
0.525403466826061
0.244949193066348
0.0909742976688584
0.126718469814704
0.624387328153018
0.481410639569635
0.486909742976688
0.415421398684997
0.368679019725045
0.338433950986252
0.363179916317992
0.0607292289300657
0.239450089659295
0.195457262402869
0.541900777047221
0.272444710101614
0.731619844590556
0.379677226539151
0.266945606694561
0.41267184698147
0.123968918111178
0.14596533173939
0.110221159593545
0.41267184698147
0.192707710699342
0.0222355050806934
0.753616258218769
1.02032277346085
0.313687985654513
0.761864913329348
0.206455469216976
0.552898983861327
0.178959952181709
0.390675433353258
0.192707710699342
0.346682606096832
0.189958158995816
0.156963538553497
0.294441123729827
0.635385534967125
0.811356843992827
0.720621637776449
0.596891811117752
0.847101016138673
0.112970711297071
0.594142259414226
0.638135086670651
0.101972504482965
0.423670053795577
0.316437537358039
0.346682606096832
0.629886431560072
0.539151225343694
0.42916915720263
0.552898983861327
0.514405260011955
0.173460848774656
0.547399880454274
0.723371189479976
0.0827256425582785
0.275194261805141
0.173460848774656
0.0937238493723849
0.176210400478183
0.316437537358039
0.332934847579199
0.858099222952779
0.605140466228332
0.409922295277944
0.371428571428571
0.327435744172146
0.0799760908547519
0.0882247459653317
2.1008965929468
0.156963538553497
0.148714883442917
0.286192468619247
0.110221159593545
1.14130304841602
0.456664674237896
1.34476987447699
0.418170950388524
0.522653915122534
0.57489539748954
0.236700537955768
0.189958158995816
0.830603705917513
0.286192468619247
0.244949193066348
0.500657501494322
0.250448296473401
0.866347878063359
0.511655708308428
0.123968918111178
0.654632396891811
0.481410639569635
0.792109982068141
0.486909742976688
0.305439330543933
0.660131500298864
0.404423191870891
0.357680812910938
0.231201434548715
0.442916915720263
0.984578601315003
0.643634190077705
0.376927674835625
0.739868499701136
0.376927674835625
0.376927674835625
0.338433950986252
0.277943813508667
0.42916915720263
0.374178123132098
0.547399880454274
1.03682008368201
0.211954572624029
0.379677226539151
0.393424985056784
0.500657501494322
0.332934847579199
0.803108188882247
0.569396294082486
0.385176329946204
0.134967124925284
0.734369396294082
0.214704124327555
0.583144052600119
0.28344291691572
0.363179916317992
0.321936640765093
0.2916915720263
0.783861326957561
0.0937238493723849
0.555648535564853
0.638135086670651
0.662881052002391
0.261446503287507
1.03407053197848
0.401673640167364
0.288942020322773
0.382426778242678
0.728870292887029
0.107471607890018
0.684877465630604
0.440167364016736
1.32827256425583
0.467662881052002
0.390675433353258
0.376927674835625
0.338433950986252
0.148714883442917
0.15421398684997
0.107471607890018
0.297190675433353
0.97907949790795
0.335684399282726
0.352181709503885
0.178959952181709
0.231201434548715
0.332934847579199
0.0799760908547519
0.228451882845188
0.475911536162582
0.871846981470413
0.459414225941423
0.165212193664077
0.390675433353258
0.459414225941423
0.877346084877466
0.456664674237896
0.247698744769874
0.151464435146444
0.434668260609683
0.475911536162582
0.709623430962343
0.407172743574417
0.588643156007173
0.508906156604901
0.808607292289301
0.258696951583981
0.462163777644949
0.992827256425583
0.607890017931859
0.294441123729827
0.195457262402869
0.915839808726838
0.242199641362821
0.390675433353258
0.404423191870891
0.126718469814704
0.159713090257023
0.151464435146444
0.442916915720263
0.294441123729827
0.250448296473401
0.30818888224746
0.467662881052002
0.585893604303646
0.225702331141662
1.33652121936641
0.69587567244471
0.379677226539151
0.396174536760311
0.464913329348476
0.981829049611476
0.198206814106396
0.390675433353258
0.624387328153018
0.264196054991034
0.404423191870891
0.0552301255230126
0.583144052600119
0.107471607890018
0.434668260609683
0.390675433353258
1.11105797967723
0.43741781231321
0.594142259414226
0.0167364016736402
0.28344291691572
0.354931261207412
0.15421398684997
0.368679019725045
0.673879258816497
0.486909742976688
0.640884638374178
0.605140466228332
0.96258218768679
0.676628810520024
0.198206814106396
0.352181709503885
0.363179916317992
4.91093843395099
0.239450089659295
0.354931261207412
0.536401673640167
0.547399880454274
0.357680812910938
0.506156604901375
0.277943813508667
0.288942020322773
0.775612671846982
0.525403466826061
0.643634190077705
0.470412432755529
0.651882845188285
0.448416019127316
0.552898983861327
0.236700537955768
0.800358637178721
0.470412432755529
1.94967124925284
0.379677226539151
0.365929468021518
0.352181709503885
0.365929468021518
0.764614465032875
0.211954572624029
0.442916915720263
0.407172743574417
0.365929468021518
0.797609085475194
0.343933054393305
0.209205020920502
0.602390914524806
1.19354453078302
0.959832635983264
0.332934847579199
0.390675433353258
0.338433950986252
0.401673640167364
0.409922295277944
0.951583980872684
0.341183502689779
0.44566646742379
0.0744769874476987
1.00657501494322
0.200956365809922
0.473161984459056
0.580394500896593
0.431918708906157
0.14596533173939
0.43741781231321
0.360430364614465
0.96258218768679
0.379677226539151
0.583144052600119
0.232576210400478
0.390675433353258
1.31177525403467
0.484160191273162
0.640884638374178
0.418170950388524
0.627136879856545
0.940585774058577
0.473161984459056
0.489659294680215
0.668380155409444
1.44100418410042
0.123968918111178
0.426419605499103
0.442916915720263
0.0442319187089062
0.167961745367603
0.220203227734608
0.297190675433353
0.134967124925284
0.203705917513449
0.148714883442917
0.231201434548715
1.03407053197848
0.640884638374178
0.242199641362821
0.335684399282726
1.68846383741781
1.27603108188882
0.187208607292289
0.44566646742379
0.250448296473401
0.0717274357441721
0.407172743574417
0.239450089659295
0.440167364016736
0.294441123729827
0.200956365809922
0.434668260609683
0.396174536760311
0.310938433950986
1.0148236700538
0.508906156604901
0.517154811715481
0.30818888224746
0.250448296473401
0.563897190675433
0.671129707112971
1.65546921697549
0.624387328153018
0.544650328750747
0.173460848774656
0.486909742976688
4.81195457262403
0.528153018529588
0.360430364614465
0.459414225941423
0.67937836222355
0.407172743574417
0.453915122534369
0.349432157800359
0.431918708906157
0.302689778840406
0.198206814106396
0.453915122534369
0.294441123729827
0.759115361625822
0.616138673042439
0.789360430364614
0.528153018529588
0.805857740585774
0.253197848176928
0.187208607292289
0.451165570830843
0.693126120741183
0.233950986252241
0.379677226539151
0.459414225941423
0.17071129707113
1.69396294082487
0.332934847579199
1.14405260011955
0.305439330543933
0.28344291691572
0.701374775851763
0.563897190675433
0.236700537955768
0.324686192468619
0.330185295875672
0.423670053795577
0.522653915122534
0.288942020322773
1.00382546323969
1.07806335923491
0.511655708308428
0.649133293484758
1.17704722056186
0.203705917513449
0.797609085475194
0.442916915720263
0.904841601912732
0.129468021518231
0.594142259414226
0.324686192468619
0.522653915122534
0.228451882845188
0.297190675433353
0.277943813508667
0.693126120741183
0.0799760908547519
0.563897190675433
0.393424985056784
0.390675433353258
0.473161984459056
0.330185295875672
0.715122534369396
0.330185295875672
0.107471607890018
0.371428571428571
0.110221159593545
0.786610878661088
0.690376569037657
0.321936640765093
0.187208607292289
0.0799760908547519
0.187208607292289
0.418170950388524
0.371428571428571
0.503407053197848
0.319187089061566
0.137716676628811
0.269695158398087
3.61315002988643
0.264196054991034
0.225702331141662
0.134967124925284
0.156963538553497
0.327435744172146
0.459414225941423
0.335684399282726
0.269695158398087
0.275194261805141
0.110221159593545
0.288942020322773
0.200956365809922
0.423670053795577
0.470412432755529
0.478661087866109
0.607890017931859
0.662881052002391
0.200956365809922
0.731619844590556
0.530902570233114
0.360430364614465
0.530902570233114
0.2916915720263
0.459414225941423
0.555648535564853
0.167961745367603
0.313687985654513
0.332934847579199
0.220203227734608
0.781111775254035
0.203705917513449
0.57489539748954
0.338433950986252
0.536401673640167
0.489659294680215
0.258696951583981
2.33735803945009
1.30077704722056
0.341183502689779
0.187208607292289
0.613389121338912
0.451165570830843
0.442916915720263
0.200956365809922
0.29994022713688
0.0827256425582785
0.453915122534369
0.805857740585774
0.167961745367603
1.1907949790795
0.286192468619247
0.605140466228332
0.803108188882247
1.17979677226539
0.734369396294082
0.596891811117752
0.123968918111178
0.594142259414226
0.489659294680215
0.646383741781231
0.770113568439928
0.112970711297071
0.181709503885236
0.159713090257023
0.401673640167364
0.371428571428571
0.748117154811715
0.167961745367603
1.13580394500897
0.368679019725045
0.313687985654513
0.728870292887029
0.536401673640167
0.588643156007173
0.503407053197848
0.332934847579199
0.973580394500897
0.297190675433353
0.486909742976688
0.269695158398087
0.121219366407651
0.387925881649731
0.316437537358039
0.244949193066348
0.390675433353258
0.15421398684997
0.497907949790795
0.561147638971907
0.519904363419008
0.244949193066348
0.214704124327555
0.830603705917513
0.613389121338912
0.225702331141662
0.354931261207412
0.484160191273162
0.767364016736402
0.481410639569635
0.519904363419008
0.28344291691572
0.187208607292289
0.470412432755529
0.764614465032875
0.530902570233114
0.104722056186491
0.500657501494322
0.638135086670651
0.627136879856545
0.462163777644949
0.390675433353258
0.294441123729827
0.184459055588763
0.385176329946204
0.514405260011955
0.277943813508667
0.244949193066348
0.654632396891811
0.44566646742379
0.748117154811715
0.770113568439928
0.451165570830843
0.739868499701136
0.239450089659295
0.294441123729827
0.143215780035864
0.357680812910938
0.214704124327555
0.728870292887029
0.247698744769874
0.585893604303646
0.690376569037657
0.17071129707113
0.97083084279737
0.605140466228332
0.541900777047221
0.132217573221757
0.365929468021518
0.500657501494322
0.30818888224746
0.486909742976688
0.459414225941423
0.407172743574417
0.418170950388524
0.310938433950986
0.877346084877466
3.67364016736402
0.517154811715481
0.176210400478183
0.277943813508667
0.423670053795577
0.489659294680215
0.522653915122534
0.539151225343694
0.321936640765093
0.316437537358039
0.739868499701136
0.533652121936641
0.459414225941423
0.902092050209205
1.67196652719665
0.220203227734608
0.222952779438135
0.269695158398087
0.56664674237896
0.0552301255230126
0.533652121936641
0.0167364016736402
0.376927674835625
0.580394500896593
0.346682606096832
0.198206814106396
0.341183502689779
1.54823670053796
0.165212193664077
0.407172743574417
0.473161984459056
0.464913329348476
0.250448296473401
0.30818888224746
0.561147638971907
0.264196054991034
0.0799760908547519
0.816855947399881
0.489659294680215
0.266945606694561
0.28344291691572
0.475911536162582
0.671129707112971
0.407172743574417
0.346682606096832
1.04231918708906
0.269695158398087
0.467662881052002
0.0882247459653317
0.346682606096832
0.475911536162582
0.203705917513449
0.330185295875672
0.42092050209205
0.176210400478183
0.338433950986252
0.693126120741183
0.335684399282726
0.198206814106396
0.236700537955768
0.253197848176928
0.778362223550508
0.297190675433353
0.261446503287507
0.935086670651524
0.635385534967125
0.327435744172146
0.43741781231321
0.407172743574417
0.649133293484758
0.126718469814704
0.662881052002391
0.456664674237896
0.684877465630604
0.415421398684997
0.407172743574417
0.294441123729827
0.253197848176928
0.855349671249253
0.247698744769874
0.335684399282726
0.28344291691572
0.640884638374178
0.583144052600119
0.792109982068141
0.247698744769874
0.187208607292289
0.209205020920502
0.206455469216976
0.297190675433353
0.247698744769874
0.0744769874476987
0.387925881649731
1.15505080693365
0.134967124925284
0.456664674237896
0.189958158995816
0.470412432755529
0.563897190675433
0.0882247459653317
0.363179916317992
0.753616258218769
0.275194261805141
0.233950986252241
0.462163777644949
0.442916915720263
0.602390914524806
0.693126120741183
0.500657501494322
0.2916915720263
0.192707710699342
0.596891811117752
0.297190675433353
0.335684399282726
0.231201434548715
0.294441123729827
0.737118947997609
0.321936640765093
0.519904363419008
0.255947399880454
0.16246264196055
0.280693365212194
0.654632396891811
0.338433950986252
0.500657501494322
0.242199641362821
0.662881052002391
0.338433950986252
0.288942020322773
0.478661087866109
0.264196054991034
1.1495517035266
0.198206814106396
1.0258218768679
1.37501494321578
0.478661087866109
0.654632396891811
0.423670053795577
0.673879258816497
0.222952779438135
0.346682606096832
0.657381948595338
0.453915122534369
0.354931261207412
0.473161984459056
0.484160191273162
0.327435744172146
0.423670053795577
0.184459055588763
0.387925881649731
0.734369396294082
0.253197848176928
0.217453676031082
0.70412432755529
0.343933054393305
0.255947399880454
0.640884638374178
0.368679019725045
0.739868499701136
0.0167364016736402
0.616138673042439
0.253197848176928
0.423670053795577
0.500657501494322
1.1495517035266
0.682127913927077
0.426419605499103
0.418170950388524
0.467662881052002
0.00573819485953378
0.374178123132098
0.209205020920502
0.423670053795577
0.264196054991034
0.756365809922295
0.269695158398087
0.220203227734608
0.220203227734608
0.660131500298864
0.352181709503885
0.266945606694561
0.255947399880454
0.84160191273162
0.29994022713688
0.401673640167364
0.143215780035864
0.84160191273162
0.580394500896593
0.627136879856545
0.492408846383742
0.316437537358039
0.588643156007173
0.530902570233114
0.440167364016736
0.198206814106396
0.698625224148237
0.379677226539151
0.70412432755529
0.332934847579199
0.385176329946204
0.156963538553497
0.247698744769874
0.121219366407651
1.21004184100418
0.363179916317992
0.926838015540944
0.0909742976688584
0.14596533173939
0.910340705319785
0.393424985056784
0.346682606096832
1.44100418410042
0.126718469814704
0.363179916317992
0.330185295875672
0.497907949790795
0.368679019725045
0.475911536162582
0.68762701733413
0.541900777047221
0.822355050806934
0.756365809922295
0.321936640765093
0.426419605499103
0.860848774656306
0.44566646742379
0.349432157800359
0.456664674237896
0.178959952181709
0.552898983861327
0.156963538553497
0.690376569037657
0.646383741781231
0.0607292289300657
0.275194261805141
0.635385534967125
0.371428571428571
0.316437537358039
0.451165570830843
0.41267184698147
0.0359832635983264
0.110221159593545
0.497907949790795
0.222952779438135
0.297190675433353
0.481410639569635
0.272444710101614
0.525403466826061
0.217453676031082
0.759115361625822
0.636760310818888
0.225702331141662
0.258696951583981
0.330185295875672
0.110221159593545
0.594142259414226
0.698625224148237
0.561147638971907
0.239450089659295
0.330185295875672
0.156963538553497
0.233950986252241
1.22928870292887
0.110221159593545
0.5501494321578
0.451165570830843
0.544650328750747
0.233950986252241
0.275194261805141
1.28702928870293
0.464913329348476
0.495158398087268
0.242199641362821
0.104722056186491
0.310938433950986
0.624387328153018
0.486909742976688
0.726120741183503
0.0964734010759115
0.286192468619247
1.56473401075912
0.0772265391512253
0.0442319187089062
0.305439330543933
0.814106395696354
0.233950986252241
0.352181709503885
0.338433950986252
0.830603705917513
0.28344291691572
0.266945606694561
0.533652121936641
1.39426180514047
0.67937836222355
0.462163777644949
0.250448296473401
0.522653915122534
0.517154811715481
0.838852361028093
0.770113568439928
0.407172743574417
0.56664674237896
0.239450089659295
0.486909742976688
0.847101016138673
0.580394500896593
0.189958158995816
0.434668260609683
0.261446503287507
0.486909742976688
0.0634787806335923
0.357680812910938
2.06240286909743
0.242199641362821
0.517154811715481
0.0332337118947998
0.583144052600119
0.42092050209205
0.398924088463837
0.621637776449492
0.233950986252241
0.365929468021518
0.335684399282726
0.255947399880454
0.629886431560072
0.756365809922295
0.596891811117752
0.737118947997609
0.242199641362821
0.761864913329348
0.684877465630604
0.374178123132098
0.264196054991034
0.0222355050806934
0.297190675433353
0.233950986252241
0.2916915720263
1.06156604901375
0.497907949790795
0.852600119545726
0.68762701733413
0.624387328153018
0.715122534369396
0.792109982068141
0.288942020322773
0.332934847579199
0.409922295277944
0.404423191870891
0.628511655708308
0.431918708906157
0.233950986252241
0.544650328750747
0.514405260011955
0.632635983263598
0.365929468021518
0.214704124327555
0.330185295875672
0.211954572624029
1.01207411835027
1.04231918708906
0.552898983861327
0.374178123132098
0.357680812910938
0.321936640765093
0.541900777047221
0.261446503287507
0.423670053795577
0.481410639569635
0.189958158995816
0.387925881649731
0.528153018529588
0.646383741781231
0.181709503885236
0.316437537358039
0.115720263000598
0.335684399282726
0.393424985056784
0.376927674835625
0.0414823670053796
0.43741781231321
0.734369396294082
0.29994022713688
1.16879856545129
0.189958158995816
0.151464435146444
0.676628810520024
1.16054991034071
0.374178123132098
0.572145845786013
0.43741781231321
0.764614465032875
0.313687985654513
0.55839808726838
0.412671846981471
0.393424985056784
0.621637776449492
0.137716676628811
0.156963538553497
0.393424985056784
0.332934847579199
0.0744769874476987
0.137716676628811
0.269695158398087
0.277943813508667
0.783861326957561
0.0744769874476987
0.123968918111178
0.761864913329348
0.453915122534369
0.569396294082486
0.561147638971907
0.0827256425582785
0.15421398684997
0.198206814106396
0.200956365809922
0.555648535564853
0.228451882845188
0.583144052600119
1.18529587567244
0.514405260011955
0.492408846383742
0.440167364016736
0.53777644949193
0.462163777644949
0.764614465032875
0.638135086670651
0.599641362821279
0.616138673042439
0.346682606096832
0.594142259414226
0.69587567244471
0.206455469216976
0.0167364016736402
0.324686192468619
0.15421398684997
0.508906156604901
0.786610878661088
0.940585774058577
0.379677226539151
0.15421398684997
0.349432157800359
0.167961745367603
0.28344291691572
0.629886431560072
0.473161984459056
0.43741781231321
0.341183502689779
0.244949193066348
0.41267184698147
0.852600119545726
0.464913329348476
0.360430364614465
0.973580394500897
0.17071129707113
0.415421398684997
0.409922295277944
0.514405260011955
0.165212193664077
0.503407053197848
0.473161984459056
0.258696951583981
0.264196054991034
1.44650328750747
0.107471607890018
0.602390914524806
0.00298864315600717
0.41267184698147
0.198206814106396
0.0854751942618051
0.404423191870891
0.536401673640167
0.294441123729827
0.143215780035864
1.67196652719665
0.671129707112971
0.646383741781231
0.156963538553497
0.530902570233114
0.71237298266587
0.365929468021518
0.98732815301853
0.258696951583981
0.110221159593545
0.365929468021518
0.418170950388524
0.456664674237896
0.349432157800359
0.16246264196055
0.368679019725045
1.72420800956366
0.478661087866109
0.541900777047221
0.632635983263598
0.250448296473401
0.209205020920502
0.269695158398087
0.0607292289300657
0.297190675433353
0.544650328750747
0.690376569037657
0.118469814704124
0.30818888224746
0.217453676031082
0.393424985056784
0.717872086072923
0.132217573221757
0.143215780035864
0.657381948595338
0.629886431560072
0.409922295277944
0.357680812910938
0.423670053795577
0.585893604303646
0.184459055588763
0.360430364614465
0.181709503885236
0.200956365809922
2.16413628212791
0.68762701733413
0.401673640167364
0.335684399282726
0.253197848176928
0.167961745367603
0.385176329946204
0.321936640765093
0.599641362821279
0.519904363419008
0.242199641362821
0.838852361028093
0.55839808726838
0.354931261207412
0.181709503885236
0.28344291691572
0.0222355050806934
0.440167364016736
0.376927674835625
0.206455469216976
0.198206814106396
0.536401673640167
0.649133293484758
0.522653915122534
0.495158398087268
0.572145845786013
0.426419605499103
0.926838015540944
0.580394500896593
0.924088463837418
0.222952779438135
0.701374775851763
0.343933054393305
0.0442319187089062
0.231201434548715
0.467662881052002
2.41984459055589
0.514405260011955
0.17071129707113
0.286192468619247
0.288942020322773
0.594142259414226
0.418170950388524
0.363179916317992
0.398924088463837
0.8498505678422
0.360430364614465
0.200956365809922
1.27053197848177
0.288942020322773
0.473161984459056
0.918589360430365
0.382426778242678
0.379677226539151
0.506156604901375
0.470412432755529
0.745367603108189
0.297190675433353
0.0414823670053796
0.277943813508667
0.280693365212194
0.335684399282726
0.464913329348476
0.200956365809922
0.374178123132098
0.184459055588763
0.107471607890018
0.453915122534369
0.184459055588763
0.335684399282726
0.269695158398087
0.352181709503885
0.30818888224746
0.2916915720263
0.327435744172146
0.514405260011955
0.332934847579199
0.264196054991034
0.297190675433353
0.189958158995816
0.506156604901375
0.156963538553497
0.217453676031082
0.481410639569635
0.360430364614465
0.888344291691572
0.360430364614465
0.247698744769874
0.415421398684997
0.552898983861327
0.561147638971907
0.451165570830843
0.231201434548715
0.15421398684997
0.42092050209205
0.418170950388524
0.310938433950986
0.15421398684997
0.525403466826061
0.387925881649731
0.14596533173939
0.673879258816497
0.500657501494322
0.365929468021518
0.511655708308428
0.132217573221757
0.209205020920502
1.31452480573819
0.431918708906157
0.544650328750747
0.066228332337119
0.734369396294082
1.75445307830245
0.357680812910938
0.277943813508667
0.313687985654513
0.316437537358039
0.225702331141662
0.992827256425583
0.277943813508667
0.926838015540944
0.189958158995816
0.385176329946204
0.396174536760311
0.288942020322773
0.5501494321578
0.56664674237896
0.701374775851763
0.231201434548715
0.332934847579199
0.376927674835625
0.409922295277944
0.547399880454274
0.453915122534369
0.717872086072923
0.583144052600119
0.288942020322773
0.305439330543933
0.528153018529588
1.13030484160191
0.8498505678422
0.528153018529588
0.624387328153018
0.220203227734608
0.401673640167364
0.28344291691572
0.217453676031082
0.324686192468619
0.44566646742379
0.871846981470413
0.539151225343694
0.181709503885236
2.10364614465033
0.321936640765093
0.200956365809922
0.547399880454274
0.591392707710699
0.990077704722056
0.464913329348476
0.198206814106396
0.305439330543933
0.319187089061566
0.404423191870891
0.56664674237896
0.503407053197848
1.14130304841602
1.0148236700538
0.514405260011955
0.827854154213987
0.343933054393305
0.261446503287507
0.583144052600119
0.0882247459653317
0.286192468619247
0.220203227734608
0.275194261805141
0.382426778242678
0.580394500896593
0.376927674835625
0.379677226539151
0.42504482964734
0.112970711297071
0.797609085475194
0.635385534967125
0.385176329946204
0.379677226539151
0.242199641362821
0.209205020920502
0.288942020322773
0.555648535564853
0.181709503885236
0.68762701733413
0.0139868499701136
0.319187089061566
0.349432157800359
0.379677226539151
0.0854751942618051
0.552898983861327
0.497907949790795
0.0717274357441721
0.319187089061566
0.830603705917513
0.159713090257023
0.220203227734608
0.404423191870891
0.352181709503885
0.316437537358039
0.379677226539151
0.132217573221757
0.640884638374178
0.418170950388524
0.814106395696354
0.200956365809922
0.596891811117752
0.253197848176928
0.459414225941423
0.492408846383742
0.338433950986252
0.459414225941423
0.242199641362821
0.264196054991034
0.464913329348476
0.368679019725045
0.720621637776449
0.489659294680215
0.321936640765093
0.0277346084877466
0.682127913927077
0.481410639569635
0.156963538553497
0.478661087866109
0.541900777047221
0.797609085475194
0.995576808129109
0.607890017931859
0.640884638374178
0.390675433353258
0.297190675433353
0.228451882845188
0.69587567244471
0.0634787806335923
0.255947399880454
0.343933054393305
0.43741781231321
0.470412432755529
0.56664674237896
0.44566646742379
0.327435744172146
1.03407053197848
0.415421398684997
0.401673640167364
0.30818888224746
0.266945606694561
0.668380155409444
0.118469814704124
0.803108188882247
0.239450089659295
0.440167364016736
0.442916915720263
0.860848774656306
0.228451882845188
0.629886431560072
0.668380155409444
0.852600119545726
0.588643156007173
0.0964734010759115
0.140466228332337
0.731619844590556
0.324686192468619
0.668380155409444
0.363179916317992
0.401673640167364
0.55839808726838
0.673879258816497
0.475911536162582
0.761864913329348
0.365929468021518
0.360430364614465
0.607890017931859
0.0469814704124328
0.321936640765093
0.269695158398087
0.423670053795577
0.453915122534369
0.0579796772265391
0.264196054991034
0.332934847579199
0.338433950986252
0.484160191273162
0.860848774656306
0.178959952181709
0.475911536162582
0.387925881649731
0.203705917513449
0.30818888224746
0.330185295875672
0.0937238493723849
0.596891811117752
0.28344291691572
0.44566646742379
0.475911536162582
0.231201434548715
0.255947399880454
0.200956365809922
0.255947399880454
1.17429766885834
0.816855947399881
0.209205020920502
0.426419605499103
0.275194261805141
0.140466228332337
0.280693365212194
0.376927674835625
1.21004184100418
0.453915122534369
0.599641362821279
0.552898983861327
0.401673640167364
0.239450089659295
0.275194261805141
0.143215780035864
0.492408846383742
0.646383741781231
0.739868499701136
0.580394500896593
0.313687985654513
0.294441123729827
0.264196054991034
0.539151225343694
0.284817692767484
0.423670053795577
0.775612671846982
0.385176329946204
0.192707710699342
0.242199641362821
0.330185295875672
0.236700537955768
0.448416019127316
0.0552301255230126
0.959832635983264
0.101972504482965
1.21279139270771
0.29994022713688
0.352181709503885
0.42916915720263
0.726120741183503
0.220203227734608
0.44566646742379
1.05331739390317
0.42916915720263
0.294441123729827
0.198206814106396
0.247698744769874
0.398924088463837
0.486909742976688
0.591392707710699
0.123968918111178
0.277943813508667
0.66288105200239
0.280693365212194
0.15421398684997
0.233950986252241
0.338433950986252
0.761864913329348
0.536401673640167
0.44566646742379
0.214704124327555
0.211954572624029
0.324686192468619
0.30818888224746
0.690376569037657
0.310938433950986
0.0607292289300657
0.30818888224746
0.352181709503885
0.343933054393305
0.250448296473401
0.28344291691572
0.690376569037657
0.734369396294082
0.539151225343694
0.616138673042439
0.176210400478183
0.368679019725045
0.654632396891811
0.264196054991034
0.530902570233114
0.492408846383742
0.387925881649731
0.17071129707113
0.462163777644949
0.525403466826061
0.29994022713688
0.156963538553497
0.151464435146444
0.132217573221757
0.137716676628811
0.327435744172146
0.561147638971907
0.316437537358039
0.393424985056784
1.17154811715481
0.599641362821279
0.621637776449492
0.473161984459056
0.673879258816497
0.42916915720263
1.08906156604901
0.660131500298864
0.434668260609683
0.404423191870891
0.701374775851763
0.266945606694561
0.932337118947998
0.239450089659295
0.68762701733413
0.500657501494322
0.272444710101614
0.29994022713688
0.118469814704124
0.324686192468619
0.453915122534369
0.247698744769874
0.577644949193066
0.231201434548715
1.08356246264196
0.618888224745965
0.28344291691572
0.605140466228332
0.324686192468619
0.165212193664077
0.261446503287507
0.272444710101614
0.253197848176928
0.0469814704124328
0.434668260609683
0.181709503885236
0.360430364614465
0.178959952181709
0.492408846383742
0.605140466228332
0.748117154811715
0.390675433353258
0.95433353257621
0.921338912133891
0.203705917513449
0.247698744769874
0.522653915122534
0.398924088463837
0.233950986252241
0.151464435146444
0.478661087866109
0.739868499701136
0.442916915720263
0.668380155409444
0.332934847579199
0.891093843395099
0.231201434548715
0.599641362821279
0.8498505678422
0.222952779438135
0.222952779438135
0.448416019127316
0.981829049611476
0.200956365809922
0.363179916317992
0.360430364614465
0.662881052002391
0.640884638374178
0.517154811715481
0.56664674237896
0.500657501494322
0.693126120741183
1.12755528989839
0.214704124327555
0.192707710699342
0.635385534967125
0.519904363419008
0.313687985654513
0.181709503885236
0.731619844590556
0.0414823670053796
0.750866706515242
0.783861326957561
0.42092050209205
0.352181709503885
0.5501494321578
0.43741781231321
0.607890017931859
0.453915122534369
0.16246264196055
0.02498505678422
0.156963538553497
0.409922295277944
0.242199641362821
1.01757322175732
0.341183502689779
0.98732815301853
0.220203227734608
0.783861326957561
0.517154811715481
0.266945606694561
0.426419605499103
0.82510460251046
0.151464435146444
0.236700537955768
0.132217573221757
0.418170950388524
0.547399880454274
0.561147638971907
0.280693365212194
0.173460848774656
0.563897190675433
0.352181709503885
0.184459055588763
0.522653915122534
0.297190675433353
0.244949193066348
0.517154811715481
0.613389121338912
0.217453676031082
0.134967124925284
0.585893604303646
0.401673640167364
0.332934847579199
0.28344291691572
0.214704124327555
0.467662881052002
0.591392707710699
0.706873879258816
0.55839808726838
0.627136879856545
0.5501494321578
1.08906156604901
0.42092050209205
0.132217573221757
0.332934847579199
0.530902570233114
0.478661087866109
0.484160191273162
0.0992229527794381
0.805857740585774
0.0359832635983264
0.368679019725045
0.649133293484758
0.385176329946204
0.486909742976688
0.511655708308428
0.404423191870891
0.189958158995816
0.753616258218769
0.924088463837418
0.486909742976688
0.118469814704124
0.387925881649731
0.563897190675433
0.508906156604901
0.618888224745965
0.585893604303646
0.649133293484758
0.904841601912732
0.580394500896593
0.811356843992827
0.239450089659295
0.321936640765093
0.236700537955768
0.43741781231321
0.137716676628811
1.3667662881052
0.525403466826061
0.734369396294082
0.401673640167364
0.294441123729827
1.10280932456665
0.280693365212194
0.052480573819486
0.258696951583981
0.43741781231321
0.121219366407651
0.365929468021518
0.269695158398087
0.594142259414226
0.13359234907352
0.453915122534369
0.17071129707113
0.924088463837418
0.596891811117752
0.335684399282726
0.753616258218769
0.0607292289300657
0.393424985056784
0.239450089659295
0.613389121338912
0.181709503885236
0.863598326359833
0.195457262402869
0.341183502689779
0.563897190675433
0.255947399880454
0.70412432755529
0.607890017931859
0.203705917513449
0.313687985654513
0.181709503885236
0.541900777047221
0.401673640167364
0.000239091452480579
0.555648535564853
0.495158398087268
0.616138673042439
1.38601315002989
0.591392707710699
0.302689778840406
0.464913329348476
0.140466228332337
0.379677226539151
1.45200239091452
0.187208607292289
0.209205020920502
0.206455469216976
0.616138673042439
0.409922295277944
0.594142259414226
0.286192468619247
0.118469814704124
0.126718469814704
0.486909742976688
1.75170352659892
0.305439330543933
0.101972504482965
0.407172743574417
0.536401673640167
0.214704124327555
0.28344291691572
0.0827256425582785
0.464913329348476
0.330185295875672
0.409922295277944
1.01757322175732
0.178959952181709
0.360430364614465
0.44566646742379
0.484160191273162
0.275194261805141
0.97083084279737
0.310938433950986
0.385176329946204
0.440167364016736
0.159713090257023
0.0992229527794381
0.187208607292289
0.646383741781231
0.418170950388524
0.211954572624029
0.236700537955768
0.140466228332337
0.297190675433353
0.277943813508667
0.183084279736999
0.55839808726838
0.200956365809922
0.56664674237896
0.310938433950986
0.387925881649731
0.745367603108189
0.255947399880454
0.209205020920502
0.748117154811715
0.594142259414226
0.759115361625822
0.649133293484758
0.335684399282726
0.280693365212194
0.475911536162582
0.280693365212194
0.404423191870891
0.137716676628811
0.814106395696354
0.481410639569635
0.321936640765093
0.8759713090257
0.577644949193066
0.69587567244471
0.393424985056784
0.924088463837418
0.374178123132098
0.734369396294082
0.448416019127316
0.258696951583981
0.313687985654513
0.189958158995816
0.297190675433353
0.376927674835625
0.368679019725045
0.662881052002391
0.440167364016736
0.44566646742379
0.330185295875672
0.671129707112971
0.374178123132098
0.206455469216976
0.206455469216976
1.07256425582785
0.365929468021518
0.56664674237896
0.330185295875672
0.288942020322773
0.385176329946204
0.44566646742379
0.57489539748954
0.266945606694561
0.239450089659295
0.42916915720263
0.374178123132098
0.0909742976688584
0.57489539748954
0.467662881052002
0.110221159593545
0.228451882845188
0.552898983861327
0.349432157800359
0.173460848774656
0.539151225343694
0.313687985654513
0.269695158398087
0.286192468619247
0.29994022713688
0.495158398087268
0.187208607292289
0.209205020920502
0.657381948595338
0.349432157800359
0.489659294680215
0.855349671249253
0.418170950388524
0.231201434548715
0.783861326957561
0.591392707710699
0.627136879856545
0.132217573221757
0.174835624626419
0.277943813508667
0.173460848774656
0.43741781231321
0.750866706515242
0.052480573819486
0.68762701733413
0.517154811715481
0.319187089061566
0.217453676031082
0.594142259414226
0.220203227734608
0.167961745367603
0.173460848774656
0.544650328750747
0.382426778242678
0.156963538553497
0.759115361625822
0.137716676628811
0.258696951583981
0.0607292289300657
1.25403466826061
0.794859533771668
0.231201434548715
0.434668260609683
0.253197848176928
0.266945606694561
0.409922295277944
0.288942020322773
1.05056784219964
0.332934847579199
0.819605499103407
0.334309623430962
0.327435744172146
0.250448296473401
0.244949193066348
0.346682606096832
0.382426778242678
0.426419605499103
0.514405260011955
0.167961745367603
0.365929468021518
0.258696951583981
0.233950986252241
0.69587567244471
0.0854751942618051
0.0579796772265391
0.528153018529588
0.423670053795577
0.192707710699342
1.00107591153616
0.470412432755529
0.0277346084877466
0.324686192468619
0.552898983861327
0.552898983861327
0.357680812910938
0.255947399880454
0.847101016138673
0.261446503287507
0.555648535564853
0.181709503885236
0.332934847579199
1.00107591153616
0.643634190077705
1.02857142857143
0.255947399880454
0.481410639569635
0.541900777047221
0.253197848176928
0.451165570830843
0.481410639569635
0.324686192468619
0.715122534369396
0.522653915122534
0.148714883442917
0.948834429169157
0.341183502689779
0.338433950986252
0.29994022713688
1.03956963538554
0.200956365809922
0.789360430364614
0.797609085475194
0.742618051404662
0.321936640765093
0.066228332337119
0.698625224148237
0.15421398684997
0.275194261805141
0.42092050209205
0.365929468021518
0.440167364016736
0.0717274357441721
0.310938433950986
0.129468021518231
0.409922295277944
0.55839808726838
0.343933054393305
0.198206814106396
0.28344291691572
0.184459055588763
0.140466228332337
0.591392707710699
0.673879258816497
0.0882247459653317
0.602390914524806
0.847101016138673
0.448416019127316
0.310938433950986
0.698625224148237
0.456664674237896
0.220203227734608
0.280693365212194
0.121219366407651
0.657381948595338
0.354931261207412
0.660131500298864
0.371428571428571
0.228451882845188
0.209205020920502
0.382426778242678
0.506156604901375
0.0992229527794381
0.607890017931859
0.448416019127316
1.0670651524208
0.478661087866109
0.871846981470413
0.5501494321578
0.448416019127316
0.316437537358039
0.668380155409444
0.233950986252241
1.76270173341303
0.638135086670651
0.618888224745965
0.926838015540944
0.896592946802152
1.20454273759713
0.198206814106396
0.310938433950986
0.335684399282726
0.343933054393305
0.247698744769874
0.654632396891813
0.310938433950986
0.203705917513449
0.737118947997609
0.519904363419008
0.621637776449492
0.781111775254035
0.715122534369396
0.742618051404662
0.621637776449492
0.651882845188285
0.288942020322773
0.368679019725045
0.17071129707113
0.902092050209205
0.0937238493723849
0.206455469216976
0.198206814106396
0.319187089061566
0.15421398684997
0.451165570830843
0.236700537955768
0.192707710699342
0.294441123729827
1.23478780633592
0.360430364614465
0.387925881649731
0.396174536760311
0.110221159593545
0.756365809922295
0.385176329946204
0.286192468619247
0.319187089061566
0.0579796772265391
0.143215780035864
2.65355648535565
0.0799760908547519
0.286192468619247
0.805857740585774
0.346682606096832
0.29994022713688
0.354931261207412
0.885594739988045
0.341183502689779
0.200956365809922
0.173460848774656
1.00932456664674
0.0854751942618051
0.00298864315600717
0.126718469814704
0.404423191870891
0.253197848176928
0.195457262402869
0.253197848176928
0.360430364614465
0.398924088463837
0.822355050806934
0.418170950388524
1.4190077704722
0.500657501494322
0.511655708308428
0.341183502689779
0.066228332337119
0.473161984459056
1.06981470412433
0.621637776449492
0.277943813508667
0.404423191870891
0.321936640765093
0.379677226539151
0.368679019725045
0.354931261207412
0.533652121936641
0.528153018529588
0.426419605499103
0.522653915122534
0.143215780035864
0.189958158995816
0.277943813508667
0.17071129707113
0.448416019127316
0.528153018529588
0.184459055588763
0.137716676628811
0.352181709503885
0.374178123132098
0.528153018529588
0.632635983263598
0.951583980872684
0.627136879856545
0.522653915122534
0.379677226539151
0.910340705319785
0.423670053795577
0.464913329348476
0.365929468021518
0.475911536162582
1.59772863120143
0.173460848774656
0.693126120741183
0.181709503885236
0.470412432755529
0.231201434548715
0.288942020322773
0.539151225343694
0.404423191870891
0.97083084279737
0.418170950388524
0.580394500896593
0.363179916317992
0.940585774058577
0.253197848176928
0.453915122534369
0.195457262402869
0.486909742976688
0.30818888224746
2.03490735206216
0.819605499103407
0.827854154213987
0.594142259414226
0.242199641362821
0.316437537358039
1.52074118350269
0.55839808726838
0.269695158398087
0.368679019725045
0.640884638374178
0.236700537955768
0.255947399880454
0.478661087866109
0.297190675433353
0.761864913329348
0.236700537955768
0.242199641362821
0.0689778840406455
0.258696951583981
0.734369396294082
0.0909742976688584
0.244949193066348
0.137716676628811
0.775612671846982
0.42092050209205
1.24578601315003
0.935086670651524
0.181709503885236
0.327435744172146
0.409922295277944
0.418170950388524
0.508906156604901
0.456664674237896
0.137716676628811
0.407172743574417
0.418170950388524
0.701374775851763
0.528153018529588
0.8498505678422
0.480035863717872
0.805857740585774
0.374178123132098
0.98732815301853
0.569396294082486
0.14596533173939
2.23837417812313
0.222952779438135
0.858099222952779
0.415421398684997
0.541900777047221
0.426419605499103
0.508906156604901
0.660131500298864
0.126718469814704
0.709623430962343
0.368679019725045
0.522653915122534
0.272444710101614
0.536401673640167
0.371428571428571
0.517154811715481
1.16329946204423
0.404423191870891
0.396174536760311
0.165212193664077
0.341183502689779
0.519904363419008
0.341183502689779
0.481410639569635
0.112970711297071
0.107471607890018
0.632635983263598
0.137716676628811
1.05881649731022
0.178959952181709
0.209205020920502
0.42916915720263
0.401673640167364
0.541900777047221
0.409922295277944
0.43741781231321
0.244949193066348
0.297190675433353
0.459414225941423
0.55839808726838
0.57489539748954
0.110221159593545
0.379677226539151
0.239450089659295
0.112970711297071
0.448416019127316
0.640884638374178
0.341183502689779
0.28344291691572
0.418170950388524
0.272444710101614
0.503407053197848
0.203705917513449
0.316437537358039
0.214704124327555
0.330185295875672
0.220203227734608
0.247698744769874
0.200956365809922
0.247698744769874
0.456664674237896
0.379677226539151
0.453915122534369
0.209205020920502
0.346682606096832
0.42092050209205
1.38051404662283
0.181709503885236
0.0689778840406455
0.599641362821279
0.261446503287507
0.624387328153018
0.98732815301853
0.467662881052002
0.992827256425583
0.643634190077705
0.349432157800359
0.467662881052002
0.885594739988045
1.26778242677824
0.797609085475194
0.247698744769874
0.627136879856545
0.497907949790795
0.225702331141662
0.112970711297071
0.409922295277944
0.464913329348476
0.42916915720263
0.572145845786013
0.255947399880454
0.0359832635983264
0.269695158398087
0.332934847579199
0.528153018529588
0.288942020322773
0.118469814704124
0.29994022713688
0.376927674835625
0.657381948595338
0.269695158398087
0.280693365212194
0.294441123729827
0.250448296473401
0.349432157800359
0.616138673042439
0.302689778840406
0.360430364614465
0.324686192468619
0.346682606096832
0.838852361028093
0.43329348475792
0.280693365212194
0.602390914524806
0.497907949790795
0.272444710101614
0.0332337118947998
0.572145845786013
0.69587567244471
0.118469814704124
0.426419605499103
0.236700537955768
0.783861326957561
0.981829049611476
0.368679019725045
0.866347878063359
0.0799760908547519
0.82510460251046
0.30818888224746
0.206455469216976
0.860848774656306
0.277943813508667
0.69587567244471
0.638135086670651
0.42916915720263
0.0744769874476987
0.748117154811715
0.354931261207412
0.462163777644949
0.404423191870891
0.57489539748954
0.242199641362821
0.607890017931859
0.426419605499103
0.82510460251046
0.440167364016736
0.288942020322773
0.29994022713688
0.15421398684997
0.371428571428571
0.393424985056784
0.613389121338912
0.418170950388524
0.360430364614465
0.330185295875672
0.129468021518231
0.682127913927077
0.242199641362821
0.943335325762104
0.42092050209205
1.03132098027496
0.222952779438135
0.310938433950986
0.280693365212194
0.14596533173939
0.0634787806335923
0.368679019725045
0.462163777644949
0.143215780035864
0.0497310221159594
1.06156604901375
0.272444710101614
0.222952779438135
0.596891811117752
0.778362223550508
0.277943813508667
0.404423191870891
0.187208607292289
0.489659294680215
0.756365809922295
0.363179916317992
0.349432157800359
1.12205618649133
0.684877465630604
0.288942020322773
0.495158398087268
0.583144052600119
1.05056784219964
0.118469814704124
0.324686192468619
0.426419605499103
0.541900777047221
0.481410639569635
0.277943813508667
0.585893604303646
0.723371189479976
0.148714883442917
0.407172743574417
0.321936640765093
0.0442319187089062
0.555648535564853
0.374178123132098
0.387925881649731
0.514405260011955
0.624387328153018
0.264196054991034
0.624387328153018
0.585893604303646
0.198206814106396
1.08356246264196
0.43741781231321
0.250448296473401
0.41267184698147
1.69946204423192
0.519904363419008
0.343933054393305
0.789360430364614
0.921338912133891
0.407172743574417
0.467662881052002
0.2916915720263
0.0194859533771668
0.371428571428571
0.264196054991034
0.277943813508667
0.000239091452480579
0.151464435146444
0.451165570830843
0.451165570830843
0.242199641362821
0.192707710699342
0.497907949790795
0.717872086072923
0.594142259414226
0.497907949790795
0.038732815301853
0.514405260011955
0.335684399282726
0.448416019127316
1.11105797967723
0.360430364614465
0.159713090257023
0.338433950986252
0.506156604901375
0.14596533173939
0.140466228332337
0.522653915122534
0.305439330543933
0.792109982068141
0.354931261207412
0.41267184698147
0.194082486551106
0.552898983861327
0.107471607890018
0.764614465032875
0.668380155409444
0.294441123729827
0.0497310221159594
1.33377166766288
0.536401673640167
1.1907949790795
0.349432157800359
0.569396294082486
0.338433950986252
0.261446503287507
0.492408846383742
0.338433950986252
0.302689778840406
0.745367603108189
0.176210400478183
0.992827256425583
0.594142259414226
0.42916915720263
0.288942020322773
0.97083084279737
0.57489539748954
0.431918708906157
0.365929468021518
0.816855947399881
0.17071129707113
0.112970711297071
0.462163777644949
0.440167364016736
0.266945606694561
0.222952779438135
0.332934847579199
0.0909742976688584
0.893843395098625
0.547399880454274
0.346682606096832
0.393424985056784
0.473161984459056
0.404423191870891
0.225702331141662
0.495158398087268
0.173460848774656
0.159713090257023
0.654632396891811
0.866347878063359
0.338433950986252
0.360430364614465
0.492408846383742
0.464913329348476
0.132217573221757
0.305439330543933
0.206455469216976
0.462163777644949
0.772863120143455
0.181709503885236
0.530902570233114
0.431918708906157
0.357680812910938
0.698625224148237
0.2916915720263
0.775612671846982
0.220203227734608
0.250448296473401
0.440167364016736
0.398924088463837
0.236700537955768
0.588643156007173
0.203705917513449
0.236700537955768
0.541900777047221
0.258696951583981
0.242199641362821
0.544650328750747
0.745367603108189
0.379677226539151
0.489659294680215
0.211954572624029
0.211954572624029
0.613389121338912
0.316437537358039
0.107471607890018
0.682127913927077
0.165212193664077
0.682127913927077
0.192707710699342
0.14596533173939
0.393424985056784
0.539151225343694
0.874596533173939
0.378302450687388
0.539151225343694
0.0909742976688584
0.0854751942618051
0.233950986252241
0.495158398087268
0.16246264196055
0.349432157800359
0.123968918111178
0.376927674835625
0.563897190675433
0.352181709503885
0.552898983861327
0.42092050209205
0.42092050209205
0.583144052600119
0.255947399880454
0.70412432755529
0.431918708906157
0.580394500896593
0.038732815301853
0.357680812910938
0.184459055588763
1.12480573819486
0.231201434548715
0.368679019725045
0.0469814704124328
0.451165570830843
0.181709503885236
0.448416019127316
0.225702331141662
0.294441123729827
0.434668260609683
0.206455469216976
0.654632396891811
0.343933054393305
0.596891811117752
0.379677226539151
0.382426778242678
0.55839808726838
0.525403466826061
0.324686192468619
0.836102809324567
0.981829049611476
0.258696951583981
0.407172743574417
0.431918708906157
0.503407053197848
0.0937238493723849
0.418170950388524
0.684877465630604
0.473161984459056
0.302689778840406
0.360430364614465
0.858099222952779
0.385176329946204
1.70496114763897
0.385176329946204
0.497907949790795
0.8498505678422
0.275194261805141
0.148714883442917
0.460789001793186
0.379677226539151
1.45750149432158
0.475911536162582
0.316437537358039
0.42092050209205
0.759115361625822
0.343933054393305
0.44566646742379
0.657381948595338
0.423670053795577
0.660131500298864
0.671129707112971
0.385176329946204
0.330185295875672
0.132217573221757
0.462163777644949
1.03956963538554
0.805857740585774
0.415421398684997
0.84160191273162
0.231201434548715
0.448416019127316
0.819605499103407
0.250448296473401
0.338433950986252
0.132217573221757
0.816855947399881
0.434668260609683
0.261446503287507
1.39976090854752
0.360430364614465
0.847101016138673
0.228451882845188
1.32277346084877
0.159713090257023
0.459414225941423
0.242199641362821
0.192707710699342
0.192707710699342
0.591392707710699
0.55839808726838
0.0772265391512253
0.17071129707113
1.03682008368201
0.41267184698147
0.354931261207412
0.220203227734608
0.585893604303646
0.222952779438135
0.440167364016736
0.118469814704124
0.0414823670053796
0.192707710699342
0.456664674237896
0.159713090257023
0.382426778242678
0.211954572624029
0.935086670651524
0.761864913329348
0.255947399880454
1.00107591153616
0.511655708308428
0.269695158398087
0.770113568439928
1.05331739390317
0.14596533173939
0.486909742976688
0.734369396294082
0.0607292289300657
0.151464435146444
0.332934847579199
0.0497310221159594
0.101972504482965
1.15505080693365
0.16246264196055
0.440167364016736
0.764614465032875
0.484160191273162
0.28344291691572
0.396174536760311
0.522653915122534
0.451165570830843
0.181709503885236
0.511655708308428
0.926838015540944
0.415421398684997
1.65546921697549
0.121219366407651
0.497907949790795
0.401673640167364
0.371428571428571
0.178959952181709
0.640884638374178
0.28344291691572
1.6664674237896
0.792109982068141
0.552898983861327
0.629886431560072
0.266945606694561
0.396174536760311
0.217453676031082
0.253197848176928
0.690376569037657
0.228451882845188
0.126718469814704
0.305439330543933
0.129468021518231
1.37226539151225
0.759115361625822
0.319187089061566
0.244949193066348
1.09181111775254
0.233950986252241
0.492408846383742
0.544650328750747
0.426419605499103
1.31177525403467
0.717872086072923
0.770113568439928
0.038732815301853
0.233950986252241
0.492408846383742
3.30520023909145
0.649133293484758
0.764614465032875
0.533652121936641
0.321936640765093
0.30818888224746
0.781111775254035
