1.7599521817095
2.51882845188285
1.81769276748356
2.90376569037657
3.62414823670054
1.71320980274955
1.31177525403467
1.78194859533772
2.00191273161984
1.54548714883443
1.82319187089062
1.50699342498506
2.59581589958159
1.3255230125523
4.17680812910938
1.17979677226539
2.12289300657502
1.17154811715481
1.77644949193066
1.13305439330544
8.71906754333533
3.68738792588165
1.82869097429767
2.31536162582188
2.06790197250448
2.06790197250448
2.55457262402869
1.57573221757322
0.943335325762104
2.89001793185894
1.68846383741781
1.16604901374776
1.64722056186491
2.28236700537956
2.06515242080096
1.33377166766288
1.80944411237298
2.43909145248057
1.6664674237896
4.58649133293485
1.64172145845786
1.57848176927675
1.56748356246264
1.53448894202032
2.43909145248057
1.87543335325762
1.90017931858936
1.80669456066946
1.79569635385535
1.85068738792588
1.2320382546324
1.47949790794979
1.78469814704124
2.82952779438135
2.8762701733413
1.5839808726838
1.65546921697549
1.11655708308428
2.72229527794381
1.51799163179916
2.24387328153019
2.06515242080096
1.35026897788404
1.82319187089062
1.69396294082487
2.59031679617454
2.78553496712493
1.98816497310221
2.29061566049014
1.91392707710699
2.54632396891811
2.47208607292289
3.516915720263
2.5243275552899
2.66455469216975
1.46849970113568
1.71046025104603
1.26503287507472
0.770113568439928
1.90842797369994
1.42450687387926
2.39234907352062
3.44267782426778
2.16138673042439
2.34560669456067
1.54823670053796
2.02390914524806
2.63980872683802
2.1421398684997
1.4602510460251
2.018410041841
2.88176927674836
1.1495517035266
1.61972504482965
2.37310221159594
2.68655110579797
3.01924686192469
2.26037059175134
1.00932456664674
0.882845188284519
1.11105797967723
1.96066945606695
1.53448894202032
2.0898983861327
2.03490735206216
1.43000597728631
2.63430962343096
3.25020920502092
2.05690376569038
2.5655708308428
2.29061566049014
2.20812910938434
1.86993424985057
5.59282725642558
8.96927674835625
1.68021518230723
0.83335325762104
1.61422594142259
1.90567842199641
1.7599521817095
1.62247459653317
2.96150627615063
1.47399880454274
1.74070531978482
1.78744769874477
1.68571428571429
1.34476987447699
2.1008965929468
1.13305439330544
1.64722056186491
2.78828451882845
1.65546921697549
1.25678421996414
2.16963538553497
1.26228332337119
1.00932456664674
2.97525403466826
1.47949790794979
1.1495517035266
1.94967124925284
1.82319187089062
1.71320980274955
3.63514644351464
1.64172145845786
1.45750149432158
1.32002390914525
2.35660490137478
1.25678421996414
1.92767483562463
1.57023311416617
1.19629408248655
2.76628810520024
1.72145845786013
1.5839808726838
2.33460848774656
1.20454273759713
1.87543335325762
2.23562462641961
2.01428571428572
1.65271966527197
1.39151225343694
1.99366407650926
2.07065152420801
2.33735803945009
1.74620442319187
1.46300059772863
2.40609683203825
1.449252839211
2.9065152420801
1.58673042438733
2.22187686790197
1.81769276748356
1.55648535564854
2.5243275552899
1.84518828451883
1.04506873879259
3.86610878661088
2.1008965929468
1.26503287507472
1.80394500896593
1.0258218768679
2.29061566049014
1.36126718469815
1.27603108188882
2.27136879856545
8.36162582187687
1.63347280334728
2.08164973102212
1.71320980274955
1.55923490735206
1.2430364614465
2.78003586371787
1.47124925283921
1.54548714883443
1.91117752540347
3.0824865511058
1.36951583980873
1.97166766288105
1.52624028690974
2.90376569037657
1.32277346084877
1.94967124925284
2.97800358637179
1.02032277346085
2.41709503885236
1.84518828451883
4.18780633592349
2.54632396891811
1.88918111177525
1.8011954572624
1.08081291093843
1.06431560071727
1.1495517035266
1.46300059772863
1.52349073520622
0.957083084279737
4.72396891811118
3.33819485953377
1.94417214584579
1.72145845786013
1.72145845786013
1.46849970113568
1.61422594142259
1.88643156007173
1.71320980274955
1.05881649731022
2.25487148834429
2.91476389719068
1.33102211595935
1.89468021518231
1.50424387328153
1.51524208009564
1.64447101016139
0.786610878661088
2.18613269575613
2.73604303646145
1.48774656306037
1.44650328750747
0.770113568439928
0.946084877465631
2.23287507471608
1.81494321578004
3.46192468619247
1.55648535564854
2.01016138673042
1.2430364614465
5.73030484160191
1.57573221757322
1.97716676628811
1.73520621637776
2.06515242080096
1.41350866706515
2.11189479976091
1.22653915122534
2.03215780035864
3.69838613269576
1.43275552898984
1.40526001195457
1.93867304243873
1.39976090854752
1.87543335325762
2.00191273161984
1.13580394500897
1.22104004781829
1.86168559473999
2.67280334728033
0.918589360430365
3.14297668858338
1.26228332337119
1.42725642558279
2.3071129707113
1.1907949790795
1.86168559473999
1.51799163179916
3.26945606694561
1.51249252839211
3.09623430962343
1.51249252839211
2.20263000597729
1.24028690974298
1.0670651524208
4.04482964734011
1.09181111775254
3.08523610280932
1.97166766288105
0.924088463837418
1.19354453078302
1.70221159593545
2.37310221159594
1.80394500896593
3.27495517035266
0.0689778840406455
0.734369396294082
0.973580394500897
2.0074118350269
2.64255827854154
1.08906156604901
1.18254632396892
1.43275552898984
1.52349073520622
2.13389121338912
1.966168559474
2.36760310818888
1.75720263000598
2.25487148834429
1.11380753138075
3.76987447698745
1.05331739390317
1.52624028690974
1.76270173341303
2.21087866108787
4.05032875074716
1.42725642558279
2.36760310818888
2.36485355648536
1.79844590555888
1.96341900777047
1.58947997609085
1.02307232516438
5.01817095038852
1.18804542737597
1.95791990436342
1.02032277346085
1.60597728631201
2.38410041841004
2.45558876270173
1.66784219964136
2.62606096832038
1.60047818290496
2.3593544530783
1.13580394500897
2.10639569635386
2.75254034668261
1.43825463239689
1.96341900777047
1.49874476987448
2.55457262402869
1.61147638971907
1.79844590555888
0.990077704722056
1.62247459653317
1.68846383741781
1.73245666467424
1.11380753138075
1.46300059772863
1.63897190675433
1.67746563060371
1.55098625224148
5.21613867304244
0.926838015540944
1.28977884040646
1.30902570233114
2.00466228332337
1.82044231918709
4.9851763299462
1.78469814704124
1.67196652719665
1.57848176927675
1.85618649133293
1.56198445905559
1.1907949790795
4.21530185295876
1.85343693962941
2.535325762104
2.79653317393903
1.32827256425583
1.08356246264196
2.07890017931859
1.75720263000598
0.935086670651524
2.43909145248057
1.77095038852361
1.34476987447699
2.88726838015541
1.99916317991631
1.03132098027496
2.10639569635386
3.4234309623431
2.0074118350269
1.33102211595935
2.24387328153019
3.36569037656904
2.89276748356246
1.91117752540347
2.73879258816497
1.68571428571429
2.02115959354453
3.18971906754334
1.08906156604901
2.12564255827854
2.56282127913927
1.87268380155409
2.81578003586372
1.91667662881052
2.02115959354453
2.16688583383144
1.4904961147639
2.31261207411835
2.30161386730424
1.39426180514047
1.57023311416617
5.32062163777645
1.58673042438733
2.62331141661686
1.99916317991632
1.87818290496115
2.9175134488942
1.73245666467424
1.46849970113568
0.951583980872684
1.47674835624626
0.992827256425583
1.97716676628811
2.30161386730424
2.01566049013748
1.80669456066946
4.44626419605499
1.16604901374776
2.26312014345487
1.94417214584579
1.73245666467424
1.67196652719665
1.03956963538554
1.62247459653317
0.8498505678422
1.16054991034071
1.02032277346085
1.30902570233114
1.62797369994023
2.08439928272564
1.73245666467424
1.42450687387926
1.21554094441124
1.28702928870293
2.1833831440526
2.12289300657502
2.27136879856545
2.18888224745965
1.39701135684399
2.14763897190675
2.43359234907352
1.80669456066946
2.15038852361028
1.4080095636581
1.65271966527197
5.37011356843993
0.8498505678422
2.38959952181709
2.27411835026898
1.37501494321578
4.50125523012552
1.43825463239689
2.82952779438135
1.966168559474
0.926838015540944
1.49599521817095
1.64172145845786
1.19354453078302
2.83777644949193
2.46933652121937
1.00382546323969
2.15038852361028
1.63072325164375
0.913090257023311
1.60597728631201
2.52982665869695
1.60322773460849
2.39509862522415
3.23096234309623
2.01016138673042
2.0596533173939
1.58123132098028
1.68846383741781
1.62797369994023
1.5729826658697
2.65630603705918
1.33102211595935
3.29695158398087
2.15588762701733
3.32719665271966
1.55098625224148
3.10723251643754
1.66371787208607
1.86168559473999
2.52157800358637
2.73054393305439
1.41900777047221
2.16413628212791
5.13915122534369
2.22737597130903
2.7827854154214
1.84793783622236
1.38601315002989
1.46300059772863
1.23478780633592
0.698625224148237
1.77369994022714
1.8011954572624
1.36401673640167
1.33377166766288
2.46658696951584
1.82044231918709
1.52074118350269
2.15588762701733
2.97525403466826
1.85618649133293
1.44100418410042
1.63622235505081
1.44100418410042
1.66096832038255
1.82044231918709
0.98732815301853
2.16138673042439
1.33652121936641
1.65821876867902
3.18147041243276
1.8011954572624
1.52074118350269
1.78744769874477
2.33735803945009
1.37501494321578
2.59581589958159
7.52576210400478
1.68571428571429
1.21004184100418
1.26778242677824
1.59222952779438
2.02115959354453
2.2246264196055
2.27961745367603
1.80394500896593
1.63622235505081
1.64722056186491
1.62797369994023
1.13855349671249
2.07065152420801
1.00382546323969
1.50424387328153
1.87268380155409
1.14130304841602
2.10914524805738
3.18971906754334
1.46575014943216
2.00191273161984
2.49958158995816
1.52624028690974
3.44267782426778
1.90567842199641
1.40251046025105
2.1833831440526
1.76820083682008
2.27136879856545
2.01291093843395
2.63156007172744
2.23012552301255
1.67471607890018
1.34202032277346
1.6664674237896
1.12755528989839
1.29527794381351
1.30352659892409
0.929587567244471
2.5765690376569
1.24578601315003
2.60131500298864
2.01566049013748
2.18063359234907
2.24662283323371
2.17788404064555
2.66455469216975
1.77919904363419
2.25212193664077
1.50974297668858
1.03956963538554
1.70221159593545
2.68930065750149
3.41518230723252
4.66897788404065
1.85893604303646
1.47124925283921
3.13197848176928
1.22653915122534
0.98732815301853
2.53807531380753
2.92301255230126
3.75062761506276
2.16688583383144
2.15038852361028
1.48774656306037
1.09181111775254
2.90926479378362
2.20812910938434
1.63072325164375
3.1347280334728
4.96317991631799
1.70221159593545
1.41350866706515
1.14405260011955
1.2842797369994
2.14763897190675
1.75445307830245
1.09731022115959
4.11081888822475
1.39701135684399
1.18529587567244
2.44734010759115
1.00657501494322
0.915839808726838
2.33185893604304
2.38410041841004
2.65080693365212
1.43825463239689
3.30520023909145
1.11655708308428
2.68930065750149
1.37226539151225
1.17979677226539
1.966168559474
1.8314405260012
1.61972504482965
1.34476987447699
1.42450687387926
1.90842797369994
2.06240286909743
2.34285714285714
1.47674835624626
1.5317393903168
2.0074118350269
1.18804542737597
2.15588762701733
1.53448894202032
2.21087866108787
1.42725642558279
0.995576808129109
1.72420800956366
1.47949790794979
1.82869097429767
1.34202032277346
1.57023311416617
1.29527794381351
1.61697549312612
1.20729228930066
2.00466228332337
1.66921697549313
1.26228332337119
2.02390914524806
1.28977884040646
1.64997011356844
3.94859533771668
2.48858338314405
1.26778242677824
1.42725642558279
1.85618649133293
2.86252241482367
1.87818290496115
1.46849970113568
4.43526598924088
1.90017931858936
1.20454273759713
1.9249252839211
2.39509862522415
1.93042438732815
1.31727435744172
1.64447101016139
4.34178123132098
1.2430364614465
1.55923490735206
1.43550508069337
1.03682008368201
2.62606096832038
1.50974297668858
2.96425582785415
1.52624028690974
1.66096832038255
2.55182307232516
2.57381948595338
1.63072325164375
2.51057979677227
1.91667662881052
0.836102809324567
1.43275552898984
1.63622235505081
2.36210400478183
2.3593544530783
1.69671249252839
1.93317393903168
1.96891811117753
2.018410041841
2.11464435146444
1.33377166766288
1.33652121936641
1.62797369994023
2.81028093245666
5.82378959952182
1.93317393903168
1.72420800956366
1.86443514644351
1.51249252839211
1.33377166766288
1.38326359832636
1.68021518230723
1.33927077106993
2.88451882845188
1.68296473401076
1.75720263000598
1.47949790794979
1.27053197848177
2.62331141661686
7.1765690376569
1.79569635385535
2.99450089659295
0.935086670651524
1.01757322175732
2.38684997011357
3.41243275552899
1.43000597728631
1.25128511655708
3.09623430962343
2.76903765690377
1.84793783622236
2.29336521219366
1.72970711297071
1.71320980274955
1.45475194261805
1.61697549312612
1.90842797369994
2.9065152420801
1.40251046025105
1.18804542737597
3.01649731022116
2.16688583383144
1.40251046025105
3.72038254632397
1.93317393903168
3.68463837417812
1.9249252839211
2.05415421398685
1.95791990436342
2.55182307232516
1.24853556485356
2.25487148834429
4.37752540346682
1.33652121936641
1.94967124925284
1.56748356246264
1.24028690974298
1.46849970113568
1.72420800956366
2.29611476389719
1.21554094441124
1.89468021518231
1.97166766288105
1.69671249252839
1.51249252839211
1.69946204423192
1.3255230125523
1.3667662881052
2.13664076509265
1.30077704722056
2.23562462641961
1.59222952779438
2.83777644949193
0.038732815301853
2.02390914524806
1.68846383741781
2.56007172743574
3.34919306634788
1.86168559473999
1.44100418410042
1.97716676628811
2.05415421398685
1.17979677226539
3.32444710101614
1.54548714883443
1.40526001195457
2.23287507471608
1.35301852958757
2.01291093843395
1.02307232516438
2.15588762701733
1.74620442319187
1.1907949790795
8.50735206216378
1.52349073520622
2.73604303646145
1.04781829049611
2.05140466228332
1.96341900777047
1.74345487148834
1.11380753138075
0.858099222952779
1.64997011356844
1.90017931858936
1.82319187089062
2.43084279736999
1.15230125523013
2.09814704124328
2.11464435146444
1.90842797369994
2.32086072922893
3.89085475194262
0.84160191273162
2.1008965929468
3.84961147638972
1.85068738792588
1.1083084279737
2.19713090257023
1.80669456066946
2.48858338314405
1.76270173341303
1.96341900777047
7.60824865511058
2.1833831440526
1.14405260011955
1.08906156604901
1.6252241482367
2.49958158995816
1.36951583980873
1.89468021518231
2.33185893604304
1.5317393903168
2.62606096832038
3.0934847579199
1.50699342498506
1.30077704722056
1.58673042438733
2.00466228332337
3.29420203227735
2.84327555289898
1.41350866706515
1.69396294082487
2.03215780035864
1.09181111775254
2.78003586371787
2.11464435146444
2.57106993424985
1.89742976688583
1.87543335325762
2.54357441721458
0.775612671846982
1.68571428571429
1.72420800956366
1.27053197848177
1.29252839210998
1.14130304841602
1.74620442319187
1.29252839210998
5.33711894799761
1.85893604303646
1.30352659892409
1.8314405260012
3.85511057979677
1.11380753138075
4.57549312612074
1.86993424985057
3.15397489539749
0.924088463837418
2.31261207411835
1.49874476987448
0.965331739390317
1.501494321578
1.449252839211
1.05056784219964
1.21554094441124
3.58290496114764
1.4602510460251
1.38876270173341
2.28511655708308
2.41159593544531
1.59497907949791
1.53998804542738
1.54823670053796
3.75887627017334
1.33377166766288
1.68021518230723
1.20729228930066
2.14763897190675
2.81028093245666
1.449252839211
1.48774656306037
1.44375373580394
2.41984459055589
2.05140466228332
1.22928870292887
1.40251046025105
2.02115959354453
2.36760310818888
2.07890017931859
1.61972504482965
1.49874476987448
1.05606694560669
1.17979677226539
2.7002988643156
1.449252839211
1.5729826658697
1.44650328750747
1.11930663478781
1.47674835624626
2.14763897190675
1.71595935445308
1.56473401075912
1.95791990436342
1.61972504482965
2.60956365809922
1.5839808726838
3.64339509862522
1.41625821876868
0.880095636580992
1.82869097429767
2.15313807531381
1.85893604303646
0.907591153616258
1.21279139270771
1.9249252839211
1.40526001195457
2.13664076509265
1.78469814704124
2.89276748356246
1.37501494321578
1.54823670053796
1.60047818290496
1.96341900777047
1.91117752540347
2.05140466228332
1.96891811117753
1.60872683801554
1.82319187089062
2.15038852361028
2.88451882845188
1.56473401075912
2.44734010759115
4.13006575014943
1.60872683801554
1.52074118350269
1.11105797967723
2.37035265989241
2.3071129707113
4.00358637178721
1.89742976688583
1.48224745965332
2.07340107591154
1.83968918111178
1.88093245666467
1.39426180514047
2.10639569635386
3.00549910340705
1.5729826658697
1.34476987447699
1.16054991034071
1.64722056186491
3.36019127316198
1.69396294082487
1.16054991034071
1.43825463239689
1.70221159593545
0.701374775851763
1.12205618649133
2.24662283323371
2.56832038254632
1.86993424985057
2.55182307232516
2.018410041841
1.39426180514047
0.891093843395099
2.46933652121937
2.13114166168559
1.61147638971907
1.52898983861327
1.22104004781829
1.43825463239689
2.73329348475792
1.65546921697549
1.64172145845786
2.22737597130903
0.957083084279737
1.16879856545129
2.42259414225941
2.13114166168559
1.61972504482965
1.70496114763897
1.68846383741781
5.22713687985654
1.86443514644351
2.66730424387328
1.56198445905559
2.47483562462642
2.84327555289898
0.789360430364614
1.86168559473999
3.3821876867902
1.61972504482965
2.52707710699343
1.72145845786013
1.86993424985057
2.13939031679617
4.17130902570233
2.22737597130903
0.907591153616258
3.92384937238494
2.93401075911536
1.46849970113568
2.13389121338912
2.46383741781231
2.67005379557681
1.51524208009564
1.40526001195457
1.30902570233114
2.85427375971309
2.1421398684997
3.54441123729827
1.50974297668858
1.87543335325762
4.25929468021518
4.05307830245069
1.8424387328153
2.13114166168559
1.96891811117753
2.19163179916318
1.97166766288105
1.52624028690974
3.40143454871488
1.22378959952182
1.93592349073521
1.74620442319187
3.46467423789599
1.58123132098028
2.70304841601913
1.95517035265989
1.53448894202032
4.31428571428571
1.71046025104603
1.67746563060371
1.38326359832636
2.17513448894202
0.387925881649731
1.70496114763897
1.98266586969516
1.58947997609085
1.66096832038255
1.17979677226539
1.15505080693365
1.38601315002989
1.16054991034071
2.54082486551106
1.10555887627017
4.82020322773461
1.51249252839211
1.46300059772863
1.82044231918709
1.46849970113568
2.03490735206216
2.84877465630604
5.29862522414824
1.0670651524208
2.9065152420801
1.91667662881052
1.35851763299462
1.73520621637776
1.68571428571429
4.2400478182905
1.98816497310221
1.60047818290496
2.47208607292289
2.1008965929468
1.19354453078302
1.64172145845786
1.73245666467424
2.32635983263598
1.5839808726838
2.02665869695158
1.56198445905559
2.03215780035864
1.7599521817095
1.3667662881052
2.67280334728033
1.25678421996414
2.6480573819486
2.36210400478183
2.3593544530783
1.24578601315003
0.698625224148237
1.67196652719665
4.8504482964734
1.5839808726838
1.12480573819486
2.90376569037657
1.24578601315003
1.94142259414226
2.47208607292289
1.81219366407651
2.60956365809922
2.41984459055589
2.68380155409444
3.19796772265392
2.38135086670652
0.984578601315003
1.92217573221757
1.63622235505081
6.47818290496115
1.56198445905559
1.35851763299462
1.05331739390317
1.61422594142259
2.17513448894202
3.2584578601315
2.13664076509265
4.498505678422
1.15230125523013
1.60047818290496
1.65821876867902
1.24028690974298
2.70854751942618
1.58673042438733
1.85893604303646
1.25678421996414
1.56473401075912
2.23287507471608
1.41625821876868
0.891093843395099
1.38876270173341
2.12564255827854
1.29252839210998
1.39151225343694
1.93042438732815
1.33652121936641
1.21279139270771
1.41900777047221
1.79569635385535
2.13939031679617
1.77369994022714
1.79844590555888
1.83693962940825
1.22104004781829
2.15863717872086
1.68296473401076
2.34560669456067
2.35385534967125
6.09324566646742
1.99916317991632
1.46849970113568
1.79569635385535
2.38135086670652
2.94225941422594
0.935086670651524
2.26861924686192
1.13855349671249
3.12098027495517
1.22653915122534
1.54823670053796
3.00824865511058
1.85068738792588
2.34560669456067
2.19163179916318
2.28511655708308
1.7187089061566
2.63156007172744
1.12480573819486
1.55648535564854
11.7710699342498
2.06515242080096
2.75528989838613
1.97991631799163
1.47124925283921
1.08356246264196
1.7187089061566
1.44650328750747
2.04315600717274
3.53891213389121
2.68655110579797
1.80944411237298
1.18529587567244
1.21554094441124
2.33185893604304
2.77453676031082
2.04315600717274
3.35469216975493
2.58481769276748
1.3255230125523
1.43825463239689
2.96425582785415
1.12480573819486
1.33927077106993
2.03765690376569
1.76820083682008
1.08356246264196
1.87818290496115
1.44650328750747
1.86718469814704
1.5427375971309
1.47949790794979
2.06240286909743
2.13389121338912
1.90292887029289
2.17788404064555
1.86993424985057
0.932337118947998
1.59497907949791
1.41075911536163
2.27411835026898
1.62797369994023
1.7187089061566
0.728870292887029
1.90017931858936
3.43992827256426
1.84518828451883
1.58673042438733
1.97716676628811
1.21279139270771
2.01566049013748
0.95433353257621
2.31261207411835
2.44734010759115
5.73855349671249
1.66921697549313
1.68571428571429
1.45475194261805
1.77095038852361
1.84793783622236
1.1495517035266
0.693126120741183
2.10364614465033
2.00191273161984
2.68380155409444
1.85068738792588
1.85343693962941
1.41075911536163
2.00191273161984
2.2658696951584
1.03682008368201
2.30436341900777
1.64722056186491
1.38601315002989
1.44100418410042
2.11464435146444
1.41350866706515
1.14680215182307
2.20263000597729
1.21554094441124
1.47949790794979
1.75170352659892
1.2320382546324
1.89468021518231
2.01566049013748
1.80394500896593
1.79844590555888
1.22653915122534
1.70221159593545
2.05140466228332
1.31177525403467
2.0898983861327
3.16772265391512
2.49958158995816
1.2430364614465
2.6178123132098
2.51057979677227
1.966168559474
2.40334728033473
1.2842797369994
3.93209802749552
1.02032277346085
1.55923490735206
1.26778242677824
0.00573819485953378
0.896592946802152
2.56282127913927
0.924088463837418
2.73879258816497
4.00633592349073
3.17047220561865
1.33927077106993
1.71320980274955
1.45475194261805
2.60406455469217
1.86168559473999
1.61972504482965
1.80394500896593
1.28977884040646
2.31536162582188
1.67746563060371
1.11105797967723
2.66180514046623
2.16688583383144
1.86718469814704
1.55373580394501
1.33927077106993
1.32002390914525
1.72145845786013
2.15863717872086
1.66371787208607
1.09731022115959
2.52982665869695
4.36927674835625
1.37776449491931
0.0607292289300657
2.69205020920502
1.43000597728631
0.998326359832636
3.65989240884638
1.41900777047221
2.55457262402869
2.30986252241482
2.54357441721458
1.19629408248655
1.18529587567244
1.2320382546324
1.51524208009564
3.28045427375971
2.6178123132098
1.50424387328153
2.85427375971309
1.5839808726838
1.13855349671249
2.12289300657502
1.34202032277346
1.75720263000598
2.13114166168559
3.11548117154812
2.65630603705918
4.31978481769277
0.819605499103407
1.41625821876868
1.05331739390317
2.7827854154214
1.48774656306037
3.11548117154812
1.26228332337119
1.52349073520622
4.44901374775852
1.11655708308428
2.63156007172744
1.5839808726838
1.69946204423192
1.41350866706515
2.08164973102212
3.49766885833831
1.46849970113568
1.57573221757322
1.11930663478781
1.08906156604901
4.49025702331142
1.78469814704124
1.09456066945607
3.42618051404662
1.98266586969516
1.73795576808129
1.80669456066946
2.48033472803347
1.88918111177525
2.24662283323371
1.501494321578
2.49408248655111
1.64997011356844
2.16138673042439
2.98350268977884
1.31452480573819
1.75720263000598
1.6664674237896
2.43084279736999
1.85068738792588
1.73520621637776
4.62498505678422
2.76353855349671
2.3483562462642
3.45367603108189
0.671129707112971
2.14763897190675
1.90292887029289
2.29061566049014
1.61147638971907
1.14130304841602
1.66096832038255
1.4904961147639
2.21087866108787
1.44375373580394
2.27411835026898
1.32277346084877
1.99641362821279
4.15481171548117
1.42725642558279
1.89468021518231
1.99641362821279
1.63072325164375
1.49599521817095
1.03682008368201
2.19438135086671
2.32361028093246
4.24829647340108
1.61697549312612
1.15230125523013
2.76078900179319
1.13030484160191
1.35576808129109
2.27411835026898
2.09814704124328
1.74070531978482
2.27961745367603
1.99366407650926
1.60872683801554
2.02390914524806
3.11273161984459
2.03765690376569
0.888344291691572
2.19163179916318
1.61422594142259
2.07340107591154
1.75170352659892
2.27136879856545
1.3667662881052
3.65439330543933
3.29695158398087
1.49324566646742
1.28702928870293
2.75528989838613
2.09539748953975
2.92026300059773
2.0486551105798
2.47758517632995
1.77369994022714
1.11930663478781
1.46300059772863
1.46300059772863
1.88643156007173
2.43084279736999
1.95791990436342
1.3667662881052
1.05056784219964
1.42725642558279
1.82869097429767
2.07340107591154
1.94692169754931
1.35301852958757
1.8424387328153
1.46300059772863
1.60047818290496
1.82044231918709
2.2246264196055
1.85343693962941
1.21554094441124
0.948834429169157
1.97166766288105
1.87543335325762
1.64172145845786
3.05499103407053
1.9249252839211
2.30436341900777
1.81769276748356
3.06049013747759
1.51249252839211
2.25762104004782
1.62247459653317
1.90842797369994
1.77369994022714
2.3483562462642
2.74429169157203
2.03490735206216
1.35026897788404
1.88093245666467
1.8836820083682
1.44375373580394
7.31954572624029
1.40251046025105
1.58947997609085
1.53998804542738
1.99916317991632
1.53998804542738
2.2768679019725
1.34202032277346
1.89193066347878
1.24028690974298
2.0596533173939
1.33652121936641
2.28236700537956
1.65271966527197
2.30161386730424
1.13030484160191
2.5243275552899
1.08356246264196
1.75445307830245
2.15863717872086
2.2768679019725
1.67471607890018
1.37501494321578
2.46933652121937
1.51249252839211
5.55983263598326
0.959832635983264
3.51966527196653
1.45200239091452
1.32002390914525
1.56198445905559
2.35660490137478
1.34202032277346
4.22904961147639
1.68021518230723
1.51249252839211
1.33102211595935
1.80944411237298
1.6252241482367
1.20454273759713
2.17513448894202
2.09264793783622
1.34476987447699
1.00657501494322
1.55648535564854
1.39976090854752
1.36126718469815
1.85343693962941
1.78469814704124
1.39976090854752
1.34476987447699
1.55923490735206
1.19354453078302
1.14405260011955
1.2430364614465
1.96066945606695
1.2430364614465
1.89468021518231
1.92217573221757
1.11105797967723
1.46300059772863
2.14488942020323
0.907591153616258
1.68846383741781
4.13556485355648
10.080095636581
1.32002390914525
2.05140466228332
1.17154811715481
2.36485355648536
2.06790197250448
1.449252839211
1.78744769874477
2.21362821279139
3.28045427375971
1.68296473401076
1.29527794381351
0.0332337118947998
1.80944411237298
1.51249252839211
1.06431560071727
2.02665869695158
1.91942618051405
1.28702928870293
1.66096832038255
1.31177525403467
1.51249252839211
1.79294680215182
1.52624028690974
1.5729826658697
2.62606096832038
2.31261207411835
1.16879856545129
1.33927077106993
2.61506276150628
2.60131500298864
2.0898983861327
2.39509862522415
0.789360430364614
0.957083084279737
1.44650328750747
2.86252241482367
2.33735803945009
2.10914524805738
1.69121338912134
1.60322773460849
0.0414823670053796
1.10005977286312
1.80944411237298
1.31177525403467
5.77429766885834
4.32253436939629
1.59772863120143
1.49324566646742
2.67830245068739
1.17429766885834
1.38326359832636
1.02032277346085
1.25128511655708
1.68571428571429
5.79354453078302
2.66730424387328
2.72504482964734
1.74070531978482
2.17238493723849
2.24662283323371
1.77369994022714
2.10914524805738
3.05774058577406
2.78553496712493
2.06240286909743
1.37501494321578
1.28153018529588
1.60047818290496
1.19629408248655
1.21554094441124
2.10914524805738
2.46658696951584
2.09264793783622
1.46575014943216
1.77369994022714
1.49324566646742
1.09456066945607
2.2658696951584
1.501494321578
0.838852361028093
0.836102809324567
0.998326359832636
2.21087866108787
1.45475194261805
1.64447101016139
2.15863717872086
1.96066945606695
1.18529587567244
1.05331739390317
1.17704722056186
1.55098625224148
1.96066945606695
2.15038852361028
1.1907949790795
1.20729228930066
2.12564255827854
1.88093245666467
1.28702928870293
1.03682008368201
1.6252241482367
2.06790197250448
1.67196652719665
1.2320382546324
1.4080095636581
2.34285714285714
1.31177525403467
5.34261805140466
1.96341900777047
1.47949790794979
1.07531380753138
1.99916317991632
3.84686192468619
1.89742976688583
2.97250448296473
2.018410041841
1.94967124925284
2.25762104004782
2.82677824267782
2.17788404064555
1.43275552898984
0.959832635983264
0.932337118947998
2.82952779438135
1.68021518230723
1.93042438732815
5.04291691572026
1.09456066945607
2.77728631201435
1.42175732217573
1.49324566646742
1.68021518230723
1.17704722056186
2.34285714285714
4.04208009563658
0.98732815301853
2.12839210998207
1.50424387328153
1.42175732217573
2.16963538553497
1.73520621637776
2.06790197250448
2.11464435146444
0.96258218768679
1.22104004781829
1.96891811117753
0.948834429169157
0.808607292289301
1.96066945606695
3.04949193066348
2.06515242080096
1.95517035265989
1.83693962940825
1.501494321578
1.80669456066946
1.84793783622236
2.68655110579797
1.8424387328153
1.19354453078302
0.968081291093843
2.02940824865511
1.11380753138075
1.16879856545129
1.72695756126718
1.65821876867902
4.9329348475792
1.32277346084877
3.86335923490735
2.90101613867304
2.04040645546922
1.73795576808129
1.85893604303646
2.2658696951584
2.7002988643156
0.728870292887029
4.59748953974895
2.79103407053198
2.1421398684997
1.39976090854752
3.17322175732218
1.52074118350269
1.91392707710699
2.49133293484758
2.91201434548715
1.05056784219964
0.937836222355051
2.85977286312014
1.61972504482965
1.12205618649133
1.61972504482965
1.39151225343694
2.4418410041841
1.7077106993425
1.10280932456665
1.69671249252839
2.38959952181709
1.25403466826061
1.52624028690974
1.3255230125523
2.65080693365212
2.01291093843395
1.63897190675433
1.53998804542738
2.41984459055589
2.46933652121937
1.49874476987448
3.21446503287507
2.08164973102212
2.81028093245666
2.24387328153019
0.973580394500897
1.71320980274955
1.7077106993425
2.23287507471608
1.8011954572624
0.965331739390317
0.756365809922295
1.64447101016139
1.26778242677824
4.68272564255828
1.50974297668858
2.70854751942618
3.07698744769874
2.21362821279139
1.46300059772863
5.1913927077107
2.13664076509265
1.86168559473999
2.03215780035864
3.1347280334728
3.25570830842797
1.57848176927675
2.96425582785415
1.68021518230723
0.943335325762104
1.25953377166766
2.26037059175134
2.27136879856545
0.822355050806934
1.20454273759713
0.932337118947998
1.2430364614465
1.24853556485356
3.30245068738793
0.959832635983264
1.1495517035266
2.34010759115362
1.44375373580394
2.57931858936043
1.48774656306037
1.64722056186491
2.41709503885236
1.26228332337119
0.98732815301853
2.31536162582188
2.72504482964734
1.64722056186491
3.06873879258816
1.65271966527197
1.66096832038255
0.968081291093843
1.11655708308428
2.62056186491333
1.71320980274955
3.22821279139271
1.54823670053796
4.00908547519426
1.3255230125523
1.8314405260012
2.67005379557681
2.64530783024507
2.02940824865511
1.8314405260012
1.30077704722056
1.30627615062762
1.42450687387926
1.27603108188882
1.43000597728631
2.03215780035864
3.30245068738793
1.28977884040646
2.59581589958159
1.62247459653317
1.66921697549313
1.53723849372385
1.68296473401076
1.2320382546324
1.75445307830245
1.27053197848177
1.37776449491931
1.30627615062762
1.67196652719665
1.23478780633592
1.47124925283921
6.0602510460251
1.4904961147639
1.40251046025105
1.93592349073521
1.87543335325762
1.32277346084877
1.5427375971309
2.56282127913927
1.449252839211
1.79294680215182
1.69396294082487
1.60597728631201
1.91942618051405
0.937836222355051
2.11464435146444
1.35576808129109
1.35301852958757
3.25570830842797
8.32588164973102
1.63897190675433
2.41434548714883
1.75170352659892
5.24088463837418
1.33377166766288
1.29252839210998
1.52898983861327
5.99976090854752
2.79653317393903
2.19438135086671
1.07256425582785
1.80669456066946
1.78469814704124
1.61422594142259
1.37501494321578
1.47124925283921
2.12289300657502
1.92767483562463
2.96975493126121
1.21829049611476
1.96066945606695
1.25128511655708
4.31428571428571
1.55098625224148
2.35110579796772
2.70304841601913
1.50424387328153
1.26503287507472
3.48117154811715
1.56198445905559
1.60872683801554
7.07208607292289
2.05690376569038
1.11655708308428
1.7187089061566
3.75612671846981
2.49408248655111
1.56473401075912
2.39509862522415
1.68021518230723
2.32361028093246
2.15038852361028
2.58481769276748
1.0258218768679
2.03765690376569
2.6068141063957
0.998326359832636
2.26312014345487
0.904841601912732
2.16963538553497
5.97501494321578
1.30902570233114
2.08714883442917
2.34285714285714
1.4602510460251
1.00657501494322
1.86718469814704
1.33927077106993
1.31177525403467
2.19988045427376
1.39976090854752
1.96891811117753
2.54907352062164
2.06515242080096
2.41709503885236
1.53998804542738
3.78912133891213
1.31177525403467
1.45200239091452
2.62056186491333
1.21004184100418
1.81494321578004
2.18888224745965
1.31452480573819
3.41793185893604
5.30137477585176
4.43251643753736
1.08631201434549
1.35851763299462
2.99175134488942
3.30245068738793
1.19354453078302
1.47399880454274
1.50699342498506
2.0074118350269
2.15313807531381
1.78194859533772
1.47399880454274
3.44817692767484
2.18063359234907
1.38876270173341
1.08631201434549
2.59031679617454
1.13580394500897
1.43550508069337
1.31727435744172
2.06515242080096
3.53066347878063
1.99641362821279
1.39151225343694
2.11189479976091
1.88918111177525
1.76270173341303
1.46849970113568
2.23012552301255
2.56282127913927
1.59222952779438
1.69946204423192
1.35301852958757
1.2842797369994
1.75445307830245
2.98350268977884
2.38684997011357
2.32361028093246
1.95517035265989
1.7489539748954
2.10639569635386
1.04231918708906
2.73879258816497
1.21554094441124
1.55648535564854
1.11380753138075
1.26778242677824
1.89742976688583
2.59306634787806
1.52349073520622
1.63897190675433
2.21912731619845
1.79844590555888
1.95517035265989
3.75887627017334
1.14680215182307
2.49683203825463
2.2658696951584
1.70221159593545
1.13855349671249
2.64255827854154
2.90376569037657
1.99916317991632
1.966168559474
1.61422594142259
1.33377166766288
4.05032875074716
2.0486551105798
2.72229527794381
1.63347280334728
1.38051404662283
1.76270173341303
2.19163179916318
0.764614465032875
2.22737597130903
0.965331739390317
1.38326359832636
2.80478182904961
1.05606694560669
2.07615062761506
1.94967124925284
2.23837417812313
1.501494321578
2.24387328153019
2.64530783024507
1.449252839211
1.99641362821279
2.08164973102212
0.671129707112971
2.99725044829647
2.23012552301255
3.31894799760909
1.86443514644351
3.84136282127914
2.4418410041841
2.30986252241482
1.79569635385535
1.08081291093843
1.70496114763897
1.05331739390317
2.21912731619845
1.07531380753138
0.71237298266587
1.30077704722056
1.45750149432158
0.990077704722056
3.36569037656904
1.35576808129109
1.36401673640167
1.96341900777047
1.76820083682008
1.25403466826061
2.535325762104
1.6664674237896
2.83227734608488
2.3483562462642
1.70221159593545
1.05331739390317
1.67471607890018
0.530902570233114
1.75445307830245
1.7599521817095
2.24112372982666
2.50508069336521
1.76820083682008
1.43550508069337
2.07890017931859
1.85068738792588
2.10364614465033
1.78194859533772
2.34560669456067
1.02032277346085
1.58947997609085
2.42259414225941
1.02307232516438
1.31177525403467
0.156963538553497
2.33185893604304
2.6068141063957
1.62247459653317
2.02390914524806
9.4092050209205
3.88260609683204
7.10508069336521
1.50699342498506
1.60322773460849
1.22104004781829
1.79844590555888
0.101972504482965
1.65546921697549
2.55182307232516
3.981589958159
1.86993424985057
1.30627615062762
0.68762701733413
1.34202032277346
2.49683203825463
2.34560669456067
3.14022713687986
1.7901972504483
0.69587567244471
1.26778242677824
2.58756724447101
1.44375373580394
2.68930065750149
1.56748356246264
2.0898983861327
1.66096832038255
1.81219366407651
1.5839808726838
1.41075911536163
1.1495517035266
3.03711894799761
1.43550508069337
1.61972504482965
1.45200239091452
2.32635983263598
1.78194859533772
1.16054991034071
2.29336521219366
2.28236700537956
1.35851763299462
1.75720263000598
3.42893006575015
2.57381948595338
2.67005379557681
2.48033472803347
1.73520621637776
0.723371189479976
2.06515242080096
2.21362821279139
5.00717274357442
2.018410041841
1.90292887029289
1.80669456066946
1.15780035863718
2.24112372982666
0.910340705319785
1.12480573819486
3.44542737597131
1.92217573221757
1.69121338912134
1.69121338912134
1.34751942618051
1.52898983861327
1.966168559474
2.01566049013748
1.90017931858936
2.74429169157203
1.07531380753138
1.31727435744172
1.36401673640167
1.10555887627017
6.32420800956366
1.34202032277346
2.54082486551106
1.8314405260012
1.55098625224148
1.34476987447699
1.73795576808129
1.60872683801554
2.98075313807531
1.5317393903168
2.39784817692767
1.39151225343694
2.88726838015541
1.87268380155409
1.6252241482367
1.62797369994023
0.852600119545726
1.68571428571429
1.63072325164375
1.24028690974298
2.32635983263598
1.34476987447699
1.46849970113568
0.165212193664077
1.40251046025105
1.43550508069337
1.36126718469815
2.49408248655111
1.32827256425583
1.24578601315003
0.998326359832636
1.38326359832636
1.63897190675433
1.59772863120143
2.56832038254632
2.16138673042439
1.60322773460849
1.70221159593545
1.75720263000598
1.69121338912134
1.39151225343694
4.2510460251046
1.29527794381351
2.95050806933652
2.45283921099821
3.88535564853556
3.83586371787209
1.34476987447699
1.99366407650926
5.78529587567244
2.09264793783622
1.87818290496115
1.58947997609085
1.44375373580394
1.46575014943216
0.995576808129109
1.19629408248655
1.43275552898984
1.15505080693365
2.32635983263598
1.33652121936641
2.43359234907352
1.37776449491931
1.18529587567244
1.72970711297071
1.47124925283921
3.95409444112373
1.43825463239689
3.56640765092648
1.98541542139868
0.951583980872684
1.92767483562463
2.09264793783622
1.61147638971907
1.75170352659892
1.60047818290496
3.02474596533174
1.15780035863718
1.28977884040646
1.2017931858936
1.64447101016139
1.35301852958757
1.03682008368201
3.56090854751943
2.15863717872086
1.53723849372385
2.018410041841
1.91117752540347
2.02115959354453
2.0596533173939
1.52624028690974
1.50974297668858
2.79653317393903
2.33460848774656
2.26312014345487
1.87268380155409
0.830603705917513
1.64172145845786
5.60932456664674
1.77644949193066
1.58123132098028
1.2842797369994
2.06240286909743
1.2430364614465
1.68571428571429
1.99641362821279
3.71488344291692
1.47949790794979
1.47949790794979
1.43000597728631
1.57848176927675
1.76545128511656
0.847101016138673
1.37226539151225
3.05224148236701
1.38601315002989
1.63897190675433
1.65546921697549
1.58947997609085
0.759115361625822
6.17023311416617
1.50424387328153
1.68021518230723
1.22378959952182
2.25762104004782
2.75528989838613
0.984578601315003
1.78194859533772
1.32827256425583
1.2842797369994
1.6252241482367
1.66921697549313
1.48499701135684
2.00191273161984
1.06981470412433
1.40251046025105
2.89826658696952
1.51799163179916
4.04757919904363
1.7077106993425
3.95684399282726
1.28153018529588
2.41434548714883
1.43550508069337
2.60131500298864
2.32361028093246
1.35576808129109
1.66921697549313
2.42809324566647
2.3071129707113
1.79844590555888
1.53998804542738
1.59222952779438
2.38135086670652
3.43992827256426
1.94142259414226
1.8314405260012
2.54632396891811
2.65080693365212
1.5317393903168
1.5317393903168
1.71320980274955
2.81852958756724
1.46575014943216
3.06323968918111
1.02032277346085
1.30352659892409
1.28153018529588
1.86443514644351
4.82845188284519
2.29061566049014
1.52624028690974
1.41075911536163
2.88451882845188
2.5655708308428
1.17154811715481
1.66096832038255
3.6928870292887
1.43825463239689
1.79844590555888
1.09731022115959
1.68296473401076
1.36951583980873
1.08631201434549
1.53448894202032
1.80394500896593
1.68571428571429
2.12289300657502
2.12564255827854
1.47124925283921
2.13664076509265
1.81769276748356
1.93592349073521
1.86718469814704
2.08164973102212
2.03765690376569
2.10364614465033
0.885594739988045
2.65080693365212
2.25212193664077
1.6252241482367
1.44375373580394
1.1907949790795
1.26228332337119
2.13114166168559
1.55923490735206
1.47674835624626
2.03765690376569
3.34644351464435
1.91667662881052
1.60597728631201
1.81769276748356
1.05881649731022
1.68571428571429
1.57573221757322
1.94967124925284
2.43359234907352
2.22737597130903
2.23012552301255
10.4292887029289
2.18888224745965
2.5655708308428
1.53448894202032
4.1988045427376
2.36210400478183
1.04506873879259
1.68296473401076
1.2430364614465
1.46300059772863
1.65271966527197
1.36126718469815
0.907591153616258
2.34560669456067
2.47208607292289
1.32277346084877
1.4602510460251
1.69671249252839
2.91201434548715
1.82594142259414
2.57106993424985
2.87077106993425
2.62881052002391
1.28153018529588
1.85893604303646
1.50699342498506
1.00107591153616
1.91117752540347
1.67471607890018
2.45833831440526
1.45750149432158
1.43550508069337
1.78744769874477
1.39976090854752
1.67746563060371
1.59222952779438
1.46849970113568
4.53424985056784
1.64722056186491
4.19055588762702
2.52982665869695
2.07065152420801
1.61697549312612
2.59031679617454
1.8011954572624
1.6664674237896
2.34010759115362
1.52349073520622
2.13114166168559
1.89742976688583
1.64172145845786
1.56198445905559
2.10914524805738
1.88918111177525
2.11189479976091
0.921338912133891
1.59497907949791
1.35026897788404
1.49599521817095
1.2430364614465
2.45833831440526
1.38601315002989
1.36126718469815
2.32635983263598
1.11655708308428
1.78744769874477
1.49324566646742
1.61972504482965
1.46575014943216
0.756365809922295
1.14405260011955
1.57848176927675
1.2430364614465
2.02390914524806
3.86335923490735
1.41625821876868
2.29886431560072
1.58673042438733
1.8314405260012
1.82594142259414
1.7901972504483
1.52349073520622
1.08631201434549
1.63897190675433
1.57573221757322
1.65271966527197
1.22378959952182
1.83419007770472
1.71320980274955
2.01291093843395
2.34560669456067
1.72970711297071
2.1833831440526
1.93867304243873
3.10173341303048
2.43909145248057
1.78744769874477
2.3181111775254
2.70854751942618
1.24028690974298
1.39426180514047
1.68846383741781
3.02749551703527
4.85319784817693
1.63622235505081
1.52624028690974
0.838852361028093
2.09539748953975
1.44650328750747
2.43634190077705
1.85618649133293
2.5243275552899
1.89193066347878
0.783861326957561
1.98541542139868
2.17513448894202
1.7187089061566
0.038732815301853
1.98541542139868
1.7077106993425
1.64172145845786
2.03490735206216
1.11930663478781
2.67555289898386
1.72695756126718
1.70496114763897
2.16413628212791
1.47399880454274
1.52624028690974
2.46383741781231
1.47124925283921
4.90543933054393
3.71763299462044
1.49874476987448
2.21637776449492
1.47124925283921
2.18888224745965
1.62797369994023
1.63072325164375
1.38326359832636
1.33652121936641
6.02450687387926
1.54823670053796
1.51799163179916
0.924088463837418
1.87818290496115
1.6252241482367
2.41159593544531
2.40334728033473
2.3483562462642
1.70221159593545
3.51141661685595
1.93592349073521
1.0670651524208
2.2246264196055
1.41075911536163
1.47949790794979
2.43909145248057
1.39976090854752
1.22378959952182
1.88918111177525
1.48499701135684
2.35385534967125
1.87818290496115
1.86718469814704
1.09731022115959
3.17872086072923
2.27961745367603
1.43550508069337
2.37860131500299
1.38051404662283
1.40251046025105
2.27136879856545
4.26204423191871
0.902092050209205
2.04590555887627
2.17238493723849
1.73520621637776
2.07340107591154
2.00466228332337
1.76545128511656
2.23287507471608
1.41075911536163
0.83335325762104
1.68296473401076
1.46849970113568
2.34285714285714
1.23753735803945
2.18063359234907
1.46300059772863
1.90842797369994
2.23012552301255
0.948834429169157
0.794859533771668
1.39426180514047
3.6104004781829
1.36951583980873
1.35026897788404
4.38852361028093
1.66921697549313
2.68655110579797
1.92217573221757
2.37310221159594
1.85068738792588
0.803108188882247
1.34751942618051
2.40334728033473
2.13114166168559
1.11930663478781
1.42175732217573
1.15230125523013
2.65630603705918
1.05606694560669
1.70496114763897
1.55098625224148
1.99366407650926
2.45008965929468
2.11464435146444
1.81769276748356
1.27878063359235
1.03682008368201
0.951583980872684
2.36760310818888
3.78362223550508
2.7415421398685
0.731619844590556
1.88918111177525
3.59665271966527
1.43275552898984
2.76628810520024
1.82869097429767
1.40251046025105
1.76545128511656
1.47124925283921
2.82127913927077
3.1649731022116
2.26861924686192
1.966168559474
1.8424387328153
1.25128511655708
1.35576808129109
1.19904363419008
1.51249252839211
1.74345487148834
2.24387328153019
1.10005977286312
1.89742976688583
2.20263000597729
6.57441721458458
2.29061566049014
1.50699342498506
1.44100418410042
1.91392707710699
1.59497907949791
1.36401673640167
1.45200239091452
1.16879856545129
1.17429766885834
2.04590555887627
1.58123132098028
2.12839210998207
1.24853556485356
1.32277346084877
1.44650328750747
1.64447101016139
3.28595337716677
2.40609683203825
0.998326359832636
3.26395696353855
1.60322773460849
1.69946204423192
1.8836820083682
1.96066945606695
1.72695756126718
1.75720263000598
1.08081291093843
1.38876270173341
5.75230125523012
1.47399880454274
1.36264196054991
1.38326359832636
2.36485355648536
2.22737597130903
3.31344889420203
1.59222952779438
1.449252839211
2.1008965929468
1.80394500896593
0.918589360430365
1.6664674237896
1.87268380155409
1.43275552898984
2.14763897190675
2.19163179916318
1.89742976688583
1.36401673640167
2.0074118350269
1.37501494321578
1.49874476987448
1.71046025104603
1.22928870292887
2.27136879856545
3
0.0414823670053796
1.08906156604901
1.5729826658697
1.46300059772863
1.78194859533772
1.4080095636581
2.74429169157203
1.46575014943216
1.85893604303646
8.77130902570233
2.04590555887627
1.85618649133293
1.69121338912134
1.69121338912134
1.86993424985057
1.4602510460251
7.36628810520024
1.82319187089062
1.5729826658697
1.31452480573819
2.483084279737
1.99641362821279
2.25212193664077
1.69946204423192
1.52349073520622
2.72779438135087
1.86443514644351
1.25953377166766
2.41159593544531
1.33652121936641
1.15230125523013
1.17154811715481
2.15313807531381
1.33102211595935
2.0486551105798
1.74345487148834
1.13855349671249
1.01757322175732
1.48774656306037
2.03215780035864
2.52982665869695
1.42725642558279
2.67555289898386
2.99450089659295
1.23478780633592
1.31452480573819
5.15289898386133
1.96066945606695
3.54991034070532
2.00466228332337
1.47124925283921
11.9085475194262
1.96341900777047
1.38601315002989
1.43550508069337
1.81219366407651
1.33652121936641
1.56198445905559
1.53723849372385
1.7599521817095
1.57848176927675
0.981829049611476
1.68021518230723
2.41984459055589
1.04231918708906
2.96700537955768
1.88093245666467
3.981589958159
1.88918111177525
1.21004184100418
1.46849970113568
1.56473401075912
1.91667662881052
2.9065152420801
4.40502092050209
1.78469814704124
1.0258218768679
2.42534369396294
1.4080095636581
1.86718469814704
1.77644949193066
1.7489539748954
1.94692169754931
1.52898983861327
1.78469814704124
0.981829049611476
1.9249252839211
1.72420800956366
1.41625821876868
1.86443514644351
1.97991631799163
2.29886431560072
3.3409444112373
2.52982665869695
1.449252839211
3.24745965331739
3.18421996413628
3.55540944411237
1.80394500896593
2.03215780035864
1.19629408248655
1.7187089061566
2.16688583383144
1.03956963538554
3.03299462044232
1.09181111775254
2.2658696951584
2.72779438135087
0.98732815301853
1.81769276748356
1.14405260011955
1.82044231918709
0.778362223550508
1.79844590555888
1.39976090854752
1.80669456066946
1.87543335325762
1.40251046025105
1.38601315002989
1.42175732217573
4.49575612671847
1.78744769874477
2.5765690376569
1.37776449491931
1.44650328750747
2.07890017931859
2.12289300657502
2.52157800358637
2.95600717274357
1.71046025104603
4.11081888822475
1.18529587567244
2.28511655708308
1.83968918111178
1.37776449491931
1.14130304841602
0.948834429169157
2.57931858936043
1.00657501494322
2.10364614465033
5.81004184100418
1.61147638971907
1.80669456066946
1.68846383741781
3.21446503287507
1.39426180514047
1.966168559474
1.98266586969516
3.25020920502092
1.17704722056186
2.07340107591154
1.72695756126718
2.57931858936043
1.64722056186491
2.07065152420801
2.55732217573222
1.29252839210998
1.48224745965332
1.36951583980873
2.1421398684997
2.56007172743574
1.24578601315003
1.29802749551704
1.16604901374776
1.60872683801554
1.70496114763897
1.41625821876868
2.59031679617454
3.43717872086073
1.19354453078302
0.84160191273162
1.33652121936641
1.80669456066946
1.16054991034071
1.76820083682008
1.2842797369994
1.37501494321578
1.87818290496115
1.7077106993425
1.16879856545129
5.78254632396892
1.48224745965332
1.36951583980873
1.45750149432158
4.48750747160789
3.20346682606097
3.12647937836222
2.17238493723849
1.86168559473999
2.21637776449492
1.65271966527197
8.46060968320383
1.76820083682008
2.08439928272564
3.34644351464435
0.852600119545726
3.29145248057382
2.62881052002391
1.42175732217573
4.27304243873281
1.8314405260012
1.33652121936641
2.63430962343096
1.13030484160191
1.35026897788404
2.10364614465033
1.88643156007173
3.29145248057382
3.09898386132696
1.2732815301853
2.64530783024507
2.26037059175134
1.21004184100418
3.30520023909145
1.56198445905559
1.94142259414226
2.75254034668261
1.39976090854752
1.39151225343694
22.4365809922295
0.951583980872684
2.05690376569038
4.30878661087866
2.32635983263598
2.04315600717274
1.45750149432158
1.31452480573819
1.31452480573819
1.61422594142259
3.35469216975493
3.25020920502092
1.44375373580394
1.5729826658697
1.62797369994023
1.15230125523013
1.7077106993425
1.19904363419008
1.69671249252839
2.79653317393903
1.58947997609085
1.48774656306037
1.32002390914525
1.8314405260012
1.08906156604901
2.08714883442917
1.34751942618051
1.53998804542738
1.78744769874477
1.76545128511656
2.01566049013748
1.69946204423192
2.01291093843395
1.54823670053796
1.20729228930066
1.74070531978482
1.61147638971907
1.72420800956366
1.6252241482367
1.89193066347878
2.03490735206216
3.15947399880454
1.7901972504483
2.72504482964734
0.869097429766886
1.88643156007173
1.8836820083682
2.33460848774656
2.2768679019725
2.61506276150628
1.47674835624626
1.67746563060371
2.39234907352062
0.976329946204423
0.613389121338912
1.33377166766288
2.29886431560072
1.42725642558279
1.19904363419008
2.52707710699343
3.51416616855947
1.08906156604901
1.71046025104603
1.6252241482367
1.67471607890018
1.45200239091452
1.55648535564854
1.51799163179916
1.19354453078302
2.05140466228332
1.63622235505081
3.46467423789599
1.73245666467424
1.45475194261805
0.728870292887029
1.501494321578
1.29527794381351
1.13030484160191
1.43000597728631
1.36126718469815
0.910340705319785
1.68021518230723
1.60872683801554
1.63347280334728
1.22104004781829
1.16879856545129
2.37310221159594
2.83777644949193
1.31727435744172
1.26503287507472
1.52624028690974
1.78469814704124
1.43550508069337
2.57106993424985
1.58123132098028
1.58123132098028
1.16879856545129
2.36485355648536
1.5317393903168
3.21996413628213
1.88918111177525
1.5317393903168
1.18529587567244
2.45833831440526
1.86443514644351
2.00466228332337
1.79569635385535
1.71046025104603
1.48224745965332
3.87435744172146
1.3255230125523
1.73520621637776
2.54907352062164
1.77919904363419
1.8424387328153
1.4602510460251
1.43825463239689
2.15038852361028
2.12014345487149
1.85068738792588
1.0148236700538
1.5427375971309
1.43000597728631
2.5655708308428
2.28236700537956
1.8836820083682
1.48224745965332
2.77178720860729
2.00466228332337
2.48583383144053
1.04506873879259
1.60597728631201
2.05140466228332
2.45008965929468
2.07340107591154
2.13939031679617
1.85618649133293
1.33377166766288
3.51141661685595
1.38051404662283
2.37035265989241
1.16604901374776
1.2732815301853
1.46849970113568
1.86443514644351
1.74070531978482
4.71022115959354
1.85618649133293
0.874596533173939
1.65271966527197
1.94417214584579
1.89193066347878
1.11930663478781
1.27053197848177
1.34751942618051
1.9249252839211
2.02940824865511
1.53998804542738
1.71320980274955
2.10914524805738
2.22187686790197
1.33927077106993
2.0074118350269
1.43550508069337
2.73604303646145
2.05140466228332
1.43825463239689
1.60597728631201
1.33377166766288
1.72145845786013
1.05881649731022
9.82988643156007
1.3255230125523
2.16138673042439
2.12564255827854
1.42450687387926
0.264196054991034
1.55373580394501
1.62797369994023
1.08081291093843
1.94417214584579
1.41350866706515
1.88643156007173
2.90926479378362
2.11189479976091
1.78469814704124
5.09790794979079
1.42725642558279
1.69671249252839
1.62797369994023
1.71046025104603
1.31452480573819
5.47184698147041
2.96700537955768
1.30902570233114
27.8257023311417
0.968081291093843
1.99366407650926
1.05331739390317
0.948834429169157
0.440167364016736
2.09814704124328
3.08523610280932
1.91117752540347
2.79378362223551
1.50974297668858
1.60322773460849
1.61422594142259
0.902092050209205
1.7187089061566
1.56198445905559
2.15038852361028
0.882845188284519
1.79844590555888
3.02749551703527
2.57106993424985
1.50699342498506
1.51249252839211
1.5317393903168
1.27053197848177
2.35110579796772
2.38959952181709
1.19354453078302
1.35851763299462
0.943335325762104
0.992827256425583
1.966168559474
4.63598326359833
1.59772863120143
1.64997011356844
1.88093245666467
2.28511655708308
2.33185893604304
1.33652121936641
1.66921697549313
1.58123132098028
1.59222952779438
2.14488942020323
2.66180514046623
1.45200239091452
1.90842797369994
1.52349073520622
1.30627615062762
1.05056784219964
1.81219366407651
2.18613269575613
1.53998804542738
2.15863717872086
1.98541542139868
0.907591153616258
0.97083084279737
2.30986252241482
2.85977286312014
1.41900777047221
1.60322773460849
1.73795576808129
1.47949790794979
2.26037059175134
2.1421398684997
3.10723251643754
1.95517035265989
2.68380155409444
1.35851763299462
3.29695158398087
1.05881649731022
2.07340107591154
1.69671249252839
0.863598326359833
1.29527794381351
1.6664674237896
2.19713090257023
1.58123132098028
1.24578601315003
1.28153018529588
0.83335325762104
1.78194859533772
1.90842797369994
1.58123132098028
1.52074118350269
1.1907949790795
0.56664674237896
1.19904363419008
1.57573221757322
0.940585774058577
2.48583383144053
1.65821876867902
3.86335923490735
1.57573221757322
1.48499701135684
1.43275552898984
1.77644949193066
1.65271966527197
2.40884638374178
4.91918708906157
2.62056186491333
0.844351464435147
1.67196652719665
1.13305439330544
1.13580394500897
3.07698744769874
2.34285714285714
2.79378362223551
2.63156007172744
2.48033472803347
1.06156604901375
0.915839808726838
1.84793783622236
2.535325762104
1.93042438732815
2.87901972504483
2.36210400478183
1.79844590555888
1.44100418410042
3.14847579199044
1.86443514644351
3.29695158398087
3.17872086072923
1.38326359832636
1.5839808726838
2.39509862522415
1.12755528989839
2.45283921099821
1.08081291093843
2.98625224148237
1.60597728631201
2.94500896592947
1.16604901374776
1.98266586969516
1.80394500896593
2.0486551105798
1.45475194261805
1.42725642558279
2.15038852361028
1.70221159593545
2.77178720860729
1.20454273759713
1.21279139270771
2.48858338314405
2.41159593544531
1.69946204423192
2.56282127913927
1.21004184100418
1.4602510460251
1.45750149432158
2.01016138673042
1.42450687387926
2.99450089659295
2.13114166168559
2.45283921099821
1.8011954572624
4.02008368200837
1.52074118350269
1.41900777047221
1.53448894202032
1.8836820083682
1.69946204423192
1.51524208009564
3.41518230723252
1.44100418410042
2.65080693365212
1.86718469814704
1.97991631799163
2.02390914524806
2.13114166168559
2.17238493723849
1.32002390914525
2.10639569635386
1.4904961147639
1.88918111177525
1.57848176927675
1.96066945606695
1.75170352659892
2.6480573819486
2.36760310818888
1.39426180514047
1.36951583980873
1.69396294082487
1.97716676628811
1.63347280334728
3.38768679019725
1.71595935445308
1.19629408248655
2.03490735206216
0.0332337118947998
1.7489539748954
1.51249252839211
2.2658696951584
2.16963538553497
2.77728631201435
2.7827854154214
1.35301852958757
1.69671249252839
1.75445307830245
2.55457262402869
1.00107591153616
1.46849970113568
2.29886431560072
1.5427375971309
0.577644949193066
1.26503287507472
1.42725642558279
1.96341900777047
1.77644949193066
1.23753735803945
1.73795576808129
3.27770472205619
1.43000597728631
1.15230125523013
1.41075911536163
1.79844590555888
1.74345487148834
1.85068738792588
0.511655708308428
1.44650328750747
1.2320382546324
2.02390914524806
1.449252839211
1.98541542139868
3
1.48499701135684
1.30352659892409
1.68571428571429
1.29527794381351
1.57023311416617
1.40526001195457
1.64447101016139
1.70496114763897
1.46575014943216
1.77369994022714
2.30986252241482
2.15038852361028
2.1008965929468
3.98708906156605
1.99091452480574
3.00549910340705
0.0167364016736402
1.75445307830245
1.42725642558279
0.968081291093843
1.92767483562463
2.25762104004782
1.58947997609085
2.28236700537956
4.35827854154214
1.92217573221757
2.16688583383144
1.53448894202032
2.60956365809922
2.16413628212791
3.14847579199044
0.192707710699342
0.0469814704124328
2.56832038254632
1.58947997609085
1.60597728631201
2.17788404064555
1.07256425582785
2.61231320980275
1.2732815301853
1.25403466826061
1.74345487148834
5.96401673640167
1.08906156604901
2.69205020920502
2.39234907352062
1.97716676628811
2.40334728033473
2.21912731619845
2.77453676031082
2.37310221159594
2.42809324566647
1.22378959952182
2.12564255827854
1.46575014943216
1.18254632396892
4.42426778242678
1.90017931858936
1.13855349671249
1.91667662881052
3.09623430962343
1.40251046025105
1.77919904363419
1.14680215182307
1.52624028690974
1.34476987447699
4.15206216377764
2.28786610878661
1.44100418410042
1.13580394500897
1.52624028690974
2.06240286909743
3.18971906754334
2.05415421398685
2.02665869695158
2.21912731619845
1.16329946204423
2.2768679019725
1.15230125523013
2.03490735206216
1.11930663478781
1.90567842199641
0.365929468021518
2.21362821279139
1.36126718469815
2.07890017931859
2.54082486551106
1.19904363419008
1.39701135684399
1.53723849372385
3.14847579199044
1.59772863120143
1.46849970113568
1.43550508069337
1.77919904363419
2.16688583383144
3.50591751344889
1.35851763299462
2.03215780035864
1.50699342498506
2.12564255827854
0.935086670651524
1.64172145845786
1.28977884040646
0.756365809922295
1.73245666467424
1.03132098027496
2.13664076509265
1.72420800956366
1.16329946204423
2.13114166168559
2.76353855349671
3.22546323968918
1.17154811715481
2.60406455469217
2.8762701733413
1.85618649133293
1.68571428571429
1.85343693962941
2.2246264196055
2.22737597130903
2.86252241482367
1.98816497310221
1.55373580394501
1.54548714883443
2.24662283323371
1.43275552898984
1.7489539748954
4.23454871488344
1.62247459653317
1.52349073520622
1.13855349671249
5.18864315600717
1.41075911536163
0.011237298266587
1.30352659892409
2.81303048416019
2.35660490137478
2.1008965929468
0.929587567244471
5.29587567244471
4.99617453676031
1.90567842199641
1.24166168559474
1.24028690974298
2.18613269575613
2.09539748953975
1.77369994022714
1.85068738792588
1.88643156007173
1.12755528989839
2.46658696951584
1.06156604901375
2.49408248655111
2.28786610878661
1.83693962940825
3.45642558278542
1.63622235505081
1.41625821876868
1.13855349671249
2.10914524805738
1.42450687387926
1.69671249252839
2.35660490137478
2.46383741781231
1.0148236700538
1.30902570233114
0.929587567244471
2.18063359234907
1.90567842199641
2.57381948595338
1.73520621637776
1.54823670053796
1.64447101016139
2.2658696951584
1.61147638971907
2.63156007172744
2.6480573819486
2.20812910938434
2.05690376569038
3.36294082486551
0.910340705319785
3.66539151225344
1.12755528989839
1.69121338912134
1.23478780633592
1.61972504482965
1.35026897788404
3.78087268380155
1.69946204423192
2.41434548714883
2.01566049013748
1.60047818290496
1.00107591153616
1.12755528989839
2.19438135086671
2.54632396891811
1.98541542139868
1.98541542139868
1.02857142857143
1.06981470412433
1.83968918111178
1.7187089061566
2.13939031679617
1.8424387328153
3.76162582187687
1.68571428571429
1.94142259414226
1.77919904363419
3.84136282127914
2.30436341900777
2.19988045427376
2.03490735206216
1.71046025104603
2.28236700537956
1.30902570233114
2.59031679617454
1.77644949193066
2.02115959354453
1.77095038852361
2.15588762701733
1.58673042438733
1.85618649133293
1.21004184100418
1.24578601315003
1.63622235505081
1.50424387328153
2.04315600717274
1.73245666467424
1.82869097429767
2.41434548714883
1.99641362821279
2.45008965929468
2.24387328153019
1.13580394500897
1.4080095636581
3.85236102809325
1.9249252839211
3.39593544530783
1.35576808129109
2.87901972504483
1.34339509862522
0.990077704722056
1.03407053197848
2.09814704124328
1.55923490735206
1.49599521817095
1.32827256425583
2.21637776449492
2.55732217573222
1.39701135684399
1.69121338912134
2.24387328153019
1.2732815301853
4.76521219366408
1.70221159593545
1.17154811715481
2.02115959354453
1.68571428571429
2.55732217573222
2.483084279737
1.91392707710699
1.61697549312612
1.6252241482367
2.29336521219366
1.36401673640167
2.51332934847579
2.75254034668261
1.30902570233114
2.3181111775254
2.10364614465033
1.8314405260012
1.5317393903168
2.52982665869695
1.68571428571429
1.29802749551704
1.18254632396892
1.39426180514047
1.37776449491931
2.23562462641961
1.82319187089062
1.22653915122534
1.67471607890018
1.72970711297071
1.16329946204423
1.58947997609085
1.68571428571429
2.37310221159594
1.65821876867902
0.794859533771668
1.53448894202032
1.53998804542738
1.69121338912134
1.74345487148834
1.58947997609085
3.27220561864913
2.01016138673042
3.93759713090257
1.21829049611476
2.05690376569038
1.66921697549313
1.5317393903168
1.27878063359235
1.29802749551704
0.973580394500897
1.53998804542738
1.79844590555888
1.27878063359235
2.23012552301255
1.40526001195457
2.52982665869695
1.15780035863718
1.1495517035266
3.1237298266587
2.12839210998207
1.25128511655708
1.22104004781829
1.48224745965332
2.7827854154214
1.60322773460849
1.87543335325762
1.29802749551704
1.71320980274955
0.822355050806934
1.66371787208607
1.08631201434549
2.05140466228332
1.91667662881052
1.83419007770472
1.67471607890018
1.10280932456665
1.03956963538554
0.957083084279737
0.921338912133891
2.40884638374178
1.87268380155409
2.10639569635386
1.5427375971309
2.40609683203825
2.09814704124328
1.66371787208607
1.34476987447699
2.55182307232516
2.17788404064555
1.72145845786013
1.4904961147639
2.15038852361028
10.7179916317992
1.64172145845786
2.79103407053198
0.992827256425583
1.85068738792588
2.51057979677227
2.17788404064555
1.33377166766288
1.69121338912134
2.43084279736999
1.58673042438733
1.04781829049611
2.18063359234907
0.951583980872684
1.62247459653317
1.40251046025105
1.19629408248655
1.32827256425583
1.26228332337119
2.12289300657502
2.03215780035864
2.96975493126121
2.23837417812313
2.50233114166169
2.77178720860729
1.46300059772863
1.0670651524208
1.78469814704124
1.56748356246264
1.68021518230723
1.40251046025105
1.2320382546324
1.62247459653317
2.02115959354453
2.79653317393903
1.41900777047221
2.12014345487149
4.10257023311417
1.03132098027496
2.41984459055589
6.17573221757322
1.85343693962941
2.04040645546922
2.24387328153019
1.94967124925284
1.94417214584579
2.21087866108787
2.19988045427376
2.57931858936043
0.591392707710699
0.929587567244471
1.53723849372385
1.91942618051405
1.66096832038255
2.02115959354453
3.75337716676629
2.1833831440526
1.88918111177525
1.966168559474
0.808607292289301
1.78194859533772
2.38135086670652
2.57106993424985
1.31452480573819
1.33377166766288
2.11464435146444
2.03490735206216
1.63622235505081
1.33102211595935
2.69754931261207
1.32827256425583
1.73520621637776
1.82044231918709
2.40609683203825
2.02940824865511
1.38601315002989
2.68105200239091
2.25762104004782
1.54823670053796
1.81494321578004
2.19438135086671
1.82319187089062
2.40334728033473
1.64722056186491
2.16963538553497
2.5655708308428
2.08714883442917
1.30627615062762
1.11105797967723
1.65821876867902
1.61972504482965
4.57549312612074
4.58374178123132
1.69946204423192
3.35469216975493
1.96066945606695
2.80478182904961
1.7599521817095
2.06240286909743
1.58673042438733
1.7599521817095
1.78744769874477
0.847101016138673
1.94142259414226
2.47208607292289
1.51799163179916
3.10448296473401
5.84578601315003
2.11464435146444
1.48499701135684
1.34476987447699
1.44650328750747
1.37226539151225
2.22187686790197
1.1495517035266
2.41984459055589
1.10555887627017
1.00382546323969
1.69396294082487
1.64722056186491
3.26670651524208
1.35301852958757
2.3483562462642
0.332934847579199
1.00657501494322
1.50974297668858
2.11464435146444
1.40526001195457
1.64722056186491
1.45475194261805
1.43275552898984
3.93209802749552
1.73245666467424
1.18529587567244
1.5839808726838
1.66921697549313
1.70221159593545
1.81769276748356
1.4904961147639
1.76545128511656
6.04375373580394
1.501494321578
1.81769276748356
1.98541542139868
1.63897190675433
1.91667662881052
2.87901972504483
2.76903765690377
1.67196652719665
1.96066945606695
1.38876270173341
4.14381350866706
1.04231918708906
1.5839808726838
2.63705917513449
2.19163179916318
1.72970711297071
6.49742976688583
1.59222952779438
1.35851763299462
2.37585176329946
1.30627615062762
3.26395696353855
1.30902570233114
5.09790794979079
2.5655708308428
2.8652719665272
2.25762104004782
2.6178123132098
4.05307830245069
1.37776449491931
1.45475194261805
0.984578601315003
1.23753735803945
1.97166766288105
2.66180514046623
1.26228332337119
1.01757322175732
1.47124925283921
1.65546921697549
1.30627615062762
1.23478780633592
1.54823670053796
2.94225941422594
1.41900777047221
2.12289300657502
1.8836820083682
2.07890017931859
1.74620442319187
1.00932456664674
2.20537955768081
1.15230125523013
2.0074118350269
2.82952779438135
1.53448894202032
2.67830245068739
2.07890017931859
3.57465630603706
1.23478780633592
2.0074118350269
1.58123132098028
2.66455469216975
1.15230125523013
1.21554094441124
1.449252839211
2.12564255827854
1.70221159593545
2.25487148834429
0.97083084279737
3.56915720263001
1.6252241482367
1.7187089061566
1.72420800956366
1.68021518230723
2.75528989838613
3.12098027495517
1.60047818290496
1.29252839210998
3.07423789599522
1.98816497310221
1.52624028690974
1.50974297668858
1.41900777047221
0.720621637776449
2.43084279736999
1.47399880454274
1.63347280334728
1.48499701135684
2.35110579796772
1.96066945606695
1.74345487148834
1.22653915122534
1.74070531978482
1.41350866706515
1.1083084279737
1.90567842199641
1.26503287507472
0.902092050209205
2.53257621040048
1.48499701135684
1.78744769874477
1.67471607890018
1.69946204423192
1.64172145845786
3.70113568439928
1.74345487148834
1.64997011356844
1.79569635385535
2.60131500298864
1.45200239091452
1.28153018529588
1.5729826658697
2.49133293484758
2.94500896592947
1.30627615062762
1.44650328750747
1.96891811117753
1.32002390914525
2.15038852361028
1.43550508069337
1.03956963538554
1.74345487148834
4.60573819485953
2.32910938433951
2.47483562462642
1.50974297668858
2.79103407053198
1.68571428571429
0.990077704722056
1.36126718469815
2.10364614465033
1.69946204423192
1.2320382546324
2.00191273161984
2.40609683203825
1.2430364614465
2.14901374775851
1.6252241482367
1.91392707710699
1.99916317991632
1.53723849372385
1.52624028690974
1.0258218768679
1.26778242677824
1.05606694560669
0.907591153616258
1.35026897788404
2.55732217573222
1.84518828451883
2.14763897190675
6.48093245666467
2.29336521219366
1.2842797369994
1.35026897788404
3.9101016138673
1.43000597728631
1.3255230125523
1.00107591153616
1.7599521817095
1.4904961147639
0.924088463837418
0.591392707710699
3.0412432755529
1.59222952779438
1.3667662881052
1.79569635385535
1.78744769874477
1.5729826658697
2.25212193664077
2.77453676031082
1.77095038852361
2.73879258816497
3.99533771667663
3.3519426180514
2.11464435146444
2.48583383144053
1.89193066347878
1.39701135684399
1.46575014943216
1.22104004781829
1.27053197848177
1.7901972504483
1.12480573819486
1.1495517035266
1.78469814704124
1.24028690974298
1.16054991034071
1.47124925283921
0.715122534369396
1.87543335325762
1.39976090854752
1.45200239091452
1.63347280334728
1.43000597728631
2.0074118350269
2.52982665869695
2.09814704124328
1.46849970113568
2.56832038254632
1.43825463239689
1.7489539748954
1.28977884040646
1.67471607890018
1.34202032277346
1.02032277346085
2.80478182904961
3.0824865511058
2.18888224745965
0.0909742976688584
2.30436341900777
1.14405260011955
1.16879856545129
0.665630603705917
2.3071129707113
2.75803945008966
1.16329946204423
1.90292887029289
1.43550508069337
2.47483562462642
1.45475194261805
2.00466228332337
1.73245666467424
1.63897190675433
1.3255230125523
1.75720263000598
1.76820083682008
2.07615062761506
1.64172145845786
1.98541542139868
3.32994620442319
1.33377166766288
1.13305439330544
0.904841601912732
2.60956365809922
1.90292887029289
2.45008965929468
0.844351464435147
1.88093245666467
2.23287507471608
1.61697549312612
1.87818290496115
1.46300059772863
1.43275552898984
1.43550508069337
2.49683203825463
1.7077106993425
0.95433353257621
1.01757322175732
1.85893604303646
6.95385534967125
1.46849970113568
2.08439928272564
1.83693962940825
1.36401673640167
1.31727435744172
2.45283921099821
1.72145845786013
1.96891811117753
1.43275552898984
1.33652121936641
1.69121338912134
1.44375373580394
1.43275552898984
2.01291093843395
1.22104004781829
1.47399880454274
14.3061566049014
1.93592349073521
1.27053197848177
1.92767483562463
1.57573221757322
2.75528989838613
1.14130304841602
2.27961745367603
1.2842797369994
1.42725642558279
1.966168559474
1.34751942618051
2.15313807531381
1.91117752540347
1.25403466826061
0.385176329946204
1.78744769874477
1.03132098027496
1.35851763299462
1.56473401075912
1.69121338912134
4.32253436939629
2.27961745367603
1.27053197848177
1.78194859533772
1.00382546323969
1.32002390914525
1.34202032277346
2.07890017931859
1.89193066347878
3.21996413628213
1.27878063359235
1.29252839210998
1.71046025104603
1.48774656306037
2.36210400478183
0.734369396294082
1.76545128511656
1.87543335325762
1.67196652719665
1.80394500896593
1.94142259414226
1.8011954572624
7.13257621040048
4.38577405857741
1.58947997609085
1.41075911536163
1.48499701135684
1.90567842199641
2.04315600717274
1.89742976688583
2.12014345487149
1.95242080095637
2.05690376569038
2.03490735206216
1.58123132098028
2.10364614465033
1.32827256425583
1.49874476987448
1.43275552898984
1.47399880454274
2.6480573819486
2.09264793783622
1.50974297668858
2.04590555887627
1.81494321578004
1.96066945606695
1.73520621637776
1.76545128511656
1.46575014943216
1.33927077106993
2.05690376569038
1.37776449491931
1.10005977286312
3.02474596533174
1.33652121936641
1.74620442319187
2.34560669456067
1.36951583980873
1.12480573819486
1.05881649731022
0.959832635983264
13.38505678422
2.34285714285714
1.43550508069337
1.501494321578
1.47949790794979
1.31727435744172
2.6178123132098
2.40334728033473
1.40526001195457
1.49874476987448
2.36760310818888
1.81769276748356
2.7002988643156
2.15863717872086
1.16604901374776
1.25678421996414
1.59222952779438
1.9249252839211
2.29611476389719
1.76270173341303
1.43825463239689
1.11930663478781
2.49133293484758
0.418170950388524
1.93867304243873
1.70496114763897
1.74070531978482
2.90101613867304
1.46575014943216
1.55648535564854
1.31727435744172
3.94309623430962
0.819605499103407
3.92934847579199
1.56198445905559
1.43000597728631
1.99091452480574
1.57023311416617
0.0992229527794381
2.23837417812313
1.70221159593545
1.64172145845786
1.34476987447699
1.8314405260012
1.55923490735206
1.50699342498506
1.68846383741781
2.33735803945009
1.28702928870293
1.55648535564854
1.51249252839211
1.07256425582785
1.15780035863718
1.87818290496115
1.2842797369994
2.10639569635386
1.29802749551704
1.69946204423192
1.25128511655708
1.59222952779438
2.55457262402869
1.93592349073521
1.46575014943216
1.22378959952182
2.23562462641961
2.58206814106396
4.92743574417215
2.02665869695158
3.36843992827256
2.49408248655111
1.22653915122534
1.03132098027496
1.69946204423192
1.02857142857143
2.86802151823072
1.26503287507472
1.59772863120143
2.00466228332337
1.21554094441124
3.06873879258816
3.01649731022116
1.48224745965332
1.39151225343694
1.34476987447699
1.30077704722056
1.77095038852361
1.24853556485356
1.48499701135684
1.53723849372385
1.67471607890018
1.28702928870293
1.52074118350269
1.94142259414226
3.12647937836222
1.31177525403467
3.23921099820681
2.19163179916318
1.40251046025105
1.24028690974298
2.07065152420801
1.41900777047221
1.53998804542738
2.53257621040048
1.74620442319187
0.847101016138673
1.52074118350269
1.48774656306037
0.770113568439928
1.65271966527197
2.37585176329946
1.41900777047221
1.7489539748954
1.43000597728631
1.3667662881052
1.33927077106993
1.41350866706515
3.35469216975493
2.50508069336521
2.13939031679617
2.35385534967125
1.68296473401076
1.7901972504483
2.81028093245666
2.09539748953975
3.75612671846981
3.22821279139271
2.02665869695158
1.94692169754931
1.81769276748356
1.0670651524208
1.44650328750747
1.1083084279737
2.84602510460251
2.97525403466826
3.30794979079498
2.76903765690377
1.27603108188882
1.67471607890018
1.37501494321578
0.940585774058577
2.535325762104
1.91942618051405
2.21637776449492
2.11739390316796
3.19521817095039
2.15038852361028
1.97166766288105
1.17704722056186
2.29336521219366
2.64255827854154
1.63897190675433
2.1008965929468
1.1083084279737
1.99366407650926
1.64997011356844
1.04506873879259
1.85343693962941
2.06790197250448
2.47483562462642
1.51524208009564
2.74979079497908
1.49324566646742
1.67471607890018
3.12922893006575
0.937836222355051
3.3519426180514
2.40609683203825
1.55923490735206
1.33377166766288
1.51524208009564
2.50508069336521
1.73245666467424
1.91667662881052
3.32169754931261
1.63347280334728
1.79844590555888
1.90292887029289
1.30077704722056
0.0937238493723849
1.84518828451883
1.89468021518231
1.69396294082487
1.25678421996414
2.17788404064555
1.54823670053796
1.08906156604901
2.26861924686192
1.82319187089062
3.48392109982068
8.01243275552899
1.45475194261805
3.33819485953377
1.06156604901375
1.2430364614465
1.67471607890018
1.20454273759713
1.21004184100418
1.71320980274955
9.93161984459056
1.75720263000598
1.35576808129109
1.4904961147639
1.60597728631201
1.56198445905559
1.58947997609085
1.11105797967723
1.13580394500897
1.26503287507472
2.18063359234907
2.55182307232516
2.16688583383144
0.123968918111178
2.37035265989241
2.30161386730424
3.34369396294082
2.0074118350269
1.43550508069337
2.49683203825463
1.94417214584579
1.35026897788404
1.24028690974298
1.19629408248655
0.767364016736402
1.40251046025105
1.74345487148834
1.42175732217573
0.134967124925284
1.4904961147639
1.86718469814704
3.04399282725643
1.5317393903168
1.06156604901375
2.08439928272564
1.16879856545129
1.3667662881052
2.15588762701733
1.76820083682008
1.32827256425583
3.34369396294082
0.951583980872684
1.94967124925284
2.60406455469217
1.7489539748954
2.37860131500299
1.17429766885834
1.95517035265989
1.2430364614465
2.02390914524806
1.20454273759713
1.73245666467424
2.33460848774656
1.35576808129109
1.43550508069337
1.41075911536163
1.38601315002989
1.67196652719665
1.00382546323969
1.68571428571429
1.41625821876868
1.71046025104603
1.31452480573819
2.14488942020323
2.63156007172744
1.29527794381351
2.74429169157203
1.60047818290496
1.95791990436342
1.70496114763897
6.53317393903168
2.30986252241482
2.26861924686192
1.00932456664674
2.73604303646145
0.97083084279737
1.03956963538554
1.74070531978482
2.22737597130903
1.45200239091452
3.34369396294082
1.78469814704124
1.17429766885834
1.33652121936641
1.22928870292887
4.23179916317992
1.0148236700538
2.36210400478183
1.40526001195457
1.97716676628811
1.1083084279737
1.79844590555888
1.41350866706515
1.23753735803945
1.22104004781829
1.28702928870293
1.74070531978482
1.7187089061566
2.32361028093246
3.06049013747759
2.36760310818888
1.04781829049611
2.11189479976091
1.78194859533772
2.73329348475792
1.71320980274955
2.94225941422594
1.48499701135684
1.96341900777047
1.98266586969516
2.12289300657502
2.52982665869695
1.99091452480574
1.2842797369994
1.26778242677824
3.62964734010759
1.7901972504483
1.61972504482965
1.61697549312612
2.15588762701733
14.7625821876868
4.39127316198446
1.13580394500897
3.18971906754334
1.2842797369994
2.60406455469217
2.31536162582188
5.99976090854752
2.49133293484758
3.92934847579199
2.77453676031082
2.3593544530783
1.61972504482965
1.24028690974298
3.26945606694561
2.24662283323371
1.74070531978482
7.70448296473401
1.68571428571429
1.67746563060371
1.52898983861327
1.85343693962941
2.59306634787806
1.64722056186491
2.85152420800956
1.80669456066946
1.39976090854752
1.11380753138075
1.73520621637776
2.23287507471608
1.44375373580394
2.58481769276748
1.41350866706515
1.33652121936641
3.15122534369396
2.01016138673042
1.94967124925284
1.18529587567244
1.18804542737597
2.22737597130903
3.03299462044232
1.57848176927675
2.39784817692767
2.25212193664077
1.2732815301853
9.36521219366408
2.38410041841004
2.05690376569038
3.34919306634788
0.764614465032875
3.16222355050807
1.85893604303646
2.21087866108787
2.0596533173939
1.11930663478781
1.7187089061566
1.31452480573819
2.13939031679617
2.34285714285714
2.38684997011357
2.92851165570831
1.48224745965332
1.05331739390317
1.77095038852361
1.69671249252839
2.01566049013748
1.60872683801554
2.14763897190675
1.98816497310221
2.78553496712493
2.56282127913927
8.35337716676629
1.60047818290496
1.55098625224148
1.44375373580394
2.31536162582188
2.95325762104005
1.95517035265989
1.57848176927675
1.88093245666467
2.23012552301255
2.0486551105798
2.81578003586372
1.89742976688583
1.27603108188882
1.37226539151225
2.10639569635386
3.40968320382546
1.46575014943216
1.05331739390317
2.06790197250448
2.17513448894202
1.69671249252839
1.51524208009564
2.06515242080096
1.1083084279737
2.86252241482367
2.49958158995816
1.60597728631201
2.57931858936043
1.34202032277346
2.39784817692767
1.86443514644351
1.38876270173341
1.27603108188882
1.20454273759713
1.73795576808129
3.74787806335923
2.96150627615063
2.92851165570831
2.64530783024507
1.5729826658697
1.65271966527197
1.61147638971907
0.929587567244471
5.00167364016736
1.41625821876868
1.06981470412433
1.58673042438733
1.2320382546324
1.56748356246264
2.3483562462642
1.57848176927675
1.53723849372385
1.80394500896593
1.16604901374776
2.51332934847579
2.5243275552899
2.11739390316796
0.929587567244471
2.58756724447101
1.94417214584579
2.29886431560072
1.99366407650926
1.64447101016139
1.53723849372385
1.41075911536163
2.45008965929468
1.43550508069337
2.63156007172744
2.48033472803347
2.63156007172744
1.29252839210998
1.79569635385535
2.02940824865511
1.57848176927675
0.992827256425583
1.06431560071727
1.82319187089062
1.26228332337119
2.04590555887627
1.22378959952182
1.64172145845786
3.22271368798565
2.32086072922893
0.0717274357441721
1.51249252839211
3.99808726838015
3.32169754931261
1.38876270173341
1.16329946204423
1.63072325164375
2.1008965929468
2.21912731619845
2.70304841601913
1.45200239091452
1.14130304841602
1.51524208009564
1.30352659892409
1.76820083682008
0.844351464435147
1.38876270173341
2.1008965929468
2.43084279736999
1.98266586969516
1.99366407650926
1.17979677226539
5.1089061566049
1.92767483562463
2.04040645546922
2.13114166168559
1.55373580394501
2.19988045427376
2.20537955768081
1.58673042438733
1.90155409444112
3.87710699342498
2.47483562462642
1.67746563060371
1.20729228930066
1.61972504482965
2.35660490137478
1.66096832038255
1.25678421996414
2.63156007172744
1.46849970113568
1.3255230125523
1.43825463239689
2.08714883442917
1.52898983861327
1.69671249252839
2.77728631201435
0.992827256425583
2.46933652121937
1.2320382546324
3.19246861924686
1.58947997609085
3.60215182307232
2.3483562462642
1.11105797967723
0.572145845786013
1.5839808726838
2.07065152420801
1.15780035863718
1.43550508069337
5.16114763897191
1.25953377166766
2.09814704124328
5.75505080693365
2.3181111775254
2.57931858936043
1.50974297668858
2.04315600717274
2.83777644949193
1.47124925283921
1.69946204423192
1.8424387328153
5.15839808726838
1.34751942618051
