0.451165570830843
1.00657501494322
0.745367603108189
3.20621637776449
1.16604901374776
0.830603705917513
2.17238493723849
0.948834429169157
0.745367603108189
0.70412432755529
0.998326359832636
1.38876270173341
0.913090257023311
1.26778242677824
0.701374775851763
0.805857740585774
0.0194859533771668
1.05881649731022
1.75720263000598
0.847101016138673
0.709623430962343
0.470412432755529
1.36126718469815
0.965331739390317
0.517154811715481
1.60047818290496
0.882845188284519
0.723371189479976
0.737118947997609
1.2320382546324
0.863598326359833
1.21554094441124
0.706873879258816
0.693126120741183
0.770113568439928
1.41075911536163
1.20454273759713
1.12755528989839
0.569396294082486
0.396174536760311
0.662881052002391
1.14130304841602
1.14130304841602
0.563897190675433
0.423670053795577
0.682127913927077
1.19354453078302
0.896592946802152
1.2017931858936
1.27603108188882
1.07531380753138
0.596891811117752
1.08081291093843
0.902092050209205
1.04781829049611
0.684877465630604
0.973580394500897
0.946084877465631
1.96891811117753
0.02498505678422
0.723371189479976
1.87818290496115
1.8011954572624
0.734369396294082
0.921338912133891
0.616138673042439
0.599641362821279
0.266945606694561
0.904841601912732
0.940585774058577
0.481410639569635
0.871846981470413
1.39976090854752
1.35026897788404
1.0148236700538
1.71320980274955
1.38876270173341
0.646383741781231
0.946084877465631
0.926838015540944
1.14680215182307
0.552898983861327
0.563897190675433
1.99091452480574
0.814106395696354
0.613389121338912
2.05690376569038
0.624387328153018
1.03956963538554
0.56664674237896
0.357680812910938
0.866347878063359
0.651882845188285
0.915839808726838
1.25953377166766
0.918589360430365
1.03407053197848
7.99868499701136
1.44375373580394
0.885594739988045
0.591392707710699
1.19904363419008
0.0277346084877466
2.24387328153019
0.937836222355051
0.95433353257621
0.605140466228332
1.11930663478781
0.789360430364614
0.69587567244471
1.35301852958757
1.37501494321578
0.68762701733413
1.28015540944411
1.33102211595935
0.533652121936641
1.21554094441124
0.893843395098625
0.676628810520024
1.03132098027496
1.02857142857143
0.97907949790795
0.902092050209205
1.15780035863718
1.46575014943216
1.18804542737597
0.937836222355051
0.640884638374178
0.896592946802152
1.00382546323969
0.561147638971907
2.19713090257023
0.514405260011955
1.11105797967723
1.07806335923491
1.20729228930066
0.723371189479976
0.860848774656306
0.415421398684997
1.33102211595935
0.973580394500897
1.17154811715481
0.415421398684997
0.913090257023311
1.44650328750747
1.9249252839211
3.05224148236701
0.990077704722056
0.973580394500897
0.698625224148237
1.07531380753138
1.90567842199641
0.533652121936641
0.827854154213987
0.607890017931859
1.11105797967723
1.04506873879259
0.734369396294082
2.15313807531381
0.935086670651524
0.775612671846982
1.2732815301853
0.918589360430365
0.770113568439928
1.8424387328153
1.47124925283921
0.519904363419008
0.764614465032875
0.819605499103407
1.00657501494322
0.907591153616258
0.737118947997609
0.415421398684997
1.45750149432158
0.288942020322773
0.95433353257621
0.618888224745965
0.808607292289301
1.25678421996414
0.533652121936641
0.844351464435147
1.06431560071727
0.748117154811715
0.618888224745965
0.95433353257621
1.29527794381351
2.59031679617454
0.302689778840406
1.19629408248655
0.783861326957561
0.770113568439928
0.616138673042439
0.467662881052002
0.904841601912732
0.830603705917513
0.888344291691572
0.528153018529588
0.96258218768679
1.24028690974298
1.33927077106993
0.544650328750747
0.995576808129109
0.882845188284519
0.547399880454274
1.97716676628811
1.45750149432158
0.95433353257621
2.14488942020323
0.926838015540944
10.8444710101614
0.794859533771668
0.68762701733413
0.836102809324567
0.651882845188285
1.26778242677824
0.657381948595338
0.55839808726838
0.792109982068141
0.880095636580992
0.649133293484758
0.863598326359833
1.43275552898984
0.409922295277944
0.506156604901375
0.750866706515242
1.09181111775254
0.816855947399881
1.21829049611476
3.49766885833831
0.596891811117752
0.569396294082486
0.599641362821279
2.34285714285714
1.23478780633592
1.08081291093843
0.588643156007173
1.07531380753138
1.52898983861327
1.08081291093843
0.756365809922295
0.827854154213987
0.596891811117752
2.12564255827854
1.42175732217573
0.723371189479976
0.69587567244471
0.775612671846982
0.948834429169157
0.706873879258816
0.632635983263598
1.16329946204423
0.899342498505678
0.794859533771668
0.671129707112971
1.76270173341303
0.992827256425583
1.2732815301853
0.684877465630604
1.50699342498506
0.932337118947998
1.47949790794979
0.583144052600119
0.5501494321578
0.467662881052002
1.07531380753138
0.750866706515242
1.00932456664674
1.49599521817095
2.15588762701733
0.706873879258816
0.563897190675433
0.808607292289301
0.805857740585774
0.544650328750747
0.858099222952779
1.0670651524208
0.957083084279737
1.17429766885834
1.04506873879259
1.22104004781829
1.21279139270771
1.09731022115959
0.882845188284519
0.536401673640167
0.684877465630604
0.451165570830843
1.52898983861327
0.778362223550508
1.21004184100418
0.792109982068141
2.60131500298864
1.01207411835027
1.1495517035266
1.86718469814704
2.018410041841
1.22378959952182
0.599641362821279
1.37776449491931
1.02032277346085
1.39976090854752
1.10005977286312
1.22653915122534
0.731619844590556
0.522653915122534
1.0148236700538
1.62797369994023
1.16329946204423
1.1495517035266
0.71237298266587
0.561147638971907
1.30902570233114
1.29802749551704
0.657381948595338
0.893843395098625
0.684877465630604
0.44566646742379
0.459414225941423
1.33377166766288
1.37226539151225
4.68547519426181
0.976329946204423
0.778362223550508
0.726120741183503
1.03956963538554
0.838852361028093
1.23753735803945
0.55839808726838
1.41350866706515
0.585893604303646
0.852600119545726
0.657381948595338
0.731619844590556
0.635385534967125
0.871846981470413
0.863598326359833
1.25953377166766
0.629886431560072
1.52898983861327
0.737118947997609
0.750866706515242
1.29252839210998
1.1907949790795
0.893843395098625
0.720621637776449
1.39976090854752
1.13855349671249
2.01016138673042
1.06981470412433
1.30902570233114
1.64172145845786
2.0596533173939
0.869097429766886
0.415421398684997
1.0670651524208
0.836102809324567
0.569396294082486
0.921338912133891
1.21554094441124
0.844351464435147
0.981829049611476
0.481410639569635
1.28702928870293
0.607890017931859
1.37913927077107
0.869097429766886
0.492408846383742
0.635385534967125
1.44375373580394
0.0607292289300657
0.668380155409444
0.880095636580992
0.478661087866109
0.654632396891811
0.646383741781231
0.426419605499103
0.599641362821279
0.858099222952779
0.869097429766886
0.98732815301853
1.17979677226539
0.910340705319785
0.616138673042439
0.899342498505678
0.528153018529588
1.22928870292887
0.706873879258816
0.651882845188285
0.539151225343694
0.511655708308428
0.726120741183503
0.786610878661088
0.767364016736402
1.62797369994023
0.792109982068141
0.588643156007173
0.860848774656306
1.42725642558279
0.792109982068141
0.489659294680215
1.34202032277346
0.618888224745965
0.682127913927077
0.585893604303646
0.976329946204423
1.12480573819486
0.660131500298864
1.1907949790795
0.495158398087268
0.69587567244471
0.618888224745965
0.929587567244471
0.880095636580992
1.07531380753138
0.742618051404662
0.871846981470413
1.0148236700538
0.693126120741183
0.5501494321578
0.610639569635385
0.665630603705917
0.591392707710699
1.2017931858936
0.877346084877466
1.51249252839211
0.759115361625822
0.654632396891811
0.811356843992827
1.78744769874477
1.00107591153616
0.473161984459056
0.726120741183503
1.50699342498506
0.855349671249253
0.547399880454274
0.514405260011955
1.08081291093843
0.525403466826061
1.68296473401076
0.792109982068141
0.486909742976688
1.24578601315003
0.838852361028093
0.836102809324567
1.46300059772863
0.508906156604901
1.02032277346085
0.371428571428571
0.973580394500897
1.90292887029289
0.635385534967125
0.8498505678422
0.635385534967125
1.28153018529588
0.946084877465631
0.811356843992827
0.255947399880454
1.07256425582785
0.55839808726838
0.594142259414226
0.68762701733413
0.55839808726838
2.00466228332337
0.720621637776449
1.13030484160191
0.852600119545726
0.44566646742379
1.11380753138075
1.58673042438733
1.41075911536163
0.827854154213987
1.06981470412433
1.44375373580394
1.32002390914525
0.899342498505678
4.57824267782427
1.30077704722056
0.591392707710699
0.514405260011955
1.41900777047221
0.701374775851763
0.506156604901375
0.717872086072923
0.918589360430365
0.814106395696354
1.28153018529588
0.415421398684997
1.5317393903168
0.734369396294082
0.330185295875672
1.19354453078302
0.596891811117752
0.847101016138673
0.706873879258816
0.671129707112971
0.871846981470413
0.98732815301853
0.786610878661088
0.929587567244471
0.632635983263598
1.31727435744172
1.39701135684399
0.822355050806934
2.51882845188285
1.501494321578
1.14405260011955
1.11930663478781
0.387925881649731
0.618888224745965
0.572145845786013
1.00657501494322
0.783861326957561
0.585893604303646
0.778362223550508
0.803108188882247
0.95433353257621
0.473161984459056
0.84160191273162
2.07615062761506
0.596891811117752
1.27053197848177
0.946084877465631
0.393424985056784
0.888344291691572
0.701374775851763
0.390675433353258
1.0148236700538
0.621637776449492
1.2842797369994
0.528153018529588
1.08906156604901
1.46575014943216
0.957083084279737
0.805857740585774
0.665630603705917
0.715122534369396
0.893843395098625
1.17429766885834
0.585893604303646
0.860848774656306
0.775612671846982
0.803108188882247
1.15230125523013
1.71595935445308
1.55098625224148
2.40884638374178
0.671129707112971
1.07806335923491
0.786610878661088
1.15230125523013
1.35026897788404
0.646383741781231
0.946084877465631
0.635385534967125
1.31727435744172
1.13030484160191
1.18529587567244
1.16879856545129
1.56198445905559
1.38326359832636
0.330185295875672
1.51524208009564
1.05056784219964
0.742618051404662
0.632635983263598
0.789360430364614
0.926838015540944
2.97525403466826
1.03407053197848
1.22104004781829
0.541900777047221
1.14405260011955
1.17154811715481
0.899342498505678
1.13030484160191
0.514405260011955
0.860848774656306
1.68846383741781
0.896592946802152
0.742618051404662
1.48774656306037
1.4080095636581
1.32002390914525
0.5501494321578
0.756365809922295
0.959832635983264
0.67937836222355
1.07531380753138
0.407172743574417
0.497907949790795
1.31452480573819
0.561147638971907
1.03956963538554
1.78469814704124
0.940585774058577
1.15230125523013
0.789360430364614
1.26228332337119
0.847101016138673
1.01757322175732
0.902092050209205
0.503407053197848
0.415421398684997
1.28977884040646
0.951583980872684
2.36210400478183
0.635385534967125
0.698625224148237
0.789360430364614
0.374178123132098
0.915839808726838
0.572145845786013
0.957083084279737
1.0258218768679
2.95325762104005
0.657381948595338
0.943335325762104
0.552898983861327
1.449252839211
0.948834429169157
0.869097429766886
1.18529587567244
0.365929468021518
0.70412432755529
0.720621637776449
0.940585774058577
0.739868499701136
1.03956963538554
1.45750149432158
0.547399880454274
0.924088463837418
1.37226539151225
1.20454273759713
0.836102809324567
0.891093843395099
1.47949790794979
1.1083084279737
1.65271966527197
0.698625224148237
1.64722056186491
0.82510460251046
1.51524208009564
1.16604901374776
1.27878063359235
0.772863120143455
0.682127913927077
0.519904363419008
0.596891811117752
0.957083084279737
0.239450089659295
1.00932456664674
0.222952779438135
1.09456066945607
0.794859533771668
1.92767483562463
1.13580394500897
0.5501494321578
1.13580394500897
1.1083084279737
1.27603108188882
0.783861326957561
0.56664674237896
2.76353855349671
5.64781829049611
0.761864913329348
1.09456066945607
0.893843395098625
0.929587567244471
0.830603705917513
0.935086670651524
1.43000597728631
0.789360430364614
1.20454273759713
0.814106395696354
2.34285714285714
0.682127913927077
0.56664674237896
1.61147638971907
0.805857740585774
3.14572624028691
1.15230125523013
1.18254632396892
1.29527794381351
0.759115361625822
0.599641362821279
0.616138673042439
0.805857740585774
0.847101016138673
1.17154811715481
0.874596533173939
0.893843395098625
1.88093245666467
1.07806335923491
1.91667662881052
0.57489539748954
0.789360430364614
0.17071129707113
1.16329946204423
0.371428571428571
0.728870292887029
0.753616258218769
0.627136879856545
0.739868499701136
1.43550508069337
1.39151225343694
1.12480573819486
0.720621637776449
1.45750149432158
0.855349671249253
1.14680215182307
0.885594739988045
1.35576808129109
1.19904363419008
1.24578601315003
0.855349671249253
1.07531380753138
1.18804542737597
0.83335325762104
0.643634190077705
3.11548117154812
0.783861326957561
0.404423191870891
0.808607292289301
1.16054991034071
0.750866706515242
0.478661087866109
1.05056784219964
1.15505080693365
0.797609085475194
0.860848774656306
0.8498505678422
1.10005977286312
1.16604901374776
0.640884638374178
0.808607292289301
0.682127913927077
0.676628810520024
0.693126120741183
1.26503287507472
1.13855349671249
0.591392707710699
1.65821876867902
0.781111775254035
1.93592349073521
0.577644949193066
0.811356843992827
0.778362223550508
0.778362223550508
1.12480573819486
0.503407053197848
0.781111775254035
0.459414225941423
1.09731022115959
1.74345487148834
0.552898983861327
1.13030484160191
1.13030484160191
0.940585774058577
0.97907949790795
0.583144052600119
0.756365809922295
1.17429766885834
0.690376569037657
0.96258218768679
0.778362223550508
0.536401673640167
0.42916915720263
1.28702928870293
0.803108188882247
0.759115361625822
0.959832635983264
1.02307232516438
0.602390914524806
1.28977884040646
0.783861326957561
0.858099222952779
1.41625821876868
0.948834429169157
0.668380155409444
0.844351464435147
1.08356246264196
1.06431560071727
1.10005977286312
0.709623430962343
1.2320382546324
1.41350866706515
1.17154811715481
1.6252241482367
1.02307232516438
0.497907949790795
0.913090257023311
0.819605499103407
1.19354453078302
1.08081291093843
0.893843395098625
0.404423191870891
1.24578601315003
1.25128511655708
1.74345487148834
1.01757322175732
0.404423191870891
1.59222952779438
1.0258218768679
0.682127913927077
1.28702928870293
0.940585774058577
1.54823670053796
0.676628810520024
1.19354453078302
0.968081291093843
0.819605499103407
0.869097429766886
0.621637776449492
1.17979677226539
1.37501494321578
0.69587567244471
1.26503287507472
2.68655110579797
0.514405260011955
1.22104004781829
0.943335325762104
1.77919904363419
1.2320382546324
0.951583980872684
0.569396294082486
0.838852361028093
0.706873879258816
0.701374775851763
0.610639569635385
0.737118947997609
2.47208607292289
2.96150627615063
0.803108188882247
0.767364016736402
1.03407053197848
5.2023909145248
0.506156604901375
0.627136879856545
1.1495517035266
0.891093843395099
1.03682008368201
0.896592946802152
1.07256425582785
1.21829049611476
0.67937836222355
0.756365809922295
1.02307232516438
0.646383741781231
0.701374775851763
0.794859533771668
0.888344291691572
0.519904363419008
2.2658696951584
1.05606694560669
0.561147638971907
0.530902570233114
1.47124925283921
1.04231918708906
0.992827256425583
1.51524208009564
2.16963538553497
0.684877465630604
1.90842797369994
1.06156604901375
1.05606694560669
0.662881052002391
1.34202032277346
1.2320382546324
0.723371189479976
1.22378959952182
0.731619844590556
1.45750149432158
0.783861326957561
0.44566646742379
0.935086670651524
0.82510460251046
0.244949193066348
0.888344291691572
1.22104004781829
0.756365809922295
0.671129707112971
1.39976090854752
1.15505080693365
1.02857142857143
0.745367603108189
0.341183502689779
1.53998804542738
0.844351464435147
1.13305439330544
1.14130304841602
0.990077704722056
0.640884638374178
1.8424387328153
1.15505080693365
1.19354453078302
2.00466228332337
0.907591153616258
0.847101016138673
3.02474596533174
0.635385534967125
0.440167364016736
0.992827256425583
1.04231918708906
0.739868499701136
1.75445307830245
1.38051404662283
0.946084877465631
1.05056784219964
0.70412432755529
0.770113568439928
1.2430364614465
5.71655708308428
0.84160191273162
2.39784817692767
0.583144052600119
0.43741781231321
1.36401673640167
1.05056784219964
1.5317393903168
1.50424387328153
0.937836222355051
0.880095636580992
0.646383741781231
1.08081291093843
1.26778242677824
0.97083084279737
1.6664674237896
0.759115361625822
0.618888224745965
2.51332934847579
0.654632396891811
1.06981470412433
0.508906156604901
1.3667662881052
0.96258218768679
1.34476987447699
0.693126120741183
1.16604901374776
0.965331739390317
1.25403466826061
0.602390914524806
0.811356843992827
0.82510460251046
0.43741781231321
1.25403466826061
1.34476987447699
0.874596533173939
0.706873879258816
1.12205618649133
0.935086670651524
1.45475194261805
1.08081291093843
1.15230125523013
0.610639569635385
1.21554094441124
1.44100418410042
2.27136879856545
0.789360430364614
1.13855349671249
0.932337118947998
0.95433353257621
1.30627615062762
0.786610878661088
0.453915122534369
0.401673640167364
3.60490137477585
2.09814704124328
2.78553496712493
1.41625821876868
0.808607292289301
0.885594739988045
0.588643156007173
0.682127913927077
0.822355050806934
0.536401673640167
2.24387328153019
1.13305439330544
0.792109982068141
3.80286909742977
1.46575014943216
0.621637776449492
1.35576808129109
0.748117154811715
0.726120741183503
0.95433353257621
1.04231918708906
0.43741781231321
0.97083084279737
1.16054991034071
1.19354453078302
0.616138673042439
0.70412432755529
1.45475194261805
0.638135086670651
0.921338912133891
0.660131500298864
2.88176927674836
0.657381948595338
0.338433950986252
0.69587567244471
1.19904363419008
0.973580394500897
0.536401673640167
0.893843395098625
0.415421398684997
1.06156604901375
2.35385534967125
0.717872086072923
0.899342498505678
0.759115361625822
1.05056784219964
1.1907949790795
0.649133293484758
0.599641362821279
0.55839808726838
0.764614465032875
0.852600119545726
0.470412432755529
0.8498505678422
0.396174536760311
3.83036461446503
0.616138673042439
0.55839808726838
0.830603705917513
1.02857142857143
0.643634190077705
1.43275552898984
0.98732815301853
0.992827256425583
1.05331739390317
1.10555887627017
0.822355050806934
0.778362223550508
0.742618051404662
1.19904363419008
0.734369396294082
0.748117154811715
0.70412432755529
0.709623430962343
0.915839808726838
0.761864913329348
0.390675433353258
1.47124925283921
0.646383741781231
0.981829049611476
1.0258218768679
0.899342498505678
0.940585774058577
3.36843992827256
1.03132098027496
0.882845188284519
1.07806335923491
1.09181111775254
1.01207411835027
0.577644949193066
1.07256425582785
0.255947399880454
0.764614465032875
0.635385534967125
0.800358637178721
1.17979677226539
0.84160191273162
0.775612671846982
0.852600119545726
1.34476987447699
1.45200239091452
0.506156604901375
0.588643156007173
1.25128511655708
0.734369396294082
0.484160191273162
0.800358637178721
0.646383741781231
0.327435744172146
2.64255827854154
1.61972504482965
2.18613269575613
0.467662881052002
2.48858338314405
0.838852361028093
0.896592946802152
1.27053197848177
0.860848774656306
0.951583980872684
0.42092050209205
0.698625224148237
1.19904363419008
0.803108188882247
0.869097429766886
0.709623430962343
0.448416019127316
0.869097429766886
1.00657501494322
1.58123132098028
0.786610878661088
0.676628810520024
1.26503287507472
1.05331739390317
0.756365809922295
0.470412432755529
1.01207411835027
2.39234907352062
0.745367603108189
0.649133293484758
0.745367603108189
0.794859533771668
1.20454273759713
0.830603705917513
1.12755528989839
0.981829049611476
0.918589360430365
1.10555887627017
0.866347878063359
0.497907949790795
0.698625224148237
0.68762701733413
0.561147638971907
0.827854154213987
0.671129707112971
1.13855349671249
0.888344291691572
1.0258218768679
1.45475194261805
0.877346084877466
0.698625224148237
1.08081291093843
0.629886431560072
1.11380753138075
0.71237298266587
1.87268380155409
0.657381948595338
1.0148236700538
0.720621637776449
1.0670651524208
4.1685594739988
0.690376569037657
1.46849970113568
1.42175732217573
1.38738792588165
0.247698744769874
1.78194859533772
0.676628810520024
0.440167364016736
0.811356843992827
1.08631201434549
1.33377166766288
0.863598326359833
1.3667662881052
7.89145248057382
5.26288105200239
5.76329946204423
0.803108188882247
1.84793783622236
1.10005977286312
0.737118947997609
0.709623430962343
0.709623430962343
0.451165570830843
0.572145845786013
1.72970711297071
0.893843395098625
0.910340705319785
1.2732815301853
2.8762701733413
0.360430364614465
0.946084877465631
7.66323968918111
0.96258218768679
0.990077704722056
0.539151225343694
0.888344291691572
0.698625224148237
1.08906156604901
0.984578601315003
0.893843395098625
0.83335325762104
1.19354453078302
1.50424387328153
0.924088463837418
0.324686192468619
0.44566646742379
1.47674835624626
1.28977884040646
0.899342498505678
0.896592946802152
0.690376569037657
1.11930663478781
0.957083084279737
1.04781829049611
1.43275552898984
1.00657501494322
0.511655708308428
1.07531380753138
1.74345487148834
0.896592946802152
0.660131500298864
0.948834429169157
2.17513448894202
0.577644949193066
1.65821876867902
2.25487148834429
0.926838015540944
0.973580394500897
0.814106395696354
0.717872086072923
0.563897190675433
0.816855947399881
0.82510460251046
0.728870292887029
1.26503287507472
0.739868499701136
0.910340705319785
1.02307232516438
0.720621637776449
0.98732815301853
1.13030484160191
0.627136879856545
0.547399880454274
0.734369396294082
0.57489539748954
0.915839808726838
0.984578601315003
1.10280932456665
0.484160191273162
1.59222952779438
0.649133293484758
1.52624028690974
0.924088463837418
0.902092050209205
0.42092050209205
0.489659294680215
0.357680812910938
0.915839808726838
1.04506873879259
0.665630603705917
0.657381948595338
1.26503287507472
1.14680215182307
0.594142259414226
1.35026897788404
0.800358637178721
0.605140466228332
0.943335325762104
1.03956963538554
1.35851763299462
0.341183502689779
1.77095038852361
0.671129707112971
2.19163179916318
0.885594739988045
0.83335325762104
1.1495517035266
1.28702928870293
0.506156604901375
0.706873879258816
0.888344291691572
0.770113568439928
2.8240286909743
1.2017931858936
0.957083084279737
0.646383741781231
0.888344291691572
0.68762701733413
1.00657501494322
0.805857740585774
0.902092050209205
0.772863120143455
0.698625224148237
0.926838015540944
1.33377166766288
0.847101016138673
0.506156604901375
0.418170950388524
1.31727435744172
1.07806335923491
1.08081291093843
0.651882845188285
1.86718469814704
0.561147638971907
1.78469814704124
1.09456066945607
0.792109982068141
1.04781829049611
0.946084877465631
1.97991631799163
1.29527794381351
1.45200239091452
0.860848774656306
1.23753735803945
1.22378959952182
1.19354453078302
1.449252839211
0.973580394500897
1.71046025104603
0.893843395098625
1.39426180514047
1.18254632396892
0.882845188284519
1.04781829049611
1.09456066945607
0.750866706515242
1.8424387328153
0.951583980872684
0.693126120741183
0.97083084279737
0.756365809922295
1.24028690974298
1.18254632396892
1.04231918708906
0.775612671846982
1.00107591153616
0.660131500298864
1.26778242677824
1.80669456066946
0.594142259414226
1.02307232516438
1.16329946204423
0.800358637178721
0.803108188882247
1.19629408248655
0.926838015540944
0.830603705917513
0.753616258218769
0.82510460251046
2.14763897190675
0.770113568439928
0.874596533173939
0.734369396294082
1.0148236700538
0.508906156604901
0.495158398087268
1.31177525403467
1.46300059772863
1.15780035863718
0.42092050209205
0.643634190077705
1.14130304841602
0.640884638374178
0.819605499103407
1.16054991034071
0.998326359832636
1.03407053197848
1.65546921697549
0.0304841601912732
0.888344291691572
1.12480573819486
0.709623430962343
0.998326359832636
0.594142259414226
0.473161984459056
1.1083084279737
0.657381948595338
2.24112372982666
0.885594739988045
0.459414225941423
1.35851763299462
0.95433353257621
1.06981470412433
1.65271966527197
0.97907949790795
0.858099222952779
1.86168559473999
0.640884638374178
0.528153018529588
1.00932456664674
1.66371787208607
0.651882845188285
0.682127913927077
1.10280932456665
0.929587567244471
0.858099222952779
0.610639569635385
0.918589360430365
1.01757322175732
0.847101016138673
1.14130304841602
0.827854154213987
1.04231918708906
2.84327555289898
0.935086670651524
0.97083084279737
1.41075911536163
1.93592349073521
0.750866706515242
0.660131500298864
0.624387328153018
1.19629408248655
0.871846981470413
1.10280932456665
0.596891811117752
0.588643156007173
0.464913329348476
1.02032277346085
0.847101016138673
1.28977884040646
0.528153018529588
0.398924088463837
0.948834429169157
1.41075911536163
0.602390914524806
1.85618649133293
0.665630603705917
0.888344291691572
1.2842797369994
0.822355050806934
1.5729826658697
1.15780035863718
0.55839808726838
0.838852361028093
1.11105797967723
0.990077704722056
0.772863120143455
0.801733413030484
2.10639569635386
0.915839808726838
0.869097429766886
1.21829049611476
0.492408846383742
0.442916915720263
1.12205618649133
0.731619844590556
3.24196054991034
0.596891811117752
0.858099222952779
0.968081291093843
0.572145845786013
0.71237298266587
0.618888224745965
0.984578601315003
1.4602510460251
0.68762701733413
0.660131500298864
0.522653915122534
0.976329946204423
1.14130304841602
0.803108188882247
0.640884638374178
0.715122534369396
1.23753735803945
1.00382546323969
1.77095038852361
0.610639569635385
1.17704722056186
1.17429766885834
0.533652121936641
0.390675433353258
2.08439928272564
2.1421398684997
0.500657501494322
1.51249252839211
1.26228332337119
1.64172145845786
0.943335325762104
1.04781829049611
0.720621637776449
1.25403466826061
0.728870292887029
0.84160191273162
1.08631201434549
0.67937836222355
0.973580394500897
0.68762701733413
0.541900777047221
2.68930065750149
0.852600119545726
0.709623430962343
1.33927077106993
0.869097429766886
3.07698744769874
1.41075911536163
1.54823670053796
1.17704722056186
1.2430364614465
1.73795576808129
0.770113568439928
1.11105797967723
0.893843395098625
1.31177525403467
0.676628810520024
0.475911536162582
2.0074118350269
0.968081291093843
1.21554094441124
0.613389121338912
1.4602510460251
0.852600119545726
0.607890017931859
0.948834429169157
0.495158398087268
1.49599521817095
0.951583980872684
4.08607292289301
0.866347878063359
0.70412432755529
1.02857142857143
0.827854154213987
1.13305439330544
0.844351464435147
0.880095636580992
0.470412432755529
1.04231918708906
0.657381948595338
1.10005977286312
0.926838015540944
1.49874476987448
0.431918708906157
1.08906156604901
0.56664674237896
0.731619844590556
1.39151225343694
0.82510460251046
0.935086670651524
1.69121338912134
0.67937836222355
0.676628810520024
1.09731022115959
0.943335325762104
0.874596533173939
0.67937836222355
1.38051404662283
1.09456066945607
0.781111775254035
0.805857740585774
1.09731022115959
0.580394500896593
3.20896592946802
0.932337118947998
0.536401673640167
0.547399880454274
0.354931261207412
0.893843395098625
0.453915122534369
1.31452480573819
0.70412432755529
0.536401673640167
0.654632396891811
0.525403466826061
0.693126120741183
0.572145845786013
0.946084877465631
0.734369396294082
0.968081291093843
0.547399880454274
0.525403466826061
0.563897190675433
0.442916915720263
1.03132098027496
0.803108188882247
1.47399880454274
1.92217573221757
1.00382546323969
1.29252839210998
0.728870292887029
1.43825463239689
1.03132098027496
1.03682008368201
1.30077704722056
1.02032277346085
1.28153018529588
1.06431560071727
0.332934847579199
2.018410041841
0.706873879258816
0.640884638374178
1.37501494321578
1.27878063359235
1.8424387328153
1.12480573819486
0.764614465032875
1.14405260011955
1.08356246264196
1.12755528989839
0.066228332337119
0.968081291093843
0.525403466826061
1.3667662881052
0.896592946802152
1.08081291093843
0.357680812910938
1.20454273759713
1.21554094441124
0.580394500896593
0.82510460251046
0.181709503885236
0.981829049611476
1.06981470412433
1.04231918708906
0.860848774656306
0.836102809324567
0.467662881052002
1.21004184100418
1.22653915122534
1.76545128511656
0.789360430364614
1.15230125523013
1.0670651524208
0.811356843992827
0.709623430962343
0.976329946204423
0.415421398684997
1.82869097429767
0.816855947399881
0.98732815301853
1.58123132098028
0.998326359832636
0.899342498505678
0.57489539748954
0.580394500896593
0.770113568439928
0.882845188284519
0.561147638971907
0.943335325762104
1.2842797369994
1.02857142857143
1.82869097429767
0.602390914524806
0.830603705917513
1.89742976688583
0.407172743574417
0.82510460251046
1.22378959952182
1.11380753138075
0.858099222952779
2.05415421398685
0.332934847579199
1.08081291093843
0.8498505678422
1.19904363419008
2.21912731619845
1.60872683801554
0.547399880454274
0.69587567244471
1.00382546323969
1.21829049611476
0.739868499701136
1.07256425582785
0.591392707710699
0.797609085475194
1.17979677226539
0.907591153616258
0.646383741781231
0.731619844590556
1.20729228930066
0.871846981470413
0.621637776449492
1.11930663478781
0.748117154811715
0.682127913927077
0.750866706515242
0.759115361625822
0.618888224745965
1.63347280334728
0.42092050209205
0.803108188882247
0.621637776449492
1.28153018529588
1.79844590555888
0.660131500298864
1.41625821876868
1.41900777047221
0.261446503287507
0.83335325762104
1.5729826658697
1.25678421996414
1.33927077106993
0.654632396891811
0.602390914524806
1.39426180514047
0.940585774058577
1.32827256425583
2.28511655708308
0.464913329348476
0.899342498505678
1.01757322175732
1.22378959952182
0.770113568439928
1.93317393903168
1.35851763299462
0.715122534369396
0.717872086072923
0.98732815301853
0.803108188882247
0.434668260609683
0.618888224745965
0.863598326359833
0.434668260609683
0.42916915720263
0.624387328153018
1.2842797369994
1.08631201434549
0.577644949193066
1.13305439330544
0.453915122534369
0.484160191273162
0.838852361028093
0.98732815301853
0.888344291691572
1.22653915122534
0.781111775254035
1.30352659892409
1.56748356246264
1.87818290496115
0.690376569037657
0.536401673640167
1.01757322175732
1.0148236700538
5.11990436341901
0.473161984459056
1.05606694560669
0.97083084279737
0.904841601912732
0.731619844590556
0.855349671249253
0.932337118947998
1.26228332337119
0.536401673640167
0.811356843992827
0.82510460251046
0.588643156007173
0.706873879258816
0.396174536760311
0.572145845786013
0.858099222952779
0.957083084279737
1.21829049611476
1.1495517035266
1.54548714883443
2.98900179318589
0.209205020920502
0.8498505678422
0.764614465032875
0.775612671846982
1.13855349671249
0.775612671846982
0.819605499103407
2.09814704124328
0.610639569635385
1.15230125523013
0.800358637178721
0.783861326957561
0.968081291093843
1.33377166766288
0.995576808129109
1.00382546323969
0.159713090257023
1.04781829049611
1.24028690974298
0.602390914524806
1.22104004781829
0.742618051404662
0.921338912133891
1.13030484160191
0.621637776449492
0.973580394500897
0.96258218768679
0.605140466228332
0.580394500896593
1.25128511655708
0.995576808129109
0.660131500298864
1.25678421996414
1.00932456664674
0.932337118947998
0.995576808129109
0.385176329946204
0.951583980872684
1.22378959952182
1.60047818290496
0.376927674835625
1.60322773460849
1.63347280334728
0.68762701733413
0.492408846383742
1.31177525403467
0.904841601912732
0.814106395696354
1.30077704722056
0.528153018529588
1.49599521817095
1.09731022115959
1.21554094441124
0.638135086670651
0.591392707710699
0.588643156007173
2.18063359234907
0.690376569037657
1.14680215182307
1.17979677226539
1.49874476987448
0.506156604901375
1.14130304841602
0.541900777047221
0.734369396294082
0.56664674237896
0.596891811117752
1.32277346084877
0.508906156604901
1.04231918708906
0.69587567244471
1.31727435744172
1.0258218768679
1.47674835624626
0.266945606694561
0.646383741781231
0.910340705319785
0.792109982068141
0.698625224148237
0.929587567244471
0.57489539748954
0.984578601315003
0.541900777047221
0.95433353257621
0.959832635983264
1.7901972504483
2.07340107591154
0.723371189479976
1.11930663478781
1.33102211595935
1.01757322175732
1.16879856545129
0.624387328153018
0.781111775254035
1.77369994022714
2.67830245068739
2.38135086670652
1.25128511655708
4.51775254034668
0.555648535564853
0.44566646742379
1.21554094441124
0.514405260011955
0.572145845786013
0.819605499103407
1.04506873879259
0.899342498505678
0.745367603108189
0.96258218768679
1.17704722056186
1.31727435744172
1.05056784219964
1.0670651524208
0.948834429169157
0.82510460251046
2.52157800358637
1.16329946204423
2.79378362223551
0.83335325762104
1.82319187089062
0.792109982068141
1.23478780633592
0.717872086072923
2.46658696951584
0.811356843992827
2.13664076509265
0.803108188882247
1.37776449491931
0.720621637776449
2.32910938433951
0.734369396294082
1.24578601315003
0.902092050209205
0.951583980872684
0.690376569037657
0.69587567244471
0.995576808129109
0.107471607890018
0.819605499103407
0.745367603108189
0.764614465032875
1.0148236700538
1.12755528989839
0.671129707112971
0.605140466228332
0.943335325762104
0.880095636580992
0.781111775254035
1.78744769874477
1.13580394500897
0.805857740585774
0.71237298266587
0.888344291691572
1.13030484160191
1.19904363419008
0.786610878661088
1.33102211595935
0.118469814704124
0.715122534369396
0.629886431560072
0.519904363419008
0.294441123729827
0.602390914524806
1.62797369994023
0.8498505678422
0.646383741781231
1.02307232516438
1.08356246264196
0.442916915720263
0.929587567244471
0.775612671846982
2.43359234907352
0.998326359832636
0.734369396294082
1.00382546323969
0.929587567244471
0.874596533173939
0.734369396294082
0.84160191273162
0.621637776449492
0.497907949790795
0.726120741183503
1.58123132098028
1.36126718469815
0.324686192468619
0.921338912133891
1.25128511655708
0.673879258816497
0.467662881052002
1.33652121936641
1.00107591153616
1.03407053197848
1.68296473401076
1.13580394500897
0.451165570830843
0.965331739390317
0.995576808129109
1.11655708308428
1.51524208009564
0.935086670651524
0.792109982068141
1.08356246264196
1.85068738792588
0.646383741781231
0.613389121338912
3.49216975493126
1.21829049611476
0.459414225941423
0.382426778242678
0.605140466228332
0.866347878063359
0.877346084877466
0.742618051404662
1.17704722056186
1.13580394500897
0.764614465032875
0.842976688583382
0.682127913927077
0.605140466228332
0.442916915720263
0.803108188882247
0.621637776449492
1.17429766885834
0.896592946802152
2.45558876270173
0.613389121338912
0.580394500896593
0.935086670651524
0.869097429766886
0.948834429169157
1.5317393903168
1.30077704722056
1.22104004781829
0.781111775254035
1.11655708308428
0.797609085475194
1.35576808129109
0.847101016138673
1.43825463239689
1.03407053197848
1.26228332337119
0.998326359832636
3.49491930663479
1.00932456664674
1.03407053197848
1.68021518230723
0.453915122534369
0.596891811117752
0.42916915720263
0.759115361625822
3.17322175732218
0.610639569635385
0.863598326359833
0.673879258816497
0.990077704722056
0.621637776449492
0.759115361625822
0.770113568439928
0.836102809324567
0.407172743574417
1.00107591153616
0.544650328750747
0.737118947997609
0.701374775851763
1.14405260011955
0.464913329348476
0.662881052002391
12.1340107591154
0.0937238493723849
1.22104004781829
1.05331739390317
0.354931261207412
0.539151225343694
0.456664674237896
0.605140466228332
2.83777644949193
0.97907949790795
0.885594739988045
0.544650328750747
0.756365809922295
0.544650328750747
0.761864913329348
2.32086072922893
0.761864913329348
0.591392707710699
0.910340705319785
1.40251046025105
0.481410639569635
0.830603705917513
0.547399880454274
0.731619844590556
0.442916915720263
1.05881649731022
1.1907949790795
1.38601315002989
0.783861326957561
1.46300059772863
0.998326359832636
0.629886431560072
2.38684997011357
0.907591153616258
0.847101016138673
1.11655708308428
0.727495517035266
0.627136879856545
0.808607292289301
0.838852361028093
1.15230125523013
1.09731022115959
1.08631201434549
1.17429766885834
0.506156604901375
0.701374775851763
1.22378959952182
1.47399880454274
1.00657501494322
0.514405260011955
0.742618051404662
1.12480573819486
1.33377166766288
1.31727435744172
0.594142259414226
0.561147638971907
0.827854154213987
0.83335325762104
1.60322773460849
1.54823670053796
0.756365809922295
3.56365809922295
0.783861326957561
0.871846981470413
2.47758517632995
0.508906156604901
0.624387328153018
1.0258218768679
0.83335325762104
0.852600119545726
0.734369396294082
1.28153018529588
0.778362223550508
0.662881052002391
0.68762701733413
1.15230125523013
0.836102809324567
0.649133293484758
0.792109982068141
1.25953377166766
0.924088463837418
0.973580394500897
1.16604901374776
0.767364016736402
0.772863120143455
0.789360430364614
0.871846981470413
0.473161984459056
0.775612671846982
0.599641362821279
0.869097429766886
1.47674835624626
1.03956963538554
0.539151225343694
0.522653915122534
1.17429766885834
0.5501494321578
1.93867304243873
1.29252839210998
0.822355050806934
0.786610878661088
0.539151225343694
0.613389121338912
0.701374775851763
1.33652121936641
0.602390914524806
1.1907949790795
0.684877465630604
1.0670651524208
0.935086670651524
0.514405260011955
1.26778242677824
0.756365809922295
0.913090257023311
1.09181111775254
1.05881649731022
0.932337118947998
1.35301852958757
0.915839808726838
0.627136879856545
1.33377166766288
0.871846981470413
1.22928870292887
0.561147638971907
0.770113568439928
0.668380155409444
0.583144052600119
1.53998804542738
1.14405260011955
0.514405260011955
1.0670651524208
1.11105797967723
0.965331739390317
0.871846981470413
0.717872086072923
0.827854154213987
1.03682008368201
0.756365809922295
0.844351464435147
1.32277346084877
0.585893604303646
0.847101016138673
1.21004184100418
0.629886431560072
1.00382546323969
0.959832635983264
1.23478780633592
0.968081291093843
1.35851763299462
0.635385534967125
0.56664674237896
0.577644949193066
0.731619844590556
1.73520621637776
0.42916915720263
1.80944411237298
1.04506873879259
0.959832635983264
1.04781829049611
0.497907949790795
0.42092050209205
0.792109982068141
1.02307232516438
1.66096832038255
0.478661087866109
0.616138673042439
0.451165570830843
0.973580394500897
1.14405260011955
0.742618051404662
1.66921697549313
2.87901972504483
1.61147638971907
0.525403466826061
0.750866706515242
0.646383741781231
1.02857142857143
0.822355050806934
0.97907949790795
0.517154811715481
0.44566646742379
0.671129707112971
0.82510460251046
1.2017931858936
1.42450687387926
1.05056784219964
2.4005977286312
1.28702928870293
1.21279139270771
0.602390914524806
0.753616258218769
0.475911536162582
1.53448894202032
0.382426778242678
0.343933054393305
1.87818290496115
0.761864913329348
0.508906156604901
0.594142259414226
0.915839808726838
1.77369994022714
1.25128511655708
0.95433353257621
1.04781829049611
1.5729826658697
7.8997011356844
0.915839808726838
0.706873879258816
1.60597728631201
0.503407053197848
5.1089061566049
0.541900777047221
1.35576808129109
0.665630603705917
1.08906156604901
0.660131500298864
1.45475194261805
1.10555887627017
0.638135086670651
0.698625224148237
1.41625821876868
0.607890017931859
2.56832038254632
0.750866706515242
1.62797369994023
0.709623430962343
2.20263000597729
0.83335325762104
1.1907949790795
1.25128511655708
0.352181709503885
1.10280932456665
0.888344291691572
2.2768679019725
1.6252241482367
0.70412432755529
0.737118947997609
0.434668260609683
0.728870292887029
0.484160191273162
0.596891811117752
0.605140466228332
0.70412432755529
0.869097429766886
0.665630603705917
1.12755528989839
1.14680215182307
1.5839808726838
1.10005977286312
0.715122534369396
0.404423191870891
0.594142259414226
0.709623430962343
0.484160191273162
0.97907949790795
1.13030484160191
1.02032277346085
0.84160191273162
0.871846981470413
1.75445307830245
0.654632396891811
1.00107591153616
0.544650328750747
1.02307232516438
0.937836222355051
1.05331739390317
1.1907949790795
0.640884638374178
0.811356843992827
0.739868499701136
2.02115959354453
1.44100418410042
0.709623430962343
1.47674835624626
0.43741781231321
0.805857740585774
1.02857142857143
0.888344291691572
0.775612671846982
0.596891811117752
2.09814704124328
1.41625821876868
0.665630603705917
2.2246264196055
0.95433353257621
1.02857142857143
0.701374775851763
1.19354453078302
0.976329946204423
0.742618051404662
1.32277346084877
0.866347878063359
1.42450687387926
0.891093843395099
1.19904363419008
0.97083084279737
1.11655708308428
0.42916915720263
1.00657501494322
0.869097429766886
1.19354453078302
1.03956963538554
0.844351464435147
0.668380155409444
1.05331739390317
1.62247459653317
0.533652121936641
0.473161984459056
1.03682008368201
1.84518828451883
1.36951583980873
0.67937836222355
0.671129707112971
0.893843395098625
0.819605499103407
0.808607292289301
0.731619844590556
0.800358637178721
1.02032277346085
0.536401673640167
1.8011954572624
0.662881052002391
1.47949790794979
0.569396294082486
1.05331739390317
0.706873879258816
0.794859533771668
1.5427375971309
0.946084877465631
0.745367603108189
0.616138673042439
1.01757322175732
0.701374775851763
1.08631201434549
0.605140466228332
1.34476987447699
1.33102211595935
0.698625224148237
3.60490137477585
0.734369396294082
0.533652121936641
0.990077704722056
0.739868499701136
1.12480573819486
0.871846981470413
1.35026897788404
1.06981470412433
0.822355050806934
2.51607890017932
2.27961745367603
0.646383741781231
0.668380155409444
0.910340705319785
0.8498505678422
1.10280932456665
0.693126120741183
1.87268380155409
0.629886431560072
0.629886431560072
0.456664674237896
1.03682008368201
0.937836222355051
0.671129707112971
1.59497907949791
1.17154811715481
0.181709503885236
0.992827256425583
1.01207411835027
0.805857740585774
2.64530783024507
1.1083084279737
1.00107591153616
0.858099222952779
1.71046025104603
0.70412432755529
0.84160191273162
0.69587567244471
1.08631201434549
0.990077704722056
3.09623430962343
1.24028690974298
0.635385534967125
0.209205020920502
1.15780035863718
0.995576808129109
0.860848774656306
0.649133293484758
1.5427375971309
0.387925881649731
2.17238493723849
0.946084877465631
0.924088463837418
1.77919904363419
1.17154811715481
0.665630603705917
0.352181709503885
0.684877465630604
1.13305439330544
1.02032277346085
0.781111775254035
0.517154811715481
0.662881052002391
0.759115361625822
0.893843395098625
0.98732815301853
0.528153018529588
0.885594739988045
0.899342498505678
1.36126718469815
1.09456066945607
1.09181111775254
0.528153018529588
0.973580394500897
1.51799163179916
0.673879258816497
0.693126120741183
0.676628810520024
1.4904961147639
0.869097429766886
0.737118947997609
0.852600119545726
0.838852361028093
0.717872086072923
1.17429766885834
0.43741781231321
2.27411835026898
0.478661087866109
0.836102809324567
0.514405260011955
0.717872086072923
1.06156604901375
0.940585774058577
1.66371787208607
0.693126120741183
0.673879258816497
0.569396294082486
0.618888224745965
1.94692169754931
1.7077106993425
0.624387328153018
2.14488942020323
0.484160191273162
1.30352659892409
1.48774656306037
1.39151225343694
1.56473401075912
0.937836222355051
0.83335325762104
0.67937836222355
0.803108188882247
2.41434548714883
2.018410041841
1.04231918708906
0.792109982068141
0.770113568439928
1.55373580394501
0.770113568439928
1.24028690974298
1.01207411835027
0.0634787806335923
0.591392707710699
0.583144052600119
1.20729228930066
0.561147638971907
0.860848774656306
0.594142259414226
0.95433353257621
0.82510460251046
0.701374775851763
0.753616258218769
0.789360430364614
0.440167364016736
1.38601315002989
1.46849970113568
0.814106395696354
0.973580394500897
0.827854154213987
0.618888224745965
0.638135086670651
1.0148236700538
0.434668260609683
0.819605499103407
0.781111775254035
0.371428571428571
1.18254632396892
0.819605499103407
1.06431560071727
1.51249252839211
0.56664674237896
1.22104004781829
0.891093843395099
1.02307232516438
0.715122534369396
1.28702928870293
0.693126120741183
0.753616258218769
0.852600119545726
1.04231918708906
0.847101016138673
0.731619844590556
0.544650328750747
0.940585774058577
2.07340107591154
0.940585774058577
0.847101016138673
1.85343693962941
0.426419605499103
2.01566049013748
1.29527794381351
0.959832635983264
0.946084877465631
1.20729228930066
0.662881052002391
0.327435744172146
0.709623430962343
0.478661087866109
0.368679019725045
4.94118350268978
1.39151225343694
0.555648535564853
0.528153018529588
0.816855947399881
0.602390914524806
0.98732815301853
0.561147638971907
0.882845188284519
0.489659294680215
0.514405260011955
1.18254632396892
0.929587567244471
1.12755528989839
0.423670053795577
0.569396294082486
0.753616258218769
1.17429766885834
0.473161984459056
1.97716676628811
8.86204423191871
0.539151225343694
0.70412432755529
0.346682606096832
0.756365809922295
0.484160191273162
0.646383741781231
1.22104004781829
1.16054991034071
3.10173341303048
0.508906156604901
1.44100418410042
0.734369396294082
1.72420800956366
0.935086670651524
1.07531380753138
0.492408846383742
0.585893604303646
0.599641362821279
0.654632396891811
0.635385534967125
1.01207411835027
0.995576808129109
1.61422594142259
0.786610878661088
4.54249850567842
0.352181709503885
1.64722056186491
0.407172743574417
0.759115361625822
0.935086670651524
0.660131500298864
0.781111775254035
0.651882845188285
1.73520621637776
1.05331739390317
0.899342498505678
1.22104004781829
0.943335325762104
2.15313807531381
0.836102809324567
0.55839808726838
0.665630603705917
0.665630603705917
0.827854154213987
1.42725642558279
0.70412432755529
1.0258218768679
1.02857142857143
1.2430364614465
0.478661087866109
1.15505080693365
0.701374775851763
1.20454273759713
1.06431560071727
0.396174536760311
1.30627615062762
0.632635983263598
1.32002390914525
0.995576808129109
0.646383741781231
2.20263000597729
2.01016138673042
0.984578601315003
1.04781829049611
1.12480573819486
0.929587567244471
1.10005977286312
0.357680812910938
0.635385534967125
0.547399880454274
1.04506873879259
1.20454273759713
0.258696951583981
1.1907949790795
0.665630603705917
1.01757322175732
0.753616258218769
0.371428571428571
0.822355050806934
0.605140466228332
1.15505080693365
0.946084877465631
0.874596533173939
0.569396294082486
0.533652121936641
0.56664674237896
1.85618649133293
3.83036461446503
0.726120741183503
0.723371189479976
0.781111775254035
1.12755528989839
0.539151225343694
1.07531380753138
0.805857740585774
0.511655708308428
0.860848774656306
1.43275552898984
0.635385534967125
0.957083084279737
0.858099222952779
0.816855947399881
0.847101016138673
1.05056784219964
0.330185295875672
1.4904961147639
1.34202032277346
0.715122534369396
0.616138673042439
1.32827256425583
0.627136879856545
1.33927077106993
1.11655708308428
1.02307232516438
1.89468021518231
0.640884638374178
7.38828451882845
1.43825463239689
1.96066945606695
0.42092050209205
0.495158398087268
0.882845188284519
1.48499701135684
0.385176329946204
0.874596533173939
1.31727435744172
0.973580394500897
0.794859533771668
1.12755528989839
0.737118947997609
1.18804542737597
1.60322773460849
1.05331739390317
0.803108188882247
0.792109982068141
2.6178123132098
0.517154811715481
0.921338912133891
1.1907949790795
1.43825463239689
1.69946204423192
0.764614465032875
1.17429766885834
3.17322175732218
0.69587567244471
1.30902570233114
0.481410639569635
1.0258218768679
1.02307232516438
1.21004184100418
0.951583980872684
0.577644949193066
0.893843395098625
0.838852361028093
0.926838015540944
0.726120741183503
0.748117154811715
1.70496114763897
0.57489539748954
1.24853556485356
1.99091452480574
0.874596533173939
0.605140466228332
0.387925881649731
1.82869097429767
0.946084877465631
0.915839808726838
0.891093843395099
0.676628810520024
1.21554094441124
0.706873879258816
0.607890017931859
0.693126120741183
0.995576808129109
0.69587567244471
1.00107591153616
0.583144052600119
0.649133293484758
0.555648535564853
0.728870292887029
0.814106395696354
1.8011954572624
0.902092050209205
0.946084877465631
1.16604901374776
1.90017931858936
0.107471607890018
2.59581589958159
1.48499701135684
1.06981470412433
0.995576808129109
0.500657501494322
0.731619844590556
6.39569635385535
1.19904363419008
2.38684997011357
1.10555887627017
0.654632396891811
0.728870292887029
1.5839808726838
0.56664674237896
1.17154811715481
0.497907949790795
0.877346084877466
0.750866706515242
0.629886431560072
0.968081291093843
0.70412432755529
0.935086670651524
0.671129707112971
1.00932456664674
0.709623430962343
0.8498505678422
0.607890017931859
1.21829049611476
1.17704722056186
1.21004184100418
0.731619844590556
0.539151225343694
0.651882845188285
0.709623430962343
0.660131500298864
1.52624028690974
0.459414225941423
0.665630603705917
0.935086670651524
1.80944411237298
0.275194261805141
0.382426778242678
0.808607292289301
0.926838015540944
0.690376569037657
0.918589360430365
0.838852361028093
1.05606694560669
0.869097429766886
1.0258218768679
0.918589360430365
0.448416019127316
0.599641362821279
0.781111775254035
0.794859533771668
0.591392707710699
1.18529587567244
0.613389121338912
0.660131500298864
0.671129707112971
0.811356843992827
0.668380155409444
1.05331739390317
0.572145845786013
0.860848774656306
1.449252839211
0.797609085475194
0.665630603705917
1.47399880454274
1.02032277346085
0.882845188284519
0.42092050209205
1.17429766885834
0.770113568439928
1.4080095636581
0.701374775851763
1.32277346084877
0.885594739988045
1.00657501494322
1.03682008368201
0.83335325762104
0.860848774656306
0.904841601912732
1.14130304841602
0.665630603705917
0.965331739390317
0.731619844590556
1.04231918708906
0.830603705917513
0.726120741183503
0.434668260609683
0.847101016138673
1.07531380753138
0.638135086670651
1.25128511655708
0.932337118947998
0.973580394500897
2.49408248655111
1.22378959952182
0.816855947399881
0.822355050806934
0.701374775851763
1.47949790794979
1.60597728631201
0.981829049611476
0.753616258218769
0.671129707112971
7.9519426180514
0.918589360430365
1.58947997609085
1.17154811715481
0.585893604303646
1.34476987447699
1.82319187089062
0.781111775254035
0.866347878063359
3.7753735803945
1.93867304243873
2.98350268977884
0.596891811117752
0.517154811715481
0.8498505678422
0.44566646742379
1.30077704722056
0.481410639569635
1.28977884040646
1.09456066945607
1.22104004781829
3.53616258218769
0.596891811117752
0.8498505678422
0.84160191273162
0.734369396294082
0.453915122534369
1.22378959952182
0.973580394500897
1.35576808129109
0.783861326957561
1.19354453078302
1.86993424985057
1.25403466826061
0.310938433950986
1.27603108188882
2.20263000597729
0.873221757322176
1.48499701135684
0.937836222355051
0.602390914524806
0.607890017931859
0.693126120741183
0.662881052002391
1.17979677226539
0.888344291691572
1.06981470412433
0.525403466826061
0.709623430962343
0.808607292289301
0.442916915720263
0.734369396294082
0.910340705319785
0.990077704722056
1.60322773460849
0.896592946802152
1.75445307830245
1.01207411835027
0.580394500896593
1.31727435744172
0.684877465630604
0.863598326359833
1.52624028690974
1.60872683801554
0.753616258218769
0.530902570233114
0.968081291093843
0.577644949193066
1.14130304841602
0.893843395098625
3.95959354453078
0.544650328750747
2.0596533173939
1.06156604901375
0.662881052002391
0.67937836222355
1.6252241482367
1.68021518230723
1.14680215182307
0.528153018529588
0.915839808726838
0.539151225343694
1.7187089061566
0.519904363419008
0.871846981470413
0.583144052600119
0.913090257023311
0.423670053795577
1.6664674237896
0.462163777644949
0.407172743574417
0.907591153616258
1.91667662881052
0.594142259414226
0.536401673640167
0.97907949790795
1.30627615062762
0.827854154213987
0.877346084877466
0.981829049611476
1.5839808726838
0.0194859533771668
1.18804542737597
0.935086670651524
0.84160191273162
0.632635983263598
2.18613269575613
1.05606694560669
1.27878063359235
1.66921697549313
1.08631201434549
1.64447101016139
3.67638971906754
1.32002390914525
1.09456066945607
1.25128511655708
0.756365809922295
0.544650328750747
0.533652121936641
1.80394500896593
0.577644949193066
2.35660490137478
0.624387328153018
0.693126120741183
0.990077704722056
0.42092050209205
0.844351464435147
0.610639569635385
1.86993424985057
0.783861326957561
1.51799163179916
0.627136879856545
0.761864913329348
0.525403466826061
1.44650328750747
2.12289300657502
0.676628810520024
1.17979677226539
0.44566646742379
0.657381948595338
0.8498505678422
0.489659294680215
0.640884638374178
0.830603705917513
0.863598326359833
0.594142259414226
0.759115361625822
0.56664674237896
0.764614465032875
0.448416019127316
0.874596533173939
1.2732815301853
0.676628810520024
1.28153018529588
0.753616258218769
1.24578601315003
1.3255230125523
0.852600119545726
1.16329946204423
1.449252839211
1.05331739390317
0.698625224148237
1.64722056186491
0.635385534967125
0.882845188284519
0.739868499701136
0.112970711297071
0.404423191870891
0.613389121338912
0.671129707112971
0.891093843395099
0.55839808726838
1.24028690974298
0.715122534369396
1.22928870292887
0.814106395696354
0.924088463837418
0.723371189479976
1.48224745965332
0.816855947399881
0.937836222355051
1.32002390914525
0.594142259414226
0.767364016736402
0.885594739988045
1.12480573819486
1.23478780633592
0.792109982068141
1.10555887627017
0.767364016736402
0.748117154811715
0.918589360430365
0.946084877465631
1.1495517035266
0.709623430962343
0.957083084279737
0.610639569635385
1.00932456664674
1.37226539151225
1.53448894202032
1.97991631799163
0.973580394500897
0.253197848176928
0.932337118947998
1.08356246264196
0.552898983861327
0.82510460251046
0.651882845188285
1.07806335923491
1.38051404662283
0.676628810520024
1.07256425582785
1.00382546323969
0.786610878661088
0.690376569037657
0.921338912133891
0.794859533771668
0.715122534369396
0.847101016138673
1.06981470412433
0.627136879856545
0.976329946204423
0.451165570830843
0.693126120741183
0.503407053197848
1.59772863120143
0.827854154213987
1.21829049611476
1.33377166766288
1.4602510460251
1.57023311416617
0.800358637178721
2.37860131500299
1.01207411835027
1.17704722056186
1.14130304841602
0.836102809324567
0.816855947399881
1.30077704722056
1.05331739390317
0.783861326957561
0.750866706515242
1.29527794381351
0.935086670651524
0.844351464435147
0.671129707112971
0.822355050806934
1.16879856545129
0.624387328153018
1.35851763299462
0.627136879856545
0.572145845786013
1.07806335923491
5.22988643156007
0.915839808726838
0.775612671846982
0.701374775851763
0.723371189479976
0.706873879258816
0.385176329946204
1.6252241482367
1.12480573819486
1.19629408248655
1.26228332337119
0.467662881052002
0.95433353257621
1.41350866706515
0.750866706515242
0.937836222355051
0.363179916317992
1.88918111177525
0.836102809324567
0.750866706515242
0.635385534967125
1.11655708308428
1.45200239091452
1.7599521817095
0.470412432755529
0.772863120143455
1.37501494321578
1.0670651524208
0.847101016138673
0.770113568439928
0.517154811715481
0.800358637178721
1.11380753138075
1.81494321578004
1.67471607890018
1.36401673640167
1.20729228930066
0.665630603705917
0.610639569635385
0.8498505678422
1.26778242677824
0.932337118947998
3.5581589958159
0.858099222952779
0.621637776449492
1.71046025104603
1.29802749551704
0.462163777644949
0.739868499701136
0.442916915720263
0.874596533173939
1.10555887627017
0.871846981470413
0.767364016736402
0.517154811715481
0.866347878063359
0.638135086670651
0.786610878661088
1.06431560071727
1.08631201434549
0.627136879856545
0.613389121338912
1.61972504482965
1.01207411835027
1.63072325164375
1.61697549312612
0.407172743574417
1.66096832038255
0.882845188284519
1.02857142857143
0.775612671846982
0.657381948595338
0.605140466228332
0.803108188882247
1.42450687387926
1.30077704722056
0.83335325762104
0.847101016138673
0.519904363419008
1.56198445905559
1.63897190675433
1.2732815301853
0.646383741781231
1.32827256425583
1.41625821876868
2.34285714285714
2.72229527794381
0.632635983263598
0.459414225941423
0.756365809922295
14.7570830842797
0.651882845188285
0.866347878063359
0.693126120741183
0.789360430364614
2.74979079497908
1.43550508069337
0.739868499701136
1.21004184100418
3.75337716676629
0.495158398087268
0.621637776449492
0.484160191273162
0.959832635983264
0.640884638374178
0.957083084279737
0.858099222952779
0.418170950388524
0.42092050209205
1.04781829049611
1.00657501494322
1.71595935445308
0.676628810520024
1.20729228930066
1.14680215182307
1.14680215182307
1.05881649731022
1.31177525403467
1.16054991034071
0.816855947399881
0.984578601315003
0.583144052600119
0.882845188284519
0.629886431560072
0.948834429169157
1.15505080693365
0.176210400478183
1.43275552898984
1.60322773460849
0.753616258218769
1.44100418410042
0.555648535564853
0.632635983263598
0.968081291093843
0.921338912133891
0.904841601912732
1.88918111177525
1.25403466826061
0.904841601912732
0.83335325762104
0.772863120143455
0.662881052002391
0.926838015540944
0.948834429169157
0.539151225343694
0.937836222355051
0.786610878661088
0.569396294082486
0.82510460251046
1.49874476987448
0.863598326359833
1.13030484160191
0.577644949193066
0.198206814106396
1.00107591153616
1.11105797967723
1.05331739390317
1.35026897788404
0.764614465032875
1.25953377166766
1.05881649731022
1.46575014943216
0.973580394500897
0.794859533771668
0.440167364016736
0.893843395098625
0.701374775851763
1.56748356246264
1.02032277346085
1.25953377166766
0.855349671249253
0.473161984459056
1.24853556485356
0.935086670651524
1.04506873879259
2.94775851763299
0.717872086072923
1.08356246264196
0.995576808129109
1.3255230125523
3.24196054991034
2.11189479976091
0.921338912133891
0.594142259414226
1.09456066945607
1.05606694560669
0.682127913927077
0.56664674237896
0.481410639569635
1.01757322175732
0.517154811715481
0.973580394500897
1.5427375971309
0.368679019725045
0.266945606694561
0.552898983861327
0.97083084279737
1.31452480573819
0.533652121936641
1.04231918708906
0.55839808726838
1.00382546323969
0.640884638374178
1.20729228930066
1.17979677226539
0.904841601912732
0.71237298266587
1.27053197848177
1.39151225343694
0.68762701733413
0.951583980872684
0.921338912133891
0.415421398684997
0.646383741781231
0.492408846383742
0.816855947399881
0.866347878063359
1.38051404662283
1.17154811715481
0.484160191273162
0.973580394500897
1.48774656306037
0.860848774656306
0.239450089659295
0.860848774656306
1.62247459653317
0.258696951583981
0.869097429766886
0.800358637178721
0.860848774656306
0.937836222355051
1.54823670053796
1.00657501494322
1.47124925283921
3.40143454871488
1.41350866706515
1.47124925283921
0.690376569037657
1.12755528989839
0.830603705917513
0.959832635983264
0.805857740585774
0.924088463837418
0.371428571428571
0.618888224745965
0.899342498505678
1.29252839210998
0.852600119545726
1.2430364614465
1.22104004781829
0.918589360430365
0.737118947997609
1.33102211595935
1.05331739390317
0.629886431560072
1.42175732217573
3.51416616855947
0.753616258218769
0.71237298266587
0.728870292887029
0.811356843992827
0.651882845188285
0.96258218768679
1.33377166766288
0.583144052600119
0.618888224745965
1.02857142857143
0.365929468021518
0.976329946204423
1.09731022115959
1.52898983861327
0.827854154213987
1.34751942618051
2.483084279737
0.539151225343694
1.43825463239689
0.588643156007173
1.24578601315003
0.750866706515242
0.968081291093843
0.55839808726838
1.26778242677824
0.610639569635385
1.06431560071727
1.26503287507472
1.31727435744172
0.852600119545726
1.57573221757322
0.739868499701136
0.981829049611476
0.816855947399881
0.514405260011955
0.602390914524806
0.561147638971907
9.95086670651524
0.761864913329348
0.805857740585774
0.709623430962343
0.734369396294082
0.682127913927077
0.753616258218769
0.896592946802152
0.629886431560072
1.19629408248655
2.81303048416019
0.937836222355051
2.5655708308428
0.503407053197848
0.511655708308428
1.05606694560669
0.858099222952779
0.803108188882247
0.67937836222355
0.808607292289301
0.855349671249253
1.31452480573819
1.1495517035266
0.717872086072923
1.22653915122534
3.93759713090257
0.976329946204423
1.7599521817095
0.654632396891811
0.709623430962343
1.33652121936641
1.25128511655708
0.676628810520024
0.42916915720263
0.995576808129109
1.00657501494322
1.57573221757322
1.28702928870293
1.57848176927675
0.761864913329348
0.70412432755529
1.04231918708906
1.0148236700538
1.21279139270771
0.761864913329348
0.742618051404662
0.536401673640167
1.14405260011955
1.44375373580394
1.92767483562463
1.11930663478781
0.475911536162582
0.723371189479976
0.646383741781231
0.442916915720263
0.748117154811715
1.00382546323969
1.08356246264196
0.797609085475194
0.932337118947998
1.21279139270771
1.46849970113568
1.14680215182307
0.726120741183502
0.836102809324567
0.607890017931859
1.97716676628811
1.39426180514047
1.1495517035266
0.632635983263598
0.885594739988045
1.03682008368201
0.995576808129109
0.71237298266587
0.332934847579199
1.04231918708906
0.871846981470413
0.877346084877466
0.816855947399881
1.18254632396892
0.709623430962343
1.13580394500897
1.42450687387926
0.789360430364614
1.47949790794979
0.869097429766886
0.855349671249253
0.918589360430365
0.816855947399881
1.14405260011955
0.671129707112971
1.30902570233114
0.684877465630604
0.860848774656306
0.508906156604901
1.4080095636581
1.08631201434549
0.68762701733413
0.794859533771668
1.22653915122534
0.734369396294082
0.748117154811715
0.819605499103407
1.29252839210998
0.387925881649731
0.926838015540944
0.665630603705917
1.05881649731022
1.00382546323969
1.24578601315003
0.610639569635385
0.770113568439928
1.03132098027496
1.19904363419008
1.1907949790795
1.25953377166766
0.976329946204423
1.34751942618051
0.698625224148237
0.844351464435147
1.05331739390317
1.13580394500897
0.530902570233114
1.02857142857143
1.0258218768679
0.915839808726838
0.649133293484758
0.660131500298864
0.869097429766886
1.34751942618051
0.404423191870891
1.14680215182307
0.533652121936641
1.07806335923491
0.95433353257621
0.723371189479976
2.40609683203825
1.22378959952182
1.09731022115959
1.02307232516438
0.816855947399881
0.70412432755529
0.137716676628811
0.616138673042439
0.95433353257621
1.15780035863718
2.41159593544531
0.965331739390317
1.30077704722056
0.618888224745965
2.17238493723849
0.767364016736402
0.720621637776449
0.206455469216976
1.12480573819486
0.984578601315003
1.03132098027496
0.357680812910938
0.888344291691572
1.06431560071727
0.682127913927077
1.29252839210998
0.486909742976688
0.544650328750747
0.973580394500897
1.28153018529588
0.918589360430365
0.959832635983264
1.06431560071727
0.819605499103407
0.808607292289301
1.55648535564854
1.32002390914525
0.789360430364614
0.860848774656306
0.830603705917513
0.778362223550508
0.588643156007173
0.951583980872684
0.957083084279737
0.739868499701136
1.37501494321578
0.750866706515242
1.29527794381351
0.957083084279737
1.12755528989839
1.13855349671249
0.800358637178721
0.671129707112971
0.525403466826061
2.69205020920502
0.866347878063359
1.48499701135684
0.698625224148237
0.957083084279737
0.368679019725045
1.18529587567244
0.874596533173939
1.79294680215182
0.657381948595338
1.03132098027496
0.583144052600119
3.83586371787209
0.973580394500897
0.918589360430365
0.415421398684997
0.761864913329348
0.822355050806934
0.475911536162582
2.3593544530783
0.693126120741183
0.775612671846982
0.783861326957561
0.882845188284519
0.772863120143455
1.02857142857143
1.18254632396892
0.82510460251046
0.500657501494322
0.973580394500897
2.01566049013748
1.04781829049611
0.610639569635385
1.35026897788404
1.07806335923491
1.24853556485356
1.17429766885834
0.723371189479976
1.89468021518231
0.726120741183503
0.882845188284519
1.09181111775254
1.13580394500897
1.3667662881052
0.877346084877466
0.552898983861327
3.06598924088464
1.33652121936641
0.596891811117752
1.48224745965332
0.756365809922295
0.448416019127316
1.3255230125523
1.13305439330544
0.816855947399881
0.899342498505678
0.761864913329348
0.745367603108189
0.781111775254035
0.635385534967125
0.522653915122534
1.52074118350269
0.607890017931859
0.343933054393305
0.673879258816497
0.528153018529588
2.07890017931859
0.585893604303646
1.0258218768679
0.973580394500897
0.882845188284519
1.30077704722056
0.42916915720263
0.56664674237896
0.313687985654513
1.09456066945607
0.767364016736402
1.12205618649133
1.30352659892409
0.792109982068141
2.24937238493724
1.66096832038255
1.35576808129109
1.44375373580394
0.822355050806934
1.60322773460849
2.69754931261207
1.00657501494322
1.06981470412433
0.96258218768679
1.2320382546324
0.871846981470413
0.811356843992827
0.643634190077705
0.640884638374178
0.97083084279737
0.753616258218769
1.11655708308428
1.02032277346085
1.31727435744172
2.90101613867304
4.33078302450687
0.935086670651524
0.539151225343694
1.04506873879259
1.69946204423192
1.08081291093843
0.596891811117752
2.3181111775254
0.723371189479976
1.17704722056186
0.720621637776449
0.613389121338912
1.86993424985057
1.25678421996414
0.902092050209205
0.800358637178721
0.621637776449492
1.20729228930066
0.946084877465631
0.924088463837418
0.929587567244471
0.594142259414226
0.621637776449492
1.00107591153616
0.715122534369396
1.2732815301853
2.46933652121937
0.896592946802152
0.514405260011955
0.937836222355051
0.646383741781231
1.12480573819486
1.05056784219964
0.827854154213987
1.17154811715481
0.902092050209205
0.706873879258816
0.770113568439928
0.852600119545726
1.20729228930066
0.456664674237896
0.803108188882247
0.0992229527794381
1.19354453078302
0.731619844590556
0.629886431560072
0.866347878063359
0.585893604303646
1.79569635385535
0.517154811715481
0.715122534369396
1.10005977286312
0.462163777644949
0.888344291691572
1.00657501494322
0.794859533771668
0.390675433353258
0.297190675433353
0.701374775851763
0.726120741183503
1.23753735803945
1.48499701135684
0.467662881052002
1.65271966527197
0.984578601315003
3.07423789599522
0.753616258218769
0.973580394500897
1.05056784219964
0.514405260011955
0.605140466228332
0.720621637776449
0.657381948595338
0.915839808726838
0.610639569635385
0.643634190077705
1.4602510460251
0.701374775851763
0.459414225941423
0.555648535564853
0.83335325762104
0.621637776449492
0.242199641362821
0.83335325762104
0.778362223550508
0.737118947997609
0.742618051404662
0.690376569037657
0.525403466826061
0.937836222355051
0.926838015540944
0.643634190077705
0.924088463837418
0.701374775851763
0.97083084279737
0.673879258816497
1.67196652719665
1.19629408248655
1.43000597728631
0.860848774656306
0.607890017931859
1.04231918708906
1.97441721458458
0.585893604303646
1.23753735803945
0.932337118947998
1.88093245666467
3.02474596533174
1.33377166766288
0.770113568439928
0.822355050806934
0.0442319187089062
0.767364016736402
0.618888224745965
1.82319187089062
0.547399880454274
0.984578601315003
0.536401673640167
0.668380155409444
0.937836222355051
0.871846981470413
0.822355050806934
0.907591153616258
0.943335325762104
1.12480573819486
0.973580394500897
0.805857740585774
0.698625224148237
1.00932456664674
0.770113568439928
1.24853556485356
1.00657501494322
0.00848774656306037
1.94967124925284
0.42092050209205
0.594142259414226
0.940585774058577
1.19904363419008
1.17429766885834
2.18888224745965
1.03407053197848
0.748117154811715
0.781111775254035
2.40609683203825
1.5317393903168
1.04231918708906
2.52982665869695
0.470412432755529
1.07256425582785
1.04506873879259
