1.26778242677824
1.0258218768679
2.10639569635386
2.17238493723849
0.643634190077705
1.2842797369994
0.959832635983264
1.15505080693365
1.72145845786013
1.63622235505081
2.07340107591154
2.02665869695158
1.60322773460849
1.24853556485356
1.3667662881052
1.6664674237896
0.957083084279737
6.45343693962941
1.02032277346085
1.03407053197848
1.05331739390317
2.13389121338912
1.63072325164375
1.41900777047221
1.96891811117753
1.85068738792588
1.05056784219964
1.63072325164375
3.49216975493126
4.12181709503885
2.48583383144053
0.665630603705917
1.34476987447699
4.68547519426181
1.67746563060371
2.66730424387328
1.16879856545129
2.35110579796772
1.77919904363419
0.748117154811715
1.85618649133293
1.39426180514047
1.97991631799163
1.25678421996414
2.0486551105798
1.65546921697549
1.83419007770472
1.2732815301853
1.73245666467424
1.25678421996414
0.96258218768679
1.0670651524208
2.56007172743574
1.24853556485356
1.11655708308428
1.60322773460849
1.16879856545129
0.775612671846982
4.28679019725045
1.78469814704124
1.45475194261805
1.99916317991632
1.75720263000598
1.28153018529588
1.57848176927675
1.45200239091452
1.47124925283921
1.29252839210998
1.32277346084877
2.72779438135087
1.02857142857143
1.18254632396892
0.913090257023311
0.943335325762104
1.966168559474
1.21004184100418
1.21554094441124
3.00274955170353
1.05606694560669
2.32635983263598
2.1421398684997
2.50508069336521
4.09157202630006
1.67746563060371
4.11081888822475
1.50424387328153
1.46300059772863
1.75720263000598
0.775612671846982
2.29611476389719
2.11189479976091
1.33377166766288
1.5317393903168
1.70496114763897
0.995576808129109
0.767364016736402
1.69946204423192
1.19629408248655
1.62797369994023
3.03024506873879
0.95433353257621
2.51882845188285
1.98266586969516
1.82044231918709
2.39784817692767
1.67746563060371
1.65821876867902
1.05881649731022
1.45200239091452
1.13855349671249
0.937836222355051
1.67471607890018
1.37226539151225
1.98541542139868
2.62331141661686
1.01757322175732
0.990077704722056
1.17979677226539
0.786610878661088
1.69396294082487
2.08164973102212
1.15230125523013
3.48117154811715
1.57573221757322
1.30627615062762
2.22187686790197
1.02307232516438
1.14405260011955
1.02857142857143
2.40334728033473
2.45833831440526
1.60322773460849
3.55540944411237
1.34476987447699
1.2017931858936
1.31727435744172
1.49599521817095
2.81852958756724
1.48774656306037
1.95791990436342
2.20537955768081
1.68296473401076
2.3483562462642
3.9101016138673
1.7901972504483
1.7489539748954
0.907591153616258
1.19904363419008
2.25212193664077
1.61972504482965
1.10555887627017
2.15863717872086
1.53998804542738
2.03215780035864
1.966168559474
1.2320382546324
3.24471010161387
1.57023311416617
3.26945606694561
3.31619844590556
1.72145845786013
1.64447101016139
1.52624028690974
1.45200239091452
1.30902570233114
2.01566049013748
1.65271966527197
0.847101016138673
2.11189479976091
5.29862522414824
1.25953377166766
2.05690376569038
0.797609085475194
1.40526001195457
0.929587567244471
2.48583383144053
1.05331739390317
2.49408248655111
1.58947997609085
1.32827256425583
1.22928870292887
1.11380753138075
0.748117154811715
0.899342498505678
1.449252839211
0.946084877465631
2.2768679019725
1.07806335923491
2.71679617453676
1.26778242677824
1.15505080693365
1.51249252839211
1.70496114763897
1.33927077106993
1.77919904363419
1.94142259414226
1.50699342498506
1.69396294082487
1.92767483562463
2.23837417812313
1.31177525403467
1.46575014943216
0.761864913329348
1.10555887627017
1.05881649731022
1.05606694560669
1.33927077106993
1.24028690974298
0.957083084279737
3.09623430962343
1.6252241482367
0.530902570233114
1.06981470412433
0.891093843395099
0.891093843395099
2.14488942020323
1.41900777047221
1.94142259414226
0.819605499103407
1.58673042438733
1.89468021518231
1.52624028690974
0.616138673042439
1.14130304841602
1.04781829049611
1.27603108188882
0.745367603108189
1.18804542737597
0.902092050209205
1.78194859533772
1.88918111177525
1.24028690974298
4.51500298864315
0.97083084279737
1.71595935445308
1.25678421996414
1.90292887029289
1.31177525403467
0.902092050209205
1.17154811715481
1.41075911536163
1.96891811117753
0.943335325762104
1.5317393903168
1.66371787208607
1.97991631799163
0.396174536760311
1.82044231918709
1.5317393903168
1.27878063359235
1.52898983861327
0.882845188284519
1.53723849372385
0.992827256425583
4.48475791990436
1.29252839210998
1.56473401075912
0.984578601315003
1.47674835624626
0.940585774058577
1.449252839211
0.957083084279737
1.40526001195457
2.11189479976091
0.591392707710699
1.04231918708906
1.66371787208607
1.84793783622236
1.8011954572624
1.28977884040646
0.97083084279737
1.1083084279737
1.80669456066946
1.55648535564854
2.2246264196055
2.17788404064555
1.81494321578004
0.863598326359833
1.32002390914525
1.26503287507472
0.981829049611476
1.43000597728631
1.77369994022714
1.22653915122534
1.90567842199641
1.05606694560669
1.96341900777047
1.29527794381351
1.4904961147639
1.8011954572624
1.14680215182307
1.21829049611476
1.20454273759713
1.18529587567244
1.25403466826061
3.38493723849372
1.42175732217573
1.55098625224148
1.08631201434549
1.4904961147639
1.57848176927675
2.71129707112971
0.976329946204423
0.882845188284519
1.41625821876868
1.44650328750747
1.35026897788404
2.28511655708308
2.92851165570831
0.852600119545726
2.37585176329946
1.30077704722056
0.203705917513449
0.998326359832636
1.13855349671249
1.22928870292887
1.03956963538554
0.200956365809922
3.21171548117155
1.47124925283921
1.2430364614465
1.48499701135684
2.35660490137478
1.43275552898984
1.47124925283921
2.15863717872086
1.17429766885834
0.998326359832636
4.32528392109982
1.21279139270771
0.690376569037657
0.921338912133891
1.64997011356844
1.71595935445308
2.17788404064555
2.5655708308428
3.82211595935445
1.30627615062762
2.0486551105798
2.10364614465033
1.61697549312612
1.94142259414226
1.42450687387926
1.7187089061566
0.97083084279737
1.33652121936641
0.937836222355051
1.0258218768679
1.48224745965332
2.04315600717274
0.943335325762104
2.29336521219366
1.32827256425583
1.449252839211
1.12205618649133
1.68021518230723
1.82869097429767
1.08631201434549
2.23562462641961
1.13580394500897
2.0596533173939
0.97907949790795
1.87268380155409
0.97907949790795
1.21004184100418
2.11464435146444
1.1083084279737
2.94225941422594
1.69121338912134
1.50424387328153
1.06981470412433
2.07340107591154
1.5317393903168
0.693126120741183
1.57848176927675
2.46658696951584
1.80669456066946
0.888344291691572
1.30627615062762
1.8011954572624
1.29527794381351
1.97716676628811
0.902092050209205
1.20454273759713
1.99366407650926
2.60956365809922
1.72970711297071
3.20346682606097
0.789360430364614
1.72145845786013
1.0148236700538
1.49324566646742
1.58947997609085
1.49324566646742
1.61422594142259
1.60322773460849
2.09539748953975
2.29611476389719
0.627136879856545
1.20454273759713
1.01757322175732
1.64722056186491
0.951583980872684
0.794859533771668
0.965331739390317
1.64722056186491
1.02307232516438
0.951583980872684
1.39151225343694
1.20454273759713
1.72695756126718
1.09731022115959
2.77178720860729
1.08631201434549
1.5729826658697
1.43550508069337
2.67280334728033
1.09456066945607
1.13305439330544
1.83693962940825
3.60765092647938
0.998326359832636
1.08356246264196
1.3667662881052
1.08356246264196
1.15780035863718
2.34010759115362
0.715122534369396
2.44734010759115
1.00382546323969
4.23729826658697
2.67005379557681
0.96258218768679
1.29527794381351
2.76078900179319
1.00382546323969
1.05881649731022
1.38601315002989
1.87818290496115
2.09264793783622
0.907591153616258
1.59222952779438
1.09731022115959
1.14130304841602
3.07973699940227
1.79294680215182
1.53723849372385
1.8836820083682
1.8836820083682
1.95791990436342
3.60215182307232
0.984578601315003
2.57381948595338
0.888344291691572
1.12755528989839
0.0689778840406455
0.805857740585774
2.92026300059773
1.51524208009564
1.06431560071727
1.53448894202032
0.797609085475194
2.15038852361028
1.24853556485356
1.92767483562463
9.54943215780036
2.74979079497908
1.79569635385535
2.87077106993425
1.62247459653317
2.1833831440526
1.25128511655708
2.09539748953975
0.789360430364614
1.39426180514047
2.29336521219366
1.2842797369994
0.918589360430365
1.48499701135684
1.15230125523013
1.39151225343694
0.937836222355051
1.95791990436342
0.715122534369396
0.951583980872684
1.1083084279737
1.29527794381351
1.11655708308428
1.74345487148834
1.41625821876868
1.8836820083682
1.75720263000598
1.11930663478781
2.11189479976091
1.20454273759713
2.74979079497908
1.57023311416617
0.0414823670053796
1.12205618649133
1.35576808129109
1.2842797369994
0.946084877465631
1.15230125523013
1.05606694560669
2.01566049013748
1.23753735803945
0.976329946204423
2.6068141063957
0.96258218768679
1.75720263000598
1.75170352659892
1.39976090854752
1.87818290496115
1.42725642558279
2.35660490137478
3.23096234309623
0.951583980872684
2.41159593544531
1.05606694560669
1.18254632396892
5.71380753138075
1.07256425582785
1.29802749551704
4.4682606096832
1.10555887627017
0.717872086072923
1.58123132098028
2.13664076509265
4.69922295277944
1.1083084279737
1.13855349671249
1.31727435744172
1.66371787208607
1.05606694560669
1.16879856545129
1.21554094441124
1.30077704722056
1.72420800956366
1.13305439330544
1.29802749551704
1.01207411835027
1.02307232516438
1.49874476987448
1.1495517035266
1.01207411835027
1.52898983861327
1.89193066347878
1.36401673640167
1.45750149432158
1.15505080693365
0.915839808726838
2.31261207411835
1.38876270173341
1.01757322175732
0.957083084279737
1.24028690974298
1.73795576808129
0.70412432755529
1.87268380155409
1.8424387328153
0.921338912133891
1.87543335325762
1.25678421996414
2.21087866108787
1.17704722056186
0.893843395098625
1.74620442319187
0.84160191273162
1.30352659892409
0.902092050209205
0.734369396294082
1.16604901374776
1.24028690974298
1.01207411835027
1.17979677226539
2.58756724447101
1.75720263000598
1.22378959952182
2.29336521219366
1.8314405260012
2.13389121338912
1.21554094441124
2.05415421398685
5.28762701733413
1.79569635385535
0.990077704722056
0.781111775254035
1.501494321578
1.99916317991632
2.02940824865511
1.47949790794979
0.995576808129109
3.21996413628213
1.48499701135684
1.24578601315003
0.915839808726838
1.68296473401076
1.20729228930066
1.42175732217573
2.03765690376569
1.02032277346085
1.39976090854752
1.68571428571429
1.22378959952182
1.95791990436342
1.41900777047221
1.27053197848177
1.42450687387926
1.71046025104603
2.96150627615063
1.57573221757322
1.21554094441124
0.844351464435147
1.35026897788404
1.84793783622236
0.442916915720263
2.50508069336521
0.792109982068141
2.61231320980275
2.03490735206216
1.13305439330544
1.57573221757322
1.32277346084877
1.48499701135684
0.97907949790795
0.973580394500897
2.69205020920502
0.937836222355051
2.20263000597729
2.0596533173939
1.10280932456665
1.91667662881052
1.34751942618051
1.25953377166766
1.4904961147639
1.93592349073521
1.59222952779438
2.20263000597729
0.783861326957561
0.69587567244471
1.25953377166766
1.67196652719665
1.96341900777047
0.742618051404662
1.86168559473999
0.990077704722056
2.10914524805738
2.63156007172744
1.08081291093843
1.66096832038255
1.10555887627017
2.60406455469217
1.59497907949791
1.74345487148834
2.04590555887627
1.00107591153616
1.35026897788404
1.30077704722056
0.943335325762104
1.26228332337119
1.05056784219964
1.68846383741781
1.08906156604901
1.60047818290496
1.23478780633592
1.74070531978482
0.756365809922295
3.36843992827256
1.0670651524208
1.29802749551704
1.10280932456665
1.34476987447699
1.41900777047221
1.27603108188882
2.12839210998207
1.42175732217573
1.38051404662283
1.64997011356844
1.82869097429767
3.54441123729827
1.05056784219964
1.56198445905559
0.866347878063359
4.50675433353258
0.918589360430365
1.64447101016139
1.91942618051405
1.41075911536163
1.69121338912134
1.54548714883443
1.28153018529588
1.43550508069337
1.63897190675433
1.30077704722056
2.23287507471608
0.935086670651524
1.86993424985057
1.44375373580394
2.63430962343096
6.77788404064555
0.948834429169157
2.48033472803347
1.74620442319187
0.56664674237896
1.43275552898984
2.26861924686192
1.58947997609085
1.22104004781829
1.31727435744172
1.11105797967723
1.13580394500897
2.50233114166169
2.0898983861327
1.93592349073521
1.53998804542738
2.15038852361028
1.4904961147639
0.844351464435147
1.62797369994023
11.9002988643156
1.62797369994023
1.61422594142259
1.25678421996414
1.39701135684399
1.17429766885834
0.98732815301853
1.5427375971309
0.871846981470413
1.449252839211
1.44100418410042
2.8350268977884
1.74345487148834
1.23478780633592
1.1083084279737
1.95517035265989
2.44734010759115
1.32277346084877
1.01757322175732
1.4904961147639
2.38135086670652
1.38051404662283
1.38876270173341
1.00382546323969
1.32827256425583
1.32002390914525
0.926838015540944
2.2768679019725
1.00107591153616
2.04590555887627
2.3593544530783
1.30352659892409
1.29802749551704
0.789360430364614
1.77095038852361
1.2732815301853
1.1083084279737
3.07148834429169
1.47124925283921
1.12755528989839
1.34476987447699
1.13855349671249
1.57573221757322
1.23753735803945
1.54548714883443
1.36951583980873
0.97083084279737
0.783861326957561
0.946084877465631
1.84793783622236
1.42450687387926
1.51524208009564
1.14405260011955
1.21004184100418
2.79928272564256
1.78744769874477
6.14548714883443
1.27603108188882
1.25678421996414
1.11380753138075
3.22821279139271
0.915839808726838
1.08631201434549
2.35385534967125
1.66096832038255
1.38876270173341
1.19904363419008
1.67471607890018
0.638135086670651
0.976329946204423
1.4904961147639
1.19354453078302
1.40526001195457
1.72970711297071
2.90926479378362
1.52898983861327
0.973580394500897
1.68846383741781
1.61147638971907
1.10555887627017
1.33102211595935
2.21087866108787
2.018410041841
2.23837417812313
1.27603108188882
0.660131500298864
0.896592946802152
1.74070531978482
1.46849970113568
0.899342498505678
1.17979677226539
2.3181111775254
0.959832635983264
1.56198445905559
1.5427375971309
1.49599521817095
1.1907949790795
1.35851763299462
1.03407053197848
0.877346084877466
5.15839808726838
0.882845188284519
1.76270173341303
0.921338912133891
1.33652121936641
1.91392707710699
1.58947997609085
3.79462044231919
0.932337118947998
1.82869097429767
1.93042438732815
0.838852361028093
2.84327555289898
1.52624028690974
3.58565451285117
1.0148236700538
1.5427375971309
1.14405260011955
0.662881052002391
0.101972504482965
1.81494321578004
2.09264793783622
0.946084877465631
1.48224745965332
2.31261207411835
0.68762701733413
1.06156604901375
1.4080095636581
1.22653915122534
1.31177525403467
1.62247459653317
1.37501494321578
2.20812910938434
1.56473401075912
1.28153018529588
1.43000597728631
1.6664674237896
1.48499701135684
2.67830245068739
0.811356843992827
1.31452480573819
1.30077704722056
0.995576808129109
0.96258218768679
1.16879856545129
2.21637776449492
1.17429766885834
1.79294680215182
2.48033472803347
1.63072325164375
1.27878063359235
0.767364016736402
1.68571428571429
1.2017931858936
3.02474596533174
1.35851763299462
1.51524208009564
2.94225941422594
0.756365809922295
2.51607890017932
0.924088463837418
2.52982665869695
2.58481769276748
1.2017931858936
0.968081291093843
1.45750149432158
0.836102809324567
3.08798565451285
1.11380753138075
0.657381948595338
1.17979677226539
0.836102809324567
1.92217573221757
1.77095038852361
0.808607292289301
1.36951583980873
1.29527794381351
1.14130304841602
1.65271966527197
1.15230125523013
2.45833831440526
0.968081291093843
0.893843395098625
1.12205618649133
2.018410041841
0.918589360430365
2.05140466228332
1.05331739390317
1.24028690974298
0.976329946204423
1.20454273759713
0.836102809324567
0.676628810520024
1.31452480573819
1.39976090854752
1.68846383741781
1.0148236700538
1.0670651524208
1.85343693962941
1.6252241482367
1.39701135684399
1.5427375971309
0.814106395696354
1.43825463239689
1.82044231918709
1.45750149432158
2.41709503885236
1.96341900777047
1.23753735803945
2.19438135086671
1.20729228930066
0.706873879258816
1.75170352659892
2.49408248655111
2.30161386730424
0.929587567244471
1.47674835624626
1.80944411237298
0.924088463837418
1.43550508069337
0.902092050209205
2.47208607292289
1.19629408248655
0.838852361028093
2.27961745367603
1.46300059772863
1.17154811715481
1.07256425582785
1.21279139270771
1.91667662881052
1.64722056186491
1.08356246264196
1.21554094441124
1.83693962940825
3.45367603108189
1.34751942618051
1.55373580394501
0.836102809324567
1.64447101016139
1.99916317991632
1.00932456664674
2.39234907352062
1.16879856545129
1.33927077106993
1.91942618051405
3.05224148236701
1.03407053197848
1.501494321578
1.6252241482367
1.8011954572624
1.0148236700538
1.8836820083682
1.33652121936641
0.184459055588763
0.965331739390317
0.924088463837418
1.03132098027496
1.92767483562463
1.33927077106993
1.72145845786013
1.18529587567244
4.033831440526
1.09731022115959
1.89468021518231
1.55373580394501
1.21279139270771
1.12205618649133
1.24028690974298
2.27136879856545
0.915839808726838
1.05606694560669
1.80394500896593
1.55373580394501
1.07256425582785
1.966168559474
0.929587567244471
2.77178720860729
1.84793783622236
1.67196652719665
2.79653317393903
1.72970711297071
0.924088463837418
1.14130304841602
0.907591153616258
1.44650328750747
1.43000597728631
1.94967124925284
1.45750149432158
0.990077704722056
0.926838015540944
1.87268380155409
1.51799163179916
0.888344291691572
1.84518828451883
1.51524208009564
1.33102211595935
1.69671249252839
1.29802749551704
1.42450687387926
0.981829049611476
0.95433353257621
0.789360430364614
2.61231320980275
0.932337118947998
1.63622235505081
0.731619844590556
1.80944411237298
0.893843395098625
1.40251046025105
1.39151225343694
2.13114166168559
2.11464435146444
1.86168559473999
2.09814704124328
2.70854751942618
1.35301852958757
2.1008965929468
1.04506873879259
1.24578601315003
4.82295277943813
1.0148236700538
1.22653915122534
3.88535564853556
2.18613269575613
2.3483562462642
2.59306634787806
1.33377166766288
1.04506873879259
1.8836820083682
1.32827256425583
1.13855349671249
0.976329946204423
1.2732815301853
1.7901972504483
1.08356246264196
1.07531380753138
2.54632396891811
1.10280932456665
1.81769276748356
6.06849970113568
2.66730424387328
0.992827256425583
0.976329946204423
1.85618649133293
1.49874476987448
1.05881649731022
1.5317393903168
1.65546921697549
0.781111775254035
1.53998804542738
1.2732815301853
1.48224745965332
2.21087866108787
1.19629408248655
1.42725642558279
1.86718469814704
0.935086670651524
0.896592946802152
5.24638374178123
5.17764494919307
1.32827256425583
1.37776449491931
1.06156604901375
3.83036461446503
1.44100418410042
2.16688583383144
1.69946204423192
2.08714883442917
2.35660490137478
1.56473401075912
2.12564255827854
1.08906156604901
2.14488942020323
1.3667662881052
1.13030484160191
0.709623430962343
2.18888224745965
1.09181111775254
1.7901972504483
1.01757322175732
1.49874476987448
1.57848176927675
1.6664674237896
1.25678421996414
1.47124925283921
1.9249252839211
1.12480573819486
2.23012552301255
1.51524208009564
1.30352659892409
1.46575014943216
1.30627615062762
0.976329946204423
0.929587567244471
2.7827854154214
1.0258218768679
1.41075911536163
1.33652121936641
0.57489539748954
1.06981470412433
1.50699342498506
1.81219366407651
2.32361028093246
1.36401673640167
1.94142259414226
1.32277346084877
1.61697549312612
1.12480573819486
1.09456066945607
0.8498505678422
1.74620442319187
1.27053197848177
2.02940824865511
2.23837417812313
2.62331141661686
2.018410041841
1.85343693962941
1.01207411835027
2.78003586371787
1.35851763299462
1.01207411835027
1.40251046025105
1.59222952779438
2.54082486551106
0.0579796772265391
1.14130304841602
0.951583980872684
1.40251046025105
4.82020322773461
1.17154811715481
1.00382546323969
1.75720263000598
1.09181111775254
1.449252839211
1.81769276748356
0.891093843395099
4.19055588762702
0.880095636580992
0.948834429169157
1.07531380753138
3.31619844590556
1.87818290496115
1.05331739390317
1.449252839211
1.36401673640167
1.04781829049611
1.00932456664674
1.72145845786013
4.06407650926479
1.72420800956366
3.47842199641363
1.22653915122534
1.28977884040646
1.68846383741781
3.64614465032875
0.0744769874476987
0.789360430364614
1.01207411835027
1.01757322175732
1.28977884040646
1.86993424985057
1.31452480573819
0.772863120143455
2.69479976090855
1.32002390914525
1.50974297668858
1.96066945606695
1.57023311416617
1.13855349671249
1.60597728631201
1.34202032277346
1.37226539151225
1.03682008368201
1.17979677226539
2.06790197250448
1.64447101016139
0.855349671249253
1.09181111775254
1.3667662881052
1.69396294082487
3.68738792588165
1.65821876867902
0.607890017931859
1.61422594142259
1.18529587567244
1.05606694560669
1.27878063359235
2.50508069336521
2.57381948595338
2.16138673042439
2.535325762104
1.58123132098028
1.07531380753138
0.816855947399881
1.39426180514047
1.09731022115959
2.13939031679617
2.30986252241482
1.34751942618051
1.58123132098028
1.37776449491931
1.35851763299462
1.02857142857143
1.11105797967723
0.880095636580992
1.39701135684399
1.28702928870293
1.28153018529588
3.81111775254035
1.38051404662283
0.888344291691572
1.30352659892409
0.968081291093843
2.535325762104
1.10555887627017
1.15505080693365
3.92109982068141
2.42534369396294
1.37776449491931
1.79844590555888
3.51141661685595
0.968081291093843
1.57848176927675
1.34751942618051
1.33652121936641
0.984578601315003
2.05140466228332
0.946084877465631
1.4602510460251
2.16138673042439
1.60047818290496
1.16604901374776
2.66455469216975
2.38684997011357
2.93950986252241
0.775612671846982
1.86718469814704
1.2842797369994
2.2658696951584
1.07806335923491
1.81769276748356
1.8424387328153
1.27053197848177
1.46300059772863
1.17704722056186
2.14763897190675
0.935086670651524
1.3667662881052
1.56198445905559
2.79103407053198
0.981829049611476
1.39151225343694
1.85068738792588
2.46383741781231
8.31763299462044
1.68021518230723
1.21279139270771
1.71595935445308
0.877346084877466
1.40251046025105
4.13281530185296
1.00932456664674
2.09539748953975
3.93209802749552
0.951583980872684
1.68846383741781
1.30352659892409
1.1907949790795
1.02307232516438
1.10555887627017
1.00932456664674
1.78194859533772
1.1083084279737
1.29252839210998
0.976329946204423
1.88918111177525
1.64447101016139
1.31452480573819
1.58673042438733
1.43275552898984
1.25128511655708
0.745367603108189
2.16963538553497
3.8688583383144
0.775612671846982
2.00466228332337
1.95517035265989
1.38601315002989
2.40884638374178
0.709623430962343
2.05415421398685
1.13855349671249
1.17154811715481
2.59856545128512
0.992827256425583
1.77919904363419
1.82044231918709
1.37776449491931
1.16054991034071
3.6406455469217
2.04040645546922
1.63622235505081
1.52074118350269
1.09456066945607
0.882845188284519
0.585893604303646
1.23478780633592
1.49874476987448
1.93592349073521
1.1907949790795
1.35301852958757
1.00932456664674
0.860848774656306
0.929587567244471
0.123968918111178
1.86443514644351
2.55732217573222
0.011237298266587
1.42450687387926
2.53257621040048
0.992827256425583
1.41900777047221
2.33460848774656
0.910340705319785
1.51524208009564
0.885594739988045
1.74620442319187
0.0469814704124328
1.449252839211
1.90567842199641
0.0799760908547519
0.753616258218769
0.71237298266587
1.40526001195457
2.65630603705918
0.816855947399881
3.60215182307232
1.06981470412433
1.64447101016139
1.4080095636581
3.13197848176928
1.75445307830245
1.33927077106993
2.04315600717274
0.959832635983264
1.60597728631201
0.852600119545726
1.27878063359235
0.948834429169157
1.05331739390317
1.83419007770472
1.97716676628811
1.94692169754931
2.98075313807531
1.21004184100418
1.22104004781829
1.10280932456665
1.98266586969516
1.50974297668858
0.233950986252241
3.29420203227735
1.60322773460849
2.62056186491333
1.43550508069337
0.937836222355051
1.85893604303646
0.940585774058577
0.797609085475194
1.26778242677824
1.69671249252839
1.08081291093843
1.07531380753138
1.84793783622236
1.61972504482965
1.501494321578
1.4904961147639
2.8652719665272
1.7489539748954
1.61972504482965
1.17154811715481
2.03765690376569
1.15505080693365
3.37118947997609
1.18804542737597
2.02665869695158
1.85343693962941
1.44100418410042
1.69671249252839
1.25128511655708
1.50424387328153
1.25678421996414
1.97991631799163
1.10280932456665
1.24578601315003
0.717872086072923
1.80394500896593
2.87352062163778
1.19904363419008
1.83693962940825
1.3667662881052
1.2842797369994
2.40334728033473
1.84793783622236
1.24028690974298
1.71046025104603
1.07256425582785
1.30352659892409
1.73795576808129
1.35576808129109
1.74345487148834
2.17238493723849
1.24853556485356
1.72420800956366
1.48224745965332
1.58673042438733
1.03407053197848
0.948834429169157
1.43275552898984
1.38051404662283
1.89193066347878
1.50699342498506
1.03132098027496
0.69587567244471
6.96760310818888
1.6664674237896
4.72396891811118
1.22928870292887
7.82271368798565
0.737118947997609
2.52157800358637
2.1008965929468
0.948834429169157
2.38959952181709
1.0148236700538
0.742618051404662
1.42175732217573
0.97083084279737
4.09982068141064
0.957083084279737
3.01649731022116
1.00657501494322
2.12839210998207
0.877346084877466
1.08906156604901
1.61147638971907
2.09264793783622
1.00657501494322
0.852600119545726
2.12564255827854
2.36485355648536
0.976329946204423
5.89527794381351
1.82594142259414
1.51249252839211
1.24578601315003
1.92217573221757
1.14405260011955
2.26037059175134
3.2997011356844
1.28702928870293
1.20454273759713
1.0258218768679
1.22378959952182
1.51524208009564
2.018410041841
0.517154811715481
1.05331739390317
1.65546921697549
4.06682606096832
1.11655708308428
1.47674835624626
0.349432157800359
2.09814704124328
0.896592946802152
1.26778242677824
1.26503287507472
1.39426180514047
1.2320382546324
3.64614465032875
1.44100418410042
1.08356246264196
1.79569635385535
1.22104004781829
1.47399880454274
1.05881649731022
0.946084877465631
0.816855947399881
0.935086670651524
0.910340705319785
1.90017931858936
1.42450687387926
1.48774656306037
1.21554094441124
1.64447101016139
2.07065152420801
1.39426180514047
3.58290496114764
1.24028690974298
1.25128511655708
4.55624626419606
1.92217573221757
1.51249252839211
1.28153018529588
1.37226539151225
1.62797369994023
2.20537955768081
0.803108188882247
1.69946204423192
0.998326359832636
3.37118947997609
1.09731022115959
1.92767483562463
2.75528989838613
1.30627615062762
1.2430364614465
1.35576808129109
1.43000597728631
2.02940824865511
2.04315600717274
1.4602510460251
0.904841601912732
1.17429766885834
1.86993424985057
1.17154811715481
1.16604901374776
2.45558876270173
1.65271966527197
1.44375373580394
1.32277346084877
1.7077106993425
1.53723849372385
1.81769276748356
1.78469814704124
2.17238493723849
1.57023311416617
2.38410041841004
2.46933652121937
1.94692169754931
0.926838015540944
3.35744172145846
1.87818290496115
1.7077106993425
2.36485355648536
0.921338912133891
1.81494321578004
3.32444710101614
2.20537955768081
2.19163179916318
1.0670651524208
1.40251046025105
1.41075911536163
5.45809922295278
1.33927077106993
1.28702928870293
1.51524208009564
1.13030484160191
0.918589360430365
0.654632396891811
0.808607292289301
1.83968918111178
1.43825463239689
1.05606694560669
1.8314405260012
1.62797369994023
1.78469814704124
0.899342498505678
1.35576808129109
1.65271966527197
0.984578601315003
1.34202032277346
0.200956365809922
1.34751942618051
1.38876270173341
1.20454273759713
1.50699342498506
2.90376569037657
1.85618649133293
0.748117154811715
2.72229527794381
1.30352659892409
0.874596533173939
2.0486551105798
0.98732815301853
1.03956963538554
0.948834429169157
1.06431560071727
1.37226539151225
1.37226539151225
0.583144052600119
2.04315600717274
1.44100418410042
1.00382546323969
1.98541542139868
1.11380753138075
1.38326359832636
1.45750149432158
1.19354453078302
2.03215780035864
2.11464435146444
1.74620442319187
0.640884638374178
0.940585774058577
0.924088463837418
0.715122534369396
1.86993424985057
2.018410041841
1.97716676628811
1.76270173341303
2.02390914524806
0.866347878063359
1.86443514644351
1.21829049611476
2.36210400478183
1.14130304841602
1.2842797369994
2.20537955768081
1.45750149432158
3.61864913329348
1.18529587567244
1.36951583980873
2.10364614465033
1.69121338912134
1.47124925283921
0.97907949790795
1.06431560071727
2.61506276150628
1.60597728631201
0.811356843992827
1.61422594142259
1.60597728631201
2.05140466228332
0.959832635983264
1.43825463239689
2.09539748953975
2.4005977286312
1.32002390914525
1.48224745965332
1.19629408248655
1.3667662881052
1.61422594142259
1.75445307830245
0.984578601315003
1.36951583980873
2.14488942020323
1.32277346084877
1.61147638971907
0.921338912133891
0.819605499103407
2.02115959354453
2.15588762701733
1.83693962940825
3.37118947997609
1.45200239091452
1.63209802749552
1.86718469814704
0.858099222952779
1.17429766885834
1.22653915122534
0.899342498505678
1.34202032277346
1.73795576808129
0.533652121936641
1.06156604901375
1.54823670053796
1.07531380753138
1.29527794381351
3.98433950986252
1.19904363419008
1.58123132098028
0.844351464435147
1.33102211595935
1.97991631799163
6.97035265989241
1.54823670053796
1.62797369994023
1.43000597728631
1.87543335325762
1.59222952779438
1.43550508069337
1.8011954572624
1.1083084279737
1.6664674237896
1.65546921697549
1.25678421996414
1.21004184100418
0.981829049611476
2.61231320980275
1.25953377166766
1.28977884040646
0.827854154213987
2.04315600717274
1.05881649731022
0.855349671249253
2.4005977286312
1.10005977286312
1.28702928870293
1.43825463239689
2.29061566049014
1.05331739390317
2.20537955768081
0.893843395098625
1.51249252839211
1.04506873879259
1.10280932456665
1.44375373580394
1.88918111177525
1.66921697549313
1.47399880454274
1.01757322175732
1.97166766288105
1.03132098027496
1.50699342498506
1.50699342498506
1.36401673640167
1.00932456664674
2.05690376569038
1.31452480573819
1.69121338912134
2.81028093245666
0.827854154213987
2.75528989838613
1.09731022115959
1.46300059772863
1.70221159593545
0.742618051404662
1.65271966527197
2.51057979677227
0.720621637776449
3.49216975493126
0.976329946204423
1.04781829049611
1.25953377166766
1.13305439330544
0.882845188284519
3.24196054991034
1.13305439330544
1.2320382546324
3.36569037656904
2.23837417812313
5.13915122534369
3.65439330543933
1.08356246264196
0.871846981470413
1.35851763299462
0.992827256425583
0.858099222952779
1.57023311416617
0.742618051404662
1.63897190675433
1.17704722056186
1.681589958159
1.2430364614465
2.21362821279139
1.31727435744172
0.676628810520024
1.12205618649133
0.715122534369396
1.49874476987448
1.49599521817095
1.18804542737597
2.24937238493724
1.19354453078302
0.943335325762104
1.33652121936641
1.34476987447699
2.08439928272564
1.86718469814704
1.34751942618051
1.39151225343694
1.48499701135684
4.30328750747161
3.14572624028691
1.02307232516438
0.671129707112971
1.74620442319187
0.803108188882247
1.13030484160191
1.73520621637776
5.27937836222355
1.07806335923491
1.15780035863718
0.96258218768679
1.37501494321578
2.02115959354453
3.47017334130305
1.20454273759713
1.92217573221757
1.73520621637776
1.19629408248655
2.13389121338912
2.34560669456067
1.56473401075912
1.11380753138075
2.28786610878661
1.91117752540347
1.65546921697549
0.888344291691572
3.65989240884638
1.31727435744172
1.66371787208607
2.18888224745965
1.75170352659892
2.03490735206216
1.09731022115959
0.57489539748954
1.61147638971907
2.13114166168559
1.12480573819486
1.97441721458458
0.871846981470413
1.89193066347878
1.31727435744172
2.93950986252241
0.98732815301853
2.29886431560072
1.12480573819486
1.61422594142259
1.36401673640167
0.822355050806934
3.02474596533174
1.98541542139868
0.816855947399881
0.97083084279737
2.24662283323371
1.03682008368201
1.26503287507472
2.74704124327555
1.32002390914525
1.68571428571429
0.97083084279737
1.37776449491931
2.24662283323371
1.46300059772863
0.8498505678422
5.00717274357442
2.0486551105798
1.13855349671249
2.39509862522415
1.27878063359235
1.19354453078302
1.33102211595935
0.0552301255230126
0.745367603108189
1.28702928870293
1.17429766885834
0.951583980872684
0.629886431560072
3.29695158398087
2.20537955768081
0.995576808129109
1.93042438732815
1.5839808726838
1.89742976688583
2.26037059175134
1.35851763299462
1.63347280334728
1.41900777047221
1.72695756126718
1.39151225343694
0.778362223550508
1.966168559474
1.03407053197848
4.25929468021518
1.58123132098028
2.09264793783622
1.41900777047221
2.41434548714883
0.717872086072923
1.33102211595935
1.51524208009564
1.99366407650926
0.8498505678422
1.00932456664674
1.39976090854752
2.25487148834429
1.06156604901375
1.22928870292887
1.08906156604901
1.78469814704124
1.2732815301853
3.3409444112373
1.75445307830245
1.17704722056186
1.94692169754931
6.50842797369994
0.811356843992827
1.10555887627017
1.501494321578
1.41625821876868
4.58099222952779
1.50974297668858
1.24028690974298
0.71237298266587
2.27136879856545
1.80944411237298
0.932337118947998
1.2320382546324
0.888344291691572
0.563897190675433
0.814106395696354
3.33269575612672
1.69121338912134
5.27112970711297
1.83419007770472
1.00107591153616
1.42175732217573
1.53723849372385
2.74429169157203
0.739868499701136
1.17704722056186
1.12480573819486
1.28977884040646
2.08164973102212
1.94967124925284
1.09456066945607
2.42259414225941
1.06431560071727
1.60597728631201
1.35576808129109
2.34560669456067
1.7599521817095
1.37226539151225
1.30627615062762
3.27220561864913
1.42175732217573
1.00932456664674
2.09814704124328
1.10555887627017
1.1907949790795
1.2732815301853
0.888344291691572
1.5427375971309
3.08523610280932
1.56198445905559
1.61972504482965
1.93592349073521
1.33377166766288
0.885594739988045
1.78744769874477
1.29252839210998
2.25487148834429
1.70221159593545
1.51524208009564
0.937836222355051
1.30902570233114
1.29802749551704
3.11823072325164
1.25953377166766
1.00382546323969
1.39701135684399
1.42175732217573
2.73604303646145
1.92767483562463
1.79569635385535
1.67471607890018
2.14488942020323
2.13664076509265
1.04231918708906
1.22104004781829
0.976329946204423
1.17979677226539
1.18529587567244
1.32827256425583
0.814106395696354
1.33377166766288
2.0596533173939
0.965331739390317
2.34285714285714
1.63347280334728
0.660131500298864
1.61697549312612
1.24853556485356
2.11189479976091
1.69671249252839
0.95433353257621
1.07256425582785
1.03407053197848
1.43550508069337
2.85427375971309
1.19629408248655
1.94829647340108
2.6480573819486
1.97441721458458
1.966168559474
1.39151225343694
1.08356246264196
0.789360430364614
1.43275552898984
0.943335325762104
1.22378959952182
0.940585774058577
1.49599521817095
1.91117752540347
1.38326359832636
1.99916317991632
2.39234907352062
0.511655708308428
0.665630603705917
1.4602510460251
0.984578601315003
0.924088463837418
1.74620442319187
2.09264793783622
1.68021518230723
1.56473401075912
1.67196652719665
1.0670651524208
3.49766885833831
1.1907949790795
2.34560669456067
1.60322773460849
1.27878063359235
0.803108188882247
1.33102211595935
0.904841601912732
1.03956963538554
1.35576808129109
1.57848176927675
2.65080693365212
1.93592349073521
1.21279139270771
1.00657501494322
1.05881649731022
1.01757322175732
2.0898983861327
1.02032277346085
0.97083084279737
1.43825463239689
2.26861924686192
1.48774656306037
1.32002390914525
1.38051404662283
1.24028690974298
0.959832635983264
1.15230125523013
3.19246861924686
1.1083084279737
2.27411835026898
4.36652719665272
0.660131500298864
1.75170352659892
1.65546921697549
1.13030484160191
0.827854154213987
1.01757322175732
1.59222952779438
1.4080095636581
2.45833831440526
1.33377166766288
2.96700537955768
0.635385534967125
1.81219366407651
1.39976090854752
1.2430364614465
1.83419007770472
2.77453676031082
1.68021518230723
1.41350866706515
1.87818290496115
3.91835026897788
0.957083084279737
1.98541542139868
1.7901972504483
1.49599521817095
0.926838015540944
1.98541542139868
0.995576808129109
1.10555887627017
2.46383741781231
1.38876270173341
0.981829049611476
1.27053197848177
1.36951583980873
1.76820083682008
2.51332934847579
4.17130902570233
1.76820083682008
1.60322773460849
1.18254632396892
3.07148834429169
1.23753735803945
0.885594739988045
2.47758517632995
1.52074118350269
1.2430364614465
1.32002390914525
1.86168559473999
0.781111775254035
0.739868499701136
2.32086072922893
2.68655110579797
1.58123132098028
0.97083084279737
1.26503287507472
0.871846981470413
1.45475194261805
1.70496114763897
2.61231320980275
1.43825463239689
1.16879856545129
1.65821876867902
2.03765690376569
1.15230125523013
1.90567842199641
1.0258218768679
0.684877465630604
1.21829049611476
0.525403466826061
0.926838015540944
1.25403466826061
1.501494321578
1.11655708308428
0.70412432755529
1.2842797369994
1.36126718469815
1.91117752540347
2.06790197250448
0.819605499103407
0.858099222952779
0.863598326359833
1.31177525403467
1.16879856545129
0.29994022713688
5.2326359832636
1.66371787208607
1.62797369994023
1.39426180514047
1.26503287507472
2.21087866108787
1.05606694560669
2.09814704124328
0.940585774058577
1.25128511655708
2.24387328153019
1.74070531978482
1.03956963538554
1.50424387328153
1.80944411237298
1.7489539748954
1.77369994022714
1.13580394500897
1.47399880454274
1.5839808726838
1.56198445905559
0.965331739390317
2.06240286909743
0.657381948595338
1.37501494321578
0.893843395098625
1.80394500896593
1.79844590555888
1.41900777047221
1.44100418410042
2.05415421398685
2.92026300059773
1.07531380753138
1.30352659892409
1.11380753138075
1.79569635385535
0.723371189479976
1.25678421996414
1.41625821876868
1.39976090854752
1.46849970113568
1.35301852958757
1.32002390914525
1.25128511655708
0.907591153616258
1.41075911536163
1.03132098027496
2.09539748953975
1.04506873879259
1.71320980274955
1.54548714883443
0.910340705319785
1.36951583980873
2.0898983861327
1.78469814704124
1.75170352659892
2.19438135086671
1.82594142259414
1.20454273759713
1.16879856545129
1.84518828451883
2.43909145248057
1.4080095636581
5.21888822474596
1.94142259414226
3.23646144650329
2.61506276150628
1.06981470412433
1.03956963538554
1.78744769874477
1.0148236700538
1.16329946204423
2.018410041841
1.52624028690974
0.745367603108189
1.07256425582785
1.45200239091452
2.79653317393903
1.2842797369994
1.13305439330544
0.82510460251046
1.36951583980873
3.20071727435744
2.85427375971309
1.03682008368201
1.4602510460251
2.23012552301255
2.24112372982666
1.44650328750747
0.827854154213987
1.91392707710699
1.05331739390317
1.7901972504483
1.07806335923491
1.62247459653317
1.38601315002989
1.62247459653317
5.0566646742379
1.23753735803945
1.63072325164375
1.33102211595935
0.739868499701136
1.16879856545129
3.14297668858338
1.65546921697549
1.97166766288105
2.23287507471608
0.918589360430365
1.27878063359235
3.80011954572624
1.00932456664674
1.07256425582785
1.2017931858936
1.501494321578
2.31536162582188
1.82869097429767
1.38326359832636
1.32827256425583
2.51332934847579
1.45200239091452
1.63072325164375
1.16879856545129
1.44100418410042
2.2246264196055
1.16329946204423
1.52898983861327
1.16604901374776
1.03407053197848
1.23753735803945
0.915839808726838
1.60597728631201
1.78194859533772
1.5839808726838
1.11655708308428
1.81769276748356
1.56473401075912
0.888344291691572
1.16879856545129
1.22378959952182
1.5317393903168
0.885594739988045
0.816855947399881
1.32002390914525
1.3255230125523
0.932337118947998
0.715122534369396
1.21829049611476
1.16879856545129
1.11655708308428
1.52898983861327
1.33927077106993
2.91476389719068
1.22928870292887
1.18804542737597
1.69396294082487
1.35301852958757
1.32277346084877
2.04040645546922
1.26228332337119
3.3519426180514
1.65821876867902
1.30902570233114
1.89468021518231
2.36485355648536
1.52898983861327
1.31727435744172
2.16138673042439
1.01757322175732
1.18804542737597
0.814106395696354
0.640884638374178
1.27878063359235
2.18613269575613
1.88918111177525
0.951583980872684
1.66921697549313
0.893843395098625
1.37226539151225
1.70221159593545
1.31452480573819
2.05415421398685
1.32002390914525
1.52349073520622
2.12839210998207
1.81494321578004
2.76903765690377
1.56748356246264
1.11380753138075
0.781111775254035
1.14130304841602
1.07531380753138
1.78194859533772
3.11273161984459
2.27136879856545
1.38051404662283
1.33652121936641
0.95433353257621
1.32827256425583
1.52624028690974
1.52898983861327
2.06240286909743
1.94967124925284
1.66096832038255
2.13939031679617
1.55373580394501
0.698625224148237
2.05415421398685
1.15230125523013
1.14130304841602
1.68296473401076
1.8011954572624
0.794859533771668
1.63897190675433
1.18529587567244
0.00573819485953378
1.28702928870293
1.13580394500897
2.48858338314405
1.30902570233114
1.06981470412433
1.10555887627017
1.55098625224148
1.2320382546324
2.42809324566647
1.38051404662283
1.08906156604901
3.23096234309623
1.42450687387926
1.53723849372385
6.33520621637776
0.959832635983264
1.13030484160191
1.75170352659892
1.47949790794979
0.924088463837418
1.30902570233114
1.03956963538554
1.84518828451883
1.36951583980873
0.830603705917513
1.30902570233114
2.52157800358637
0.902092050209205
2.2246264196055
0.0222355050806934
1.33377166766288
1.39976090854752
1.501494321578
1.1083084279737
4.46276150627615
1.52349073520622
0.701374775851763
1.16879856545129
1.98541542139868
1.57848176927675
1.14680215182307
1.35301852958757
1.78194859533772
0.665630603705917
0.874596533173939
2.42259414225941
0.882845188284519
0.869097429766886
1.31727435744172
1.17979677226539
2.7415421398685
4.31703526598924
2.49958158995816
1.02307232516438
0.715122534369396
1.60047818290496
0.96258218768679
1.87818290496115
2.55457262402869
2.18888224745965
3.77262402869097
1.87818290496115
1.28977884040646
1.14130304841602
1.89468021518231
1.19904363419008
1.03956963538554
2.23012552301255
0.786610878661088
2.15863717872086
1.48499701135684
0.877346084877466
1.28977884040646
2.535325762104
0.855349671249253
1.83693962940825
1.23478780633592
1.28702928870293
0.660131500298864
1.31727435744172
1.2430364614465
2.68105200239091
1.16879856545129
1.25128511655708
1.24853556485356
2.30986252241482
1.65271966527197
2.80753138075314
1.66096832038255
1.11380753138075
1.84793783622236
1.89742976688583
5.69456066945607
0.803108188882247
0.728870292887029
0.69587567244471
1.32277346084877
1.15505080693365
1.16604901374776
1.02032277346085
0.885594739988045
1.96066945606695
0.852600119545726
1.60597728631201
1.32277346084877
3.8688583383144
0.935086670651524
1.95791990436342
2.05140466228332
1.65546921697549
1.49599521817095
1.18804542737597
1.21279139270771
1.08631201434549
1.22378959952182
1.00932456664674
1.25403466826061
1.13030484160191
1.91117752540347
2.04040645546922
1.29252839210998
1.68846383741781
1.72420800956366
2.48858338314405
0.932337118947998
2.01016138673042
1.26503287507472
1.79844590555888
1.24853556485356
3.97059175134489
0.871846981470413
1.49599521817095
1.84793783622236
1.40251046025105
1.48774656306037
1.67746563060371
1.52624028690974
1.90292887029289
1.51249252839211
1.70633592349073
1.37226539151225
2.03490735206216
0.869097429766886
1.79294680215182
1.31727435744172
1.71320980274955
1.2320382546324
2.02115959354453
1.46300059772863
4.53699940227137
1.66096832038255
1.02032277346085
1.33377166766288
1.44375373580394
1.66096832038255
2.21912731619845
1.05056784219964
1.37226539151225
2.0074118350269
1.58123132098028
3.04674237895995
1.42725642558279
1.29252839210998
1.25953377166766
2.29336521219366
1.22104004781829
2.83777644949193
1.02307232516438
0.959832635983264
1.05056784219964
1.00382546323969
1.49874476987448
1.87818290496115
1.57573221757322
1.5839808726838
1.72420800956366
2.2768679019725
3.05774058577406
0.792109982068141
1.39151225343694
1.5427375971309
1.42175732217573
1.14130304841602
1.44100418410042
1.05606694560669
1.60597728631201
1.51524208009564
1.07531380753138
1.26778242677824
1.0148236700538
1.19354453078302
1.33102211595935
2.99175134488942
1.52349073520622
1.88643156007173
1.22104004781829
1.17979677226539
1.21829049611476
1.57573221757322
1.45200239091452
1.97991631799163
0.984578601315003
1.96341900777047
1.35851763299462
1.28153018529588
0.811356843992827
2.1008965929468
2.0074118350269
2.60956365809922
1.14680215182307
1.0670651524208
1.71320980274955
0.926838015540944
1.58947997609085
0.951583980872684
1.50699342498506
1.93042438732815
1.4602510460251
2.16413628212791
1.49324566646742
1.79844590555888
1.10280932456665
0.84160191273162
1.44100418410042
1.19904363419008
1.19354453078302
1.2842797369994
1.12480573819486
0.937836222355051
2.38959952181709
2.06240286909743
0.783861326957561
1.00107591153616
0.877346084877466
1.82594142259414
1.83968918111178
1.52624028690974
2.78003586371787
1.85618649133293
2.2658696951584
2.15588762701733
3.02199641362821
1.93867304243873
1.81219366407651
1.21004184100418
1.32002390914525
1.31452480573819
1.34476987447699
1.21829049611476
1.60322773460849
1.39426180514047
1.30077704722056
1.08081291093843
0.836102809324567
1.08906156604901
1.8836820083682
1.5839808726838
0.646383741781231
1.02032277346085
1.80394500896593
2.09814704124328
1.41350866706515
1.27878063359235
1.85068738792588
0.8498505678422
3.32719665271966
1.56198445905559
1.27053197848177
1.45475194261805
1.18529587567244
1.10555887627017
1.11930663478781
1.18804542737597
1.05881649731022
3.78362223550508
0.918589360430365
1.01757322175732
2.45008965929468
1.5729826658697
1.53998804542738
2.33460848774656
1.59772863120143
1.78744769874477
1.08906156604901
1.58123132098028
1.02307232516438
1.24578601315003
1.15230125523013
1.84793783622236
1.41075911536163
2.01016138673042
2.08439928272564
2.02940824865511
0.888344291691572
0.84160191273162
2.05415421398685
1.12205618649133
1.72420800956366
1.23478780633592
1.79844590555888
1.18529587567244
1.86443514644351
3.56915720263001
1.92767483562463
1.37501494321578
0.838852361028093
0.97083084279737
1.65821876867902
1.96341900777047
0.990077704722056
1.09731022115959
1.09456066945607
1.11930663478781
1.50699342498506
1.06431560071727
1.47399880454274
1.77644949193066
2.24662283323371
1.63072325164375
1.06156604901375
2.34560669456067
2.89551703526599
1.20729228930066
1.44650328750747
1.92217573221757
2.17238493723849
1.57573221757322
1.06431560071727
1.3667662881052
1.48224745965332
0.968081291093843
1.58947997609085
0.467662881052002
1.42175732217573
1.17704722056186
1.76820083682008
1.26778242677824
0.101972504482965
1.58673042438733
1.7901972504483
1.1083084279737
1.77919904363419
0.638135086670651
1.3255230125523
2.38684997011357
1.23478780633592
1.91117752540347
1.13305439330544
0.926838015540944
0.69587567244471
1.10005977286312
1.01207411835027
0.709623430962343
1.10005977286312
1.40251046025105
1.18529587567244
1.30352659892409
1.72695756126718
1.49874476987448
1.26503287507472
1.75445307830245
1.55098625224148
1.12205618649133
1.17154811715481
2.26037059175134
1.80394500896593
7.135325762104
1.33927077106993
1.82319187089062
1.34202032277346
1.15505080693365
2.8350268977884
2.98900179318589
1.87268380155409
1.06156604901375
2.59856545128512
2.93401075911536
1.59222952779438
2.05415421398685
2.21912731619845
2.14763897190675
1.43275552898984
3.41518230723252
1.06156604901375
0.965331739390317
1.59497907949791
1.17979677226539
1.62247459653317
3.56640765092648
1.43000597728631
1.45475194261805
1.15230125523013
1.42175732217573
3.7753735803945
1.57573221757322
0.882845188284519
1.13855349671249
0.904841601912732
1.28702928870293
1.06156604901375
3.22271368798565
0.913090257023311
1.80944411237298
2.71954572624029
4.53974895397489
1.22928870292887
1.69946204423192
1.62247459653317
4.13006575014943
24.4904961147639
1.39701135684399
1.23478780633592
1.18804542737597
1.06981470412433
1.33927077106993
2.57381948595338
1.88093245666467
1.37776449491931
1.43825463239689
1.06981470412433
2.89001793185894
1.00657501494322
1.13580394500897
1.4602510460251
1.09731022115959
2.7827854154214
3.94859533771668
2.3071129707113
1.89742976688583
1.25678421996414
2.5765690376569
1.17154811715481
1.24028690974298
1.21554094441124
2.98625224148237
1.71046025104603
1.14405260011955
1.04506873879259
0.940585774058577
1.26503287507472
0.673879258816497
1.51249252839211
2.6590555887627
2.01566049013748
1.33927077106993
0.957083084279737
0.98732815301853
1.70221159593545
1.44100418410042
1.9249252839211
1.4602510460251
2.23837417812313
2.89551703526599
1.94142259414226
1.66371787208607
1.02307232516438
1.56473401075912
1.18254632396892
2.26312014345487
1.29802749551704
1.44375373580394
1.04231918708906
1.74070531978482
1.12755528989839
1.19629408248655
1.39701135684399
0.693126120741183
1.12205618649133
0.915839808726838
3.87160789001793
2.14488942020323
2.79103407053198
1.51524208009564
2.2246264196055
0.753616258218769
1.61422594142259
1.3255230125523
1.43550508069337
1.43550508069337
1.34751942618051
2.16413628212791
1.64447101016139
2.10639569635386
1.65546921697549
1.31177525403467
1.75170352659892
0.814106395696354
5.07866108786611
1.61147638971907
0.844351464435147
0.896592946802152
2.01566049013748
1.24028690974298
4.05857740585774
1.19354453078302
5.18314405260012
1.29252839210998
1.39151225343694
1.70496114763897
1.43550508069337
1.2017931858936
0.932337118947998
1.37776449491931
3.74787806335923
1.02032277346085
1.68021518230723
1.91117752540347
1.41075911536163
1.2320382546324
1.51249252839211
1.8314405260012
1.501494321578
4.25654512851166
0.896592946802152
1.39701135684399
3.88260609683204
3.16772265391512
1.7599521817095
0.816855947399881
6.93460848774656
1.26228332337119
1.96891811117753
0.976329946204423
1.2017931858936
1.21004184100418
1.7187089061566
1.41350866706515
3.55265989240885
1.55373580394501
1.14680215182307
0.998326359832636
1.35301852958757
0.97907949790795
0.984578601315003
1.61422594142259
2.17513448894202
1.55923490735206
1.51799163179916
1.94967124925284
2.68105200239091
0.393424985056784
1.96066945606695
5.30412432755529
1.47124925283921
1.09731022115959
1.46575014943216
0.874596533173939
4.98792588164973
1.16879856545129
0.863598326359833
1.99091452480574
1.04231918708906
1.56473401075912
4.39127316198446
1.44650328750747
1.26778242677824
0.858099222952779
1.13855349671249
0.896592946802152
1.14680215182307
1.96066945606695
1.65271966527197
1.67196652719665
1.93042438732815
0.723371189479976
1.51524208009564
2.23012552301255
1.48499701135684
1.21554094441124
4.25379557680813
1.77644949193066
0.921338912133891
2.43909145248057
1.73795576808129
1.49324566646742
0.940585774058577
1.33377166766288
1.53723849372385
2.02115959354453
1.68021518230723
1.72145845786013
2.04040645546922
1.42725642558279
1.2430364614465
1.26503287507472
1.39426180514047
3.33819485953377
0.764614465032875
1.81219366407651
0.98732815301853
2.20263000597729
1.50424387328153
1.05881649731022
1.27053197848177
1.59497907949791
1.44375373580394
1.11380753138075
1.08081291093843
1.83693962940825
0.937836222355051
1.34751942618051
2.10364614465033
1.8314405260012
2.03765690376569
2.39784817692767
1.26778242677824
2.04590555887627
1.47399880454274
0.800358637178721
1.84793783622236
2.30436341900777
2.2768679019725
0.965331739390317
0.671129707112971
1.44650328750747
1.13030484160191
1.40251046025105
7.37728631201434
1.2017931858936
1.91942618051405
1.85068738792588
1.12480573819486
3.24471010161387
0.882845188284519
0.924088463837418
1.15780035863718
2.0486551105798
1.74345487148834
0.891093843395099
1.23478780633592
1.23478780633592
1.38876270173341
2.09539748953975
1.21554094441124
0.772863120143455
1.62247459653317
2.018410041841
1.37226539151225
1.72420800956366
0.767364016736402
0.929587567244471
1.33927077106993
1.41900777047221
1.43550508069337
1.19904363419008
2.44459055588763
1.0258218768679
1.0148236700538
4.17680812910938
1.62797369994023
1.20729228930066
1.00107591153616
0.899342498505678
0.767364016736402
0.838852361028093
1.40251046025105
1.44650328750747
1.21279139270771
2.94775851763299
1.16604901374776
1.7187089061566
1.07256425582785
1.10555887627017
1.2842797369994
1.56198445905559
1.19629408248655
3.87985654512851
0.871846981470413
2.21637776449492
0.926838015540944
2.43909145248057
1.2430364614465
0.816855947399881
1.23753735803945
1.77919904363419
0.965331739390317
0.605140466228332
0.761864913329348
0.921338912133891
1.41075911536163
1.50424387328153
2.07890017931859
2.1421398684997
2.33735803945009
1.03132098027496
0.742618051404662
1.41350866706515
0.759115361625822
1.36126718469815
1.24853556485356
2.1008965929468
1.35026897788404
1.83419007770472
1.61147638971907
0.951583980872684
1.28977884040646
0.638135086670651
0.882845188284519
0.948834429169157
1.59222952779438
1.42450687387926
1.25128511655708
7.3937836222355
1.91117752540347
1.17429766885834
1.7599521817095
0.02498505678422
1.33102211595935
0.990077704722056
1.26778242677824
1.18254632396892
1.34202032277346
2.28786610878661
1.97166766288105
1.37776449491931
1.55923490735206
1.95242080095637
1.43275552898984
1.24578601315003
1.27878063359235
0.877346084877466
1.43825463239689
1.27878063359235
2.02390914524806
1.94417214584579
1.59772863120143
1.22104004781829
1.86718469814704
0.808607292289301
0.844351464435147
1.83419007770472
2.01016138673042
4.86144650328751
2.01291093843395
1.94967124925284
1.71595935445308
1.78469814704124
2.45558876270173
1.64172145845786
1.33927077106993
1.37226539151225
1.08906156604901
1.30627615062762
1.84793783622236
1.84793783622236
2.2658696951584
1.41900777047221
1.43000597728631
2.29886431560072
1.27053197848177
1.78194859533772
2.17238493723849
1.22653915122534
1.12755528989839
1.41075911536163
1.18804542737597
2.33735803945009
1.28702928870293
0.968081291093843
2.34010759115362
2.45833831440526
1.82044231918709
1.32827256425583
3.39593544530783
3.68738792588165
1.19629408248655
2.07615062761506
1.34476987447699
1.02994620442319
2.15038852361028
0.915839808726838
1.51249252839211
1.86718469814704
1.21554094441124
0.866347878063359
3.6406455469217
3.44542737597131
0.990077704722056
2.37585176329946
1.5427375971309
2.11189479976091
1.0670651524208
2.94225941422594
1.93317393903168
1.88643156007173
1.45475194261805
1.31452480573819
0.822355050806934
1.0670651524208
2.65630603705918
1.39426180514047
2.01566049013748
1.05606694560669
1.05881649731022
1.58673042438733
1.71320980274955
1.52898983861327
1.98816497310221
2.04040645546922
1.79844590555888
3.07698744769874
1.37501494321578
6.29396294082487
2.92576210400478
1.44100418410042
2.2246264196055
0.866347878063359
1.09181111775254
2.28511655708308
0.932337118947998
3.75612671846981
1.68846383741781
1.98541542139868
1.85068738792588
3.21171548117155
2.21087866108787
1.2732815301853
1.36401673640167
1.41350866706515
2.535325762104
1.54823670053796
1.27053197848177
1.12480573819486
3.35744172145846
1.1907949790795
1.02032277346085
0.844351464435147
1.16604901374776
2.18888224745965
1.57023311416617
1.21004184100418
1.73245666467424
1.45200239091452
0.767364016736402
1.69946204423192
1.56198445905559
3.72588164973102
1.29527794381351
1.47399880454274
1.41075911536163
1.86993424985057
1.43275552898984
1.11930663478781
1.66921697549313
1.60872683801554
1.03682008368201
1.14405260011955
1.82594142259414
1.30077704722056
2.36760310818888
1.37226539151225
1.57573221757322
1.70221159593545
1.65821876867902
1.09731022115959
1.03407053197848
0.588643156007173
1.47399880454274
2.89001793185894
0.767364016736402
1.47949790794979
1.43550508069337
1.60322773460849
1.96891811117753
2.79103407053198
0.649133293484758
1.86168559473999
0.761864913329348
2.12289300657502
1.44100418410042
2.42809324566647
1.26778242677824
1.20454273759713
0.723371189479976
2.42534369396294
1.21554094441124
1.41075911536163
1.44650328750747
1.25403466826061
1.99916317991632
5.25463239689181
2.00191273161984
1.38601315002989
0.940585774058577
1.08906156604901
0.965331739390317
0.880095636580992
0.715122534369396
0.968081291093843
1.60597728631201
1.93867304243873
1.46849970113568
3.12922893006575
1.71320980274955
1.46300059772863
1.00657501494322
2.32086072922893
0.110221159593545
2.14488942020323
1.00382546323969
1.5317393903168
0.863598326359833
0.951583980872684
3.21996413628213
1.87818290496115
1.63072325164375
2.45008965929468
1.13030484160191
1.64722056186491
2.97800358637179
1.7077106993425
3.59665271966527
1.84793783622236
2.59306634787806
1.22928870292887
0.816855947399881
2.10639569635386
1.41350866706515
1.52074118350269
1.3667662881052
2.25487148834429
1.72420800956366
1.90017931858936
1.88918111177525
1.22928870292887
1.19904363419008
1.16054991034071
1.99091452480574
1.61147638971907
1.58947997609085
1.72420800956366
1.12755528989839
1.40251046025105
2.02390914524806
3.56090854751943
1.30077704722056
1.49874476987448
1.449252839211
0.932337118947998
0.830603705917513
1.47949790794979
0.918589360430365
2.29061566049014
1.68021518230723
0.959832635983264
1.07256425582785
2.43359234907352
1.3255230125523
1.66096832038255
0.877346084877466
1.36951583980873
1.03132098027496
1.32002390914525
0.797609085475194
3.40143454871488
0.940585774058577
1.8011954572624
2.30436341900777
1.15505080693365
1.96891811117753
1.05331739390317
2.21362821279139
1.94692169754931
2.36485355648536
1.86718469814704
1.22928870292887
1.05606694560669
1.24578601315003
1.8836820083682
6.23622235505081
1.07256425582785
0.811356843992827
1.82044231918709
0.907591153616258
1.4904961147639
1.55098625224148
1.11380753138075
1.95791990436342
1.7077106993425
1.75170352659892
0.95433353257621
0.885594739988045
1.63072325164375
1.85068738792588
0.852600119545726
2.04040645546922
1.00932456664674
1.15505080693365
1.24028690974298
1.68571428571429
1.501494321578
1.15505080693365
1.87818290496115
0.731619844590556
0.893843395098625
0.830603705917513
1.23753735803945
2.71679617453676
1.32002390914525
6.38744769874477
2.40884638374178
1.66371787208607
1.93042438732815
1.00657501494322
1.40526001195457
0.770113568439928
1.30077704722056
1.4080095636581
1.03132098027496
2.96975493126121
1.6664674237896
3.53341303048416
1.04231918708906
1.55098625224148
1.40526001195457
1.93317393903168
1.11655708308428
0.748117154811715
1.88918111177525
3.1759713090257
1.60047818290496
1.78194859533772
1.63897190675433
8.61733413030484
0.95433353257621
1.48774656306037
1.85893604303646
1.62247459653317
0.907591153616258
3.07973699940227
1.2017931858936
3.59390316796175
1.33377166766288
1.27603108188882
1.94967124925284
0.882845188284519
1.31452480573819
1.14680215182307
0.792109982068141
1.35026897788404
2.23287507471608
2.3071129707113
1.62797369994023
1.59497907949791
0.959832635983264
2.55457262402869
0.855349671249253
1.37226539151225
2.3483562462642
1.19904363419008
0.990077704722056
1.22104004781829
1.5317393903168
0.877346084877466
2.81303048416019
1.34476987447699
1.71046025104603
1.87268380155409
1.82044231918709
1.38326359832636
1.71046025104603
1.91942618051405
1.30352659892409
1.26228332337119
1.32002390914525
1.06981470412433
7.20131500298864
2.8350268977884
2.86252241482367
2.19713090257023
0.676628810520024
2.12839210998207
1.5427375971309
1.51799163179916
1.60597728631201
1.15505080693365
1.13580394500897
3.1649731022116
2.05415421398685
1.36401673640167
1.98541542139868
1.14680215182307
1.5317393903168
1.5839808726838
1.64172145845786
1.03407053197848
1.0670651524208
1.43000597728631
1.79294680215182
1.10005977286312
1.87818290496115
1.7901972504483
1.39151225343694
1.56748356246264
3.07148834429169
2.6068141063957
2.76903765690377
0.750866706515242
1.36401673640167
1.64447101016139
1.35301852958757
0.904841601912732
2.64530783024507
1.43275552898984
1.81769276748356
2.51057979677227
3.20621637776449
1.78194859533772
1.38051404662283
1.30077704722056
2.06240286909743
1.13030484160191
1.96891811117753
1.501494321578
2.19988045427376
1.81494321578004
0.83335325762104
2.67005379557681
1.966168559474
1.39701135684399
1.69946204423192
1.78194859533772
1.21554094441124
0.786610878661088
4.02283323371189
1.449252839211
1.34202032277346
1.4080095636581
1.11930663478781
1.00107591153616
1.27878063359235
0.797609085475194
1.39151225343694
1.3255230125523
1.16329946204423
2.35110579796772
2.39784817692767
1.04506873879259
1.6664674237896
1.45750149432158
1.68296473401076
1.32827256425583
1.41625821876868
1.7901972504483
0.921338912133891
2.06240286909743
1.14680215182307
1.449252839211
1.45200239091452
2.35660490137478
0.852600119545726
0.902092050209205
2.13389121338912
1.72420800956366
1.22653915122534
2.06240286909743
0.775612671846982
1.57848176927675
0.98732815301853
1.13855349671249
2.41984459055589
2.2246264196055
0.888344291691572
1.03956963538554
1.93317393903168
3.06873879258816
1.61697549312612
1.93317393903168
3.49766885833831
