3.35469216975493
1.66371787208607
2.67555289898386
2.71404662283323
1.60872683801554
3.2584578601315
3.7341303048416
4.08607292289301
2.92301255230126
4.8916915720263
4.28679019725045
3.52791392707711
2.26037059175134
2.87352062163778
7.71823072325164
3.64614465032875
2.62056186491333
2.38135086670652
8.08117154811715
5.87603108188882
1.95242080095637
2.75254034668261
4.3335325762104
5.47734608487746
2.59856545128512
2.71954572624029
3.70388523610281
1.52349073520622
4.85869695158398
3.80561864913329
4.17405857740586
2.84052600119546
1.73795576808129
2.08164973102212
3.8991034070532
2.39234907352062
4.23179916317992
4.51775254034668
5.56533173939032
3.84961147638972
1.05881649731022
1.90292887029289
2.57931858936043
2.75803945008966
2.98075313807531
4.18780633592349
3.03574417214585
3.54991034070532
4.71297071129707
3.17047220561865
4.07232516437537
3.22271368798565
4.44901374775852
4.5919904363419
1.37776449491931
0.959832635983264
3.53891213389121
3.54441123729827
0.02498505678422
3.19246861924686
2.90376569037657
2.12014345487149
2.7827854154214
2.8762701733413
5.34536760310819
3.92384937238494
2.85427375971309
2.25762104004782
3.87435744172146
2.43634190077705
2.018410041841
3.65989240884638
2.50783024506874
1.64997011356844
3.76712492528392
3.1347280334728
3.32169754931261
1.90292887029289
2.67555289898386
2.54907352062164
3.58015540944411
2.41434548714883
3.25295875672445
4.13006575014943
2.67830245068739
3.10998206814106
3.40418410041841
3.47292289300657
3.84686192468619
6.56066945606694
3.18147041243276
4.61398684997011
2.45558876270173
3.40968320382546
2.92851165570831
4.10257023311417
4.08882247459653
1.86718469814704
3.1649731022116
4.40227136879856
6.71189479976091
3.67913927077107
4.75421398684997
2.38959952181709
3.06049013747759
4.83395098625224
3.62689778840406
3.33544530783024
1.98541542139868
3.67089061566049
4.85594739988045
2.79378362223551
2.63156007172744
2.73879258816497
4.12731619844591
2.48858338314405
2.47483562462642
1.36951583980873
2.77178720860729
9.61817095038852
3.2997011356844
7.07483562462642
3.78912133891213
3.01924686192469
2.37035265989241
3.10448296473401
6.70364614465033
2.95325762104005
2.27411835026898
2.71954572624029
2.24387328153019
2.18888224745965
2.25762104004782
3.56090854751943
3.67364016736402
5.48009563658099
2.34010759115362
4.62773460848775
5.16664674237896
5.5020920502092
2.89826658696952
2.63430962343096
3.29695158398087
3.49216975493126
2.15038852361028
3.86060968320383
1.56748356246264
2.52982665869695
2.5655708308428
4.2400478182905
2.69205020920502
3.16772265391512
2.91476389719068
6.27746563060371
2.32635983263598
3.22821279139271
3.05224148236701
2.65630603705918
4.97967722653915
3.20071727435744
1.98816497310221
3.03574417214585
3.74237895995218
14.3254034668261
3.97884040645547
3.78912133891213
2.76353855349671
3.87985654512851
2.06790197250448
3.58290496114764
2.49958158995816
3.82211595935445
3.03574417214585
2.77728631201435
3.40968320382546
3.4344291691572
4.7267184698147
1.98541542139868
3.1347280334728
2.60956365809922
3.34644351464435
3.09073520621638
3.40693365212194
2.71129707112971
7.81171548117155
4.14381350866706
2.42534369396294
4.17130902570233
3.26670651524208
2.15588762701733
2.70579796772265
5.26838015540944
3.8578601315003
9.8326359832636
2.45558876270173
2.33460848774656
3.11548117154812
1.66371787208607
2.96975493126121
5.95851763299462
6.6898983861327
3.62139868499701
3.06873879258816
2.95600717274357
2.93401075911536
3.51141661685595
1.6664674237896
2.29611476389719
3.23371189479976
3.25570830842797
4.26754333532576
5.86228332337119
6.84112372982666
3.75337716676629
4.30328750747161
2.25212193664077
4.97692767483562
3.9403466826061
2.15313807531381
3.00824865511058
4.45176329946204
4.13556485355648
2.12564255827854
6.72014345487149
2.35110579796772
3.00274955170353
7.04734010759115
4.78445905558876
2.91201434548715
1.79844590555888
6.80537955768081
3.1347280334728
2.32361028093246
9.46969515839809
2.32635983263598
2.57931858936043
3.47017334130305
4.1163179916318
4.29503885236103
3.49766885833831
3.27495517035266
4.06682606096832
2.0074118350269
4.80095636580992
4.45451285116557
3.79187089061566
3.43167961745368
2.15038852361028
2.60131500298864
2.24937238493724
2.99450089659295
1.91942618051405
4.22904961147639
2.95325762104005
2.85977286312014
3.23646144650329
2.54907352062164
2.51607890017932
4.81745367603108
3.80286909742977
2.42809324566647
3.17047220561865
3.30794979079498
2.63705917513449
3.96234309623431
4.82845188284519
5.09515839808727
2.67280334728034
2.12839210998207
6.85212193664076
5.584578601315
1.34751942618051
3.55540944411237
1.88643156007173
1.41900777047221
4.76246264196055
2.86252241482367
3.07423789599522
4.64148236700538
4.25654512851166
6.09874476987448
2.80753138075314
4.58924088463837
4.75146443514644
3.19796772265391
3.02749551703527
3.99533771667663
6.40669456066945
3.98983861326958
2.51332934847579
3.05224148236701
1.96066945606695
4.3335325762104
4.27854154213987
5.15839808726838
2.09539748953975
5.47734608487746
8.98302450687388
2.96975493126121
3.71488344291692
4.78445905558876
4.87244471010161
1.98816497310221
3.00824865511058
2.76353855349671
2.95600717274357
3.59390316796175
11.5566049013748
3.09898386132696
2.49958158995816
0.14596533173939
5.86228332337119
9.31297071129707
2.92576210400478
1.94417214584579
2.52982665869695
1.90017931858936
2.16138673042439
1.84793783622236
4.58374178123132
5.66981470412433
4.2098027495517
2.92851165570831
5.30687387925882
4.40227136879856
3.34644351464435
1.86718469814704
3.10723251643754
4.24279736999402
3.83036461446503
3.10448296473401
2.84877465630604
0.02498505678422
2.50783024506874
3.3519426180514
2.92851165570831
3.7753735803945
2.01016138673042
4.50400478182905
4.15481171548117
3.56365809922295
1.83968918111178
9.42020322773461
2.7002988643156
2.44734010759115
2.1421398684997
2.6068141063957
4.33903167961745
1.8314405260012
7.29205020920502
2.29886431560072
2.54357441721458
2.74429169157203
13.1156007172744
2.73604303646145
7.92994620442319
2.00191273161984
3.2172145845786
2.5765690376569
4.07782426778243
4.31703526598924
2.87352062163778
3.30520023909145
2.14488942020323
4.63048416019127
4.25654512851166
2.26861924686192
2.48583383144053
2.39234907352062
4.87244471010161
3.10173341303048
24.2347878063359
3.35744172145846
2.45008965929468
3.01099820681411
7.77047220561865
3.81111775254035
4.82020322773461
2.99175134488942
2.87077106993425
3.2172145845786
1.84518828451883
3.45642558278542
3.0824865511058
3.52516437537358
2.15588762701733
2.44459055588763
2.11464435146444
2.45558876270173
3.17322175732218
2.20812910938434
2.80203227734608
3.38768679019725
4.21805140466228
7.18756724447101
3.06323968918111
3.02749551703527
2.51332934847579
3.14572624028691
3.42893006575015
2.48033472803347
2.94225941422594
2.03765690376569
4.1163179916318
2.74979079497908
2.12014345487149
3.11548117154812
3.19246861924686
2.26312014345487
2.97525403466826
3.19796772265391
3.12647937836222
2.76628810520024
2.93126120741183
5.58182904961148
3.07698744769874
10.6794979079498
2.66455469216975
1.83419007770472
3.58015540944411
2.14763897190675
2.12014345487149
3.39593544530783
1.63622235505081
3.12647937836222
1.42725642558279
3.88260609683204
3.05499103407053
2.06515242080096
1.99091452480574
2.12839210998207
1.96891811117753
2.57931858936043
2.33185893604304
2.53257621040048
3.41518230723252
2.69754931261207
5.67256425582785
3.48942020322773
3.00549910340705
3.29145248057382
7.05008965929468
2.70304841601913
3.14847579199044
3.40693365212194
2.74704124327555
7.50926479378362
2.99725044829647
4.27304243873281
2.88451882845188
2.83227734608488
2.6068141063957
2.55732217573222
2.92026300059773
2.57106993424985
2.63705917513449
4.85319784817693
2.1421398684997
2.98625224148237
8.80705319784817
2.95325762104005
5.19689181111775
2.72779438135087
2.3593544530783
3.1759713090257
3.51141661685595
8.31488344291691
3.05224148236701
7.18756724447101
2.88726838015541
3.23646144650329
2.8762701733413
3.58015540944411
4.56449491930663
5.62032277346085
4.1685594739988
3.12922893006575
4.34453078302451
5.38661087866109
3.39043634190078
2.65080693365212
4.93843395098625
1.76270173341303
2.35110579796772
2.79653317393903
1.80944411237298
8.64757919904363
3.75887627017334
2.71679617453676
3.46467423789599
3.31344889420203
5.95026897788404
3.22271368798565
2.40609683203825
3.69013747758518
1.96066945606695
4.23454871488344
1.98541542139868
2.8240286909743
4.47101016138673
3.35744172145846
4.09707112970711
2.99175134488942
3.15947399880454
2.4005977286312
2.12564255827854
2.32086072922893
3.76437537358039
2.79103407053198
6.10699342498506
5.30412432755529
1.90017931858936
1.83419007770472
3.3931858936043
4.68272564255828
3.58015540944411
3.92109982068141
1.38601315002989
2.79103407053198
2.55182307232516
3.51141661685595
3.04399282725643
2.2246264196055
3.09623430962343
0.107471607890018
5.79629408248655
3.67089061566049
2.09264793783622
5.24913329348476
3.86335923490735
4.57274357441721
4.28953974895397
2.29336521219366
2.24937238493724
2.0596533173939
3.20896592946802
2.31261207411835
1.34751942618051
2.22737597130903
2.74704124327555
3.05224148236701
3.5994022713688
3.39593544530783
2.49958158995816
3.30520023909145
6.54142259414226
2.76078900179319
3.93759713090257
7.35254034668261
2.43909145248057
2.73054393305439
5.03741781231321
3.29145248057382
2.67555289898386
3.53616258218769
3.05499103407053
4.08332337118948
4.97692767483562
2.83777644949193
4.17680812910938
6.84387328153019
2.18888224745965
2.72779438135087
2.19438135086671
3.1347280334728
3.10173341303048
2.78003586371787
3.516915720263
5.56808129109384
5.95576808129109
2.75254034668261
2.2246264196055
1.9249252839211
3.12098027495517
3.75887627017334
2.79928272564256
3.38493723849372
2.73604303646145
3.84411237298267
6.35445307830245
2.40609683203825
4.0750747160789
4.43801554094441
5.95026897788404
1.5427375971309
3.66539151225344
3.06598924088464
2.99725044829647
4.32253436939629
3.40968320382546
3.37393903167962
2.75528989838613
2.5765690376569
2.98625224148237
3.83586371787209
1.74345487148834
13.4840406455469
3.59115361625822
3.15397489539749
3.57740585774059
7.38828451882845
4.97967722653915
2.40609683203825
2.65080693365212
6.66240286909743
2.77178720860729
2.50783024506874
3.45917513448894
3.63789599521817
6.07399880454274
2.3483562462642
2.39784817692767
3.32719665271966
2.42809324566647
4.61673640167364
2.37035265989241
3.72588164973102
8.86479378362223
6.11799163179916
3.49491930663479
11.4493723849372
2.19988045427376
6.07674835624626
1.83968918111178
3.6104004781829
4.16580992229528
2.92026300059773
4.06957561267185
1.966168559474
2.57931858936043
3.65439330543933
3.06049013747759
5.82378959952182
2.95050806933652
2.40334728033473
5.85128511655708
2.63980872683802
1.8011954572624
3.31344889420203
2.72779438135087
1.82319187089062
4.83670053795577
10.3852958756724
4.58099222952779
4.06682606096832
3.38768679019725
3.1237298266587
4.16031081888822
2.31536162582188
2.97525403466826
3.33544530783024
4.16306037059175
2.2768679019725
8.09216975493126
3.87710699342498
1.97441721458458
1.77369994022714
3.50591751344889
3.03024506873879
3.51141661685595
3.37118947997609
3.94859533771668
2.86252241482367
2.95325762104005
6.53867304243873
5.87053197848177
4.05032875074716
3.0934847579199
3.26945606694561
3.10448296473401
2.74429169157203
3.38768679019725
4.39677226539151
2.60956365809922
4.06132695756127
2.91201434548715
2.45283921099821
3.516915720263
2.57106993424985
7.7347280334728
3.14297668858338
3.47292289300657
3.26945606694561
3.06598924088464
2.5765690376569
5.5433353257621
3.75062761506276
2.89826658696952
3.65989240884638
3.02474596533174
2.38135086670652
4.06407650926479
4.33078302450687
2.10914524805738
1.71320980274955
7.01159593544531
2.43359234907352
4.57549312612074
2.74979079497908
3.62689778840406
3.68738792588165
4.92193664076509
4.27854154213987
3.07973699940227
2.8350268977884
2.42534369396294
2.19163179916318
3.77812313209803
3.28320382546324
6.36545128511656
2.63430962343096
5.48009563658099
3.62689778840406
3.88810520023909
3.91285116557083
2.61231320980275
2.85427375971309
1.7901972504483
5.6258218768679
3.65714285714286
4.1988045427376
3.42618051404662
6.17573221757322
3.31619844590556
2.8762701733413
0.349432157800359
2.15588762701733
2.68930065750149
6.67065152420801
3.1237298266587
5.80454273759713
3.6516437537358
2.12839210998207
3.48117154811715
5.13365212193664
1.88918111177525
4.02008368200837
2.93676031081889
3.13747758517633
5.53783622235505
3.65439330543933
4.36377764494919
5.67806335923491
5.43885236102809
2.3483562462642
1.8836820083682
5.85678421996414
1.89468021518231
1.91392707710699
2.07890017931859
2.78553496712493
11.2541542139868
3.07148834429169
3.66264196054991
2.66180514046623
4.48750747160789
2.12289300657502
2.22187686790197
4.05307830245069
2.38959952181709
3.48392109982068
6.24722056186491
3.36019127316198
2.53257621040048
3.08523610280932
2.24387328153019
2.89001793185894
4.52875074716079
4.61673640167364
4.72946802151823
3.66814106395696
4.22355050806934
3.54441123729827
2.29061566049014
10.0361028093246
4.33078302450687
2.27411835026898
3.49491930663479
5.48284518828452
4.43801554094441
3.80561864913329
1.86993424985057
0.288942020322773
2.80065750149432
3.75062761506276
4.59748953974895
2.68655110579797
4.78445905558876
6.50842797369994
3.02474596533174
2.92576210400478
2.79378362223551
4.73771667662881
6.12624028690974
3.07423789599522
1.5839808726838
0.00848774656306037
2.58206814106396
3.44817692767484
2.21912731619845
2.49133293484758
2.97800358637179
3.23096234309623
3.25020920502092
3.06049013747759
3.00274955170353
3.87985654512851
4.73771667662881
2.02665869695158
1.94692169754931
6.72564255827854
3.65439330543933
3.46192468619247
4.08332337118948
2.94775851763299
8.21315002988643
2.2658696951584
3.86335923490735
2.8350268977884
2.18613269575613
4.52325164375374
3.20621637776449
2.05140466228332
2.85977286312014
2.45008965929468
6.01625821876868
3.68738792588165
4.23729826658697
2.81028093245666
3.30520023909145
2.54357441721458
4.83670053795577
3.40968320382546
5.94751942618051
2.57106993424985
2.71129707112971
3.52241482367005
2.93676031081889
2.70304841601913
3.40968320382546
3.50866706515242
2.04040645546922
4.73496712492528
3.76987447698745
5.28212791392708
2.21637776449492
3.46192468619247
1.966168559474
3.67913927077107
3.7341303048416
1.56473401075912
3.4234309623431
3.92659892408846
2.08714883442917
2.42809324566647
4.13556485355648
1.81769276748356
4.98792588164973
1.95242080095637
3.69013747758518
7.14632396891811
3.9925881649731
3.81111775254035
3.53341303048416
4.69097429766886
3.07698744769874
2.97250448296473
4.57274357441721
3.42618051404662
3.97884040645547
3.59115361625822
2.07890017931859
2.59031679617454
3.50866706515242
4.65248057381948
3.20621637776449
3.49491930663479
3.9101016138673
1.64172145845786
2.42809324566647
3.96234309623431
4.27854154213987
5.55983263598326
2.12289300657502
2.48858338314405
3.81386730424387
3.21446503287507
3.03849372384937
2.75528989838613
2.48033472803347
3.28320382546324
5.59282725642558
3.92934847579199
3.05499103407053
1.64172145845786
1.42175732217573
2.25762104004782
2.3483562462642
4.06957561267185
3.90185295875672
4.54524805738195
5.21063956963539
5.88153018529587
1.56198445905559
3.48392109982068
5.11165570830843
3.53341303048416
2.1008965929468
6.39844590555888
3.76987447698745
5.9255230125523
2.91201434548715
2.05415421398685
6.59641362821279
3.31894799760909
2.55182307232516
2.94500896592947
3.69838613269576
2.88451882845188
2.40884638374178
9.33771667662881
2.32086072922893
3.22546323968918
3.37118947997609
4.22904961147639
2.8350268977884
3.30245068738793
3.04674237895995
4.14106395696354
4.46276150627615
3.38768679019725
3.54441123729827
3.5581589958159
4.41876867901972
3.70113568439928
1.52349073520622
3.00549910340705
1.52898983861327
2.28786610878661
2.48583383144053
4.50675433353258
3.77812313209803
3.09623430962343
5.45809922295278
2.81578003586372
4.91368798565451
2.78828451882845
1.77644949193066
1.94692169754931
2.51057979677227
4.03933054393305
3.42893006575015
2.29061566049014
2.68380155409444
4.40777047220562
3.39868499701136
2.84602510460251
1.8011954572624
3.04949193066348
1.59222952779438
2.23012552301255
4.18780633592349
3.37943813508667
5.73855349671249
4.03108188882247
8.74381350866706
3.85236102809325
3.51141661685595
3.60215182307232
2.44459055588763
5.74130304841602
7.13257621040048
1.52074118350269
2.12289300657502
3.1347280334728
3.64889420203228
2.38684997011357
5.52683801554094
1.77919904363419
6.97860131500299
2.84327555289898
3.45917513448894
3.70663478780634
2.62606096832038
5.91727435744172
4.89994022713688
2.17788404064555
4.13831440526001
3.72038254632397
4.19055588762702
7.53126120741184
2.54632396891811
3.58565451285117
2.18888224745965
2.96700537955768
3.29695158398087
2.27136879856545
3.1347280334728
3.95959354453078
3.33544530783024
3.06323968918111
3.91560071727436
4.90543933054393
2.62056186491333
1.98266586969516
2.8240286909743
3.80011954572624
3.20346682606097
3.83311416616856
2.80478182904961
3.97609085475194
2.65355648535565
4.04482964734011
0.222952779438135
4.44351464435146
2.38135086670652
1.87268380155409
2.47483562462642
5.13915122534369
3.58565451285117
4.01733413030484
2.41159593544531
3.05499103407053
3.50041841004184
3.76162582187687
4.20705319784818
6.03550508069336
4.93843395098625
2.74429169157203
4.05032875074716
2.94500896592947
3.60765092647938
3.26945606694561
2.57931858936043
3.86610878661088
4.04757919904363
3.92384937238494
1.30352659892409
2.8762701733413
5.25463239689181
2.71404662283323
5.83753735803945
3.20621637776449
2.77178720860729
2.6590555887627
7.23980872683802
4.06407650926479
3.39043634190078
7.32504482964734
2.72504482964734
2.7827854154214
1.1495517035266
2.76353855349671
3.6516437537358
2.88726838015541
13.9899581589958
2.61506276150628
2.535325762104
2.8652719665272
4.74046622833234
3.27220561864913
2.94500896592947
2.41434548714883
3.98708906156605
1.7077106993425
2.50233114166169
2.93676031081889
3.18147041243276
1.449252839211
1.68296473401076
5.93927077106993
5.31787208607292
3.46467423789599
2.19988045427376
2.55732217573222
3.06049013747759
4.39127316198446
3.98433950986252
2.44734010759115
2.84602510460251
3.46467423789599
4.26204423191871
4.08057381948595
3.91835026897788
2.18888224745965
3.07698744769874
3.52241482367005
3.82486551105798
6.53317393903168
3.82486551105798
6.5771667662881
2.68930065750149
6.48918111177525
4.39402271368799
2.8350268977884
2.32910938433951
2.12289300657502
5.74130304841602
4.97142857142857
3.9925881649731
2.93950986252241
3.62139868499701
1.72145845786013
2.91201434548715
3.22271368798565
5.46909742976688
3.20896592946802
3.14847579199044
3.2172145845786
4.78170950388524
2.46933652121937
2.89276748356246
2.38410041841004
3.76712492528392
2.28786610878661
2.50783024506874
3.13747758517633
1.55098625224148
2.99725044829647
2.32086072922893
2.0074118350269
1.26228332337119
3.29420203227735
2.0596533173939
3
3.31344889420203
2.8240286909743
2.36485355648536
9.7913927077107
1.69121338912134
3.24471010161387
2.43634190077705
3.67089061566049
2.31261207411835
3.04949193066348
7.32229527794381
2.99175134488942
3.62689778840406
4.30603705917513
3.13747758517633
6.07674835624626
3.43992827256426
2.64530783024507
2.59031679617454
1.43000597728631
3.57465630603706
4.36377764494919
3.82211595935445
4.13281530185296
3.87435744172146
3.59665271966527
6.10699342498506
2.99175134488942
3.41518230723252
2.47208607292289
3.54716078900179
3.77812313209803
3.02474596533174
3.516915720263
3.10723251643754
4.76246264196055
2.28236700537956
3.40143454871488
3.21996413628213
2.83777644949193
3.00824865511058
3.06049013747759
1.84518828451883
3.59115361625822
5.45809922295278
3.59115361625822
2.37585176329946
9.56043036461447
6.81087866108787
3.1649731022116
3.6516437537358
5.584578601315
3.64614465032875
1.50699342498506
3.73687985654513
2.12839210998207
3.70388523610281
2.46383741781231
2.27411835026898
2.29886431560072
4.44626419605499
3.60215182307232
4.24554692169755
4.28679019725045
2.40334728033473
3.47842199641363
3.77262402869097
4.59473998804543
3.18971906754334
4.498505678422
2.76903765690377
3.67089061566049
2.12564255827854
3.47017334130305
3.2172145845786
2.35385534967125
4.53699940227137
2.42534369396294
2.27411835026898
2.69754931261207
6.98135086670651
7.03359234907352
3.21996413628213
2.85427375971309
4.49300657501494
3.27495517035266
4.98792588164973
1.77369994022714
3.09073520621638
3.11548117154812
7.17931858936043
2.76078900179319
2.76628810520024
4.32253436939629
2.38684997011357
6.97035265989241
6.3077106993425
8.16915720263001
4.50400478182905
4.49300657501494
2.63430962343096
1.75445307830245
4.51225343693963
3.61315002988643
2.78553496712493
3.93759713090257
1.91117752540347
1.98266586969516
3.73138075313808
2.4418410041841
3.58565451285117
3.53066347878063
3.76437537358039
7.54500896592947
1.38601315002989
2.51332934847579
3.30520023909145
6.77788404064555
4.62773460848775
2.81303048416019
2.15588762701733
3.02199641362821
3.50866706515242
1.88093245666467
2.21362821279139
2.69479976090855
2.2768679019725
2.49133293484758
4.33628212791393
2.99450089659295
4.44076509264794
1.91392707710699
2.56007172743574
3.90460251046025
4.62498505678422
3.06598924088464
3.1759713090257
2.79928272564256
4.69922295277944
2.91476389719068
5.2436341900777
5.067662881052
4.00358637178721
3.57465630603706
1.57023311416617
4.68272564255828
2.47758517632995
3.71488344291692
2.81028093245666
2.71404662283323
5.95851763299462
4.1685594739988
1.96891811117753
2.94500896592947
4.2510460251046
6.64315600717274
8.55409444112373
3.48392109982068
4.65797967722654
6.51667662881052
2.81303048416019
3.13197848176928
24.135803945009
9.50543933054393
3.04399282725643
3.23096234309623
3.24471010161387
2.84327555289898
2.37035265989241
4.49025702331142
2.44459055588763
2.81028093245666
2.6480573819486
3.8578601315003
3.30794979079498
2.19163179916318
2.75528989838613
4.63598326359833
4.14106395696354
2.84602510460251
2.14488942020323
5.89802749551704
2.63705917513449
3.26945606694561
3.32444710101614
2.15038852361028
2.98625224148237
3.15122534369396
4.48475791990436
2.55732217573222
5.23538553496712
3.92659892408846
5.31787208607292
2.62331141661686
2.50783024506874
3.17047220561865
3.21446503287507
2.53257621040048
2.88451882845188
3.5581589958159
2.54082486551106
4.52050209205021
2.535325762104
1.91667662881052
3.8991034070532
2.42534369396294
5.2326359832636
1.74345487148834
3.54991034070532
6.52767483562463
7.05558876270173
2.73604303646145
6.48093245666467
3.30520023909145
4.39127316198446
3.01099820681411
5.32337118947998
3.28870292887029
2.45008965929468
2.91201434548715
2.26037059175134
3.5581589958159
3.20346682606097
2.79928272564256
4.80095636580992
3.65989240884638
2.99725044829647
3.3931858936043
2.45008965929468
1.99916317991632
2.48033472803347
4.87244471010161
3.07973699940227
4.73496712492528
1.89193066347878
2.05140466228332
2.95600717274357
3.04949193066348
2.84877465630604
2.73329348475792
2.16963538553497
3.5994022713688
4.03108188882247
4.17130902570233
1.74345487148834
6.99784817692767
4.81470412432756
2.38135086670652
4.28953974895397
4.13281530185296
4.65523012552301
8.74931261207412
3.61315002988643
2.36760310818888
15.5846981470412
3.02749551703527
2.95325762104005
2.2768679019725
3.28045427375971
2.89276748356246
2.22187686790197
2.01291093843395
8.34512851165571
3.94584578601315
4.08882247459653
11.735325762104
1.08631201434549
4.80370591751345
4.20430364614465
4.69647340107591
4.31978481769277
3.9513448894202
3.50866706515242
5.11165570830843
2.69479976090855
3.71213389121339
7.49276748356246
2.08439928272564
3.17047220561865
2.72504482964734
10.1983263598326
1.7489539748954
2.94775851763299
2.44459055588763
2.37035265989241
2.61231320980275
2.89551703526599
26.2639569635386
1.8314405260012
2.66455469216975
1.94967124925284
3.07698744769874
3.38493723849372
1.67196652719665
3.21446503287507
2.41434548714883
4.09157202630006
3.6516437537358
2.79653317393903
1.94417214584579
2.93950986252241
3.19246861924686
3.83586371787209
2.11189479976091
1.6252241482367
2.21912731619845
7.39103407053198
8.21864913329348
3.43167961745368
2.32361028093246
2.41159593544531
5.52958756724447
3.07973699940227
2.32086072922893
1.7901972504483
4.36652719665272
2.56282127913927
2.82677824267782
8.69707112970711
3.18971906754334
3.02474596533174
2.70304841601913
3.29145248057382
2.63156007172744
4.8092050209205
2.65355648535565
2.99725044829647
3.73962940824865
4.06132695756127
2.58206814106396
3.81386730424387
2.80753138075314
8.24614465032875
2.74429169157203
9.12875074716079
3.3409444112373
4.95218170950388
3.93759713090257
2.63156007172744
2.94775851763299
3.05224148236701
2.69205020920502
3.52241482367005
2.48583383144053
2.9065152420801
4.94118350268978
3.63789599521817
3.8578601315003
8.83179916317992
3.34919306634788
2.24937238493724
2.88451882845188
2.62331141661686
2.95050806933652
4.10531978481769
12.4859533771668
2.54907352062164
2.51332934847579
1.77369994022714
4.02008368200837
2.7827854154214
3.01924686192469
2.79653317393903
3.68738792588165
4.28404064554692
2.82952779438135
3.09898386132696
1.56748356246264
4.01183502689779
7.23705917513449
3.24745965331739
2.45008965929468
3.52791392707711
4.1988045427376
3.20071727435744
3.33819485953377
3.52516437537358
3.26120741183503
3.06323968918111
2.18888224745965
2.94500896592947
2.68380155409444
3.03849372384937
3.0934847579199
6.25821876867902
4.91918708906157
3.40418410041841
3.06049013747759
3.40418410041841
3.59665271966527
4.32528392109982
1.93592349073521
4.7267184698147
3.72863120143455
15.2382546323969
4.61123729826659
3.04674237895995
3.56090854751943
2.38684997011357
2.21912731619845
3.85236102809325
4.13006575014943
6.03825463239689
1.44650328750747
2.91201434548715
5.16939629408249
1.74345487148834
3.44542737597131
2.87352062163778
3.6818888224746
2.05415421398685
1.7077106993425
3.09898386132696
2.6590555887627
2.49683203825463
2.9175134488942
3.11273161984459
2.85702331141662
0.275194261805141
2.83777644949193
4.36927674835625
3.0824865511058
2.12289300657502
4.03108188882247
4.2098027495517
5.40310818888225
3.44542737597131
2.65355648535565
2.1008965929468
2.61231320980275
1.72145845786013
4.1575612671847
3.16772265391512
4.47101016138673
3.61589958158996
2.83227734608488
4.15481171548117
3.65714285714286
2.22737597130903
1.88093245666467
3.48667065152421
3.43992827256426
3.87160789001793
2.93401075911536
2.55457262402869
2.99450089659295
2.55182307232516
1.99366407650926
5.22988643156007
3.4344291691572
2.93126120741183
2.85977286312014
5.2436341900777
1.5317393903168
5.8320382546324
2.69205020920502
4.12731619844591
4.24279736999402
1.60047818290496
2.50783024506874
1.9249252839211
3.516915720263
1.96891811117753
2.73604303646145
4.3747758517633
3.89360430364614
3.81386730424387
3.14572624028691
1.75445307830245
1.97991631799163
1.74070531978482
6.58541542139868
2.32361028093246
5.40585774058577
3.06049013747759
2.74704124327555
2.38410041841004
2.74429169157203
4.20705319784818
3.00274955170353
2.16138673042439
2.16688583383144
6.30496114763897
1.92767483562463
3.55265989240885
4.58374178123132
5.21613867304244
3.21996413628213
4.05582785415421
1.85893604303646
3.62139868499701
2.96700537955768
4.20155409444112
5.47734608487746
2.95600717274357
2.79103407053198
2.86802151823072
2.85427375971309
2.67555289898386
4.88894202032277
6.94010759115362
2.94500896592947
2.59306634787806
12.9313807531381
5.15289898386133
1.86168559473999
3.52791392707711
3.34369396294082
2.97525403466826
11.9800358637179
3.72588164973102
1.57023311416617
2.9587567244471
4.09982068141064
3.76437537358039
3.24471010161387
3.98708906156605
3.69013747758518
0.913090257023311
2.02390914524806
2.3483562462642
4.00633592349073
3.25295875672445
2.30436341900777
1.87818290496115
3.04949193066348
4.15206216377764
3.0934847579199
4.21530185295876
5.47734608487746
2.56832038254632
1.78469814704124
4.71846981470412
3.34919306634788
6.6596533173939
2.56007172743574
3.31069934249851
11.5868499701136
3.28320382546324
2.1421398684997
3.90735206216378
2.78828451882845
3.7231320980275
4.56724447101016
2.59031679617454
4.05032875074716
1.59772863120143
2.80753138075314
2.05690376569038
3.37118947997609
2.68380155409444
5.19689181111775
3.09623430962343
2.89276748356246
4.05857740585774
2.28511655708308
2.21087866108787
6.81362821279139
4.00083682008368
2.7827854154214
2.15588762701733
3.9101016138673
3.71488344291692
3.1759713090257
2.02390914524806
6.15923490735206
6.21422594142259
9.32121936640765
3.27495517035266
3.9101016138673
2.535325762104
2.23562462641961
3.42618051404662
2.69479976090855
2.47758517632995
3.72038254632397
8.62833233711895
3.49216975493126
2.20263000597729
3.64614465032875
4.85869695158398
4.31703526598924
3.54166168559474
1.96891811117753
5.63407053197848
3.19796772265391
5.34811715481171
4.35002988643156
2.55182307232516
2.0898983861327
8.7163179916318
2.86252241482367
2.78553496712493
3.22271368798565
3.56915720263001
3.23096234309623
3.43167961745368
19.7365212193664
4.79270771069934
3.06873879258816
3.69563658099223
4.16031081888822
2.22187686790197
5.87603108188882
2.45283921099821
6.77238493723849
3.28045427375971
1.2430364614465
2.51332934847579
3.28045427375971
6.66240286909743
4.9329348475792
7.85295875672445
1.73245666467424
3.21446503287507
2.66180514046623
3.42068141063957
6.18123132098027
6.17298266586969
2.81028093245666
4.19330543933054
3.98983861326958
4.92193664076509
2.84602510460251
4.72946802151823
4.32528392109982
2.86252241482367
4.30603705917513
3.90735206216378
2.25487148834429
3.99808726838015
2.87352062163778
3.02749551703527
0.442916915720263
2.34285714285714
2.06790197250448
2.85152420800956
1.5427375971309
3.44542737597131
1.69396294082487
2.31261207411835
2.18888224745965
4.95493126120741
5.78529587567244
2.60406455469217
3.15122534369396
2.93401075911536
3.19246861924686
3.90185295875672
4.23454871488344
4.32803347280335
1.75170352659892
4.08332337118948
3.76712492528392
3.72863120143455
3.98433950986252
3.9101016138673
4.15481171548117
2.13664076509265
3.28870292887029
4.94393305439331
2.40609683203825
2.75528989838613
3.40693365212194
7.23156007172743
1.84518828451883
1.81219366407651
5.14190077704722
4.76246264196055
3.62414823670054
1.58673042438733
2.02115959354453
3.18696951583981
1.63897190675433
3.95409444112373
4.42426778242678
3.15397489539749
6.50842797369994
2.97250448296473
7.81996413628213
3.01099820681411
1.72970711297071
5.96126718469815
6.07674835624626
2.25487148834429
3.10448296473401
2.15313807531381
6.70914524805738
1.46575014943216
3.80836820083682
2.85427375971309
4.15481171548117
2.98900179318589
4.25929468021518
3.30245068738793
3.6104004781829
4.8916915720263
4.04757919904363
3.46192468619247
2.29611476389719
1.13305439330544
1.84793783622236
4.11906754333533
2.75803945008966
3.49491930663479
2.36485355648536
2.79103407053198
5.10340705319785
20.9463239689181
2.37035265989241
2.17513448894202
7.39928272564256
3.92109982068141
2.89826658696952
3.59390316796175
2.69479976090855
3.1649731022116
3.28320382546324
4.1575612671847
2.50233114166169
2.55732217573222
1.84518828451883
5.25463239689181
6.00251046025105
2.65080693365212
2.25487148834429
3.56640765092648
2.45008965929468
3.69838613269576
4.06682606096832
4.4160191273162
2.59856545128512
5.63132098027496
2.35110579796772
1.966168559474
3.20071727435744
12.9478780633592
6.78888224745965
3.32719665271966
1.82044231918709
1.79844590555888
6.03000597728631
2.21912731619845
6.65415421398685
10.0526001195457
6.40394500896593
6.71189479976091
3.19796772265391
2.36485355648536
4.14106395696354
4.25379557680813
3.39868499701136
3.64889420203228
2.50508069336521
2.48583383144053
3.67638971906754
3.63789599521817
2.15038852361028
1.42725642558279
2.82677824267782
2.61506276150628
3.58015540944411
2.66180514046623
3.79462044231919
1.83693962940825
2.77178720860729
2.83777644949193
3.70113568439928
3.24471010161387
2.85977286312014
3.28045427375971
2.30986252241482
1.97441721458458
8.62833233711895
1.94417214584579
3.99533771667663
1.80394500896593
2.29886431560072
3.31894799760909
4.51775254034668
4.89444112372983
2.43084279736999
2.59581589958159
2.9587567244471
3.74787806335923
2.90926479378362
3.37393903167962
2.95050806933652
3.88260609683204
4.63048416019127
2.4005977286312
4.85319784817693
2.36760310818888
2.32361028093246
2.85977286312014
5.88153018529587
2.39784817692767
3.03574417214585
3.55540944411237
2.63430962343096
4.16031081888822
9.65941422594142
4.33903167961745
1.93592349073521
4.37202630005977
2.83227734608488
3.29695158398087
2.53257621040048
2.21362821279139
4.64698147041243
2.34560669456067
9.26347878063359
5.18039450089659
2.87901972504483
3.18971906754334
7.66873879258816
2.483084279737
5.74680215182307
3.1759713090257
3.42068141063957
2.00466228332337
2.19163179916318
2.13114166168559
1.59497907949791
2.76078900179319
2.08164973102212
4.35552898983861
2.89826658696952
4.31978481769277
4.24554692169755
5.52683801554094
1.91392707710699
6.2252241482367
5.61757322175732
2.47621040047818
3.37393903167962
4.33903167961745
3.53891213389121
3.09073520621638
2.76903765690377
5.67531380753138
2.41984459055589
3.72038254632397
4.78445905558876
2.40334728033473
3.72038254632397
4.19605499103407
1.6252241482367
3.27770472205619
13.286072922893
3.50866706515242
2.03490735206216
3.78087268380155
3.21996413628213
3.33269575612672
2.32910938433951
5.55158398087268
3.20621637776449
4.75971309025702
3.75062761506276
3.76162582187687
2.7002988643156
2.31536162582188
1.67471607890018
1.72695756126718
2.43084279736999
6.08499701135684
3.9513448894202
4.48200836820084
2.84877465630604
3.04949193066348
3.7341303048416
16.4480573819486
1.79844590555888
2.52707710699343
2.5655708308428
4.09157202630006
3.71213389121339
2.83227734608488
2.92301255230126
2.90101613867304
7.56975493126121
3.15397489539749
4.82845188284519
1.73795576808129
7.03909145248057
2.84877465630604
3.7341303048416
2.12564255827854
6.25271966527197
1.7077106993425
3.28320382546324
3.06323968918111
1.96066945606695
4.71846981470412
3.90185295875672
1.59772863120143
12.9368798565451
3.35744172145846
2.21912731619845
3.67638971906754
4.2098027495517
3.19796772265391
3.51141661685595
2.8652719665272
7.20956365809922
5.19689181111775
3.59115361625822
3.39043634190078
4.89994022713688
3.78362223550508
3.31069934249851
4.4682606096832
1.89468021518231
4.56174536760311
5.04291691572026
5.28212791392708
8.24889420203228
5.11440526001195
4.72396891811118
3.3519426180514
2.2658696951584
2.27961745367603
3.2997011356844
2.77178720860729
3.74512851165571
5.81554094441124
3.5994022713688
2.35110579796772
3.32719665271966
2.62331141661686
4.60023909145248
3.9403466826061
4.63598326359833
3.94584578601315
1.97991631799163
2.80478182904961
3.44267782426778
1.55648535564854
1.91392707710699
4.74321578003586
2.27961745367603
2.6590555887627
1.99641362821279
3.43717872086073
2.67830245068739
2.61231320980275
4.08607292289301
7.58075313807531
1.83419007770472
4.29503885236103
4.69097429766886
2.49683203825463
3.31619844590556
15.301494321578
2.86252241482367
3.96509264793784
7.89420203227735
3.27770472205619
2.94500896592947
2.62056186491333
3.47842199641363
2.68380155409444
6.4424387328153
4.49300657501494
9.77214584578601
4.24829647340108
3.98983861326958
3.66264196054991
3.58015540944411
3.19521817095039
2.86252241482367
5.10615660490137
1.89742976688583
3.4344291691572
1.97441721458458
2.8652719665272
6.31046025104602
4.96867901972504
3.36294082486551
3.94584578601315
4.89719067543335
3.78087268380155
6.96485355648536
4.71297071129707
1.91942618051405
5.1089061566049
5.75230125523012
1.966168559474
0.0222355050806934
2.90376569037657
3.15947399880454
4.19605499103407
1.86718469814704
3.71763299462044
1.89742976688583
2.59306634787806
1.67746563060371
1.91942618051405
5.16114763897191
2.11464435146444
3.35744172145846
2.75528989838613
2.73329348475792
4.86694560669456
2.56832038254632
8.16915720263001
2.66455469216975
4.8092050209205
3.27770472205619
1.57023311416617
3
2.70579796772265
2.67830245068739
3.70388523610281
3.92384937238494
2.76628810520024
2.7415421398685
3.32444710101614
2.93950986252241
4.07232516437537
4.84219964136282
4.47650926479378
2.24662283323371
6.26371787208607
1.501494321578
3.81936640765093
3.27495517035266
3.3519426180514
3.07423789599522
20.8968320382546
3.56915720263001
3.62139868499701
3.61864913329348
4.30053795576808
2.38410041841004
3.12647937836222
2.483084279737
3.1347280334728
2.41709503885236
3.3519426180514
4.46276150627615
16.4975493126121
4.93018529587567
14.4518828451883
2.29886431560072
2.67555289898386
7.64949193066348
3.98433950986252
4.05307830245069
3.57190675433353
4.61123729826659
2.18888224745965
3.20071727435744
4.00908547519426
4.53424985056784
4.16580992229528
4.88894202032277
3.59390316796175
2.93401075911536
6.3187089061566
5.27112970711297
2.44459055588763
3.27770472205619
1.8314405260012
3.26120741183503
2.28511655708308
3.87985654512851
3.13197848176928
4.26479378362224
2.16688583383144
3.0934847579199
3.20346682606097
3.41243275552899
3.6928870292887
2.04590555887627
5.5020920502092
5.49934249850568
1.86993424985057
2.12289300657502
3.51141661685595
5.05116557083084
2.82677824267782
3.27495517035266
1.966168559474
3.69563658099223
3.36294082486551
3.37393903167962
2.78003586371787
3.31619844590556
3.03024506873879
4.06407650926479
4.8916915720263
4.96317991631799
1.89468021518231
3.24745965331739
3.59115361625822
1.99641362821279
5.03741781231321
3.5994022713688
4.42426778242678
4.20430364614465
3.29420203227735
3.11273161984459
4.29503885236103
2.41434548714883
2.38410041841004
3.29695158398087
6.21697549312612
2.97800358637179
1.98816497310221
3.93209802749552
4.27029288702929
2.32086072922893
3.46192468619247
0.176210400478183
3.47842199641363
4.13831440526001
2.12839210998207
6.99509862522415
1.71320980274955
4.22355050806934
3.63239689181112
2.32086072922893
4.00908547519426
4.08057381948595
3.63789599521817
2.26312014345487
2.70304841601913
2.08439928272564
2.43909145248057
2.89276748356246
2.56282127913927
2.8350268977884
3.10998206814106
2.50783024506874
2.52157800358637
2.81303048416019
1.61697549312612
6.45618649133293
4.20155409444112
3
4.12456664674238
3.03574417214585
3.68463837417812
1.99091452480574
4.51225343693963
2.02940824865511
4.40502092050209
3.72863120143455
2.97525403466826
4.42426778242678
7.40478182904961
2.62056186491333
4.22904961147639
15.2052600119546
4.57274357441721
2.88451882845188
4.73771667662881
2.43359234907352
3.87160789001793
3.00274955170353
3.92659892408846
2.38684997011357
1.61422594142259
2.02115959354453
3.36843992827256
1.58673042438733
4.03658099222953
3.75062761506276
3.56640765092648
3.40418410041841
3.56365809922295
4.29503885236103
3.33269575612672
4.53150029886431
4.52325164375374
4.74871488344292
5.81829049611476
3.16222355050807
2.61231320980275
3.18421996413628
5.7495517035266
4.70472205618649
4.70747160789002
4.10531978481769
1.63347280334728
1.79844590555888
8.11966527196653
8.22964734010759
2.88451882845188
3.53891213389121
3.70113568439928
3.38493723849372
2.92026300059773
1.7599521817095
2.2246264196055
4.38302450687388
5.48834429169157
2.71679617453676
5.15289898386133
4.09982068141064
3.15122534369396
3.8991034070532
2.75803945008966
4.09432157800359
2.63980872683802
4.00083682008368
6.33795576808129
1.9249252839211
2.17788404064555
4.12731619844591
1.37776449491931
13.594022713688
4.58374178123132
2.52157800358637
4.14381350866706
1.97716676628811
4.13831440526001
4.10531978481769
3.82211595935445
2.38410041841004
5.02092050209205
3.8688583383144
5.2326359832636
3.97884040645547
3.8991034070532
2.34010759115362
4.36652719665272
4.14656306037059
4.47375971309026
2.7002988643156
3.56640765092648
2.63430962343096
3.04674237895995
2.01016138673042
2.99725044829647
3.67364016736402
3.94584578601315
3.23371189479976
5.06216377764495
2.59031679617454
3.27495517035266
4.02833233711895
3.78912133891213
3.1347280334728
3.2584578601315
5.54608487746563
5.08690974297669
3.1649731022116
3.01649731022116
1.26228332337119
8.79605499103407
1.62247459653317
2.69205020920502
1.7077106993425
4.30878661087866
2.26037059175134
2.7415421398685
1.99091452480574
2.37860131500299
6.83012552301255
2.55732217573222
3.67913927077107
3.41243275552899
6.5771667662881
2.3181111775254
2.30436341900777
4.97142857142857
2.86252241482367
3.39043634190078
1.31177525403467
3.03849372384937
3.32719665271966
11.421876867902
3.63514644351464
3.93759713090257
3.31894799760909
3.65439330543933
5.62857142857143
2.60406455469217
3.67913927077107
2.63430962343096
2.54907352062164
4.10806933652122
4.11906754333533
2.9587567244471
2.01291093843395
4.87794381350867
4.42426778242678
6.74488942020323
3.54716078900179
4.02283323371189
2.71954572624029
2.01566049013748
2.41984459055589
2.23287507471608
5.22713687985654
4.43526598924088
5.07866108786611
4.44076509264794
5.12265391512253
2.63980872683802
3.68738792588165
3.34919306634788
2.30986252241482
3.08523610280932
3.03574417214585
3.28595337716677
3.70388523610281
3.27770472205619
3.03024506873879
4.46001195457262
3.10448296473401
2.25212193664077
3.20346682606097
5.02916915720263
3.92934847579199
2.77453676031082
4.15206216377764
2.95050806933652
4.64973102211596
3.74237895995218
5.68356246264196
3.00274955170353
3.5994022713688
3.74787806335923
4.67172743574417
4.22080095636581
3.23921099820681
3.98708906156605
3.85236102809325
3.55265989240885
3.56365809922295
3.56915720263001
3.7341303048416
2.85977286312014
4.84219964136282
3.98708906156605
3.26945606694561
3.92659892408846
2.34285714285714
2.41159593544531
4.39402271368799
2.81028093245666
6.4424387328153
4.22355050806934
3.72588164973102
3.37943813508667
4.9851763299462
3.74512851165571
3.4344291691572
3.19246861924686
4.22904961147639
4.94668260609683
3.17872086072923
2.87077106993425
2.99450089659295
5.08141063956964
1.83968918111178
2.60131500298864
1.2842797369994
2.39234907352062
2.74704124327555
5.13640167364017
2.42809324566647
7.44327555289898
3.21996413628213
3.06323968918111
2.34010759115362
3.18696951583981
4.26754333532576
3.80836820083682
3.50316796174537
3.02199641362821
3.86335923490735
1.87543335325762
7.21506276150628
3.14847579199044
2.08164973102212
5.47184698147041
4.02558278541542
4.35277943813509
3.79187089061566
5.86228332337119
4.57549312612074
1.52074118350269
2.12564255827854
2.70854751942618
4.27304243873281
3.28870292887029
2.74979079497908
2.28786610878661
6.36270173341303
3.82761506276151
2.8652719665272
2.9587567244471
3.70388523610281
1.8836820083682
7.53950986252241
3.82211595935445
3.23646144650329
3.48942020322773
4.52875074716079
2.46108786610879
3.4234309623431
2.37310221159594
2.73054393305439
4.66897788404065
3.35744172145846
3.5994022713688
6.77238493723849
2.17238493723849
3.42893006575015
5.30687387925882
2.19713090257023
2.483084279737
2.75803945008966
0.690376569037657
1.94417214584579
4.6332337118948
2.9065152420801
1.86718469814704
2.12014345487149
4.05032875074716
4.12456664674238
3.62139868499701
2.95050806933652
2.87352062163778
2.06790197250448
2.09264793783622
2.7827854154214
3.66539151225344
1.79569635385535
3.95684399282726
2.86802151823072
2.87077106993425
3.86610878661088
3.45367603108189
3.57190675433353
2.71679617453676
2.38410041841004
2.57106993424985
3.0934847579199
4.28953974895397
1.91942618051405
2.86252241482367
5.90352659892409
2.63430962343096
3.91835026897788
2.52982665869695
3.66539151225344
2.28511655708308
5.96951583980873
2.59581589958159
6.57991631799163
2.30161386730424
2.66180514046623
2.45283921099821
1.78469814704124
2.9587567244471
2.85427375971309
2.535325762104
2.1833831440526
3.88260609683204
2.8652719665272
1.98816497310221
5.36461446503287
3.63239689181112
5.67531380753138
7.41852958756724
2.47758517632995
1.89742976688583
2.61506276150628
2.5243275552899
2.38684997011357
3.88260609683204
2.5243275552899
6.60191273161984
4.47925881649731
5.76879856545128
3.62689778840406
3.54716078900179
3.38493723849372
1.49599521817095
3.39593544530783
4.89994022713688
13.2778242677824
2.39784817692767
2.06515242080096
4.07232516437537
5.6670651524208
3
5.91727435744172
2.31536162582188
3.38768679019725
3.45642558278542
1.94967124925284
4.97692767483562
2.73329348475792
2.51057979677227
6.69264793783622
2.65080693365212
4.07782426778243
3.81386730424387
3.40968320382546
6.049252839211
3.59665271966527
2.38135086670652
2.68380155409444
3.17322175732218
4.5919904363419
4.27304243873281
2.29061566049014
3.26945606694561
4.10257023311417
1.91942618051405
2.59031679617454
4.27854154213987
9.74190077704722
3.66264196054991
4.99067543335326
2.95600717274357
5.90627615062761
2.21912731619845
2.24112372982666
4.00358637178721
4.80095636580992
1.73795576808129
2.25762104004782
2.73054393305439
2.68105200239091
2.14763897190675
5.33711894799761
2.75254034668261
2.82677824267782
5.13915122534369
5.00717274357442
3.01924686192469
3.13747758517633
2.46933652121937
4.10806933652122
3.42893006575015
2.99175134488942
2.11464435146444
3.1649731022116
2.38135086670652
6.4424387328153
3.18696951583981
1.93042438732815
2.6178123132098
2.17788404064555
8.24889420203228
1.95791990436342
5.02916915720263
4.5919904363419
9.46144650328751
4.00633592349073
3.58840406455469
1.94692169754931
2.91201434548715
2.93676031081889
4.08882247459653
1.97716676628811
2.02115959354453
3.09898386132696
11.4136282127914
2.54082486551106
4.86144650328751
5.2326359832636
6.0602510460251
2.10639569635386
5.41960549910341
4.89444112372983
4.81470412432756
7.08858338314405
13.6820083682008
5.18314405260012
4.50400478182905
3.11823072325164
4.1575612671847
2.62606096832038
9.07925881649731
1.36401673640167
5.48009563658099
4.95768081291094
2.13939031679617
2.73604303646145
2.04590555887627
3.87710699342498
2.22187686790197
3.50316796174537
2.74429169157203
4.19605499103407
1.58673042438733
6.78063359234907
1.81769276748356
2.3071129707113
2.18613269575613
2.65080693365212
2.67005379557681
2.5655708308428
3.22546323968918
9.09300657501494
3.00549910340705
4.19330543933054
5.38386132695756
2.96975493126121
4.14106395696354
2.35110579796772
0.310938433950986
3.68738792588165
4.27854154213987
3.81936640765093
1.91942618051405
3.33819485953377
3.36843992827256
5.34536760310819
1.85618649133293
1.38326359832636
2.38135086670652
3.31069934249851
3.83861326957561
6.98410041841004
3.73687985654513
3.46192468619247
2.66180514046623
6.79988045427376
1.91392707710699
2.20263000597729
3.50041841004184
2.44459055588763
1.93867304243873
3.01924686192469
1.81219366407651
4.96043036461446
3.75612671846981
3.32444710101614
2.45283921099821
2.84602510460251
3.10448296473401
2.87901972504483
2.51882845188285
3.37118947997609
2.67555289898386
2.03490735206216
2.96150627615063
3.25983263598327
3.3821876867902
1.97716676628811
2.19163179916318
3.6928870292887
5.48284518828452
4.8092050209205
4.47375971309026
2.35660490137478
4.79270771069934
2.2768679019725
3.31619844590556
2.76903765690377
2.6590555887627
2.92026300059773
5.79904363419008
2.3483562462642
4.05307830245069
2.69205020920502
3.00824865511058
3.3519426180514
6.45618649133293
3.48392109982068
3.10448296473401
4.06132695756127
3.43992827256426
4.67172743574417
2.66455469216975
2.88726838015541
2.85702331141662
5.22163777644949
5.73030484160191
5.15839808726838
9.06001195457262
2.29336521219366
3.40968320382546
2.96975493126121
2.04040645546922
2.483084279737
3.05224148236701
2.83227734608488
1.69671249252839
4.94393305439331
2.38135086670652
6.50842797369994
3.33269575612672
3.06873879258816
3.02749551703527
4.14931261207412
6.54692169754931
5.95301852958757
2.45558876270173
2.01566049013748
4.99617453676031
4.9329348475792
2.69754931261207
3.0824865511058
3.4756724447101
9.12325164375373
2.8652719665272
3.49216975493126
3.45367603108189
2.76903765690377
2.57381948595338
2.09264793783622
7.70723251643754
4.77346084877466
3.58290496114764
4.06682606096832
2.34285714285714
2.92026300059773
2.50783024506874
4.27579199043634
2.99450089659295
4.05857740585774
3.82211595935445
2.47758517632995
3.73138075313808
3.1237298266587
1.7187089061566
2.40334728033473
10.2285714285714
2.28786610878661
5.81829049611476
3.33544530783024
5.61207411835027
1.25128511655708
2.91476389719068
3.25295875672445
4.30053795576808
2.45283921099821
5.43885236102809
3.24196054991034
3.79187089061566
3.16222355050807
3.21446503287507
4.86969515839809
3.05499103407053
3.92934847579199
3.67638971906754
4.00083682008368
2.89001793185894
3.36019127316198
4.27854154213987
4.44351464435146
2.32361028093246
4.50125523012552
4.00908547519426
4.52325164375374
2.41709503885236
2.0074118350269
3.06598924088464
1.65546921697549
8.64757919904363
2.38135086670652
4.70472205618649
3.01649731022116
4.4572624028691
3.29420203227735
2.20263000597729
4.39127316198446
4.498505678422
5.65606694560669
4.98792588164973
3.46742378959952
3.0824865511058
2.07890017931859
2.04590555887627
4.4572624028691
4.43801554094441
2.69754931261207
4.82020322773461
3.98433950986252
3.63514644351464
3.52516437537358
6.25546921697549
4.66347878063359
2.81852958756724
2.39234907352062
4.95218170950388
5.23538553496712
4.70197250448296
4.05582785415421
2.68105200239091
1.50974297668858
3.58565451285117
4.78170950388524
5.08141063956964
4.29778840406455
4.89994022713688
2.99725044829647
3.23646144650329
3.24196054991034
1.88918111177525
1.74620442319187
2.40334728033473
3.42893006575015
3.39593544530783
2.12014345487149
4.02833233711895
3.1759713090257
8.3341303048416
3.58015540944411
3.89360430364614
3.69563658099223
2.73329348475792
2.63430962343096
2.77728631201435
2.31261207411835
4.65248057381948
2.9065152420801
2.38135086670652
3.18147041243276
3.82211595935445
2.72779438135087
3.30794979079498
4.02008368200837
2.89551703526599
9.54668260609683
5.015421398685
2.82952779438135
3.18421996413628
3.25295875672445
2.18063359234907
3.54991034070532
4.3335325762104
3.59115361625822
6.00251046025105
3.6818888224746
2.36760310818888
2.84877465630604
3.03024506873879
3.40143454871488
2.81852958756724
6.47543335325762
3.4234309623431
3.16222355050807
4.81195457262403
1.38876270173341
5.49934249850568
2.58481769276748
2.17238493723849
2.45833831440526
3.93484757919904
3.97609085475194
4.18505678421996
2.4418410041841
2.5765690376569
1.42175732217573
1.43550508069337
7.87770472205619
3.80836820083682
4.26479378362224
3.3409444112373
1.43000597728631
2.10914524805738
3.47842199641363
3.09623430962343
3.10998206814106
4.38027495517035
2.22187686790197
2.29336521219366
3.83861326957561
1.88643156007173
3.54441123729827
3.13197848176928
2.68655110579797
3.8578601315003
3.40143454871488
3.51966527196653
3.34644351464435
6.76688583383144
2.73054393305439
4.53424985056784
8.19665271966527
2.25487148834429
5.14739988045427
5.34811715481171
2.33735803945009
1.42725642558279
6.27196652719665
4.64698147041243
3.10998206814106
3.01649731022116
2.84602510460251
2.91201434548715
23.8443514644351
2.34560669456067
5.6258218768679
4.033831440526
2.02115959354453
4.43801554094441
4.13831440526001
4.32803347280335
2.77178720860729
3.13197848176928
2.17513448894202
3.48117154811715
2.92576210400478
2.19438135086671
2.64530783024507
7.31129707112971
4.56449491930663
2.3181111775254
4.00358637178721
2.5765690376569
3.70113568439928
5.68906156604901
4.84494919306635
3.33269575612672
2.79378362223551
4.66622833233712
4.64148236700538
6.30221159593544
3.20896592946802
3.41518230723252
4.69647340107591
3.6516437537358
6.25271966527197
5.67806335923491
2.58481769276748
2.47758517632995
3.34919306634788
5.81279139270771
3.10723251643754
3.36569037656904
3.70388523610281
2.50233114166169
2.35385534967125
3.76712492528392
3.87710699342498
4.33078302450687
4.86694560669456
2.45008965929468
4.07782426778243
2.94225941422594
5.33849372384937
2.06515242080096
1.58947997609085
2.18888224745965
1.83968918111178
4.06132695756127
3.58840406455469
1.98266586969516
3.97334130304842
2.91201434548715
2.81852958756724
3.37943813508667
1.90017931858936
9.09300657501494
21.1167961745368
2.99450089659295
2.40609683203825
1.501494321578
4.1163179916318
4.31153616258219
2.98625224148237
2.82677824267782
3.07148834429169
3.47292289300657
6.48093245666467
2.50508069336521
5.33436939629408
2.88451882845188
3.51966527196653
4.25654512851166
2.28511655708308
2.93126120741183
8.92528392109982
4.27854154213987
1.30352659892409
2.11189479976091
12.81589958159
2.16413628212791
3.94859533771668
4.96317991631799
3.11823072325164
3.67638971906754
4.11081888822475
7.6412432755529
4.11356843992827
2.535325762104
4.95768081291094
4.01733413030484
3.45367603108189
1.69671249252839
2.72779438135087
2.37585176329946
3.23096234309623
7.48176927674836
3.77812313209803
5.39485953377167
3.59115361625822
5.48834429169157
4.08332337118948
2.75254034668261
1.96341900777047
3.44267782426778
5.0566646742379
2.36485355648536
2.63705917513449
5.00167364016736
3.61864913329348
3.13197848176928
3.28595337716677
3.56090854751943
1.97991631799163
3.11273161984459
3.06323968918111
7.31954572624029
4.27029288702929
10.1488344291692
4.23179916317992
3.38768679019725
4.64148236700538
4.12731619844591
2.18063359234907
3.31344889420203
4.81745367603108
5.015421398685
3.53066347878063
3.29145248057382
3.82211595935445
2.13664076509265
2.67280334728033
3.49766885833831
2.45558876270173
11.4466228332337
3.26395696353855
2.27961745367603
4.24554692169755
1.83968918111178
2.67555289898386
4.2098027495517
5.48834429169157
3.07148834429169
3.48117154811715
2.69205020920502
2.00466228332337
1.51524208009564
3.63239689181112
1.8011954572624
1.71046025104603
4.44901374775852
1.68571428571429
3.03849372384937
5.10340705319785
2.92026300059773
2.48858338314405
3.15122534369396
3.31344889420203
3.9513448894202
2.98075313807531
2.1421398684997
4.40227136879856
2.19163179916318
3.57465630603706
2.76353855349671
8.00693365212194
2.8240286909743
3.33544530783024
2.2246264196055
7.05833831440526
1.96341900777047
3.04949193066348
2.24387328153019
3.87710699342498
2.52707710699343
2.483084279737
4.77346084877466
2.85427375971309
3.63514644351464
4.46001195457262
3.15122534369396
2.40884638374178
6.69264793783622
2.48583383144053
3.12098027495517
3.08798565451285
5.63132098027496
3.11823072325164
2.1008965929468
3.81936640765093
3.75337716676629
2.43084279736999
3.47292289300657
2.37585176329946
2.7415421398685
3.40418410041841
3.03849372384937
2.85977286312014
7.59450089659295
3.15397489539749
2.99725044829647
2.78003586371787
3.09898386132696
2.41159593544531
4.22904961147639
8.33138075313807
2.96975493126121
4.06957561267185
3.18147041243276
2.61506276150628
2.24387328153019
7.083084279737
2.29611476389719
2.6178123132098
2.26037059175134
2.21087866108787
3.0824865511058
4.2400478182905
4.20155409444112
2.02115959354453
3.53066347878063
3.07973699940227
2.9175134488942
1.72420800956366
2.28786610878661
13.3520621637776
2.55182307232516
3.07148834429169
4.09157202630006
4.09982068141064
2.24937238493724
2.27136879856545
5.83478780633592
2.56282127913927
5.2023909145248
2.6068141063957
2.76353855349671
3.67089061566049
3.23096234309623
8.14991034070532
4.65523012552301
3.69563658099223
2.85977286312014
3.85511057979677
1.8314405260012
4.84219964136282
0.682127913927077
3.66814106395696
3.59665271966527
5.47459653317394
1.88918111177525
5.067662881052
3.60490137477585
4.20155409444112
4.550747160789
3.72863120143455
2.96700537955768
5.00167364016736
2.62056186491333
0.0717274357441721
2.47758517632995
5.14739988045427
3.76712492528392
2.15313807531381
2.92851165570831
2.40334728033473
5.00167364016736
5.62032277346085
3.37118947997609
3.69838613269576
3.79736999402271
6.96210400478183
3.48392109982068
2.43084279736999
4.28679019725045
3.69013747758518
3.26395696353855
2.92301255230126
2.80203227734608
6.41494321578004
4.24829647340108
0.0277346084877466
5.04016736401674
2.81028093245666
3.74787806335923
3.6516437537358
4.38852361028093
3.18971906754334
3.03574417214585
2.74429169157203
3.42618051404662
4.52875074716079
4.80370591751345
4.23729826658697
2.97800358637179
2.71404662283323
3.59115361625822
1.78744769874477
3.90735206216378
4.57549312612074
4.54799760908548
3.62139868499701
2.41159593544531
10.2505678421996
4.38852361028093
2.69479976090855
3.98433950986252
3.86060968320383
2.58481769276748
2.95325762104005
3.14847579199044
2.50233114166169
3.4756724447101
3.981589958159
3.62964734010759
3.01649731022116
4.74871488344292
1.69396294082487
3.75062761506276
4.25929468021518
1.73795576808129
6.99784817692767
2.91201434548715
2.67280334728033
4.36652719665272
3.15947399880454
5.2738792588165
3.89085475194262
4.41052002390914
4.40227136879856
4.57549312612074
4.26754333532576
1.61147638971907
4.92468619246862
2.0486551105798
2.79378362223551
2.18888224745965
2.98625224148237
4.27854154213987
12.8983861326958
3.32719665271966
7.10233114166169
2.93950986252241
2.73329348475792
3.67364016736402
2.34560669456067
1.66096832038255
3.19796772265391
3.82211595935445
4.53424985056784
3.00274955170353
3.48117154811715
3.46192468619247
1.69121338912134
3.87435744172146
2.23562462641961
7.49001793185893
2.52982665869695
2.0486551105798
2.54357441721458
2.37310221159594
2.39234907352062
3.46467423789599
3.47842199641363
1.67746563060371
4.13556485355648
2.40884638374178
3.56640765092648
3.10448296473401
2.64255827854154
2.29611476389719
2.29336521219366
3.05499103407053
2.47483562462642
18.7439330543933
2.2658696951584
2.89001793185894
1.36951583980873
4.65523012552301
2.4005977286312
2.91476389719068
1.84518828451883
7.9409444112373
2.73329348475792
2.85152420800956
3.54166168559474
2.42259414225941
2.14763897190675
4.20155409444112
2.37310221159594
4.35552898983861
3.39868499701136
3.981589958159
3.83861326957561
4.14381350866706
3.37943813508667
4.2400478182905
4.17680812910938
2.21637776449492
3.981589958159
2.97250448296473
3.90460251046025
1.72970711297071
3.98983861326958
4.37752540346682
4.07782426778243
3.47429766885834
3.54716078900179
3.66539151225344
2.56282127913927
2.59031679617454
4.12456664674238
3.10173341303048
2.31536162582188
2.47208607292289
4.20430364614465
5.33986849970113
2.18063359234907
3.13747758517633
3.18696951583981
2.60406455469217
6.16198445905559
5.23813508667065
3.70663478780634
2.76353855349671
2.25762104004782
3.13197848176928
2.77178720860729
2.93126120741183
4.61123729826659
4.50675433353258
2.23012552301255
2.23287507471608
2.81852958756724
2.79653317393903
5.63682008368201
3.57740585774059
2.62606096832038
4.52050209205021
4.56724447101016
2.43909145248057
7.17381948595338
2.93950986252241
1.65271966527197
5.00717274357442
3.15672444710102
2.02940824865511
6.33520621637776
2.58206814106396
3.15672444710102
2.83777644949193
3.60490137477585
6.53867304243873
2.70579796772265
3.06049013747759
2.90926479378362
5.52133891213389
3.7231320980275
3.93209802749552
2.26312014345487
2.42259414225941
1.92217573221757
3.03299462044232
3.12098027495517
3.10998206814106
3.94859533771668
1.92767483562463
2.96700537955768
4.1575612671847
3.84961147638972
2.69754931261207
4.4270173341303
2.75803945008966
3
1.37776449491931
1.93592349073521
3.19246861924686
3.48667065152421
3.05499103407053
3.36019127316198
2.12289300657502
3.82761506276151
3.9925881649731
4.05857740585774
4.033831440526
5.38936043036461
3.03024506873879
3.2584578601315
3.88810520023909
3.76987447698745
4.66072922893007
3.01374775851763
3.25020920502092
4.46276150627615
2.60131500298864
2.84877465630604
2.96425582785415
3.10173341303048
2.81578003586372
3.00549910340705
3.43167961745368
3.26670651524208
3.90735206216378
4.80095636580992
3.57190675433353
3.13747758517633
3.15397489539749
3.49216975493126
2.06515242080096
4.78720860729229
3.30520023909145
5.19689181111775
